-1.39929400884e-07
-2.03221193836e-07
-2.65723731165e-07
-3.29464054934e-07
-1.75972797603e-07
-1.79757906085e-07
-1.8359419253e-07
-1.5949967631e-07
-2.66134649494e-07
-3.73735694187e-07
-1.39929400884e-07
-2.03221193836e-07
-2.65723731165e-07
-3.29464054934e-07
-1.75972797603e-07
-1.79757906085e-07
-1.8359419253e-07
-1.5949967631e-07
-2.66134649494e-07
-3.73735694187e-07
-1.24614308093e-07
-1.97654150488e-07
-2.6978317801e-07
-3.43340632858e-07
-2.28607829351e-07
-2.45362350697e-07
-2.62343407767e-07
-2.50232970767e-07
-3.27394951454e-07
-4.05255989766e-07
-1.24614308093e-07
-1.97654150488e-07
-2.6978317801e-07
-3.43340632858e-07
-2.28607829351e-07
-2.45362350697e-07
-2.62343407767e-07
-2.50232970767e-07
-3.27394951454e-07
-4.05255989766e-07
-1.11049511621e-07
-1.92723340665e-07
-2.73378688073e-07
-3.55631316162e-07
-2.75227428898e-07
-3.03469144496e-07
-3.32092712691e-07
-3.30596745857e-07
-3.81654076047e-07
-4.3317396585e-07
-1.11049511621e-07
-1.92723340665e-07
-2.73378688073e-07
-3.55631316162e-07
-2.75227428898e-07
-3.03469144496e-07
-3.32092712691e-07
-3.30596745857e-07
-3.81654076047e-07
-4.3317396585e-07
-9.44216965914e-08
-1.86679122173e-07
-2.77786087505e-07
-3.7069731505e-07
-3.32374034796e-07
-3.74696827218e-07
-4.17591860663e-07
-4.29107179839e-07
-4.48165261032e-07
-4.67396001051e-07
-9.44216965914e-08
-1.86679122173e-07
-2.77786087505e-07
-3.7069731505e-07
-3.32374034796e-07
-3.74696827218e-07
-4.17591860663e-07
-4.29107179839e-07
-4.48165261032e-07
-4.67396001051e-07
-6.36533030425e-07
-5.73156944005e-07
-5.10571164356e-07
-4.46745949755e-07
-3.83733758998e-07
-1.63047436578e-07
8.03281570802e-08
3.23747331291e-07
5.64268398782e-07
-4.29673558627e-07
-6.36533030425e-07
-5.73156944005e-07
-5.10571164356e-07
-4.46745949755e-07
-3.83733758998e-07
-1.63047436578e-07
8.03281570802e-08
3.23747331291e-07
5.64268398782e-07
-4.29673558627e-07
2.26579657091e-08
2.99391442182e-08
3.71295256301e-08
4.44623037669e-08
5.11521061251e-08
4.69911202243e-08
4.27738741694e-08
4.19459550843e-08
6.77338565639e-08
9.37553864316e-08
2.26579657091e-08
2.99391442182e-08
3.71295256301e-08
4.44623037669e-08
5.11521061251e-08
4.69911202243e-08
4.27738741694e-08
4.19459550843e-08
6.77338565639e-08
9.37553864316e-08
-6.74232192147e-09
9.82218066098e-10
8.61043219003e-09
1.63897137812e-08
2.32715365011e-08
2.47442519061e-08
2.62368797063e-08
2.52421132156e-08
2.14088519255e-08
1.75408627745e-08
-6.74232192147e-09
9.82218066098e-10
8.61043219003e-09
1.63897137812e-08
2.32715365011e-08
2.47442519061e-08
2.62368797063e-08
2.52421132156e-08
2.14088519255e-08
1.75408627745e-08
-1.47051778347e-08
-8.86773956404e-09
-3.10309479096e-09
6.41258322845e-09
9.17193975538e-09
1.18907273879e-08
1.46462753977e-08
1.0403021103e-08
7.53166576875e-09
4.63429706854e-09
-1.47051778347e-08
-8.86773956404e-09
-3.10309479096e-09
6.41258322845e-09
9.17193975538e-09
1.18907273879e-08
1.46462753977e-08
1.0403021103e-08
7.53166576875e-09
4.63429706854e-09
-5.45373639416e-08
-4.0716515732e-08
-2.70680150205e-08
-1.31492224162e-08
-3.34184088894e-09
1.92661045441e-08
4.21797290941e-08
2.0398536663e-08
1.79781519104e-08
1.55358394105e-08
-5.45373639416e-08
-4.0716515732e-08
-2.70680150205e-08
-1.31492224162e-08
-3.34184088894e-09
1.92661045441e-08
4.21797290941e-08
2.0398536663e-08
1.79781519104e-08
1.55358394105e-08
-9.46195543371e-08
-7.74031083985e-08
-6.04013534352e-08
-4.30628994728e-08
-2.59453076979e-08
4.87042332551e-09
4.18712306897e-08
7.88786636797e-08
1.15445492553e-07
-2.50781561581e-08
-9.46195543371e-08
-7.74031083985e-08
-6.04013534352e-08
-4.30628994728e-08
-2.59453076979e-08
4.87042332551e-09
4.18712306897e-08
7.88786636797e-08
1.15445492553e-07
-2.50781561581e-08
1.79551424942e-08
3.58912373136e-08
5.3603667057e-08
7.16668698458e-08
6.29607379694e-08
6.3452035911e-08
6.39499766288e-08
6.42562882065e-08
7.0574112732e-08
7.69491742979e-08
1.79551424942e-08
3.58912373136e-08
5.3603667057e-08
7.16668698458e-08
6.29607379694e-08
6.3452035911e-08
6.39499766288e-08
6.42562882065e-08
7.0574112732e-08
7.69491742979e-08
6.27966446171e-09
2.29267035246e-08
3.93661521785e-08
5.61311640416e-08
5.10980776399e-08
5.45844591965e-08
5.81179796688e-08
5.56754070713e-08
5.99431850229e-08
6.42496273879e-08
6.27966446171e-09
2.29267035246e-08
3.93661521785e-08
5.61311640416e-08
5.10980776399e-08
5.45844591965e-08
5.81179796688e-08
5.56754070713e-08
5.99431850229e-08
6.42496273879e-08
-4.06147322419e-09
1.144383074e-08
2.67557818576e-08
3.6889753028e-08
4.05911499195e-08
4.67303198207e-08
5.29524966471e-08
4.80751980658e-08
5.05272204806e-08
5.30014572677e-08
-4.06147322419e-09
1.144383074e-08
2.67557818576e-08
3.6889753028e-08
4.05911499195e-08
4.67303198207e-08
5.29524966471e-08
4.80751980658e-08
5.05272204806e-08
5.30014572677e-08
-1.67377065166e-08
-2.6319488024e-09
1.12979085609e-08
2.55036297419e-08
2.77116901331e-08
3.7102665102e-08
4.66206142334e-08
3.87588128332e-08
3.89850703965e-08
3.92133777655e-08
-1.67377065166e-08
-2.6319488024e-09
1.12979085609e-08
2.55036297419e-08
2.77116901331e-08
3.7102665102e-08
4.66206142334e-08
3.87588128332e-08
3.89850703965e-08
3.92133777655e-08
-3.47513011953e-08
-2.26343723626e-08
-1.06685429659e-08
1.53425507265e-09
1.35816103783e-08
2.34212610281e-08
3.76226760665e-08
5.18266341105e-08
6.5861482279e-08
1.96197911044e-08
-3.47513011953e-08
-2.26343723626e-08
-1.06685429659e-08
1.53425507265e-09
1.35816103783e-08
2.34212610281e-08
3.76226760665e-08
5.18266341105e-08
6.5861482279e-08
1.96197911044e-08
1.34618362151e-08
4.15781568632e-08
6.93438638989e-08
9.76594368625e-08
7.42432797935e-08
7.91795962369e-08
8.41826559789e-08
8.55726667573e-08
7.32878317665e-08
6.08917009342e-08
1.34618362151e-08
4.15781568632e-08
6.93438638989e-08
9.76594368625e-08
7.42432797935e-08
7.91795962369e-08
8.41826559789e-08
8.55726667573e-08
7.32878317665e-08
6.08917009342e-08
1.54528281868e-08
3.89456668326e-08
6.21455471954e-08
8.58048728634e-08
6.85687250377e-08
7.07543515718e-08
7.29695296807e-08
7.57216636424e-08
6.84983077098e-08
6.12095109732e-08
1.54528281868e-08
3.89456668326e-08
6.21455471954e-08
8.58048728634e-08
6.85687250377e-08
7.07543515718e-08
7.29695296807e-08
7.57216636424e-08
6.84983077098e-08
6.12095109732e-08
1.72162782188e-08
3.66140328055e-08
5.5769895258e-08
6.10746192133e-08
6.35426908255e-08
6.32919920113e-08
6.30379035308e-08
6.6996489455e-08
6.4256157831e-08
6.1490999865e-08
1.72162782188e-08
3.66140328055e-08
5.5769895258e-08
6.10746192133e-08
6.35426908255e-08
6.32919920113e-08
6.30379035308e-08
6.6996489455e-08
6.4256157831e-08
6.1490999865e-08
1.93779266452e-08
3.37559007723e-08
4.795457998e-08
6.24344466937e-08
5.73817456621e-08
5.41445835178e-08
5.08636521212e-08
5.63011146445e-08
5.90561031408e-08
6.18360507646e-08
1.93779266452e-08
3.37559007723e-08
4.795457998e-08
6.24344466937e-08
5.73817456621e-08
5.41445835178e-08
5.08636521212e-08
5.63011146445e-08
5.90561031408e-08
6.18360507646e-08
2.24497428301e-08
2.96943447252e-08
3.68486056374e-08
4.41445479522e-08
5.13475524662e-08
4.11456346059e-08
3.35634001182e-08
2.5979807902e-08
1.84865046273e-08
6.23263862535e-08
2.24497428301e-08
2.96943447252e-08
3.68486056374e-08
4.41445479522e-08
5.13475524662e-08
4.11456346059e-08
3.35634001182e-08
2.5979807902e-08
1.84865046273e-08
6.23263862535e-08
9.11311573717e-09
4.70820824728e-08
8.45775720153e-08
1.22815613949e-07
8.51627715053e-08
9.44010744555e-08
1.0376428731e-07
1.0620312597e-07
7.59142286342e-08
4.53509256335e-08
9.11311573717e-09
4.70820824728e-08
8.45775720153e-08
1.22815613949e-07
8.51627715053e-08
9.44010744555e-08
1.0376428731e-07
1.0620312597e-07
7.59142286342e-08
4.53509256335e-08
2.43308174581e-08
5.44491712558e-08
8.41919458675e-08
1.14523739817e-07
8.54772011981e-08
8.64039284603e-08
8.73431858825e-08
9.51228709143e-08
7.67781432938e-08
5.82672195543e-08
2.43308174581e-08
5.44491712558e-08
8.41919458675e-08
1.14523739817e-07
8.54772011981e-08
8.64039284603e-08
8.73431858825e-08
9.51228709143e-08
7.67781432938e-08
5.82672195543e-08
3.7809353268e-08
6.0974307035e-08
8.38503912795e-08
1.07179508442e-07
8.57556960689e-08
7.93207420075e-08
7.27987817614e-08
8.53089307225e-08
7.75433248495e-08
6.97073655984e-08
3.7809353268e-08
6.0974307035e-08
8.38503912795e-08
1.07179508442e-07
8.57556960689e-08
7.93207420075e-08
7.27987817614e-08
8.53089307225e-08
7.75433248495e-08
6.97073655984e-08
5.43314294221e-08
6.89728605708e-08
8.3431711462e-08
9.81769022418e-08
8.60970768782e-08
7.06381263555e-08
5.49701573549e-08
7.32789395196e-08
7.84812893371e-08
8.37307704266e-08
5.43314294221e-08
6.89728605708e-08
8.3431711462e-08
9.81769022418e-08
8.60970768782e-08
7.06381263555e-08
5.49701573549e-08
7.32789395196e-08
7.84812893371e-08
8.37307704266e-08
7.78101692201e-08
8.03392261217e-08
8.28367454055e-08
8.53837250093e-08
8.78982604582e-08
5.82996725344e-08
2.96347437245e-08
9.64681970158e-10
-2.7364038972e-08
1.03658766762e-07
7.78101692201e-08
8.03392261217e-08
8.28367454055e-08
8.53837250093e-08
8.78982604582e-08
5.82996725344e-08
2.96347437245e-08
9.64681970158e-10
-2.7364038972e-08
1.03658766762e-07
4.55906956295e-09
5.28458770173e-08
1.00530542669e-07
1.49159544905e-07
9.65978291751e-08
1.10341237775e-07
1.24270469231e-07
1.27807656388e-07
7.86646313487e-08
2.90763895574e-08
4.55906956295e-09
5.28458770173e-08
1.00530542669e-07
1.49159544905e-07
9.65978291751e-08
1.10341237775e-07
1.24270469231e-07
1.27807656388e-07
7.86646313487e-08
2.90763895574e-08
3.36279827464e-08
7.06846767026e-08
1.07279269607e-07
1.44598573745e-07
1.031840144e-07
1.02792403213e-07
1.02395497101e-07
1.1544011002e-07
8.54489129503e-08
5.51860072648e-08
3.36279827464e-08
7.06846767026e-08
1.07279269607e-07
1.44598573745e-07
1.031840144e-07
1.02792403213e-07
1.02395497101e-07
1.1544011002e-07
8.54489129503e-08
5.51860072648e-08
5.93747344231e-08
8.64847564238e-08
1.13256713467e-07
1.40558856433e-07
1.09017492742e-07
9.61062926006e-08
8.30205217856e-08
1.04485997521e-07
9.14578480832e-08
7.83116686627e-08
5.93747344231e-08
8.64847564238e-08
1.13256713467e-07
1.40558856433e-07
1.09017492742e-07
9.61062926006e-08
8.30205217856e-08
1.04485997521e-07
9.14578480832e-08
7.83116686627e-08
9.09352687366e-08
1.05852596082e-07
1.20583902714e-07
1.35606944888e-07
1.16168208129e-07
8.79104150761e-08
5.92705520442e-08
9.10583757496e-08
9.88236395364e-08
1.06659253602e-07
9.09352687366e-08
1.05852596082e-07
1.20583902714e-07
1.35606944888e-07
1.16168208129e-07
8.79104150761e-08
5.92705520442e-08
9.10583757496e-08
9.88236395364e-08
1.06659253602e-07
1.35784449077e-07
1.33375315597e-07
1.30996224276e-07
1.28570017957e-07
1.26174717347e-07
7.62636417519e-08
2.55205950433e-08
-2.52315380735e-08
-7.53794250436e-08
1.46942663779e-07
1.35784449077e-07
1.33375315597e-07
1.30996224276e-07
1.28570017957e-07
1.26174717347e-07
7.62636417519e-08
2.55205950433e-08
-2.52315380735e-08
-7.53794250436e-08
1.46942663779e-07
9.46515140913e-12
5.86040498779e-08
1.16467953685e-07
1.7547778146e-07
1.08021733727e-07
1.26265853948e-07
1.44756650566e-07
1.49391114953e-07
8.14123514738e-08
1.28177267563e-08
9.46515140913e-12
5.86040498779e-08
1.16467953685e-07
1.7547778146e-07
1.08021733727e-07
1.26265853948e-07
1.44756650566e-07
1.49391114953e-07
8.14123514738e-08
1.28177267563e-08
4.29160800981e-08
8.69043469426e-08
1.30344075259e-07
1.74644074358e-07
1.20873557364e-07
1.19164893561e-07
1.17433127134e-07
1.35737532823e-07
9.41112256216e-08
5.21078002179e-08
4.29160800981e-08
8.69043469426e-08
1.30344075259e-07
1.74644074358e-07
1.20873557364e-07
1.19164893561e-07
1.17433127134e-07
1.35737532823e-07
9.41112256216e-08
5.21078002179e-08
8.0919081908e-08
1.11970324343e-07
1.42634354368e-07
1.73905648069e-07
1.32256601156e-07
1.12875471504e-07
9.32322920946e-08
1.23644360079e-07
1.05358799867e-07
8.69075795696e-08
8.0919081908e-08
1.11970324343e-07
1.42634354368e-07
1.73905648069e-07
1.32256601156e-07
1.12875471504e-07
9.32322920946e-08
1.23644360079e-07
1.05358799867e-07
8.69075795696e-08
1.27503406707e-07
1.42696361156e-07
1.57699857791e-07
1.73000480358e-07
1.46210009676e-07
1.0516585737e-07
6.35667523684e-08
1.08820470909e-07
1.19146148942e-07
1.29565373614e-07
1.27503406707e-07
1.42696361156e-07
1.57699857791e-07
1.73000480358e-07
1.46210009676e-07
1.0516585737e-07
6.35667523684e-08
1.08820470909e-07
1.19146148942e-07
1.29565373614e-07
1.93702184054e-07
1.86359676627e-07
1.79108731076e-07
1.71714189402e-07
1.64413841515e-07
9.42100899155e-08
2.14104590733e-08
-5.14022077849e-08
-1.23347979585e-07
1.90184344097e-07
1.93702184054e-07
1.86359676627e-07
1.79108731076e-07
1.71714189402e-07
1.64413841515e-07
9.42100899155e-08
2.14104590733e-08
-5.14022077849e-08
-1.23347979585e-07
1.90184344097e-07
-4.53542409438e-09
6.43562550242e-08
1.32388847324e-07
2.0176874205e-07
1.19433798656e-07
1.42173966003e-07
1.65221600223e-07
1.70952204631e-07
8.41572238885e-08
-3.42408572479e-09
-4.53542409438e-09
6.43562550242e-08
1.32388847324e-07
2.0176874205e-07
1.19433798656e-07
1.42173966003e-07
1.65221600223e-07
1.70952204631e-07
8.41572238885e-08
-3.42408572479e-09
5.21945513561e-08
1.03107207274e-07
1.53384976771e-07
2.04658436107e-07
1.38544767057e-07
1.35520415619e-07
1.32455172314e-07
1.56013919574e-07
1.02764560756e-07
4.90327833949e-08
5.21945513561e-08
1.03107207274e-07
1.53384976771e-07
2.04658436107e-07
1.38544767057e-07
1.35520415619e-07
1.32455172314e-07
1.56013919574e-07
1.02764560756e-07
4.90327833949e-08
1.02441101041e-07
1.37429479267e-07
1.71981548567e-07
2.07217879414e-07
1.55471624785e-07
1.29627270993e-07
1.03433479024e-07
1.42782867096e-07
1.19245344839e-07
9.54945817581e-08
1.02441101041e-07
1.37429479267e-07
1.71981548567e-07
2.07217879414e-07
1.55471624785e-07
1.29627270993e-07
1.03433479024e-07
1.42782867096e-07
1.19245344839e-07
9.54945817581e-08
1.64033645816e-07
1.7950194171e-07
1.94777346253e-07
2.10355261532e-07
1.76220676192e-07
1.2240341629e-07
6.78585001524e-08
1.26564157606e-07
1.39447596296e-07
1.52447753945e-07
1.64033645816e-07
1.7950194171e-07
1.94777346253e-07
2.10355261532e-07
1.76220676192e-07
1.2240341629e-07
6.78585001524e-08
1.26564157606e-07
1.39447596296e-07
1.52447753945e-07
2.51559893653e-07
2.39289125182e-07
2.27171374543e-07
2.14813646648e-07
2.02613335026e-07
1.12137938555e-07
1.73045828082e-08
-7.75457544688e-08
-1.71266819983e-07
2.33381209159e-07
2.51559893653e-07
2.39289125182e-07
2.27171374543e-07
2.14813646648e-07
2.02613335026e-07
1.12137938555e-07
1.73045828082e-08
-7.75457544688e-08
-1.71266819983e-07
2.33381209159e-07
-9.95262355154e-08
-1.55681177003e-07
-2.11135860191e-07
-2.67688755674e-07
-1.72532092747e-07
-1.74140686714e-07
-1.75771030273e-07
-1.58853757e-07
-2.34564481807e-07
-3.10961116423e-07
-9.95262355154e-08
-1.55681177003e-07
-2.11135860191e-07
-2.67688755674e-07
-1.72532092747e-07
-1.74140686714e-07
-1.75771030273e-07
-1.58853757e-07
-2.34564481807e-07
-3.10961116423e-07
-8.14971307418e-08
-1.40252607136e-07
-1.98275396275e-07
-2.5744725591e-07
-1.89700391746e-07
-2.02452345535e-07
-2.15376716849e-07
-2.08011770278e-07
-2.65744125013e-07
-3.23999512495e-07
-8.14971307418e-08
-1.40252607136e-07
-1.98275396275e-07
-2.5744725591e-07
-1.89700391746e-07
-2.02452345535e-07
-2.15376716849e-07
-2.08011770278e-07
-2.65744125013e-07
-3.23999512495e-07
-6.55284950851e-08
-1.26587302397e-07
-1.86884699663e-07
-2.48376213262e-07
-2.04906599431e-07
-2.27528386206e-07
-2.50456039245e-07
-2.51551724895e-07
-2.93360380423e-07
-3.35547806159e-07
-6.55284950851e-08
-1.26587302397e-07
-1.86884699663e-07
-2.48376213262e-07
-2.04906599431e-07
-2.27528386206e-07
-2.50456039245e-07
-2.51551724895e-07
-2.93360380423e-07
-3.35547806159e-07
-4.59540384737e-08
-1.09836283684e-07
-1.72921910267e-07
-2.37256870662e-07
-2.23546466916e-07
-2.58266758641e-07
-2.93456498956e-07
-3.04923282168e-07
-3.27212564476e-07
-3.49703779038e-07
-4.59540384737e-08
-1.09836283684e-07
-1.72921910267e-07
-2.37256870662e-07
-2.23546466916e-07
-2.58266758641e-07
-2.93456498956e-07
-3.04923282168e-07
-3.27212564476e-07
-3.49703779038e-07
-4.4059574904e-07
-4.08801035205e-07
-3.7740280495e-07
-3.4538277108e-07
-3.13770617562e-07
-1.91999904468e-07
-4.3107427357e-08
1.05811711492e-07
2.52957844749e-07
-3.28418511559e-07
-4.4059574904e-07
-4.08801035205e-07
-3.7740280495e-07
-3.4538277108e-07
-3.13770617562e-07
-1.91999904468e-07
-4.3107427357e-08
1.05811711492e-07
2.52957844749e-07
-3.28418511559e-07
9.72853200841e-09
1.44292640934e-08
1.9071377532e-08
2.38054223595e-08
3.55311957604e-08
3.57217077831e-08
3.59147956943e-08
3.50042214418e-08
5.11527286864e-08
6.7447535145e-08
9.72853200841e-09
1.44292640934e-08
1.9071377532e-08
2.38054223595e-08
3.55311957604e-08
3.57217077831e-08
3.59147956943e-08
3.50042214418e-08
5.11527286864e-08
6.7447535145e-08
-9.08322842596e-09
-3.29502692716e-09
2.42099506202e-09
1.00266511016e-08
1.39635898713e-08
1.5800139022e-08
1.7661519917e-08
1.75436742928e-08
1.49618342246e-08
1.23566036864e-08
-9.08322842596e-09
-3.29502692716e-09
2.42099506202e-09
1.00266511016e-08
1.39635898713e-08
1.5800139022e-08
1.7661519917e-08
1.75436742928e-08
1.49618342246e-08
1.23566036864e-08
-1.44045092386e-08
-9.86744822859e-09
-5.38696486866e-09
1.48887790395e-09
4.22260832055e-09
6.64677210747e-09
9.10371270059e-09
6.71392050494e-09
4.79866319665e-09
5.26639721343e-09
-1.44045092386e-08
-9.86744822859e-09
-5.38696486866e-09
1.48887790395e-09
4.22260832055e-09
6.64677210747e-09
9.10371270059e-09
6.71392050494e-09
4.79866319665e-09
5.26639721343e-09
-4.42155218241e-08
-3.55385354832e-08
-2.69697521169e-08
-1.82312744578e-08
-9.92514796061e-09
5.9029198937e-09
2.19449970139e-08
8.12380872218e-09
8.61469375956e-09
9.11002602505e-09
-4.42155218241e-08
-3.55385354832e-08
-2.69697521169e-08
-1.82312744578e-08
-9.92514796061e-09
5.9029198937e-09
2.19449970139e-08
8.12380872218e-09
8.61469375956e-09
9.11002602505e-09
-7.22249343909e-08
-6.14833544942e-08
-5.08757232807e-08
-4.00580208822e-08
-2.93781174721e-08
-9.57991227964e-09
1.46914476991e-08
3.8967153879e-08
6.29538376864e-08
-2.11806037103e-08
-7.22249343909e-08
-6.14833544942e-08
-5.08757232807e-08
-4.00580208822e-08
-2.93781174721e-08
-9.57991227964e-09
1.46914476991e-08
3.8967153879e-08
6.29538376864e-08
-2.11806037103e-08
7.58014737797e-09
2.17801924276e-08
3.58031613529e-08
5.01038380567e-08
4.67797057416e-08
4.82601299773e-08
4.97605708382e-08
5.06092412886e-08
5.52706268933e-08
5.99742428442e-08
7.58014737797e-09
2.17801924276e-08
3.58031613529e-08
5.01038380567e-08
4.67797057416e-08
4.82601299773e-08
4.97605708382e-08
5.06092412886e-08
5.52706268933e-08
5.99742428442e-08
-1.08325421212e-09
1.1835453202e-08
2.4593062913e-08
3.28154934514e-08
3.64635042402e-08
3.99117279949e-08
4.34065747386e-08
4.24620626499e-08
4.5973012517e-08
4.95157702286e-08
-1.08325421212e-09
1.1835453202e-08
2.4593062913e-08
3.28154934514e-08
3.64635042402e-08
3.99117279949e-08
4.34065747386e-08
4.24620626499e-08
4.5973012517e-08
4.95157702286e-08
-8.75655276334e-09
3.02725560213e-09
1.46641185806e-08
2.32250634781e-08
2.73262971961e-08
3.25174290962e-08
3.77787496218e-08
3.52459901414e-08
3.77379826409e-08
3.81525378614e-08
-8.75655276334e-09
3.02725560213e-09
1.46641185806e-08
2.32250634781e-08
2.73262971961e-08
3.25174290962e-08
3.77787496218e-08
3.52459901414e-08
3.77379826409e-08
3.81525378614e-08
-1.81625316326e-08
-7.76988984283e-09
2.49315456022e-09
1.29594460272e-08
1.61258498518e-08
2.34534498011e-08
3.0880125285e-08
2.64004819051e-08
2.76434298894e-08
2.88976385005e-08
-1.81625316326e-08
-7.76988984283e-09
2.49315456022e-09
1.29594460272e-08
1.61258498518e-08
2.34534498011e-08
3.0880125285e-08
2.64004819051e-08
2.76434298894e-08
2.88976385005e-08
-3.15289226573e-08
-2.31132017909e-08
-1.48024258898e-08
-6.32706521886e-09
2.04033388288e-09
1.05730581711e-08
2.1076817017e-08
3.15824567402e-08
4.19630181281e-08
1.27617093221e-08
-3.15289226573e-08
-2.31132017909e-08
-1.48024258898e-08
-6.32706521886e-09
2.04033388288e-09
1.05730581711e-08
2.1076817017e-08
3.15824567402e-08
4.19630181281e-08
1.27617093221e-08
5.52747609762e-09
2.88036272734e-08
5.17895222827e-08
7.52306248785e-08
5.75270798654e-08
6.02399490349e-08
6.29894985589e-08
6.55190370556e-08
5.920506734e-08
5.28338955069e-08
5.52747609762e-09
2.88036272734e-08
5.17895222827e-08
7.52306248785e-08
5.75270798654e-08
6.02399490349e-08
6.29894985589e-08
6.55190370556e-08
5.920506734e-08
5.28338955069e-08
5.9320921215e-09
2.54241076989e-08
4.46730556971e-08
5.08275762021e-08
5.19705477501e-08
5.35031663907e-08
5.50565073705e-08
5.82309158091e-08
5.47019618051e-08
5.11410368461e-08
5.9320921215e-09
2.54241076989e-08
4.46730556971e-08
5.08275762021e-08
5.19705477501e-08
5.35031663907e-08
5.50565073705e-08
5.82309158091e-08
5.47019618051e-08
5.11410368461e-08
6.29046631407e-09
2.24308189329e-08
3.83698995785e-08
4.44446680543e-08
4.70490478765e-08
4.7536301763e-08
4.80301437466e-08
5.17757227051e-08
5.07134969027e-08
6.18467022489e-08
6.29046631407e-09
2.24308189329e-08
3.83698995785e-08
4.44446680543e-08
4.70490478765e-08
4.7536301763e-08
4.80301437466e-08
5.17757227051e-08
5.07134969027e-08
6.18467022489e-08
6.72976371143e-09
1.8761626252e-08
3.06434501427e-08
4.27605790488e-08
4.10162415798e-08
4.02220806064e-08
3.94171818849e-08
4.38629053518e-08
4.58244108934e-08
4.78036869147e-08
6.72976371143e-09
1.8761626252e-08
3.06434501427e-08
4.27605790488e-08
4.10162415798e-08
4.02220806064e-08
3.94171818849e-08
4.38629053518e-08
4.58244108934e-08
4.78036869147e-08
7.35402843399e-09
1.35475103371e-08
1.96637588393e-08
2.59011321756e-08
3.20590520657e-08
2.9828187384e-08
2.71777097658e-08
2.45267575344e-08
2.19073670832e-08
4.51918478379e-08
7.35402843399e-09
1.35475103371e-08
1.96637588393e-08
2.59011321756e-08
3.20590520657e-08
2.9828187384e-08
2.71777097658e-08
2.45267575344e-08
2.19073670832e-08
4.51918478379e-08
3.54085576131e-09
3.5601061733e-08
6.72614734084e-08
9.95488808819e-08
6.79286245261e-08
7.18342809638e-08
7.57927452789e-08
7.99490647783e-08
6.3012905194e-08
4.59233105709e-08
3.54085576131e-09
3.5601061733e-08
6.72614734084e-08
9.95488808819e-08
6.79286245261e-08
7.18342809638e-08
7.57927452789e-08
7.99490647783e-08
6.3012905194e-08
4.59233105709e-08
1.27216983415e-08
3.85755058916e-08
6.41069136166e-08
9.01439396996e-08
6.69786049522e-08
6.66572589019e-08
6.63315679732e-08
7.34923581385e-08
6.31500305904e-08
5.2714005565e-08
1.27216983415e-08
3.85755058916e-08
6.41069136166e-08
9.01439396996e-08
6.69786049522e-08
6.66572589019e-08
6.63315679732e-08
7.34923581385e-08
6.31500305904e-08
5.2714005565e-08
2.08533017696e-08
4.12100135749e-08
6.13128749439e-08
6.4981467289e-08
6.61371590438e-08
6.20718965043e-08
5.79516680738e-08
6.77735608291e-08
6.3271484513e-08
5.87286211312e-08
2.08533017696e-08
4.12100135749e-08
6.13128749439e-08
6.4981467289e-08
6.61371590438e-08
6.20718965043e-08
5.79516680738e-08
6.77735608291e-08
6.3271484513e-08
5.87286211312e-08
3.08210737137e-08
4.44394100899e-08
5.78879243129e-08
7.16027699404e-08
6.51057092207e-08
5.64511296943e-08
4.76795327133e-08
6.07634221917e-08
6.34203635149e-08
6.61013756962e-08
3.08210737137e-08
4.44394100899e-08
5.78879243129e-08
7.16027699404e-08
6.51057092207e-08
5.64511296943e-08
4.76795327133e-08
6.07634221917e-08
6.34203635149e-08
6.61013756962e-08
4.4985802266e-08
4.90285525059e-08
5.30208892056e-08
5.70922892592e-08
6.1111826654e-08
4.84637242274e-08
3.30822877273e-08
1.76980969186e-08
2.49706763328e-09
7.65784479728e-08
4.4985802266e-08
4.90285525059e-08
5.30208892056e-08
5.70922892592e-08
6.1111826654e-08
4.84637242274e-08
3.30822877273e-08
1.76980969186e-08
2.49706763328e-09
7.65784479728e-08
1.46043675343e-09
4.27194384032e-08
8.34639357624e-08
1.25015328146e-07
7.88212801724e-08
8.39760415647e-08
8.92004998216e-08
9.506040911e-08
6.70005308644e-08
3.86864410022e-08
1.46043675343e-09
4.27194384032e-08
8.34639357624e-08
1.25015328146e-07
7.88212801724e-08
8.39760415647e-08
8.92004998216e-08
9.506040911e-08
6.70005308644e-08
3.86864410022e-08
1.98318771601e-08
5.23478499475e-08
8.44583449763e-08
1.17204749154e-07
8.26952705394e-08
8.04324244892e-08
7.81389827891e-08
8.94743724819e-08
7.19969766122e-08
5.43612423127e-08
1.98318771601e-08
5.23478499475e-08
8.44583449763e-08
1.17204749154e-07
8.26952705394e-08
8.04324244892e-08
7.81389827891e-08
8.94743724819e-08
7.19969766122e-08
5.43612423127e-08
3.61037243775e-08
6.0875871601e-08
8.53391074228e-08
8.64879155559e-08
8.61265191502e-08
7.72937922223e-08
6.83416391318e-08
8.45267400399e-08
7.64223999887e-08
6.82446377591e-08
3.61037243775e-08
6.0875871601e-08
8.53391074228e-08
8.64879155559e-08
8.61265191502e-08
7.72937922223e-08
6.83416391318e-08
8.45267400399e-08
7.64223999887e-08
6.82446377591e-08
5.60498596762e-08
7.13295755634e-08
8.64187517122e-08
1.01806750572e-07
9.03325658343e-08
7.34464365403e-08
5.6331992068e-08
7.84619002723e-08
8.18471125148e-08
8.52629934676e-08
5.60498596762e-08
7.13295755634e-08
8.64187517122e-08
1.01806750572e-07
9.03325658343e-08
7.34464365403e-08
5.6331992068e-08
7.84619002723e-08
8.18471125148e-08
8.52629934676e-08
8.43943677323e-08
8.61848390889e-08
8.79529830707e-08
8.97561429852e-08
9.15363337329e-08
6.79791416237e-08
3.92656515036e-08
1.05470197431e-08
-1.7829692939e-08
1.09446972632e-07
8.43943677323e-08
8.61848390889e-08
8.79529830707e-08
8.97561429852e-08
9.15363337329e-08
6.79791416237e-08
3.92656515036e-08
1.05470197431e-08
-1.7829692939e-08
1.09446972632e-07
-6.17953129756e-10
4.98308722058e-08
9.96505951382e-08
1.50456936857e-07
8.97033117298e-08
9.61059597695e-08
1.02595177188e-07
1.10157014679e-07
7.09842672271e-08
3.14566298725e-08
-6.17953129756e-10
4.98308722058e-08
9.96505951382e-08
1.50456936857e-07
8.97033117298e-08
9.61059597695e-08
1.02595177188e-07
1.10157014679e-07
7.09842672271e-08
3.14566298725e-08
2.69351211069e-08
6.61067612271e-08
1.04789926685e-07
1.44239165005e-07
9.83966069675e-08
9.41941545481e-08
8.99348813111e-08
1.0544079886e-07
8.08352938161e-08
5.60068724375e-08
2.69351211069e-08
6.61067612271e-08
1.04789926685e-07
1.44239165005e-07
9.83966069675e-08
9.41941545481e-08
8.99348813111e-08
1.0544079886e-07
8.08352938161e-08
5.60068724375e-08
5.13392725736e-08
8.0522548646e-08
1.09341906054e-07
1.3873199565e-07
1.06096382749e-07
9.25008413521e-08
7.87214763914e-08
1.01263579134e-07
8.95604887948e-08
7.77513729951e-08
5.13392725736e-08
8.0522548646e-08
1.09341906054e-07
1.3873199565e-07
1.06096382749e-07
9.25008413521e-08
7.87214763914e-08
1.01263579134e-07
8.95604887948e-08
7.77513729951e-08
8.12540388877e-08
9.81935138691e-08
1.14921751733e-07
1.31981271925e-07
1.15534817579e-07
9.04251671117e-08
6.49760122963e-08
9.61431162444e-08
1.00255889091e-07
1.04405922066e-07
8.12540388877e-08
9.81935138691e-08
1.14921751733e-07
1.31981271925e-07
1.15534817579e-07
9.04251671117e-08
6.49760122963e-08
9.61431162444e-08
1.00255889091e-07
1.04405922066e-07
1.23764496281e-07
1.23304885502e-07
1.22851006119e-07
1.2238813821e-07
1.21931166444e-07
8.74755247702e-08
4.54429843716e-08
3.40291732955e-09
-3.81366279225e-08
1.42283439166e-07
1.23764496281e-07
1.23304885502e-07
1.22851006119e-07
1.2238813821e-07
1.21931166444e-07
8.74755247702e-08
4.54429843716e-08
3.40291732955e-09
-3.81366279225e-08
1.42283439166e-07
-2.69418898989e-09
5.69349357876e-08
1.15820478818e-07
1.75872178132e-07
1.00574065256e-07
1.08223306645e-07
1.15975972442e-07
1.25237974273e-07
7.49638748842e-08
2.42343116487e-08
-2.69418898989e-09
5.69349357876e-08
1.15820478818e-07
1.75872178132e-07
1.00574065256e-07
1.08223306645e-07
1.15975972442e-07
1.25237974273e-07
7.49638748842e-08
2.42343116487e-08
3.40310033207e-08
7.98514129049e-08
1.2510043694e-07
1.71245562649e-07
1.14081670683e-07
1.07941622084e-07
1.01718554679e-07
1.21390677789e-07
8.9664451074e-08
5.76507970473e-08
3.40310033207e-08
7.98514129049e-08
1.2510043694e-07
1.71245562649e-07
1.14081670683e-07
1.07941622084e-07
1.01718554679e-07
1.21390677789e-07
8.9664451074e-08
5.76507970473e-08
6.65590307958e-08
1.00148864066e-07
1.33319828419e-07
1.67147703222e-07
1.26045549776e-07
1.07692130044e-07
8.90905560887e-08
1.17983072331e-07
1.02684961414e-07
8.72482555431e-08
6.65590307958e-08
1.00148864066e-07
1.33319828419e-07
1.67147703222e-07
1.26045549776e-07
1.07692130044e-07
8.90905560887e-08
1.17983072331e-07
1.02684961414e-07
8.72482555431e-08
1.06432096733e-07
1.2502961065e-07
1.43395211523e-07
1.62124520697e-07
1.40710949955e-07
1.07386301092e-07
7.36110739461e-08
1.13806007576e-07
1.18645586991e-07
1.23529011119e-07
1.06432096733e-07
1.2502961065e-07
1.43395211523e-07
1.62124520697e-07
1.40710949955e-07
1.07386301092e-07
7.36110739461e-08
1.13806007576e-07
1.18645586991e-07
1.23529011119e-07
1.63093822012e-07
1.6038646106e-07
1.57712861196e-07
1.54986313952e-07
1.52294498246e-07
1.06951702055e-07
5.16139151119e-08
-3.7337810058e-09
-5.84225169961e-08
1.75085874305e-07
1.63093822012e-07
1.6038646106e-07
1.57712861196e-07
1.54986313952e-07
1.52294498246e-07
1.06951702055e-07
5.16139151119e-08
-3.7337810058e-09
-5.84225169961e-08
1.75085874305e-07
0.0
0.0
0.0
0.0
0.0
0.0
0.0
0.0
0.0
0.0
0.0
0.0
0.0
0.0
0.0
0.0
0.0
0.0
0.0
0.0
-3.83799533902e-08
-8.28510637847e-08
-1.26767614539e-07
-1.71553878962e-07
-1.50792954141e-07
-1.59542340374e-07
-1.68410025931e-07
-1.65790569789e-07
-2.04093298571e-07
-2.42743035225e-07
-3.83799533902e-08
-8.28510637847e-08
-1.26767614539e-07
-1.71553878962e-07
-1.50792954141e-07
-1.59542340374e-07
-1.68410025931e-07
-1.65790569789e-07
-2.04093298571e-07
-2.42743035225e-07
-2.00074785488e-08
-6.04512641289e-08
-1.00390711252e-07
-1.41121110363e-07
-1.34585769964e-07
-1.51587627916e-07
-1.68819365799e-07
-1.72506703933e-07
-2.050666848e-07
-2.37921646468e-07
-2.00074785488e-08
-6.04512641289e-08
-1.00390711252e-07
-1.41121110363e-07
-1.34585769964e-07
-1.51587627916e-07
-1.68819365799e-07
-1.72506703933e-07
-2.050666848e-07
-2.37921646468e-07
0.0
0.0
0.0
0.0
0.0
0.0
0.0
0.0
0.0
0.0
0.0
0.0
0.0
0.0
0.0
0.0
0.0
0.0
0.0
0.0
-2.44658467656e-07
-2.44445126405e-07
-2.44234445544e-07
-2.44019592405e-07
-2.43807476127e-07
-2.20952372357e-07
-1.66543011794e-07
-1.12123908307e-07
-5.83527092838e-08
-2.27163464491e-07
-2.44658467656e-07
-2.44445126405e-07
-2.44234445544e-07
-2.44019592405e-07
-2.43807476127e-07
-2.20952372357e-07
-1.66543011794e-07
-1.12123908307e-07
-5.83527092838e-08
-2.27163464491e-07
-9.33139855016e-09
-3.8522404996e-09
6.37485379621e-10
6.33194330749e-09
1.0732508482e-08
1.30128753597e-08
1.64139063785e-08
1.75457044414e-08
1.57961215711e-08
1.56671371802e-08
-9.33139855016e-09
-3.8522404996e-09
6.37485379621e-10
6.33194330749e-09
1.0732508482e-08
1.30128753597e-08
1.64139063785e-08
1.75457044414e-08
1.57961215711e-08
1.56671371802e-08
-1.14241349305e-08
-7.57227192042e-09
-3.76844206598e-09
1.15259519413e-09
4.65564324156e-09
6.85602613783e-09
9.08616012771e-09
9.84523537007e-09
8.51481652368e-09
7.17234459841e-09
-1.14241349305e-08
-7.57227192042e-09
-3.76844206598e-09
1.15259519413e-09
4.65564324156e-09
6.85602613783e-09
9.08616012771e-09
9.84523537007e-09
8.51481652368e-09
7.17234459841e-09
-1.41038406424e-08
-1.08671568931e-08
-7.67083494636e-09
-3.43482742056e-09
-7.26723114292e-10
1.40281682702e-09
3.56115000347e-09
3.02481990689e-09
2.06566062456e-09
3.65782249351e-09
-1.41038406424e-08
-1.08671568931e-08
-7.67083494636e-09
-3.43482742056e-09
-7.26723114292e-10
1.40281682702e-09
3.56115000347e-09
3.02481990689e-09
2.06566062456e-09
3.65782249351e-09
-1.50864844709e-08
-1.490604815e-08
-1.24544133159e-08
-9.05811965792e-09
-7.32446251824e-09
-5.28176232818e-09
-7.02704830923e-09
-5.33568937056e-09
-5.83975628404e-09
-3.25663141699e-09
-1.50864844709e-08
-1.490604815e-08
-1.24544133159e-08
-9.05811965792e-09
-7.32446251824e-09
-5.28176232818e-09
-7.02704830923e-09
-5.33568937056e-09
-5.83975628404e-09
-3.25663141699e-09
-4.98303144448e-08
-4.55636005899e-08
-4.13500931262e-08
-3.70531422917e-08
-3.28109272463e-08
-2.40302478848e-08
-1.24883352914e-08
-9.44355921728e-10
1.04621828199e-08
-1.72830512625e-08
-4.98303144448e-08
-4.55636005899e-08
-4.13500931262e-08
-3.70531422917e-08
-3.28109272463e-08
-2.40302478848e-08
-1.24883352914e-08
-9.44355921728e-10
1.04621828199e-08
-1.72830512625e-08
-7.62951111285e-09
7.66914754156e-09
1.80026556488e-08
2.54123947081e-08
3.05986735139e-08
3.30682240435e-08
3.54694098094e-08
3.69621943706e-08
3.99671410547e-08
4.45280069495e-08
-7.62951111285e-09
7.66914754156e-09
1.80026556488e-08
2.54123947081e-08
3.05986735139e-08
3.30682240435e-08
3.54694098094e-08
3.69621943706e-08
3.99671410547e-08
4.45280069495e-08
-8.44617288595e-09
7.44202879361e-10
9.81997364759e-09
1.70060200521e-08
2.18289308406e-08
2.52389967933e-08
2.86951698084e-08
2.92487182285e-08
3.20028400111e-08
3.47819130692e-08
-8.44617288595e-09
7.44202879361e-10
9.81997364759e-09
1.70060200521e-08
2.18289308406e-08
2.52389967933e-08
2.86951698084e-08
2.92487182285e-08
3.20028400111e-08
3.47819130692e-08
-1.34516323025e-08
-5.38931953573e-09
2.57245530367e-09
9.56037392823e-09
1.40614444728e-08
1.83045383717e-08
2.26050025965e-08
2.2416782217e-08
2.49487448011e-08
2.58292905543e-08
-1.34516323025e-08
-5.38931953573e-09
2.57245530367e-09
9.56037392823e-09
1.40614444728e-08
1.83045383717e-08
2.26050025965e-08
2.2416782217e-08
2.49487448011e-08
2.58292905543e-08
-1.70167277811e-08
-1.29078308833e-08
-6.31159944049e-09
4.33452873137e-10
4.54000957039e-09
9.80423450009e-09
1.12530498285e-08
1.4042150977e-08
1.63017893824e-08
1.50633629329e-08
-1.70167277811e-08
-1.29078308833e-08
-6.31159944049e-09
4.33452873137e-10
4.54000957039e-09
9.80423450009e-09
1.12530498285e-08
1.4042150977e-08
1.63017893824e-08
1.50633629329e-08
-2.83065441193e-08
-2.35920312192e-08
-1.89363088138e-08
-1.41883855104e-08
-9.50094261251e-09
-2.27514468592e-09
4.5309579676e-09
1.13382793699e-08
1.80645539773e-08
5.90362753974e-09
-2.83065441193e-08
-2.35920312192e-08
-1.89363088138e-08
-1.41883855104e-08
-9.50094261251e-09
-2.27514468592e-09
4.5309579676e-09
1.13382793699e-08
1.80645539773e-08
5.90362753974e-09
-5.58887657561e-09
1.60290976836e-08
3.42351806665e-08
4.01808587589e-08
4.08108799374e-08
4.1300301833e-08
4.31582595074e-08
4.54654073539e-08
4.51223029134e-08
4.85516370763e-08
-5.58887657561e-09
1.60290976836e-08
3.42351806665e-08
4.01808587589e-08
4.08108799374e-08
4.1300301833e-08
4.31582595074e-08
4.54654073539e-08
4.51223029134e-08
4.85516370763e-08
-3.58864394378e-09
1.19025485651e-08
2.72005641988e-08
3.36230562555e-08
3.53723704624e-08
3.62519812096e-08
3.71434850604e-08
4.07401679758e-08
4.09056159003e-08
4.10725627189e-08
-3.58864394378e-09
1.19025485651e-08
2.72005641988e-08
3.36230562555e-08
3.53723704624e-08
3.62519812096e-08
3.71434850604e-08
4.07401679758e-08
4.09056159003e-08
4.10725627189e-08
-4.63534559068e-09
8.24760506024e-09
2.09699038989e-08
2.78147168953e-08
3.05554049274e-08
3.17806115147e-08
3.30223839624e-08
3.65549559553e-08
3.71708359745e-08
4.45255156716e-08
-4.63534559068e-09
8.24760506024e-09
2.09699038989e-08
2.78147168953e-08
3.05554049274e-08
3.17806115147e-08
3.30223839624e-08
3.65549559553e-08
3.71708359745e-08
4.45255156716e-08
-4.85768937185e-09
3.76735173167e-09
1.33323203055e-08
2.06948170345e-08
2.46507374974e-08
2.62995776951e-08
3.03022086689e-08
3.14246960591e-08
3.2592718646e-08
4.2207445772e-08
-4.85768937185e-09
3.76735173167e-09
1.33323203055e-08
2.06948170345e-08
2.46507374974e-08
2.62995776951e-08
3.03022086689e-08
3.14246960591e-08
3.2592718646e-08
4.2207445772e-08
-7.74168596213e-09
-2.59932405103e-09
2.47891204119e-09
7.65771639904e-09
1.27705516652e-08
1.8510740162e-08
2.07920194134e-08
2.30737071667e-08
2.5328229539e-08
2.80573094223e-08
-7.74168596213e-09
-2.59932405103e-09
2.47891204119e-09
7.65771639904e-09
1.27705516652e-08
1.8510740162e-08
2.07920194134e-08
2.30737071667e-08
2.5328229539e-08
2.80573094223e-08
-2.03140421455e-09
2.41200409932e-08
4.99453748015e-08
7.6282147815e-08
5.0694477547e-08
4.9267487472e-08
4.78212032482e-08
5.36950035869e-08
5.01115817538e-08
4.64956955084e-08
-2.03140421455e-09
2.41200409932e-08
4.99453748015e-08
7.6282147815e-08
5.0694477547e-08
4.9267487472e-08
4.78212032482e-08
5.36950035869e-08
5.01115817538e-08
4.64956955084e-08
1.11257922483e-09
2.27018405273e-08
4.40218813657e-08
4.97053887589e-08
4.84800087063e-08
4.69105893435e-08
4.53199500638e-08
5.18618453628e-08
4.95219178871e-08
4.71607915757e-08
1.11257922483e-09
2.27018405273e-08
4.40218813657e-08
4.97053887589e-08
4.84800087063e-08
4.69105893435e-08
4.53199500638e-08
5.18618453628e-08
4.95219178871e-08
4.71607915757e-08
3.89725027113e-09
2.14457201147e-08
3.87753586083e-08
4.54816708355e-08
4.65186220188e-08
4.48230510011e-08
4.31045543862e-08
5.02381909357e-08
4.89996441766e-08
6.26201328594e-08
3.89725027113e-09
2.14457201147e-08
3.87753586083e-08
4.54816708355e-08
4.65186220188e-08
4.48230510011e-08
4.31045543862e-08
5.02381909357e-08
4.89996441766e-08
6.26201328594e-08
-7.82980695505e-09
6.45903010731e-09
1.6466656073e-08
1.78574240545e-08
2.02523508908e-08
1.98410274996e-08
2.17765676105e-08
2.29396539632e-08
3.00063307179e-08
3.92157534028e-08
-7.82980695505e-09
6.45903010731e-09
1.6466656073e-08
1.78574240545e-08
2.02523508908e-08
1.98410274996e-08
2.17765676105e-08
2.29396539632e-08
3.00063307179e-08
3.92157534028e-08
1.21614353118e-08
1.77178788902e-08
2.32050330057e-08
2.88008535091e-08
3.43253928498e-08
3.86277759204e-08
3.65298317301e-08
3.44315118671e-08
3.23581742386e-08
4.9498129184e-08
1.21614353118e-08
1.77178788902e-08
2.32050330057e-08
2.88008535091e-08
3.43253928498e-08
3.86277759204e-08
3.65298317301e-08
3.44315118671e-08
3.23581742386e-08
4.9498129184e-08
-1.63819605608e-09
3.25929997892e-08
6.63973288556e-08
1.00871111386e-07
6.10447311698e-08
5.76108453547e-08
5.4130530412e-08
6.23131618316e-08
5.53364303801e-08
4.8296492447e-08
-1.63819605608e-09
3.25929997892e-08
6.63973288556e-08
1.00871111386e-07
6.10447311698e-08
5.76108453547e-08
5.4130530412e-08
6.23131618316e-08
5.53364303801e-08
4.8296492447e-08
6.0357715739e-09
3.40110231925e-08
6.16374203451e-08
8.98109245634e-08
6.22065266787e-08
5.80724457657e-08
5.38824684773e-08
6.35086349443e-08
5.8545040274e-08
5.35364773606e-08
6.0357715739e-09
3.40110231925e-08
6.16374203451e-08
8.98109245634e-08
6.22065266787e-08
5.80724457657e-08
5.38824684773e-08
6.35086349443e-08
5.8545040274e-08
5.35364773606e-08
1.28327143319e-08
3.52669867783e-08
5.74215013786e-08
6.39827734955e-08
6.32355455581e-08
5.8481291844e-08
5.3662756478e-08
6.45674825584e-08
6.13869518943e-08
5.81776068555e-08
1.28327143319e-08
3.52669867783e-08
5.74215013786e-08
6.39827734955e-08
6.32355455581e-08
5.8481291844e-08
5.3662756478e-08
6.45674825584e-08
6.13869518943e-08
5.81776068555e-08
-2.34344732623e-09
1.53202658621e-08
2.25042471776e-08
2.11534651171e-08
2.16603630207e-08
2.09803454471e-08
2.05731506989e-08
2.53282218102e-08
3.33876244455e-08
4.36117900015e-08
-2.34344732623e-09
1.53202658621e-08
2.25042471776e-08
2.11534651171e-08
2.16603630207e-08
2.09803454471e-08
2.05731506989e-08
2.53282218102e-08
3.33876244455e-08
4.36117900015e-08
3.30042863878e-08
3.89943625812e-08
4.49097418653e-08
5.09422680138e-08
5.68979501183e-08
5.96946414956e-08
5.30107079638e-08
4.63255775597e-08
3.97200391656e-08
7.19512814857e-08
3.30042863878e-08
3.89943625812e-08
4.49097418653e-08
5.09422680138e-08
5.68979501183e-08
5.96946414956e-08
5.30107079638e-08
4.63255775597e-08
3.97200391656e-08
7.19512814857e-08
-1.24537141092e-09
4.10576945338e-08
8.28332365912e-08
1.25436092254e-07
7.13848897324e-08
6.59460655914e-08
6.043370381e-08
7.09229144053e-08
6.05561829805e-08
5.00955329887e-08
-1.24537141092e-09
4.10576945338e-08
8.28332365912e-08
1.25436092254e-07
7.13848897324e-08
6.59460655914e-08
6.043370381e-08
7.09229144053e-08
6.05561829805e-08
5.00955329887e-08
1.09541621157e-08
4.53091755116e-08
7.92357781101e-08
1.13834255651e-07
7.5919656571e-08
6.92234155355e-08
6.24366354878e-08
7.51440648968e-08
6.75593620105e-08
5.99059446571e-08
1.09541621157e-08
4.53091755116e-08
7.92357781101e-08
1.13834255651e-07
7.5919656571e-08
6.92234155355e-08
6.24366354878e-08
7.51440648968e-08
6.75593620105e-08
5.99059446571e-08
2.17594632393e-08
4.90747729491e-08
7.60494577411e-08
1.03558343231e-07
7.99361643424e-08
7.21262112003e-08
6.42106606882e-08
7.88827981891e-08
7.37621777228e-08
6.85951664205e-08
2.17594632393e-08
4.90747729491e-08
7.60494577411e-08
1.03558343231e-07
7.99361643424e-08
7.21262112003e-08
6.42106606882e-08
7.88827981891e-08
7.37621777228e-08
6.85951664205e-08
-1.23262830152e-08
-1.51523489545e-08
-3.46500932802e-09
-2.63855301895e-09
-2.28450087672e-10
1.90105091434e-09
6.08038507477e-09
1.17561868728e-08
2.01482394933e-08
3.28546835087e-08
-1.23262830152e-08
-1.51523489545e-08
-3.46500932802e-09
-2.63855301895e-09
-2.28450087672e-10
1.90105091434e-09
6.08038507477e-09
1.17561868728e-08
2.01482394933e-08
3.28546835087e-08
5.38268085092e-08
6.02500943765e-08
6.65932811622e-08
7.30620870176e-08
7.94484913732e-08
8.07409596249e-08
6.94755096699e-08
5.8208042444e-08
4.70747237402e-08
9.43825342346e-08
5.38268085092e-08
6.02500943765e-08
6.65932811622e-08
7.30620870176e-08
7.94484913732e-08
8.07409596249e-08
6.94755096699e-08
5.8208042444e-08
4.70747237402e-08
9.43825342346e-08
-8.52953885403e-10
4.9513616551e-08
9.92521103119e-08
1.49975614214e-07
8.17143318553e-08
7.42726472869e-08
6.67303446604e-08
7.95237439153e-08
6.577052588e-08
5.18927090222e-08
-8.52953885403e-10
4.9513616551e-08
9.92521103119e-08
1.49975614214e-07
8.17143318553e-08
7.42726472869e-08
6.67303446604e-08
7.95237439153e-08
6.577052588e-08
5.18927090222e-08
1.58674552854e-08
5.65956185355e-08
9.68158971083e-08
1.37832689192e-07
8.96185743089e-08
8.03628285488e-08
7.09819370429e-08
8.67674360028e-08
7.65643413916e-08
6.62688106996e-08
1.58674552854e-08
5.65956185355e-08
9.68158971083e-08
1.37832689192e-07
8.96185743089e-08
8.03628285488e-08
7.09819370429e-08
8.67674360028e-08
7.65643413916e-08
6.62688106996e-08
3.06769605509e-08
6.28682488646e-08
9.46581082708e-08
1.27077527029e-07
9.66194747678e-08
8.5756989095e-08
7.47476331531e-08
9.3183277566e-08
8.61245779876e-08
7.90019293281e-08
3.06769605509e-08
6.28682488646e-08
9.46581082708e-08
1.27077527029e-07
9.66194747678e-08
8.5756989095e-08
7.47476331531e-08
9.3183277566e-08
8.61245779876e-08
7.90019293281e-08
-1.99217426015e-08
-2.87839620983e-08
-1.09570511564e-08
-9.00815181872e-09
-8.32864541235e-09
-4.19781761113e-09
-5.8232256578e-10
5.97807775792e-09
1.44716777741e-08
2.54077660489e-08
-1.99217426015e-08
-2.87839620983e-08
-1.09570511564e-08
-9.00815181872e-09
-8.32864541235e-09
-4.19781761113e-09
-5.8232256578e-10
5.97807775792e-09
1.44716777741e-08
2.54077660489e-08
7.46277503713e-08
8.14837969382e-08
8.82543478499e-08
9.51589812562e-08
1.01975661466e-07
1.01765465555e-07
8.59232474157e-08
7.00781924572e-08
5.44217859912e-08
1.16790539451e-07
7.46277503713e-08
8.14837969382e-08
8.82543478499e-08
9.51589812562e-08
1.01975661466e-07
1.01765465555e-07
8.59232474157e-08
7.00781924572e-08
5.44217859912e-08
1.16790539451e-07
0.0
0.0
0.0
0.0
0.0
0.0
0.0
0.0
0.0
0.0
0.0
0.0
0.0
0.0
0.0
0.0
0.0
0.0
0.0
0.0
4.73722396135e-09
-2.54495204333e-08
-5.52598328037e-08
-8.56605020143e-08
-1.11885516536e-07
-1.16632335213e-07
-1.21443335013e-07
-1.235693693e-07
-1.4244247213e-07
-1.61486557954e-07
4.73722396135e-09
-2.54495204333e-08
-5.52598328037e-08
-8.56605020143e-08
-1.11885516536e-07
-1.16632335213e-07
-1.21443335013e-07
-1.235693693e-07
-1.4244247213e-07
-1.61486557954e-07
2.55135379875e-08
5.68477413914e-09
-1.38967228421e-08
-3.38660074635e-08
-6.42649404962e-08
-7.5646869626e-08
-8.71826923529e-08
-9.3461682971e-08
-1.16772989177e-07
-1.40295486777e-07
2.55135379875e-08
5.68477413914e-09
-1.38967228421e-08
-3.38660074635e-08
-6.42649404962e-08
-7.5646869626e-08
-8.71826923529e-08
-9.3461682971e-08
-1.16772989177e-07
-1.40295486777e-07
0.0
0.0
0.0
0.0
0.0
0.0
0.0
0.0
0.0
0.0
0.0
0.0
0.0
0.0
0.0
0.0
0.0
0.0
0.0
0.0
-4.87211862715e-08
-8.00892176057e-08
-1.11066086137e-07
-1.4265641373e-07
-1.73844334691e-07
-2.49904840247e-07
-2.89978596232e-07
-3.30059528106e-07
-3.69663263317e-07
-1.25908417423e-07
-4.87211862715e-08
-8.00892176057e-08
-1.11066086137e-07
-1.4265641373e-07
-1.73844334691e-07
-2.49904840247e-07
-2.89978596232e-07
-3.30059528106e-07
-3.69663263317e-07
-1.25908417423e-07
-1.43238342956e-08
-1.1829929735e-08
-9.9614629342e-09
-7.00218583875e-09
-3.49645530327e-09
-1.08834818871e-10
3.49258479276e-09
5.32059321652e-09
5.15586098278e-09
7.04395967301e-09
-1.43238342956e-08
-1.1829929735e-08
-9.9614629342e-09
-7.00218583875e-09
-3.49645530327e-09
-1.08834818871e-10
3.49258479276e-09
5.32059321652e-09
5.15586098278e-09
7.04395967301e-09
-1.37650414349e-08
-1.18495169137e-08
-9.95787919398e-09
-7.72146071331e-09
-4.6523033882e-09
-2.08808674629e-09
5.10800338412e-10
2.14679644729e-09
2.06779882277e-09
1.98808551039e-09
-1.37650414349e-08
-1.18495169137e-08
-9.95787919398e-09
-7.72146071331e-09
-4.6523033882e-09
-2.08808674629e-09
5.10800338412e-10
2.14679644729e-09
2.06779882277e-09
1.98808551039e-09
-1.38031720463e-08
-1.18668655577e-08
-9.95470502407e-09
-8.35853274506e-09
-5.67605454913e-09
-3.84113845344e-09
-1.98141269365e-09
-6.64280691167e-10
-6.67341947537e-10
2.04924777359e-09
-1.38031720463e-08
-1.18668655577e-08
-9.95470502407e-09
-8.35853274506e-09
-5.67605454913e-09
-3.84113845344e-09
-1.98141269365e-09
-6.64280691167e-10
-6.67341947537e-10
2.04924777359e-09
-1.23937034952e-08
-1.18881316375e-08
-9.95081410611e-09
-9.13945975172e-09
-6.93097532705e-09
-5.99004054606e-09
-5.61512782861e-09
-4.11011718347e-09
-4.02009514984e-09
-8.26495441228e-10
-1.23937034952e-08
-1.18881316375e-08
-9.95081410611e-09
-9.13945975172e-09
-6.93097532705e-09
-5.99004054606e-09
-5.61512782861e-09
-4.11011718347e-09
-4.02009514984e-09
-8.26495441228e-10
-2.74356944987e-08
-2.96438466856e-08
-3.18244629718e-08
-3.40482637011e-08
-3.62437370204e-08
-3.84805834899e-08
-3.9668118282e-08
-4.08558657224e-08
-4.20294720466e-08
-1.33854988147e-08
-2.74356944987e-08
-2.96438466856e-08
-3.18244629718e-08
-3.40482637011e-08
-3.62437370204e-08
-3.84805834899e-08
-3.9668118282e-08
-4.08558657224e-08
-4.20294720466e-08
-1.33854988147e-08
-1.50534121141e-08
-6.44189734446e-09
2.02149944692e-10
7.18139115634e-09
1.44176412861e-08
1.78763181097e-08
2.09122279116e-08
2.33151474526e-08
2.4663655216e-08
2.51652719978e-08
-1.50534121141e-08
-6.44189734446e-09
2.02149944692e-10
7.18139115634e-09
1.44176412861e-08
1.78763181097e-08
2.09122279116e-08
2.33151474526e-08
2.4663655216e-08
2.51652719978e-08
-1.58090915598e-08
-1.03470474432e-08
-4.95311561786e-09
1.19654665284e-09
7.19435744094e-09
1.05662655917e-08
1.39837648782e-08
1.60353738071e-08
1.80326675053e-08
2.00480559098e-08
-1.58090915598e-08
-1.03470474432e-08
-4.95311561786e-09
1.19654665284e-09
7.19435744094e-09
1.05662655917e-08
1.39837648782e-08
1.60353738071e-08
1.80326675053e-08
2.00480559098e-08
-1.81467118416e-08
-1.38058946736e-08
-9.51920797327e-09
-4.10431562168e-09
7.96591749499e-10
4.09164764723e-09
7.43125557117e-09
9.58757429259e-09
1.21595069614e-08
1.35060432473e-08
-1.81467118416e-08
-1.38058946736e-08
-9.51920797327e-09
-4.10431562168e-09
7.96591749499e-10
4.09164764723e-09
7.43125557117e-09
9.58757429259e-09
1.21595069614e-08
1.35060432473e-08
-1.97933369117e-08
-1.80457719237e-08
-1.51163534412e-08
-1.06021467969e-08
-7.04583071098e-09
-3.84498080088e-09
-2.31034012475e-09
1.68382004894e-09
4.96014887542e-09
6.79315396666e-09
-1.97933369117e-08
-1.80457719237e-08
-1.51163534412e-08
-1.06021467969e-08
-7.04583071098e-09
-3.84498080088e-09
-2.31034012475e-09
1.68382004894e-09
4.96014887542e-09
6.79315396666e-09
-2.50841655814e-08
-2.40708606475e-08
-2.30701917377e-08
-2.20497058019e-08
-2.10422191079e-08
-1.51233475429e-08
-1.20149010818e-08
-8.90589800038e-09
-5.83391017358e-09
-9.54454242605e-10
-2.50841655814e-08
-2.40708606475e-08
-2.30701917377e-08
-2.20497058019e-08
-2.10422191079e-08
-1.51233475429e-08
-1.20149010818e-08
-8.90589800038e-09
-5.83391017358e-09
-9.54454242605e-10
-1.28270827949e-08
3.25456809374e-09
1.66808390502e-08
2.23276321167e-08
2.40946800094e-08
2.2360654631e-08
2.43100595352e-08
2.54117776521e-08
3.10395384868e-08
3.16083267061e-08
-1.28270827949e-08
3.25456809374e-09
1.66808390502e-08
2.23276321167e-08
2.40946800094e-08
2.2360654631e-08
2.43100595352e-08
2.54117776521e-08
3.10395384868e-08
3.16083267061e-08
-1.3109380009e-08
-1.61901056861e-09
9.72807270054e-09
1.64185363089e-08
1.87741931748e-08
1.90007960286e-08
1.92304627503e-08
2.32494201425e-08
2.71092699956e-08
3.10040885917e-08
-1.3109380009e-08
-1.61901056861e-09
9.72807270054e-09
1.64185363089e-08
1.87741931748e-08
1.90007960286e-08
1.92304627503e-08
2.32494201425e-08
2.71092699956e-08
3.10040885917e-08
-1.55611574954e-08
-5.9356088124e-09
3.56990821939e-09
1.11847657364e-08
1.40617619784e-08
1.60249212664e-08
1.80146241782e-08
2.13341892054e-08
2.36281750463e-08
2.72043290944e-08
-1.55611574954e-08
-5.9356088124e-09
3.56990821939e-09
1.11847657364e-08
1.40617619784e-08
1.60249212664e-08
1.80146241782e-08
2.13341892054e-08
2.36281750463e-08
2.72043290944e-08
-1.42893768101e-08
-1.12269227887e-08
-3.9788095317e-09
4.76917600224e-09
8.28523341514e-09
1.23770747838e-08
1.58406332538e-08
1.89864867664e-08
1.93610263987e-08
2.46686941058e-08
-1.42893768101e-08
-1.12269227887e-08
-3.9788095317e-09
4.76917600224e-09
8.28523341514e-09
1.23770747838e-08
1.58406332538e-08
1.89864867664e-08
1.93610263987e-08
2.46686941058e-08
-2.28374003583e-08
-1.87461584391e-08
-1.47059347569e-08
-1.05856993775e-08
-6.51794873529e-09
7.19329294011e-09
1.4406329061e-08
2.1620656799e-08
2.87490919948e-08
1.09227710067e-08
-2.28374003583e-08
-1.87461584391e-08
-1.47059347569e-08
-1.05856993775e-08
-6.51794873529e-09
7.19329294011e-09
1.4406329061e-08
2.1620656799e-08
2.87490919948e-08
1.09227710067e-08
-7.60366419041e-09
1.26390202533e-08
3.26292761946e-08
5.30154147481e-08
3.34603305678e-08
2.67006939803e-08
1.98496612175e-08
2.74409423956e-08
3.72102583136e-08
4.70680804458e-08
-7.60366419041e-09
1.26390202533e-08
3.26292761946e-08
5.30154147481e-08
3.34603305678e-08
2.67006939803e-08
1.98496612175e-08
2.74409423956e-08
3.72102583136e-08
4.70680804458e-08
-1.04965398918e-08
6.82817516305e-09
2.39368491148e-08
3.11507121324e-08
2.99814124603e-08
2.71639197851e-08
2.43083321545e-08
3.0231332587e-08
3.58938051837e-08
4.16075775865e-08
-1.04965398918e-08
6.82817516305e-09
2.39368491148e-08
3.11507121324e-08
2.99814124603e-08
2.71639197851e-08
2.43083321545e-08
3.0231332587e-08
3.58938051837e-08
4.16075775865e-08
-1.30588012273e-08
1.68142665453e-09
1.62378422727e-08
2.59818743821e-08
2.69000849937e-08
2.75742054979e-08
2.82574406986e-08
3.27028210423e-08
3.47278038401e-08
4.04618309151e-08
-1.30588012273e-08
1.68142665453e-09
1.62378422727e-08
2.59818743821e-08
2.69000849937e-08
2.75742054979e-08
2.82574406986e-08
3.27028210423e-08
3.47278038401e-08
4.04618309151e-08
-1.62280773068e-08
-6.12902858352e-09
2.17491096914e-09
7.9029890756e-09
1.14580484069e-08
1.23150951628e-08
1.54383863413e-08
1.98541405722e-08
2.39308864292e-08
3.10284771218e-08
-1.62280773068e-08
-6.12902858352e-09
2.17491096914e-09
7.9029890756e-09
1.14580484069e-08
1.23150951628e-08
1.54383863413e-08
1.98541405722e-08
2.39308864292e-08
3.10284771218e-08
-2.06629316424e-08
-1.35927947256e-08
-6.61082319417e-09
5.09417758941e-10
7.53895904554e-09
2.87918276135e-08
3.99773757329e-08
5.11649268155e-08
6.22192808438e-08
2.24178103952e-08
-2.06629316424e-08
-1.35927947256e-08
-6.61082319417e-09
5.09417758941e-10
7.53895904554e-09
2.87918276135e-08
3.99773757329e-08
5.11649268155e-08
6.22192808438e-08
2.24178103952e-08
-4.7368288656e-09
2.24665611752e-08
4.93307219488e-08
7.67268946272e-08
4.32681821671e-08
3.12456491447e-08
1.90605610025e-08
2.95659145532e-08
4.36723298959e-08
5.79065438917e-08
-4.7368288656e-09
2.24665611752e-08
4.93307219488e-08
7.67268946272e-08
4.32681821671e-08
3.12456491447e-08
1.90605610025e-08
2.95659145532e-08
4.36723298959e-08
5.79065438917e-08
-7.76033401233e-09
1.56741964375e-08
3.88164957139e-08
6.24170999724e-08
4.1717782818e-08
3.57124670422e-08
2.96259541655e-08
3.75428974067e-08
4.50931039358e-08
5.27117124085e-08
-7.76033401233e-09
1.56741964375e-08
3.88164957139e-08
6.24170999724e-08
4.1717782818e-08
3.57124670422e-08
2.96259541655e-08
3.75428974067e-08
4.50931039358e-08
5.27117124085e-08
-1.04382957137e-08
9.65810195551e-09
2.95038953345e-08
4.14776314352e-08
4.0344571966e-08
3.96687914656e-08
3.89838738242e-08
4.46082250769e-08
4.63515037998e-08
4.81105759519e-08
-1.04382957137e-08
9.65810195551e-09
2.95038953345e-08
4.14776314352e-08
4.0344571966e-08
3.96687914656e-08
3.89838738242e-08
4.46082250769e-08
4.63515037998e-08
4.81105759519e-08
-9.41719399134e-09
4.20585668419e-09
7.90784189526e-09
3.96826761431e-09
2.60170644731e-09
3.33039371676e-09
7.11169321126e-09
1.14001715698e-08
1.72907039374e-08
2.61070654311e-08
-9.41719399134e-09
4.20585668419e-09
7.90784189526e-09
3.96826761431e-09
2.60170644731e-09
3.33039371676e-09
7.11169321126e-09
1.14001715698e-08
1.72907039374e-08
2.61070654311e-08
-1.83857949566e-08
-8.19611392648e-09
1.86650065993e-09
1.21283930425e-08
2.22595665037e-08
5.14101413675e-08
6.67557644241e-08
8.21041353763e-08
9.72697712703e-08
3.44555903389e-08
-1.83857949566e-08
-8.19611392648e-09
1.86650065993e-09
1.21283930425e-08
2.22595665037e-08
5.14101413675e-08
6.67557644241e-08
8.21041353763e-08
9.72697712703e-08
3.44555903389e-08
-1.87278969209e-09
3.22845168617e-08
6.60158780442e-08
1.00415247651e-07
5.30664677349e-08
3.57861714133e-08
1.82722304318e-08
3.16888141315e-08
5.01280987339e-08
6.87344361048e-08
-1.87278969209e-09
3.22845168617e-08
6.60158780442e-08
1.00415247651e-07
5.30664677349e-08
3.57861714133e-08
1.82722304318e-08
3.16888141315e-08
5.01280987339e-08
6.87344361048e-08
-5.0267968755e-09
2.45115897961e-08
5.36816295355e-08
8.34293462974e-08
5.34427061746e-08
4.42526765229e-08
3.49383896645e-08
4.48473309338e-08
5.42834302049e-08
6.38050168766e-08
-5.0267968755e-09
2.45115897961e-08
5.36816295355e-08
8.34293462974e-08
5.34427061746e-08
4.42526765229e-08
3.49383896645e-08
4.48473309338e-08
5.42834302049e-08
6.38050168766e-08
-7.8203460951e-09
1.76269972522e-08
4.27570094278e-08
6.83846908126e-08
5.37759459354e-08
5.17515810486e-08
4.9699844985e-08
5.65020172443e-08
5.79638666507e-08
5.9438959846e-08
-7.8203460951e-09
1.76269972522e-08
4.27570094278e-08
6.83846908126e-08
5.37759459354e-08
5.17515810486e-08
4.9699844985e-08
5.65020172443e-08
5.79638666507e-08
5.9438959846e-08
-7.39319881747e-09
1.43969065446e-09
5.31936584107e-09
1.26724252291e-09
1.95054509034e-09
1.9817313861e-09
6.15957597339e-09
1.21675428491e-08
1.73243185711e-08
2.40664381039e-08
-7.39319881747e-09
1.43969065446e-09
5.31936584107e-09
1.26724252291e-09
1.95054509034e-09
1.9817313861e-09
6.15957597339e-09
1.21675428491e-08
1.73243185711e-08
2.40664381039e-08
-1.61108792629e-08
-2.80469674886e-09
1.03355562051e-08
2.37360358254e-08
3.69658163022e-08
7.40063944795e-08
9.35080349683e-08
1.13013167558e-07
1.32286075403e-07
4.64816293033e-08
-1.61108792629e-08
-2.80469674886e-09
1.03355562051e-08
2.37360358254e-08
3.69658163022e-08
7.40063944795e-08
9.35080349683e-08
1.13013167558e-07
1.32286075403e-07
4.64816293033e-08
9.88281219084e-10
4.20922973144e-08
8.26837418061e-08
1.24079050297e-07
6.28545984549e-08
4.03219879288e-08
1.74847168792e-08
3.38095135573e-08
5.65771768758e-08
7.95511063958e-08
9.88281219084e-10
4.20922973144e-08
8.26837418061e-08
1.24079050297e-07
6.28545984549e-08
4.03219879288e-08
1.74847168792e-08
3.38095135573e-08
5.65771768758e-08
7.95511063958e-08
-2.29609274997e-09
3.33398241661e-08
6.8531357277e-08
1.04419815735e-07
6.51554779346e-08
5.27840350136e-08
4.02453194071e-08
5.2144194217e-08
6.34642317093e-08
7.48868243519e-08
-2.29609274997e-09
3.33398241661e-08
6.8531357277e-08
1.04419815735e-07
6.51554779346e-08
5.27840350136e-08
4.02453194071e-08
5.2144194217e-08
6.34642317093e-08
7.48868243519e-08
-5.20510969399e-09
2.55876336634e-08
5.59963881227e-08
8.70073508371e-08
6.71933997594e-08
6.38218481459e-08
6.04047102176e-08
6.83834828012e-08
6.95641945618e-08
7.07556031131e-08
-5.20510969399e-09
2.55876336634e-08
5.59963881227e-08
8.70073508371e-08
6.71933997594e-08
6.38218481459e-08
6.04047102176e-08
6.83834828012e-08
6.95641945618e-08
7.07556031131e-08
-9.3063355942e-09
-1.40337761209e-08
-9.63082424468e-10
1.13882837292e-10
3.81486137366e-09
6.56744054362e-09
1.13406878285e-08
1.51912869712e-08
2.09392456121e-08
3.03599387307e-08
-9.3063355942e-09
-1.40337761209e-08
-9.63082424468e-10
1.13882837292e-10
3.81486137366e-09
6.56744054362e-09
1.13406878285e-08
1.51912869712e-08
2.09392456121e-08
3.03599387307e-08
-1.38383212698e-08
2.58113281644e-09
1.87958345035e-08
3.53316485604e-08
5.16568246865e-08
9.65792290547e-08
1.20232579719e-07
1.4389016592e-07
1.67266088979e-07
5.84952045979e-08
-1.38383212698e-08
2.58113281644e-09
1.87958345035e-08
3.53316485604e-08
5.16568246865e-08
9.65792290547e-08
1.20232579719e-07
1.4389016592e-07
1.67266088979e-07
5.84952045979e-08
0.0
0.0
0.0
0.0
0.0
0.0
0.0
0.0
0.0
0.0
0.0
0.0
0.0
0.0
0.0
0.0
0.0
0.0
0.0
0.0
2.72703876693e-08
-1.02363401082e-10
-2.71337732536e-08
-5.47005071748e-08
-6.49341119675e-08
-7.05437662182e-08
-7.62292678811e-08
-4.46859890245e-08
-4.78958630683e-08
-5.11348173262e-08
2.72703876693e-08
-1.02363401082e-10
-2.71337732536e-08
-5.47005071748e-08
-6.49341119675e-08
-7.05437662182e-08
-7.62292678811e-08
-4.46859890245e-08
-4.78958630683e-08
-5.11348173262e-08
2.12765314652e-08
-9.80394259241e-10
-2.29597736707e-08
-4.53744278562e-08
-6.12597605581e-08
-7.82168510857e-08
-9.54032162494e-08
-5.69530678929e-08
-5.92297209085e-08
-6.15269995176e-08
2.12765314652e-08
-9.80394259241e-10
-2.29597736707e-08
-4.53744278562e-08
-6.12597605581e-08
-7.82168510857e-08
-9.54032162494e-08
-5.69530678929e-08
-5.92297209085e-08
-6.15269995176e-08
0.0
0.0
0.0
0.0
0.0
0.0
0.0
0.0
0.0
0.0
0.0
0.0
0.0
0.0
0.0
0.0
0.0
0.0
0.0
0.0
-9.0169642368e-08
-1.0423171042e-07
-1.18118422937e-07
-1.3228014484e-07
-1.46261470677e-07
-1.64516872751e-07
-1.28704776941e-07
-9.28862683638e-08
-5.74942087744e-08
-1.43805647969e-07
-9.0169642368e-08
-1.0423171042e-07
-1.18118422937e-07
-1.3228014484e-07
-1.46261470677e-07
-1.64516872751e-07
-1.28704776941e-07
-9.28862683638e-08
-5.74942087744e-08
-1.43805647969e-07
-1.03333338129e-08
-9.39609270695e-09
-8.32104089216e-09
-5.5355615573e-09
-2.15963417147e-09
6.81779304195e-10
5.13406318879e-09
4.78179293385e-09
5.2292748714e-09
4.11425122473e-09
-1.03333338129e-08
-9.39609270695e-09
-8.32104089216e-09
-5.5355615573e-09
-2.15963417147e-09
6.81779304195e-10
5.13406318879e-09
4.78179293385e-09
5.2292748714e-09
4.11425122473e-09
-1.22872936556e-08
-1.10352393808e-08
-9.79879836045e-09
-7.29578885089e-09
-4.9970574871e-09
-2.15321286319e-09
7.29083017424e-10
1.46748471377e-09
1.53680256462e-09
1.60674840832e-09
-1.22872936556e-08
-1.10352393808e-08
-9.79879836045e-09
-7.29578885089e-09
-4.9970574871e-09
-2.15321286319e-09
7.29083017424e-10
1.46748471377e-09
1.53680256462e-09
1.60674840832e-09
-1.38838590515e-08
-1.24870550061e-08
-1.11076692609e-08
-8.85484731092e-09
-7.51020385237e-09
-4.66420592574e-09
-1.77972762786e-09
-1.46804542402e-09
-1.7336729071e-09
-2.44446984386e-09
-1.38838590515e-08
-1.24870550061e-08
-1.11076692609e-08
-8.85484731092e-09
-7.51020385237e-09
-4.66420592574e-09
-1.77972762786e-09
-1.46804542402e-09
-1.7336729071e-09
-2.44446984386e-09
-1.40910140551e-08
-1.42666999663e-08
-1.27120916551e-08
-1.07659512297e-08
-1.05908348808e-08
-7.74219742176e-09
-8.98289227144e-09
-5.06643720582e-09
-5.74264284018e-09
-6.22070318639e-09
-1.40910140551e-08
-1.42666999663e-08
-1.27120916551e-08
-1.07659512297e-08
-1.05908348808e-08
-7.74219742176e-09
-8.98289227144e-09
-5.06643720582e-09
-5.74264284018e-09
-6.22070318639e-09
-2.79396144835e-08
-2.68083910133e-08
-2.56912740242e-08
-2.4552033897e-08
-2.34273057365e-08
-1.84362966316e-08
-6.87720819053e-09
4.68395010252e-09
1.61074632382e-08
-1.78279138725e-08
-2.79396144835e-08
-2.68083910133e-08
-2.56912740242e-08
-2.4552033897e-08
-2.34273057365e-08
-1.84362966316e-08
-6.87720819053e-09
4.68395010252e-09
1.61074632382e-08
-1.78279138725e-08
-1.61942321053e-08
-1.05323409673e-08
-5.72206628041e-09
-1.54369624734e-09
5.23372221052e-09
7.59340058484e-09
9.38861595526e-09
8.71669916138e-09
9.68463115512e-09
1.14169064471e-08
-1.61942321053e-08
-1.05323409673e-08
-5.72206628041e-09
-1.54369624734e-09
5.23372221052e-09
7.59340058484e-09
9.38861595526e-09
8.71669916138e-09
9.68463115512e-09
1.14169064471e-08
-1.66574549153e-08
-1.22430561552e-08
-7.88370543344e-09
-3.72760440599e-09
1.62452863051e-09
5.40227918754e-09
9.23110822306e-09
6.5663205447e-09
6.99790930983e-09
7.43340810183e-09
-1.66574549153e-08
-1.22430561552e-08
-7.88370543344e-09
-3.72760440599e-09
1.62452863051e-09
5.40227918754e-09
9.23110822306e-09
6.5663205447e-09
6.99790930983e-09
7.43340810183e-09
-1.77682266727e-08
-1.37582610359e-08
-9.79830011184e-09
-5.66192306079e-09
-1.57218568321e-09
3.46157166423e-09
8.56338979612e-09
4.66169948421e-09
4.61824138972e-09
7.04135981592e-09
-1.77682266727e-08
-1.37582610359e-08
-9.79830011184e-09
-5.66192306079e-09
-1.57218568321e-09
3.46157166423e-09
8.56338979612e-09
4.66169948421e-09
4.61824138972e-09
7.04135981592e-09
-1.7039378282e-08
-1.56156089541e-08
-1.21452226208e-08
-8.03302334732e-09
-5.49073871294e-09
1.08263986145e-09
1.34249319207e-09
2.32700270038e-09
1.70122910055e-09
4.52210569492e-09
-1.7039378282e-08
-1.56156089541e-08
-1.21452226208e-08
-8.03302334732e-09
-5.49073871294e-09
1.08263986145e-09
1.34249319207e-09
2.32700270038e-09
1.70122910055e-09
4.52210569492e-09
-2.10647105979e-08
-1.82549981011e-08
-1.54803230284e-08
-1.26506989035e-08
-9.8571193403e-09
-2.29794743723e-09
6.58177381939e-09
1.54630851416e-08
2.42386571024e-08
-3.91043957463e-09
-2.10647105979e-08
-1.82549981011e-08
-1.54803230284e-08
-1.26506989035e-08
-9.8571193403e-09
-2.29794743723e-09
6.58177381939e-09
1.54630851416e-08
2.42386571024e-08
-3.91043957463e-09
-1.54551810685e-08
-5.7804473738e-09
4.1831655406e-09
9.46490525376e-09
1.25271147922e-08
1.52187490506e-08
1.73101154543e-08
1.94523763531e-08
2.28214890432e-08
2.17699239306e-08
-1.54551810685e-08
-5.7804473738e-09
4.1831655406e-09
9.46490525376e-09
1.25271147922e-08
1.52187490506e-08
1.73101154543e-08
1.94523763531e-08
2.28214890432e-08
2.17699239306e-08
-1.55655573639e-08
-6.73347138432e-09
1.98847751121e-09
8.29789576506e-09
1.12775012012e-08
1.47541502132e-08
1.82778065485e-08
1.92284886719e-08
2.08529084332e-08
2.24920448076e-08
-1.55655573639e-08
-6.73347138432e-09
1.98847751121e-09
8.29789576506e-09
1.12775012012e-08
1.47541502132e-08
1.82778065485e-08
1.92284886719e-08
2.08529084332e-08
2.24920448076e-08
-1.52960174862e-08
-7.57757836507e-09
4.46109708978e-11
7.26425878936e-09
1.01707005921e-08
1.43426483858e-08
1.85710045481e-08
1.90301881542e-08
1.91093084643e-08
1.94889235663e-08
-1.52960174862e-08
-7.57757836507e-09
4.46109708978e-11
7.26425878936e-09
1.01707005921e-08
1.43426483858e-08
1.85710045481e-08
1.90301881542e-08
1.91093084643e-08
1.94889235663e-08
-1.28648164984e-08
-8.61229014792e-09
-2.3381931753e-09
5.99721991593e-09
8.81397726475e-09
1.3838226791e-08
1.63967934956e-08
1.87871101003e-08
1.69719923735e-08
1.81756203262e-08
-1.28648164984e-08
-8.61229014792e-09
-2.3381931753e-09
5.99721991593e-09
8.81397726475e-09
1.3838226791e-08
1.63967934956e-08
1.87871101003e-08
1.69719923735e-08
1.81756203262e-08
-1.44960926879e-08
-1.00826700499e-08
-5.72428327778e-09
-1.27958397697e-09
3.10849747242e-09
1.31214171562e-08
1.94411405469e-08
2.57619955919e-08
3.20075956266e-08
9.38699300867e-09
-1.44960926879e-08
-1.00826700499e-08
-5.72428327778e-09
-1.27958397697e-09
3.10849747242e-09
1.31214171562e-08
1.94411405469e-08
2.57619955919e-08
3.20075956266e-08
9.38699300867e-09
-1.63213837293e-08
-1.18146041508e-09
1.37696663894e-08
2.9016882006e-08
1.95858202762e-08
2.2598728728e-08
2.56523743268e-08
2.9842600466e-08
3.55356285575e-08
4.12802332761e-08
-1.63213837293e-08
-1.18146041508e-09
1.37696663894e-08
2.9016882006e-08
1.95858202762e-08
2.2598728728e-08
2.56523743268e-08
2.9842600466e-08
3.55356285575e-08
4.12802332761e-08
-1.45087949385e-08
-1.40117426729e-09
1.15429929318e-08
1.99364388785e-08
2.06198600087e-08
2.38050963339e-08
2.70333998291e-08
3.14832130127e-08
3.42620808035e-08
3.7066124059e-08
-1.45087949385e-08
-1.40117426729e-09
1.15429929318e-08
1.99364388785e-08
2.06198600087e-08
2.38050963339e-08
2.70333998291e-08
3.14832130127e-08
3.42620808035e-08
3.7066124059e-08
-1.29033591524e-08
-1.59577796495e-09
9.57079644082e-09
1.97745014084e-08
2.15357237718e-08
2.48735933564e-08
2.82565938455e-08
3.29363269827e-08
3.31340813643e-08
3.15359490792e-08
-1.29033591524e-08
-1.59577796495e-09
9.57079644082e-09
1.97745014084e-08
2.15357237718e-08
2.48735933564e-08
2.82565938455e-08
3.29363269827e-08
3.31340813643e-08
3.15359490792e-08
-7.71923466298e-09
-6.65456053347e-09
2.39615113676e-09
9.49160736874e-09
8.89901958392e-09
8.13294006642e-09
1.00755271994e-08
1.14091844692e-08
1.79366145112e-08
2.32072075238e-08
-7.71923466298e-09
-6.65456053347e-09
2.39615113676e-09
9.49160736874e-09
8.89901958392e-09
8.13294006642e-09
1.00755271994e-08
1.14091844692e-08
1.79366145112e-08
2.32072075238e-08
-8.13884004522e-09
-2.17331151932e-09
3.71782620943e-09
9.72563072823e-09
1.56569061141e-08
2.80446167777e-08
3.18867180231e-08
3.57295072624e-08
3.95265449154e-08
2.22565402389e-08
-8.13884004522e-09
-2.17331151932e-09
3.71782620943e-09
9.72563072823e-09
1.56569061141e-08
2.80446167777e-08
3.18867180231e-08
3.57295072624e-08
3.95265449154e-08
2.22565402389e-08
-1.67942088771e-08
3.63466862127e-09
2.38087957693e-08
4.43824468743e-08
2.69778039338e-08
3.03271556036e-08
3.37217934257e-08
4.07234010627e-08
4.88500686803e-08
5.70503607555e-08
-1.67942088771e-08
3.63466862127e-09
2.38087957693e-08
4.43824468743e-08
2.69778039338e-08
3.03271556036e-08
3.37217934257e-08
4.07234010627e-08
4.88500686803e-08
5.70503607555e-08
-1.34021372665e-08
4.18288831134e-09
2.15486266852e-08
3.92582723052e-08
3.04033201325e-08
3.32833846635e-08
3.62023901759e-08
4.43165465839e-08
4.83043698959e-08
5.23283213408e-08
-1.34021372665e-08
4.18288831134e-09
2.15486266852e-08
3.92582723052e-08
3.04033201325e-08
3.32833846635e-08
3.62023901759e-08
4.43165465839e-08
4.83043698959e-08
5.23283213408e-08
-1.03977309828e-08
4.66845432255e-09
1.95467626393e-08
3.28754176037e-08
3.34373487656e-08
3.59017589737e-08
3.83994901547e-08
4.74990469026e-08
4.78210366868e-08
4.81459435735e-08
-1.03977309828e-08
4.66845432255e-09
1.95467626393e-08
3.28754176037e-08
3.34373487656e-08
3.59017589737e-08
3.83994901547e-08
4.74990469026e-08
4.78210366868e-08
4.81459435735e-08
-1.56068906337e-08
-4.1918044859e-09
2.21196653002e-09
2.05066670424e-09
2.05936399076e-09
3.97696963488e-09
5.11095318962e-09
8.5722260848e-09
1.56656719101e-08
2.11298911304e-08
-1.56068906337e-08
-4.1918044859e-09
2.21196653002e-09
2.05066670424e-09
2.05936399076e-09
3.97696963488e-09
5.11095318962e-09
8.5722260848e-09
1.56656719101e-08
2.11298911304e-08
-1.48142846339e-09
6.10948893646e-09
1.36057467611e-08
2.12504588195e-08
2.87977903483e-08
4.3672418217e-08
4.49199158981e-08
4.6167636965e-08
4.740050288e-08
3.57337256836e-08
-1.48142846339e-09
6.10948893646e-09
1.36057467611e-08
2.12504588195e-08
2.87977903483e-08
4.3672418217e-08
4.49199158981e-08
4.6167636965e-08
4.740050288e-08
3.57337256836e-08
-1.72665728577e-08
8.44610027393e-09
3.38381335422e-08
5.97330250275e-08
3.43625778627e-08
3.80480446025e-08
4.17833420632e-08
5.15935891333e-08
6.21515226407e-08
7.28051069319e-08
-1.72665728577e-08
8.44610027393e-09
3.38381335422e-08
5.97330250275e-08
3.43625778627e-08
3.80480446025e-08
4.17833420632e-08
5.15935891333e-08
6.21515226407e-08
7.28051069319e-08
-1.22965589667e-08
9.76150450673e-09
3.15445015014e-08
5.3758884156e-08
4.01772380149e-08
4.27524283992e-08
4.53624376008e-08
5.71373632371e-08
6.23329629225e-08
6.75756327265e-08
-1.22965589667e-08
9.76150450673e-09
3.15445015014e-08
5.3758884156e-08
4.01772380149e-08
4.27524283992e-08
4.53624376008e-08
5.71373632371e-08
6.23329629225e-08
6.75756327265e-08
-7.89454666317e-09
1.09265768272e-08
2.95129988366e-08
4.84675022412e-08
4.53273655782e-08
4.69191683333e-08
4.85324936484e-08
6.20475631576e-08
6.24936671721e-08
6.29438127159e-08
-7.89454666317e-09
1.09265768272e-08
2.95129988366e-08
4.84675022412e-08
4.53273655782e-08
4.69191683333e-08
4.85324936484e-08
6.20475631576e-08
6.24936671721e-08
6.29438127159e-08
-1.92059447107e-08
3.93991373674e-09
9.95622454235e-09
8.87137684754e-09
5.32219396362e-09
4.32718130771e-09
3.48866702326e-09
7.80707081681e-09
1.31578417395e-08
2.12611463007e-08
-1.92059447107e-08
3.93991373674e-09
9.95622454235e-09
8.87137684754e-09
5.32219396362e-09
4.32718130771e-09
3.48866702326e-09
7.80707081681e-09
1.31578417395e-08
2.12611463007e-08
5.16948985043e-09
1.43842108106e-08
2.34840231864e-08
3.2764046236e-08
4.19258576969e-08
5.92849771702e-08
5.79404019187e-08
5.65955858981e-08
5.52667810251e-08
4.91977662331e-08
5.16948985043e-09
1.43842108106e-08
2.34840231864e-08
3.2764046236e-08
4.19258576969e-08
5.92849771702e-08
5.79404019187e-08
5.65955858981e-08
5.52667810251e-08
4.91977662331e-08
-1.77384472848e-08
1.32525454056e-08
4.38570770071e-08
7.50676939909e-08
4.17396982838e-08
4.57609317472e-08
4.98365357901e-08
6.24525114466e-08
7.54391911036e-08
8.85435250427e-08
-1.77384472848e-08
1.32525454056e-08
4.38570770071e-08
7.50676939909e-08
4.17396982838e-08
4.57609317472e-08
4.98365357901e-08
6.24525114466e-08
7.54391911036e-08
8.85435250427e-08
-1.11921264774e-08
1.53343390786e-08
4.15300166901e-08
6.82444677137e-08
4.99410263038e-08
5.221165851e-08
5.45129916417e-08
6.99448925207e-08
7.63470168518e-08
8.28071419469e-08
-1.11921264774e-08
1.53343390786e-08
4.15300166901e-08
6.82444677137e-08
4.99410263038e-08
5.221165851e-08
5.45129916417e-08
6.99448925207e-08
7.63470168518e-08
8.28071419469e-08
-5.39395661942e-09
1.71782134746e-08
3.94689061237e-08
6.22010387254e-08
5.7205059693e-08
5.7925159357e-08
5.86549953959e-08
7.65810014719e-08
7.71510910859e-08
7.77263454907e-08
-5.39395661942e-09
1.71782134746e-08
3.94689061237e-08
6.22010387254e-08
5.7205059693e-08
5.7925159357e-08
5.86549953959e-08
7.65810014719e-08
7.71510910859e-08
7.77263454907e-08
-9.42495992788e-09
-2.40631107221e-09
5.85942754307e-09
6.43292224864e-09
5.6567397736e-09
9.81497880512e-09
1.05767852756e-08
1.65215994193e-08
2.20779068485e-08
2.8862973157e-08
-9.42495992788e-09
-2.40631107221e-09
5.85942754307e-09
6.43292224864e-09
5.6567397736e-09
9.81497880512e-09
1.05767852756e-08
1.65215994193e-08
2.20779068485e-08
2.8862973157e-08
1.18135152172e-08
2.26503568434e-08
3.33520618621e-08
4.42657010826e-08
5.50403192441e-08
7.48813554192e-08
7.09473936342e-08
6.70127274063e-08
6.31249066361e-08
6.2647852782e-08
1.18135152172e-08
2.26503568434e-08
3.33520618621e-08
4.42657010826e-08
5.50403192441e-08
7.48813554192e-08
7.09473936342e-08
6.70127274063e-08
6.31249066361e-08
6.2647852782e-08
0.0
0.0
0.0
0.0
0.0
0.0
0.0
0.0
0.0
0.0
0.0
0.0
0.0
0.0
0.0
0.0
0.0
0.0
0.0
0.0
-1.9927139293e-08
-2.95136870343e-08
-3.89806894703e-08
-4.8635174331e-08
-6.66146997749e-08
-6.06432813416e-08
-5.45911241291e-08
-4.78191041411e-08
-6.90800382838e-08
-9.05335882458e-08
-1.9927139293e-08
-2.95136870343e-08
-3.89806894703e-08
-4.8635174331e-08
-6.66146997749e-08
-6.06432813416e-08
-5.45911241291e-08
-4.78191041411e-08
-6.90800382838e-08
-9.05335882458e-08
-3.8618188361e-08
-4.24131312886e-08
-4.61607508603e-08
-4.99825874621e-08
-7.01236649186e-08
-6.47817594908e-08
-5.9367626848e-08
-5.64956728336e-08
-7.53624355987e-08
-9.44001239188e-08
-3.8618188361e-08
-4.24131312886e-08
-4.61607508603e-08
-4.99825874621e-08
-7.01236649186e-08
-6.47817594908e-08
-5.9367626848e-08
-5.64956728336e-08
-7.53624355987e-08
-9.44001239188e-08
0.0
0.0
0.0
0.0
0.0
0.0
0.0
0.0
0.0
0.0
0.0
0.0
0.0
0.0
0.0
0.0
0.0
0.0
0.0
0.0
8.74955973244e-08
3.86993047425e-08
-9.48849270151e-09
-5.86305906399e-08
-1.07146702474e-07
-1.36442146489e-07
-1.77611297626e-07
-2.18787820802e-07
-2.59474103392e-07
1.81340871926e-09
8.74955973244e-08
3.86993047425e-08
-9.48849270151e-09
-5.86305906399e-08
-1.07146702474e-07
-1.36442146489e-07
-1.77611297626e-07
-2.18787820802e-07
-2.59474103392e-07
1.81340871926e-09
-1.4474234583e-08
-1.29093054401e-08
-1.17479709145e-08
-9.62741032053e-09
-8.50867491591e-09
-5.44957045009e-09
-1.52126967414e-09
1.15694210451e-09
-1.863972969e-09
-3.06561257501e-10
-1.4474234583e-08
-1.29093054401e-08
-1.17479709145e-08
-9.62741032053e-09
-8.50867491591e-09
-5.44957045009e-09
-1.52126967414e-09
1.15694210451e-09
-1.863972969e-09
-3.06561257501e-10
-1.47161678463e-08
-1.37823517851e-08
-1.2860180513e-08
-1.11315852306e-08
-1.03333260834e-08
-7.22361802588e-09
-4.07186400643e-09
-1.9650601099e-09
-3.72776819356e-09
-5.50644572897e-09
-1.47161678463e-08
-1.37823517851e-08
-1.2860180513e-08
-1.11315852306e-08
-1.03333260834e-08
-7.22361802588e-09
-4.07186400643e-09
-1.9650601099e-09
-3.72776819356e-09
-5.50644572897e-09
-1.52749322524e-08
-1.45556214051e-08
-1.38452804432e-08
-1.24638544366e-08
-1.19494456889e-08
-8.7949173073e-09
-5.59773695395e-09
-4.73026207124e-09
-5.3785582496e-09
-1.6836272488e-09
-1.52749322524e-08
-1.45556214051e-08
-1.38452804432e-08
-1.24638544366e-08
-1.19494456889e-08
-8.7949173073e-09
-5.59773695395e-09
-4.73026207124e-09
-5.3785582496e-09
-1.6836272488e-09
-1.48483592128e-08
-1.5503500294e-08
-1.5052822293e-08
-1.40969586247e-08
-1.39304955279e-08
-1.07210261039e-08
-1.01977409914e-08
-8.11986447546e-09
-7.40210735055e-09
-2.47648342562e-09
-1.48483592128e-08
-1.5503500294e-08
-1.5052822293e-08
-1.40969586247e-08
-1.39304955279e-08
-1.07210261039e-08
-1.01977409914e-08
-8.11986447546e-09
-7.40210735055e-09
-2.47648342562e-09
1.13168235098e-09
-4.97250899799e-09
-1.10005804092e-08
-1.71480304148e-08
-2.32171724433e-08
-1.93653931437e-08
-2.04793628998e-08
-2.15935321312e-08
-2.26944362558e-08
3.11878441155e-09
1.13168235098e-09
-4.97250899799e-09
-1.10005804092e-08
-1.71480304148e-08
-2.32171724433e-08
-1.93653931437e-08
-2.04793628998e-08
-2.15935321312e-08
-2.26944362558e-08
3.11878441155e-09
-1.71656389345e-08
-1.26838806222e-08
-9.63499145934e-09
-4.97744084545e-09
-2.52704832033e-09
1.3179678493e-10
4.03709991674e-09
5.48536996294e-09
4.77815959094e-09
7.35817602696e-09
-1.71656389345e-08
-1.26838806222e-08
-9.63499145934e-09
-4.97744084545e-09
-2.52704832033e-09
1.3179678493e-10
4.03709991674e-09
5.48536996294e-09
4.77815959094e-09
7.35817602696e-09
-1.4140482296e-08
-1.20444220187e-08
-9.97449984362e-09
-6.24888389734e-09
-4.11560374207e-09
-1.32204504928e-09
1.50928499063e-09
3.10069602419e-09
3.49206748464e-09
3.88698461877e-09
-1.4140482296e-08
-1.20444220187e-08
-9.97449984362e-09
-6.24888389734e-09
-4.11560374207e-09
-1.32204504928e-09
1.50928499063e-09
3.10069602419e-09
3.49206748464e-09
3.88698461877e-09
-1.2696070446e-08
-1.14780443984e-08
-1.02752072697e-08
-7.37501917188e-09
-5.52260997275e-09
-2.609733531e-09
3.42527537765e-10
9.88556249881e-10
2.35295733335e-09
4.75158783764e-09
-1.2696070446e-08
-1.14780443984e-08
-1.02752072697e-08
-7.37501917188e-09
-5.52260997275e-09
-2.609733531e-09
3.42527537765e-10
9.88556249881e-10
2.35295733335e-09
4.75158783764e-09
-1.08098514672e-08
-1.07837750575e-08
-1.06438163726e-08
-8.75544305679e-09
-7.24732728777e-09
-4.18819037957e-09
-2.44117249722e-09
-1.60051831218e-09
9.56628760793e-10
3.25082494077e-09
-1.08098514672e-08
-1.07837750575e-08
-1.06438163726e-08
-8.75544305679e-09
-7.24732728777e-09
-4.18819037957e-09
-2.44117249722e-09
-1.60051831218e-09
9.56628760793e-10
3.25082494077e-09
-8.40942882653e-09
-9.7971817835e-09
-1.11676293084e-08
-1.25652168733e-08
-1.39450015679e-08
-6.43126063806e-09
-3.12010748364e-09
1.9163858924e-10
3.46395558436e-09
3.26299666284e-09
-8.40942882653e-09
-9.7971817835e-09
-1.11676293084e-08
-1.25652168733e-08
-1.39450015679e-08
-6.43126063806e-09
-3.12010748364e-09
1.9163858924e-10
3.46395558436e-09
3.26299666284e-09
-1.27697458179e-08
-6.50884363232e-09
-2.78349768415e-09
3.63309887918e-09
4.7598730355e-09
6.27502697138e-09
9.40315036277e-09
1.10875957632e-08
1.20260294183e-08
1.08106835077e-08
-1.27697458179e-08
-6.50884363232e-09
-2.78349768415e-09
3.63309887918e-09
4.7598730355e-09
6.27502697138e-09
9.40315036277e-09
1.10875957632e-08
1.20260294183e-08
1.08106835077e-08
-1.1885968234e-08
-8.25841509118e-09
-4.67609793519e-09
1.33645308151e-09
3.37055268493e-09
6.19785249126e-09
9.06337985394e-09
1.09343036848e-08
1.08936087376e-08
1.085254511e-08
-1.1885968234e-08
-8.25841509118e-09
-4.67609793519e-09
1.33645308151e-09
3.37055268493e-09
6.19785249126e-09
9.06337985394e-09
1.09343036848e-08
1.08936087376e-08
1.085254511e-08
-1.33073063296e-08
-9.80803552616e-09
-6.35240101468e-09
-6.97718910716e-10
2.14001180301e-09
6.12949795172e-09
1.01729254286e-08
1.07985307011e-08
9.89060756339e-09
1.39832615433e-08
-1.33073063296e-08
-9.80803552616e-09
-6.35240101468e-09
-6.97718910716e-10
2.14001180301e-09
6.12949795172e-09
1.01729254286e-08
1.07985307011e-08
9.89060756339e-09
1.39832615433e-08
-1.44967409018e-08
-1.17075702529e-08
-8.40722414439e-09
-3.19122006247e-09
6.31606850969e-10
6.04570851616e-09
9.54234955377e-09
1.06320993017e-08
8.66112225301e-09
1.58098973819e-08
-1.44967409018e-08
-1.17075702529e-08
-8.40722414439e-09
-3.19122006247e-09
6.31606850969e-10
6.04570851616e-09
9.54234955377e-09
1.06320993017e-08
8.66112225301e-09
1.58098973819e-08
-1.75254710004e-08
-1.44069090751e-08
-1.13272359603e-08
-8.18657367943e-09
-5.08591805333e-09
5.92663931827e-09
1.34657703598e-08
2.10062514113e-08
2.84569567955e-08
3.40078406939e-09
-1.75254710004e-08
-1.44069090751e-08
-1.13272359603e-08
-8.18657367943e-09
-5.08591805333e-09
5.92663931827e-09
1.34657703598e-08
2.10062514113e-08
2.84569567955e-08
3.40078406939e-09
-4.9678521636e-09
-5.32507246218e-10
3.84752843199e-09
8.31430536909e-09
1.1812315525e-08
1.22205800348e-08
1.26343646363e-08
1.65095529027e-08
1.9040676981e-08
2.1594732062e-08
-4.9678521636e-09
-5.32507246218e-10
3.84752843199e-09
8.31430536909e-09
1.1812315525e-08
1.22205800348e-08
1.26343646363e-08
1.65095529027e-08
1.9040676981e-08
2.1594732062e-08
-9.70400002171e-09
-4.59423445615e-09
4.5181177055e-10
8.67770876339e-09
1.0615819251e-08
1.34757744479e-08
1.63743987304e-08
1.85158411839e-08
1.80569828804e-08
1.75939674985e-08
-9.70400002171e-09
-4.59423445615e-09
4.5181177055e-10
8.67770876339e-09
1.0615819251e-08
1.34757744479e-08
1.63743987304e-08
1.85158411839e-08
1.80569828804e-08
1.75939674985e-08
-1.38988738389e-08
-8.19176427065e-09
-2.55582298673e-09
5.76471889773e-09
9.55606540831e-09
1.45875180709e-08
1.96870003566e-08
2.02928393759e-08
1.71857109627e-08
2.29178780585e-08
-1.38988738389e-08
-8.19176427065e-09
-2.55582298673e-09
5.76471889773e-09
9.55606540831e-09
1.45875180709e-08
1.96870003566e-08
2.02928393759e-08
1.71857109627e-08
2.29178780585e-08
-1.12029014797e-08
-9.52847964048e-09
-4.54067128926e-09
1.61277794869e-09
1.53996913757e-09
3.97069124944e-09
7.02633862534e-09
8.88874099683e-09
1.480807359e-08
1.775988482e-08
-1.12029014797e-08
-9.52847964048e-09
-4.54067128926e-09
1.61277794869e-09
1.53996913757e-09
3.97069124944e-09
7.02633862534e-09
8.88874099683e-09
1.480807359e-08
1.775988482e-08
-2.63481767802e-08
-1.88683043653e-08
-1.14817067825e-08
-3.94882665311e-09
3.4880974939e-09
1.78868862425e-08
2.95179471182e-08
4.11510907338e-08
5.26457321472e-08
3.53413774689e-09
-2.63481767802e-08
-1.88683043653e-08
-1.14817067825e-08
-3.94882665311e-09
3.4880974939e-09
1.78868862425e-08
2.95179471182e-08
4.11510907338e-08
5.26457321472e-08
3.53413774689e-09
5.96399610358e-10
5.72600304278e-09
1.07916397559e-08
1.59575952194e-08
1.91977404796e-08
1.84468535604e-08
1.76858139958e-08
2.21875088194e-08
2.63865225139e-08
3.06235776443e-08
5.96399610358e-10
5.72600304278e-09
1.07916397559e-08
1.59575952194e-08
1.91977404796e-08
1.84468535604e-08
1.76858139958e-08
2.21875088194e-08
2.63865225139e-08
3.06235776443e-08
-7.41900974929e-09
-7.57048808698e-10
5.82183674589e-09
1.25310090965e-08
1.8203172509e-08
2.10973249272e-08
2.40306088072e-08
2.64553424735e-08
2.55585771482e-08
2.46536874767e-08
-7.41900974929e-09
-7.57048808698e-10
5.82183674589e-09
1.25310090965e-08
1.8203172509e-08
2.10973249272e-08
2.40306088072e-08
2.64553424735e-08
2.55585771482e-08
2.46536874767e-08
-1.4518372325e-08
-6.49918044858e-09
1.42001122271e-09
1.25322819837e-08
1.73222694494e-08
2.34448852806e-08
2.96502842116e-08
3.023542371e-08
2.48252541099e-08
1.9366070471e-08
-1.4518372325e-08
-6.49918044858e-09
1.42001122271e-09
1.25322819837e-08
1.73222694494e-08
2.34448852806e-08
2.96502842116e-08
3.023542371e-08
2.48252541099e-08
1.9366070471e-08
-1.52589301743e-08
-1.75244656349e-08
-9.5480946162e-09
-5.79995196505e-09
-5.03391744559e-09
-5.01626057545e-09
-1.71991483413e-09
3.81003539982e-09
1.00807753487e-08
1.53335148633e-08
-1.52589301743e-08
-1.75244656349e-08
-9.5480946162e-09
-5.79995196505e-09
-5.03391744559e-09
-5.01626057545e-09
-1.71991483413e-09
3.81003539982e-09
1.00807753487e-08
1.53335148633e-08
-3.5587448356e-08
-2.35403453153e-08
-1.16434709751e-08
4.89006436085e-10
1.24669368787e-08
3.04118385876e-08
4.63280305729e-08
6.22470726239e-08
7.79765853049e-08
3.67378774461e-09
-3.5587448356e-08
-2.35403453153e-08
-1.16434709751e-08
4.89006436085e-10
1.24669368787e-08
3.04118385876e-08
4.63280305729e-08
6.22470726239e-08
7.79765853049e-08
3.67378774461e-09
6.15522432342e-09
1.19784091298e-08
1.77289781809e-08
2.35934302311e-08
2.65759621026e-08
2.4667054326e-08
2.27323364533e-08
2.78599267746e-08
3.37252033188e-08
3.96436169942e-08
6.15522432342e-09
1.19784091298e-08
1.77289781809e-08
2.35934302311e-08
2.65759621026e-08
2.4667054326e-08
2.27323364533e-08
2.78599267746e-08
3.37252033188e-08
3.96436169942e-08
-5.13624812895e-09
3.07639426185e-09
1.11866240983e-08
1.94574671347e-08
2.57831254858e-08
2.87114417711e-08
3.16793514436e-08
3.43871000163e-08
3.30528547792e-08
3.17065217976e-08
-5.13624812895e-09
3.07639426185e-09
1.11866240983e-08
1.94574671347e-08
2.57831254858e-08
2.87114417711e-08
3.16793514436e-08
3.43871000163e-08
3.30528547792e-08
3.17065217976e-08
-1.51372665868e-08
-4.80824747838e-09
5.39196762516e-09
1.57941855351e-08
2.50808987681e-08
3.22936135083e-08
3.9603850435e-08
4.01683106018e-08
3.24573460728e-08
2.4676523195e-08
-1.51372665868e-08
-4.80824747838e-09
5.39196762516e-09
1.57941855351e-08
2.50808987681e-08
3.22936135083e-08
3.9603850435e-08
4.01683106018e-08
3.24573460728e-08
2.4676523195e-08
-7.75866837703e-09
-4.01177504238e-09
1.39661002476e-09
5.33402495107e-10
-8.24836497488e-10
-1.60004274218e-09
-5.21080960848e-10
1.98366203171e-09
8.08161430448e-09
1.5240534884e-08
-7.75866837703e-09
-4.01177504238e-09
1.39661002476e-09
5.33402495107e-10
-8.24836497488e-10
-1.60004274218e-09
-5.21080960848e-10
1.98366203171e-09
8.08161430448e-09
1.5240534884e-08
-4.48177084616e-08
-2.82078294171e-08
-1.1805077392e-08
4.92251111035e-09
2.14370188042e-08
4.29245747926e-08
6.31217184096e-08
8.33224786696e-08
1.03282732161e-07
3.81330153552e-09
-4.48177084616e-08
-2.82078294171e-08
-1.1805077392e-08
4.92251111035e-09
2.14370188042e-08
4.29245747926e-08
6.31217184096e-08
8.33224786696e-08
1.03282732161e-07
3.81330153552e-09
1.17082879246e-08
1.82243352841e-08
2.46591268159e-08
3.12213515376e-08
3.39465370085e-08
3.0880808536e-08
2.7773628744e-08
3.35264658909e-08
4.10562783862e-08
4.8654308063e-08
1.17082879246e-08
1.82243352841e-08
2.46591268159e-08
3.12213515376e-08
3.39465370085e-08
3.0880808536e-08
2.7773628744e-08
3.35264658909e-08
4.10562783862e-08
4.8654308063e-08
-2.85585234056e-09
6.90586438928e-09
1.65458514373e-08
2.63767466591e-08
3.33552226731e-08
3.63176674185e-08
3.93201669975e-08
4.23106371627e-08
4.05393654138e-08
3.87520466297e-08
-2.85585234056e-09
6.90586438928e-09
1.65458514373e-08
2.63767466591e-08
3.33552226731e-08
3.63176674185e-08
3.93201669975e-08
4.23106371627e-08
4.05393654138e-08
3.87520466297e-08
-1.57555194326e-08
-3.11906697465e-09
9.35980753064e-09
2.20858109097e-08
3.28314871188e-08
4.11331710001e-08
4.95471008793e-08
5.00909031463e-08
4.00815282097e-08
2.99814722174e-08
-1.57555194326e-08
-3.11906697465e-09
9.35980753064e-09
2.20858109097e-08
3.28314871188e-08
4.11331710001e-08
4.95471008793e-08
5.00909031463e-08
4.00815282097e-08
2.99814722174e-08
-2.26713570953e-08
-7.2593496443e-10
3.24426826648e-10
6.40767269122e-10
1.56151569311e-10
2.60392828195e-09
2.08555901788e-09
7.58420205683e-09
1.25942387295e-08
1.94635706582e-08
-2.26713570953e-08
-7.2593496443e-10
3.24426826648e-10
6.40767269122e-10
1.56151569311e-10
2.60392828195e-09
2.08555901788e-09
7.58420205683e-09
1.25942387295e-08
1.94635706582e-08
-5.40384024154e-08
-3.28704761838e-08
-1.19665163215e-08
9.35142094351e-09
3.03978042241e-08
5.54243429196e-08
7.98980014315e-08
1.0437604237e-07
1.28562651973e-07
3.95267073569e-09
-5.40384024154e-08
-3.28704761838e-08
-1.19665163215e-08
9.35142094351e-09
3.03978042241e-08
5.54243429196e-08
7.98980014315e-08
1.0437604237e-07
1.28562651973e-07
3.95267073569e-09
