-3.36606542611
-3.3726846513
-3.37922133402
-3.38588746776
-3.40203463438
-3.41597299529
-3.43009981498
-3.44470568637
-3.4581566378
-3.47172944963
-3.36606542611
-3.3726846513
-3.37922133402
-3.38588746776
-3.40203463438
-3.41597299529
-3.43009981498
-3.44470568637
-3.4581566378
-3.47172944963
-3.39229430731
-3.39927416328
-3.40616697968
-3.41319629989
-3.43029272097
-3.44496028452
-3.45982616631
-3.4750235168
-3.48914390307
-3.50339221456
-3.39229430731
-3.39927416328
-3.40616697968
-3.41319629989
-3.43029272097
-3.44496028452
-3.45982616631
-3.4750235168
-3.48914390307
-3.50339221456
-3.41552560208
-3.42282487389
-3.43003312298
-3.44138993733
-3.45532131194
-3.47063474069
-3.48615522033
-3.50187645232
-3.51658976659
-3.53143637778
-3.41552560208
-3.42282487389
-3.43003312298
-3.44138993733
-3.45532131194
-3.47063474069
-3.48615522033
-3.50187645232
-3.51658976659
-3.53143637778
-3.4440026731
-3.4516934869
-3.45928839541
-3.46703371181
-3.48600152024
-3.50210665471
-3.51842954463
-3.53479295392
-3.55023308316
-3.56581309398
-3.4440026731
-3.4516934869
-3.45928839541
-3.46703371181
-3.48600152024
-3.50210665471
-3.51842954463
-3.53479295392
-3.55023308316
-3.56581309398
-3.4844700898
-3.49271730538
-3.50086167729
-3.50916733853
-3.51736719988
-3.54682990095
-3.5642930581
-3.58175934232
-3.59901767598
-3.61466421701
-3.4844700898
-3.49271730538
-3.50086167729
-3.50916733853
-3.51736719988
-3.54682990095
-3.5642930581
-3.58175934232
-3.59901767598
-3.61466421701
-3.03321395236
-2.91571049509
-2.79967231886
-2.68133614822
-2.63886046106
-2.60099544999
-2.56261847098
-2.58023447756
-2.58355748234
-2.58691059225
-3.03321395236
-2.91571049509
-2.79967231886
-2.68133614822
-2.63886046106
-2.60099544999
-2.56261847098
-2.58023447756
-2.58355748234
-2.58691059225
-3.10628562592
-3.01884012573
-2.93248508054
-2.84441987912
-2.81768374154
-2.79166939229
-2.76530330639
-2.78251326588
-2.79008234226
-2.79771999154
-3.10628562592
-3.01884012573
-2.93248508054
-2.84441987912
-2.81768374154
-2.79166939229
-2.76530330639
-2.78251326588
-2.79008234226
-2.79771999154
-3.17100625108
-3.11018351287
-3.05011924089
-3.0065383117
-2.97607007568
-2.96055202691
-2.9448241606
-2.96167447839
-2.97300436104
-2.98443688804
-3.17100625108
-3.11018351287
-3.05011924089
-3.0065383117
-2.97607007568
-2.96055202691
-2.9448241606
-2.96167447839
-2.97300436104
-2.98443688804
-3.25034121094
-3.22215282613
-3.19431595358
-3.16592780576
-3.17022106591
-3.16756944998
-3.16488198189
-3.18129144856
-3.19723135181
-3.2133156644
-3.25034121094
-3.22215282613
-3.19431595358
-3.16592780576
-3.17022106591
-3.16756944998
-3.16488198189
-3.18129144856
-3.19723135181
-3.2133156644
-3.36308036443
-3.3812671134
-3.39922707161
-3.41754270486
-3.43562502833
-3.46175210382
-3.47759572794
-3.49344218913
-3.50909998509
-3.53856445186
-3.36308036443
-3.3812671134
-3.39922707161
-3.41754270486
-3.43562502833
-3.46175210382
-3.47759572794
-3.49344218913
-3.50909998509
-3.53856445186
-2.53393674173
-2.23024926078
-1.93034879612
-1.62450916892
-1.49409920108
-1.37852913204
-1.26139645499
-1.28352766435
-1.27165874915
-1.25968230619
-2.53393674173
-2.23024926078
-1.93034879612
-1.62450916892
-1.49409920108
-1.37852913204
-1.26139645499
-1.28352766435
-1.27165874915
-1.25968230619
-2.67727260384
-2.4481890694
-2.22196223184
-1.99125524797
-1.89877027239
-1.81173305396
-1.72351901651
-1.7437478895
-1.74149000105
-1.739211657
-2.67727260384
-2.4481890694
-2.22196223184
-1.99125524797
-1.89877027239
-1.81173305396
-1.72351901651
-1.7437478895
-1.74149000105
-1.739211657
-2.80422722456
-2.64122147132
-2.48024841777
-2.35426087324
-2.25719322127
-2.19542795623
-2.132827571
-2.15137151749
-2.15762625273
-2.16393765343
-2.80422722456
-2.64122147132
-2.48024841777
-2.35426087324
-2.25719322127
-2.19542795623
-2.132827571
-2.15137151749
-2.15762625273
-2.16393765343
-2.95984901771
-2.87784183497
-2.79685729084
-2.71426894667
-2.69655038442
-2.66576364288
-2.63456063779
-2.65103919052
-2.66772875478
-2.68456952003
-2.95984901771
-2.87784183497
-2.79685729084
-2.71426894667
-2.69655038442
-2.66576364288
-2.63456063779
-2.65103919052
-2.66772875478
-2.68456952003
-3.18099577639
-3.21409182542
-3.24677516309
-3.28010575436
-3.31301177101
-3.33413540813
-3.34754973271
-3.36096645934
-3.37422344875
-3.42441480414
-3.18099577639
-3.21409182542
-3.24677516309
-3.28010575436
-3.31301177101
-3.33413540813
-3.34754973271
-3.36096645934
-3.37422344875
-3.42441480414
-1.3689565836
-0.63083971404
0.09807275694
0.841420449457
1.17701040554
1.47389227651
1.774788249
1.74212156649
1.78943829496
1.83718369464
-1.3689565836
-0.63083971404
0.09807275694
0.841420449457
1.17701040554
1.47389227651
1.774788249
1.74212156649
1.78943829496
1.83718369464
-1.67624221899
-1.11666993797
-0.564075584867
-0.000537775283515
0.245361155607
0.474785068823
0.707310993207
0.680037988714
0.70522546178
0.730641123586
-1.67624221899
-1.11666993797
-0.564075584867
-0.000537775283515
0.245361155607
0.474785068823
0.707310993207
0.680037988714
0.70522546178
0.730641123586
-1.94840949604
-1.54697670773
-1.15054983047
-0.832280183525
-0.579813894333
-0.410138457985
-0.238168861925
-0.260664608746
-0.255077333322
-0.249439439349
-1.94840949604
-1.54697670773
-1.15054983047
-0.832280183525
-0.579813894333
-0.410138457985
-0.238168861925
-0.260664608746
-0.255077333322
-0.249439439349
-2.28203390016
-2.07444952228
-1.86945374443
-1.66039827549
-1.59131879426
-1.49488342633
-1.39714416822
-1.41378392176
-1.43222269506
-1.4508285165
-2.28203390016
-2.07444952228
-1.86945374443
-1.66039827549
-1.59131879426
-1.49488342633
-1.39714416822
-1.41378392176
-1.43222269506
-1.4508285165
-2.75613173761
-2.82401615348
-2.89105404322
-2.95941953651
-3.02691417059
-3.03636311819
-3.04410907716
-3.05185642317
-3.05951153062
-3.15806562613
-2.75613173761
-2.82401615348
-2.89105404322
-2.95941953651
-3.02691417059
-3.03636311819
-3.04410907716
-3.05185642317
-3.05951153062
-3.15806562613
1.29385520641
3.02495353564
4.73446487822
6.47783100575
7.2824037921
7.99371263891
8.71463900098
8.65789123697
8.78623153864
8.91573455368
1.29385520641
3.02495353564
4.73446487822
6.47783100575
7.2824037921
7.99371263891
8.71463900098
8.65789123697
8.78623153864
8.91573455368
0.611827232114
1.92680236245
3.22537960822
4.54967359086
5.14623299104
5.70111220661
6.26349387256
6.22011999606
6.29771794824
6.37601890778
0.611827232114
1.92680236245
3.22537960822
4.54967359086
5.14623299104
5.70111220661
6.26349387256
6.22011999606
6.29771794824
6.37601890778
0.00774531202512
0.954154180485
1.88876122621
2.64653282155
3.25419599582
3.67052325229
4.09247961595
4.06095118268
4.09360591103
4.12655647856
0.00774531202512
0.954154180485
1.88876122621
2.64653282155
3.25419599582
3.67052325229
4.09247961595
4.06095118268
4.09360591103
4.12655647856
-0.732742202923
-0.23812423612
0.25032579021
0.748448972948
0.93492484038
1.18141421151
1.43123633367
1.41422812112
1.39179115574
1.36915092015
-0.732742202923
-0.23812423612
0.25032579021
0.748448972948
0.93492484038
1.18141421151
1.43123633367
1.41422812112
1.39179115574
1.36915092015
-1.78501393469
-1.93241461761
-2.0779771978
-2.22642246716
-2.37297679821
-2.35574074118
-2.3505304359
-2.34531919763
-2.34017000347
-2.54926750495
-1.78501393469
-1.93241461761
-2.0779771978
-2.22642246716
-2.37297679821
-2.35574074118
-2.3505304359
-2.34531919763
-2.34017000347
-2.54926750495
7.95088468144
12.1644366598
16.3254451814
20.5688573965
22.5458872585
24.2932635449
26.0642658809
25.9473154132
26.2782146478
26.6121117013
7.95088468144
12.1644366598
16.3254451814
20.5688573965
22.5458872585
24.2932635449
26.0642658809
25.9473154132
26.2782146478
26.6121117013
6.33200085986
9.5354831135
12.6990175909
15.9252020062
17.3984125796
18.7669300511
20.1539510709
20.0703250144
20.2789491644
20.4894633683
6.33200085986
9.5354831135
12.6990175909
15.9252020062
17.3984125796
18.7669300511
20.1539510709
20.0703250144
20.2789491644
20.4894633683
4.89813233218
7.20698140102
9.48703886792
11.8122500892
12.8392207212
13.872177528
14.9191008107
14.8649906612
14.9653140219
15.0665462733
4.89813233218
7.20698140102
9.48703886792
11.8122500892
12.8392207212
13.872177528
14.9191008107
14.8649906612
14.9653140219
15.0665462733
3.14048704018
4.35268897928
5.54977462681
6.77056709403
7.25053392698
7.87215830611
8.50218758837
8.48425822832
8.45182578274
8.41909951178
3.14048704018
4.35268897928
5.54977462681
6.77056709403
7.25053392698
7.87215830611
8.50218758837
8.48425822832
8.45182578274
8.41909951178
0.642780572605
0.296589222066
-0.0452850842375
-0.393929793773
-0.738133367244
-0.654184798651
-0.616583832766
-0.578976133786
-0.541816185586
-1.027272202
0.642780572605
0.296589222066
-0.0452850842375
-0.393929793773
-0.738133367244
-0.654184798651
-0.616583832766
-0.578976133786
-0.541816185586
-1.027272202
24.0941811584
34.327683236
44.4335724167
54.739596394
59.5598346645
63.819674492
68.1371110648
67.8741690405
68.6962736877
69.5258262842
24.0941811584
34.327683236
44.4335724167
54.739596394
59.5598346645
63.819674492
68.1371110648
67.8741690405
68.6962736877
69.5258262842
20.2034219072
27.9865339348
35.672589699
43.5108584135
47.1099480819
50.4515383239
53.838309777
53.657072184
54.1834348636
54.7145661849
20.2034219072
27.9865339348
35.672589699
43.5108584135
47.1099480819
50.4515383239
53.838309777
53.657072184
54.1834348636
54.7145661849
16.7573208561
22.3700874108
27.912862149
33.5654047736
36.0829056802
38.6111891465
41.1736572078
41.0647863968
41.3292061908
41.5960215256
16.7573208561
22.3700874108
27.912862149
33.5654047736
36.0829056802
38.6111891465
41.1736572078
41.0647863968
41.3292061908
41.5960215256
12.5330679547
15.4854110266
18.4009380556
21.3742035377
22.565885962
24.0972127355
25.649244381
25.6290812383
25.5724097532
25.5152248465
12.5330679547
15.4854110266
18.4009380556
21.3742035377
22.565885962
24.0972127355
25.649244381
25.6290812383
25.5724097532
25.5152248465
6.5301822528
5.70192353328
4.88399329114
4.04986493919
3.22636195284
3.47208836198
3.58823667984
3.70440579604
3.81919182277
2.66356640766
6.5301822528
5.70192353328
4.88399329114
4.04986493919
3.22636195284
3.47208836198
3.58823667984
3.70440579604
3.81919182277
2.66356640766
63.2042293242
88.0221465907
112.530581698
137.524376439
149.23280003
159.579536065
170.066168984
169.449536076
171.461674454
173.492042026
63.2042293242
88.0221465907
112.530581698
137.524376439
149.23280003
159.579536065
170.066168984
169.449536076
171.461674454
173.492042026
53.8094419702
72.6875333472
91.3302128474
110.342087854
119.091503165
127.21321816
135.444745817
135.027026667
136.323168258
137.63105239
53.8094419702
72.6875333472
91.3302128474
110.342087854
119.091503165
127.21321816
135.444745817
135.027026667
136.323168258
137.63105239
45.4883445995
59.1054473315
72.5527432941
86.266346535
92.3949259418
98.5459080162
104.780056727
104.538518333
105.200491342
105.86846157
45.4883445995
59.1054473315
72.5527432941
86.266346535
92.3949259418
98.5459080162
104.780056727
104.538518333
105.200491342
105.86846157
35.2882897579
42.4564386671
49.5351999706
56.754147499
59.6700893458
63.4053342913
67.1910830024
67.1655081181
67.0501131868
66.9336728223
35.2882897579
42.4564386671
49.5351999706
56.754147499
59.6700893458
63.4053342913
67.1910830024
67.1655081181
67.0501131868
66.9336728223
20.7934749832
18.7973210914
16.8260594583
14.8157593953
12.8310671098
13.4687295243
13.7751729733
14.0816712961
14.3845205028
11.6052888125
20.7934749832
18.7973210914
16.8260594583
14.8157593953
12.8310671098
13.4687295243
13.7751729733
14.0816712961
14.3845205028
11.6052888125
-3.36606542611
-3.3726846513
-3.37922133402
-3.38588746776
-3.40203463438
-3.41597299529
-3.43009981498
-3.44470568637
-3.4581566378
-3.47172944963
-3.36606542611
-3.3726846513
-3.37922133402
-3.38588746776
-3.40203463438
-3.41597299529
-3.43009981498
-3.44470568637
-3.4581566378
-3.47172944963
-3.39229430731
-3.39927416328
-3.40616697968
-3.41704782556
-3.43029272097
-3.44496028452
-3.45982616631
-3.4750235168
-3.48914390307
-3.50339221456
-3.39229430731
-3.39927416328
-3.40616697968
-3.41704782556
-3.43029272097
-3.44496028452
-3.45982616631
-3.4750235168
-3.48914390307
-3.50339221456
-3.41552560208
-3.42282487389
-3.43003312298
-3.44138993733
-3.45532131195
-3.47063474069
-3.48615522033
-3.50187645232
-3.51658976659
-3.5309720443
-3.41552560208
-3.42282487389
-3.43003312298
-3.44138993733
-3.45532131195
-3.47063474069
-3.48615522033
-3.50187645232
-3.51658976659
-3.5309720443
-3.4440026731
-3.4516934869
-3.45928839541
-3.46703371181
-3.48600152024
-3.50210665471
-3.51842954463
-3.53479295392
-3.55023308316
-3.56581309398
-3.4440026731
-3.4516934869
-3.45928839541
-3.46703371181
-3.48600152024
-3.50210665471
-3.51842954463
-3.53479295392
-3.55023308316
-3.56581309398
-3.4844700898
-3.49271730538
-3.50086167729
-3.50916733853
-3.51736719988
-3.54682990095
-3.5642930581
-3.58175934232
-3.59901767598
-3.61466421701
-3.4844700898
-3.49271730538
-3.50086167729
-3.50916733853
-3.51736719988
-3.54682990095
-3.5642930581
-3.58175934232
-3.59901767598
-3.61466421701
-3.10365025856
-3.01067671759
-2.91886256691
-2.82523014907
-2.78728641508
-2.75136589261
-2.71495969338
-2.72335298153
-2.72273775772
-2.72211696022
-3.10365025856
-3.01067671759
-2.91886256691
-2.82523014907
-2.78728641508
-2.75136589261
-2.71495969338
-2.72335298153
-2.72273775772
-2.72211696022
-3.16634284099
-3.09758093235
-3.02967649227
-2.97675103656
-2.93747156433
-2.91353828625
-2.88928140941
-2.89931156972
-2.90343484895
-2.9075954835
-3.16634284099
-3.09758093235
-3.02967649227
-2.97675103656
-2.93747156433
-2.91353828625
-2.88928140941
-2.89931156972
-2.90343484895
-2.9075954835
-3.22187055686
-3.17455323685
-3.12782596903
-3.09431242143
-3.07049269653
-3.05717669205
-3.0436806436
-3.05516060497
-3.06348084404
-3.07757790998
-3.22187055686
-3.17455323685
-3.12782596903
-3.09431242143
-3.07049269653
-3.05717669205
-3.0436806436
-3.05516060497
-3.06348084404
-3.07757790998
-3.28993678921
-3.2689063843
-3.24813823085
-3.22695878948
-3.23355085857
-3.23324957658
-3.232944221
-3.24620135786
-3.25966625738
-3.27325314367
-3.28993678921
-3.2689063843
-3.24813823085
-3.22695878948
-3.23355085857
-3.23324957658
-3.232944221
-3.24620135786
-3.25966625738
-3.27325314367
-3.38666248782
-3.40298717278
-3.41910828713
-3.43554866046
-3.45177961161
-3.48345841249
-3.50189772572
-3.52034034082
-3.53856338132
-3.55942000815
-3.38666248782
-3.40298717278
-3.41910828713
-3.43554866046
-3.45177961161
-3.48345841249
-3.50189772572
-3.52034034082
-3.53856338132
-3.55942000815
-2.71002750722
-2.46766481702
-2.22832441624
-1.98424417105
-1.86516408613
-1.75445523859
-1.64224951099
-1.64132392427
-1.6196094376
-1.5976982261
-2.71002750722
-2.46766481702
-2.22832441624
-1.98424417105
-1.86516408613
-1.75445523859
-1.64224951099
-1.64132392427
-1.6196094376
-1.5976982261
-2.82741564151
-2.64504108595
-2.46494076117
-2.31630585305
-2.19823982938
-2.11640528886
-2.03346427406
-2.0357436491
-2.02487126778
-2.0139003869
-2.82741564151
-2.64504108595
-2.46494076117
-2.31630585305
-2.19823982938
-2.11640528886
-2.03346427406
-2.0357436491
-2.02487126778
-2.0139003869
-2.93138798902
-2.80214578128
-2.6745152381
-2.57369614757
-2.4932497734
-2.43698961909
-2.3799687785
-2.38508683395
-2.38381746023
-2.39748670849
-2.93138798902
-2.80214578128
-2.6745152381
-2.57369614757
-2.4932497734
-2.43698961909
-2.3799687785
-2.38508683395
-2.38381746023
-2.39748670849
-3.05883796339
-2.9947257304
-2.93141298401
-2.86684640598
-2.85487486606
-2.82996395938
-2.80471623555
-2.81331396377
-2.82381601871
-2.8344132182
-3.05883796339
-2.9947257304
-2.93141298401
-2.86684640598
-2.85487486606
-2.82996395938
-2.80471623555
-2.81331396377
-2.82381601871
-2.8344132182
-3.23995108486
-3.26839197388
-3.29647820189
-3.32512064335
-3.35339822919
-3.3884011798
-3.40830472714
-3.42821183856
-3.44788193934
-3.47655369486
-3.23995108486
-3.26839197388
-3.29647820189
-3.32512064335
-3.35339822919
-3.3884011798
-3.40830472714
-3.42821183856
-3.44788193934
-3.47655369486
-1.79157442077
-1.20063704904
-0.61706873136
-0.0219435556445
0.28645468142
0.57166962079
0.860740914603
0.88341054267
0.95435664268
1.02594548685
-1.79157442077
-1.20063704904
-0.61706873136
-0.0219435556445
0.28645468142
0.57166962079
0.860740914603
0.88341054267
0.95435664268
1.02594548685
-2.03658550939
-1.58911477769
-1.14722405525
-0.775267091536
-0.473365781151
-0.256428294933
-0.0365576249177
-0.0207518343305
0.0251104216165
0.0713881718193
-2.03658550939
-1.58911477769
-1.14722405525
-0.775267091536
-0.473365781151
-0.256428294933
-0.0365576249177
-0.0207518343305
0.0251104216165
0.0713881718193
-2.25359533073
-1.93319505163
-1.61679019926
-1.35892484191
-1.14634961943
-0.989886448859
-0.831307759922
-0.821581368245
-0.797936231325
-0.810607238344
-2.25359533073
-1.93319505163
-1.61679019926
-1.35892484191
-1.14634961943
-0.989886448859
-0.831307759922
-0.821581368245
-0.797936231325
-0.810607238344
-2.5196073698
-2.3549708713
-2.19238740805
-2.02658417781
-1.97129755022
-1.88896418593
-1.80551760283
-1.80324337756
-1.80683212848
-1.81045339209
-2.5196073698
-2.3549708713
-2.19238740805
-2.02658417781
-1.97129755022
-1.88896418593
-1.80551760283
-1.80324337756
-1.80683212848
-1.81045339209
-2.89762447795
-2.95433650978
-3.01034133633
-3.06745527009
-3.12384167023
-3.16660097019
-3.18992106381
-3.21324533328
-3.23629190803
-3.28319896385
-2.89762447795
-2.95433650978
-3.01034133633
-3.06745527009
-3.12384167023
-3.16660097019
-3.18992106381
-3.21324533328
-3.23629190803
-3.28319896385
0.307746919686
1.69542642064
3.06580140552
4.46331499384
5.20444043582
5.88852644223
6.58186188738
6.65423218139
6.83770768332
7.02284540215
0.307746919686
1.69542642064
3.06580140552
4.46331499384
5.20444043582
5.88852644223
6.58186188738
6.65423218139
6.83770768332
7.02284540215
-0.228973778825
0.824431069776
1.864699844
2.7471072205
3.46920347194
3.99494769118
4.52780043027
4.58494374229
4.71078285453
4.83776202032
-0.228973778825
0.824431069776
1.864699844
2.7471072205
3.46920347194
3.99494769118
4.52780043027
4.58494374229
4.71078285453
4.83776202032
-0.704354968934
0.0529780447242
0.800867032367
1.41769528531
1.93227930393
2.31777794025
2.70848885396
2.75214541051
2.82693514902
2.81654583627
-0.704354968934
0.0529780447242
0.800867032367
1.41769528531
1.93227930393
2.31777794025
2.70848885396
2.75214541051
2.82693514902
2.81654583627
-1.28708029875
-0.8926740505
-0.50318609157
-0.105984799151
0.04830774314
0.26189243911
0.478364986232
0.50548939092
0.51770247776
0.530026210431
-1.28708029875
-0.8926740505
-0.50318609157
-0.105984799151
0.04830774314
0.26189243911
0.478364986232
0.50548939092
0.51770247776
0.530026210431
-2.11516366216
-2.23649544898
-2.35631421506
-2.47850584551
-2.59914096402
-2.65962906251
-2.69075840475
-2.72189332123
-2.75265755076
-2.84124529296
-2.11516366216
-2.23649544898
-2.35631421506
-2.47850584551
-2.59914096402
-2.65962906251
-2.69075840475
-2.72189332123
-2.75265755076
-2.84124529296
5.55605027083
8.93558509484
12.2729767477
15.6764613676
17.4994048218
19.1806684958
20.8846643193
21.0812862782
21.5460852849
22.0150951904
5.55605027083
8.93558509484
12.2729767477
15.6764613676
17.4994048218
19.1806684958
20.8846643193
21.0812862782
21.5460852849
22.0150951904
4.29005554758
6.85829568843
9.39450959211
11.9809501156
13.3256266047
14.6233876565
15.9386955682
16.0991826838
16.4249639368
16.7536966416
4.29005554758
6.85829568843
9.39450959211
11.9809501156
13.3256266047
14.6233876565
15.9386955682
16.0991826838
16.4249639368
16.7536966416
3.16874593556
5.0184107856
6.84501011143
8.35924560337
9.62885161232
10.586938913
11.5579803887
11.6864623574
11.8891135999
12.093600784
3.16874593556
5.0184107856
6.84501011143
8.35924560337
9.62885161232
10.586938913
11.5579803887
11.6864623574
11.8891135999
12.093600784
1.7942373789
2.7630680015
3.71981719963
4.6955136475
5.09732097654
5.63903400171
6.18807145889
6.27732131212
6.32903899336
6.38122521674
1.7942373789
2.7630680015
3.71981719963
4.6955136475
5.09732097654
5.63903400171
6.18807145889
6.27732131212
6.32903899336
6.38122521674
-0.159011622681
-0.441892796965
-0.721246411878
-1.00613228406
-1.2873891985
-1.39219929331
-1.44285175711
-1.49351329109
-1.54357165759
-1.73636111575
-0.159011622681
-0.441892796965
-0.721246411878
-1.00613228406
-1.2873891985
-1.39219929331
-1.44285175711
-1.49351329109
-1.54357165759
-1.73636111575
18.2831858973
26.4929698798
34.6003769526
42.8683413238
47.3146934579
51.4141129758
55.5689602168
56.0668924629
57.2139009688
58.371300927
18.2831858973
26.4929698798
34.6003769526
42.8683413238
47.3146934579
51.4141129758
55.5689602168
56.0668924629
57.2139009688
58.371300927
15.2487016641
21.4904173887
27.6542982313
33.9402472083
37.2274527015
40.3973545723
43.6101162778
44.0212121171
44.8318530613
45.6498380982
15.2487016641
21.4904173887
27.6542982313
33.9402472083
37.2274527015
40.3973545723
43.6101162778
44.0212121171
44.8318530613
45.6498380982
12.561015629
17.0595851822
21.5020570782
26.032506706
28.2930394602
30.639654272
33.0179973603
33.3521809536
33.8648963432
34.3822567355
12.561015629
17.0595851822
21.5020570782
26.032506706
28.2930394602
30.639654272
33.0179973603
33.3521809536
33.8648963432
34.3822567355
9.26643274718
11.6282424776
13.9606001808
16.3391473806
17.3411780675
18.678602291
20.0341096551
20.274013721
20.4215300437
20.570382807
9.26643274718
11.6282424776
13.9606001808
16.3391473806
17.3411780675
18.678602291
20.0341096551
20.274013721
20.4215300437
20.570382807
4.58465707306
3.91001863416
3.24379301084
2.56437360245
1.89360883289
1.68131789699
1.58332186342
1.48530828199
1.38846163336
0.942983013985
4.58465707306
3.91001863416
3.24379301084
2.56437360245
1.89360883289
1.68131789699
1.58332186342
1.48530828199
1.38846163336
0.942983013985
49.1169680853
69.0289020907
88.692532088
108.745576269
119.547609226
129.505447541
139.597924505
140.825835282
143.625619378
146.450768433
49.1169680853
69.0289020907
88.692532088
108.745576269
119.547609226
129.505447541
139.597924505
140.825835282
143.625619378
146.450768433
41.7979989568
56.9393720232
71.8919305015
87.1406061443
95.1339386062
102.839439368
110.649125213
111.667365899
113.65266692
115.655953998
41.7979989568
56.9393720232
71.8919305015
87.1406061443
95.1339386062
102.839439368
110.649125213
111.667365899
113.65266692
115.655953998
35.3154834429
46.2315025349
57.0113976677
68.004775462
73.5104017719
79.220974987
85.0087601267
85.8412930167
87.1051947421
88.3805469271
35.3154834429
46.2315025349
57.0113976677
68.004775462
73.5104017719
79.220974987
85.0087601267
85.8412930167
87.1051947421
88.3805469271
27.3691741033
33.1057270331
38.7707445166
44.5479507547
47.0041308138
50.2693089713
53.5786351819
54.1835262581
54.5631320728
54.9461769691
27.3691741033
33.1057270331
38.7707445166
44.5479507547
47.0041308138
50.2693089713
53.5786351819
54.1835262581
54.5631320728
54.9461769691
16.077050305
14.4533092147
12.8498163545
11.214568276
9.60015045532
9.12746779101
8.9147734183
8.70204095904
8.49184125575
7.4341775551
16.077050305
14.4533092147
12.8498163545
11.214568276
9.60015045532
9.12746779101
8.9147734183
8.70204095904
8.49184125575
7.4341775551
-3.37043872388
-3.3726846513
-3.37922133402
-3.38956479615
-3.40203463438
-3.41597299529
-3.43046046872
-3.44470568637
-3.4581566378
-3.47150369061
-3.37043872388
-3.3726846513
-3.37922133402
-3.38956479615
-3.40203463438
-3.41597299529
-3.43046046872
-3.44470568637
-3.4581566378
-3.47150369061
-3.39229430731
-3.39927416328
-3.40616697968
-3.41704782556
-3.43029272097
-3.44496028452
-3.45982616631
-3.4750235168
-3.48914390307
-3.50339221456
-3.39229430731
-3.39927416328
-3.40616697968
-3.41704782556
-3.43029272097
-3.44496028452
-3.45982616631
-3.4750235168
-3.48914390307
-3.50339221456
-3.41552560208
-3.42282487389
-3.43003312298
-3.44138993733
-3.45532131195
-3.47063474069
-3.48615522033
-3.50187645232
-3.51658976659
-3.5309720443
-3.41552560208
-3.42282487389
-3.43003312298
-3.44138993733
-3.45532131195
-3.47063474069
-3.48615522033
-3.50187645232
-3.51658976659
-3.5309720443
-3.44910061629
-3.4516934869
-3.45928839541
-3.47122865498
-3.48600152024
-3.50210665471
-3.51872957285
-3.53479295392
-3.55023308316
-3.56521139946
-3.44910061629
-3.4516934869
-3.45928839541
-3.47122865498
-3.48600152024
-3.50210665471
-3.51872957285
-3.53479295392
-3.55023308316
-3.56521139946
-3.4844700898
-3.49271730538
-3.50086167729
-3.50916733853
-3.51736719988
-3.54682990095
-3.5642930581
-3.58175934232
-3.59901767598
-3.61466421701
-3.4844700898
-3.49271730538
-3.50086167729
-3.50916733853
-3.51736719988
-3.54682990095
-3.5642930581
-3.58175934232
-3.59901767598
-3.61466421701
-3.1795080454
-3.10564294009
-3.03805281496
-2.9816068689
-2.9357123691
-2.90173633523
-2.87883186176
-2.8664714855
-2.8619180331
-2.86421696039
-3.1795080454
-3.10564294009
-3.03805281496
-2.9816068689
-2.9357123691
-2.90173633523
-2.87883186176
-2.8664714855
-2.8619180331
-2.86421696039
-3.22640005606
-3.17632173897
-3.126867904
-3.08792184131
-3.05725938712
-3.03540718021
-3.01325951243
-3.01610987356
-3.01678735565
-3.01747097546
-3.22640005606
-3.17632173897
-3.126867904
-3.08792184131
-3.05725938712
-3.03540718021
-3.01325951243
-3.01610987356
-3.01678735565
-3.01747097546
-3.27273486264
-3.23892296083
-3.20553269716
-3.18208653116
-3.16491531737
-3.1538013572
-3.1425371266
-3.14864673155
-3.15395732704
-3.1653355535
-3.27273486264
-3.23892296083
-3.20553269716
-3.18208653116
-3.16491531737
-3.1538013572
-3.1425371266
-3.14864673155
-3.15395732704
-3.1653355535
-3.34043001889
-3.31565994247
-3.30196050812
-3.29751421549
-3.29688065123
-3.29892970318
-3.30351448071
-3.31111126716
-3.32210116295
-3.33870686469
-3.34043001889
-3.31565994247
-3.30196050812
-3.29751421549
-3.29688065123
-3.29892970318
-3.30351448071
-3.31111126716
-3.32210116295
-3.33870686469
-3.41024461121
-3.42470723217
-3.43898950265
-3.45355461605
-3.46793419488
-3.50516472115
-3.52619972349
-3.5472384925
-3.56802677756
-3.58027556444
-3.41024461121
-3.42470723217
-3.43898950265
-3.45355461605
-3.46793419488
-3.50516472115
-3.52619972349
-3.5472384925
-3.56802677756
-3.58027556444
-3.01288208856
-2.88613487341
-2.75378158109
-2.64827534532
-2.57711588102
-2.53342232455
-2.50755938441
-2.4923521138
-2.48314382135
-2.47416803972
-3.01288208856
-2.88613487341
-2.75378158109
-2.64827534532
-2.57711588102
-2.53342232455
-2.50755938441
-2.4923521138
-2.48314382135
-2.47416803972
-2.97755867918
-2.8418931025
-2.70791929049
-2.59423286493
-2.49770938636
-2.42107752376
-2.34340953161
-2.3277394087
-2.30825253452
-2.2885891168
-2.97755867918
-2.8418931025
-2.70791929049
-2.59423286493
-2.49770938636
-2.42107752376
-2.34340953161
-2.3277394087
-2.30825253452
-2.2885891168
-3.05854875348
-2.96307009124
-2.86878205843
-2.7931314219
-2.72930632552
-2.67855128196
-2.62710998599
-2.61880215041
-2.61000866773
-2.6168808173
-3.05854875348
-2.96307009124
-2.86878205843
-2.7931314219
-2.72930632552
-2.67855128196
-2.62710998599
-2.61880215041
-2.61000866773
-2.6168808173
-3.19163459557
-3.11529930029
-3.04136836116
-2.98136234235
-2.93283273747
-2.89687763689
-2.87341682902
-2.86119133796
-2.85728792211
-2.85919575144
-3.19163459557
-3.11529930029
-3.04136836116
-2.98136234235
-2.93283273747
-2.89687763689
-2.87341682902
-2.86119133796
-2.85728792211
-2.85919575144
-3.29890639334
-3.32269212234
-3.34618124069
-3.37013553234
-3.39378468737
-3.44266695146
-3.46905972158
-3.49545721777
-3.52154042992
-3.52869258558
-3.29890639334
-3.32269212234
-3.34618124069
-3.37013553234
-3.39378468737
-3.44266695146
-3.46905972158
-3.49545721777
-3.52154042992
-3.52869258558
-2.76679867107
-2.64970986719
-2.5238759014
-2.44025325643
-2.39861354974
-2.37677640678
-2.36012533119
-2.35321610008
-2.34863514793
-2.34366313978
-2.76679867107
-2.64970986719
-2.5238759014
-2.44025325643
-2.39861354974
-2.37677640678
-2.36012533119
-2.35321610008
-2.34863514793
-2.34366313978
-2.39692879979
-2.0615596174
-1.73037252562
-1.44229192004
-1.19209271791
-0.98764165869
-0.780426243043
-0.721541657375
-0.655004618547
-0.587864779948
-2.39692879979
-2.0615596174
-1.73037252562
-1.44229192004
-1.19209271791
-0.98764165869
-0.780426243043
-0.721541657375
-0.655004618547
-0.587864779948
-2.55878116543
-2.31941339553
-2.08303056805
-1.8855695003
-1.71288534452
-1.56963443973
-1.42444665792
-1.38249812774
-1.34079512933
-1.3371530995
-2.55878116543
-2.31941339553
-2.08303056805
-1.8855695003
-1.71288534452
-1.56963443973
-1.42444665792
-1.38249812774
-1.34079512933
-1.3371530995
-2.95790252385
-2.83425931994
-2.70785959526
-2.6122842118
-2.55695249121
-2.52794727646
-2.51266788548
-2.50400434046
-2.49886348159
-2.49217650406
-2.95790252385
-2.83425931994
-2.70785959526
-2.6122842118
-2.55695249121
-2.52794727646
-2.51266788548
-2.50400434046
-2.49886348159
-2.49217650406
-3.0391172183
-3.08465686608
-3.12962862944
-3.17549100367
-3.22076916986
-3.29683882219
-3.33573305045
-3.3746342434
-3.41307228544
-3.40833230157
-3.0391172183
-3.08465686608
-3.12962862944
-3.17549100367
-3.22076916986
-3.29683882219
-3.33573305045
-3.3746342434
-3.41307228544
-3.40833230157
-0.678361367036
0.36589930564
1.39713793282
2.44879898194
3.12647707954
3.78334024555
4.44908477379
4.65057312581
4.889183828
5.12995625063
-0.678361367036
0.36589930564
1.39713793282
2.44879898194
3.12647707954
3.78334024555
4.44908477379
4.65057312581
4.889183828
5.12995625063
-1.06977478976
-0.2779402229
0.504020079782
1.19071595399
1.79217395283
2.28878317575
2.79210698797
2.94976748852
3.12384776081
3.29950513287
-1.06977478976
-0.2779402229
0.504020079782
1.19071595399
1.79217395283
2.28878317575
2.79210698797
2.94976748852
3.12384776081
3.29950513287
-1.41645524989
-0.848198091036
-0.28702716148
0.188857749071
0.610362612038
0.965032628209
1.32449809197
1.44333963835
1.56026438701
1.58793882689
-1.41645524989
-0.848198091036
-0.28702716148
0.188857749071
0.610362612038
0.965032628209
1.32449809197
1.44333963835
1.56026438701
1.58793882689
-2.62930912223
-2.51307368801
-2.42793731934
-2.40432525894
-2.40399310955
-2.40833153812
-2.41306751551
-2.41702195433
-2.41988726587
-2.42152507469
-2.62930912223
-2.51307368801
-2.42793731934
-2.40432525894
-2.40399310955
-2.40833153812
-2.41306751551
-2.41702195433
-2.41988726587
-2.42152507469
-2.44531338963
-2.54057628034
-2.63465123232
-2.73058922387
-2.82530512983
-2.96351738384
-3.0309863736
-3.09846744483
-3.16514509806
-3.13322308098
-2.44531338963
-2.54057628034
-2.63465123232
-2.73058922387
-2.82530512983
-2.96351738384
-3.0309863736
-3.09846744483
-3.16514509806
-3.13322308098
3.16121586022
5.70673352984
8.22050831402
10.7840653387
12.4529223851
14.0680734468
15.7050627577
16.2152571432
16.813955922
17.4180786796
3.16121586022
5.70673352984
8.22050831402
10.7840653387
12.4529223851
14.0680734468
15.7050627577
16.2152571432
16.813955922
17.4180786796
2.2481102353
4.18110826336
6.0900015933
7.77323563907
9.25284062969
10.4798452618
11.7234400655
12.1280403533
12.5709787092
13.0179299149
2.2481102353
4.18110826336
6.0900015933
7.77323563907
9.25284062969
10.4798452618
11.7234400655
12.1280403533
12.5709787092
13.0179299149
1.43935953895
2.82984017019
4.20298135495
5.3749258725
6.41848250344
7.30170029807
8.19685996668
8.50793405358
8.81291317787
8.90066864289
1.43935953895
2.82984017019
4.20298135495
5.3749258725
6.41848250344
7.30170029807
8.19685996668
8.50793405358
8.81291317787
8.90066864289
-2.25066747211
-2.24742413398
-2.28812972665
-2.31482680482
-2.33015385267
-2.34141736054
-2.35037831714
-2.35745441883
-2.36289292958
-2.36731676362
-2.25066747211
-2.24742413398
-2.28812972665
-2.31482680482
-2.33015385267
-2.34141736054
-2.35037831714
-2.35745441883
-2.36289292958
-2.36731676362
-0.960803817967
-1.180374816
-1.39720773952
-1.61833477435
-1.83664502975
-2.13021378798
-2.26911968145
-2.4080504484
-2.54532712959
-2.44545002951
-0.960803817967
-1.180374816
-1.39720773952
-1.61833477435
-1.83664502975
-2.13021378798
-2.26911968145
-2.4080504484
-2.54532712959
-2.44545002951
12.4721906363
18.6582565235
24.7671814884
30.9970862537
35.0695522512
39.0085514597
43.0008093688
44.2596158854
45.73152825
47.2167755698
12.4721906363
18.6582565235
24.7671814884
30.9970862537
35.0695522512
39.0085514597
43.0008093688
44.2596158854
45.73152825
47.2167755698
10.2939814211
14.9943008425
19.6360067636
24.3696360032
27.3449573211
30.3431708206
33.3819227786
34.3853520502
35.4802712591
36.5851100114
10.2939814211
14.9943008425
19.6360067636
24.3696360032
27.3449573211
30.3431708206
33.3819227786
34.3853520502
35.4802712591
36.5851100114
8.36471040189
11.7490829537
15.0912520073
18.4996086385
20.5031732401
22.6681193975
24.8623375129
25.6395755105
26.4005864957
27.1684919453
8.36471040189
11.7490829537
15.0912520073
18.4996086385
20.5031732401
22.6681193975
24.8623375129
25.6395755105
26.4005864957
27.1684919453
-1.97938220785
-2.10977384869
-2.20895461945
-2.25414748903
-2.2765559252
-2.29101842928
-2.30177509222
-2.31028063821
-2.31694739732
-2.32265396072
-1.97938220785
-2.10977384869
-2.20895461945
-2.25414748903
-2.2765559252
-2.29101842928
-2.30177509222
-2.31028063821
-2.31694739732
-2.32265396072
2.63913189332
2.11811373504
1.60359273053
1.07888226572
0.560855712936
-0.109452568003
-0.421592953006
-0.73378923207
-1.04226855606
-0.77760037969
2.63913189332
2.11811373504
1.60359273053
1.07888226572
0.560855712936
-0.109452568003
-0.421592953006
-0.73378923207
-1.04226855606
-0.77760037969
35.0297068464
50.0356575907
64.854482478
79.9667760994
89.8624184216
99.4313590167
109.129680025
112.202134488
115.789564302
119.40949484
35.0297068464
50.0356575907
64.854482478
79.9667760994
89.8624184216
99.4313590167
109.129680025
112.202134488
115.789564302
119.40949484
29.7865559433
41.1912106993
52.4536481555
63.9391244349
71.1763740476
78.4656605764
85.8535046091
88.3077051306
90.9821655809
93.6808556058
29.7865559433
41.1912106993
52.4536481555
63.9391244349
71.1763740476
78.4656605764
85.8535046091
88.3077051306
90.9821655809
93.6808556058
25.1426222863
33.3575577383
41.4700520413
49.7432043891
54.6258776021
59.8960419579
65.2374635268
67.1440677
69.009898142
70.8926322843
25.1426222863
33.3575577383
41.4700520413
49.7432043891
54.6258776021
59.8960419579
65.2374635268
67.1440677
69.009898142
70.8926322843
-1.86199290471
-1.97583959461
-2.09080404206
-2.13862161929
-2.15481310192
-2.15991874024
-2.16029866071
-2.16148473605
-2.16121911077
-2.16059171221
-1.86199290471
-1.97583959461
-2.09080404206
-2.13862161929
-2.15481310192
-2.15991874024
-2.16029866071
-2.16148473605
-2.16121911077
-2.16059171221
11.3606256269
10.1092973381
8.87357325075
7.61337715661
6.36923380089
4.78620605771
4.05437386334
3.32241062193
2.59916200867
3.26306629771
11.3606256269
10.1092973381
8.87357325075
7.61337715661
6.36923380089
4.78620605771
4.05437386334
3.32241062193
2.59916200867
3.26306629771
-3.37043872388
-3.3726846513
-3.37922133402
-3.38956479615
-3.40203463438
-3.41597299529
-3.43046046872
-3.44470568637
-3.4581566378
-3.47150369061
-3.37043872388
-3.3726846513
-3.37922133402
-3.38956479615
-3.40203463438
-3.41597299529
-3.43046046872
-3.44470568637
-3.4581566378
-3.47150369061
-3.39229430731
-3.39927416328
-3.40616697968
-3.41704782556
-3.43029272097
-3.44496028452
-3.45982616631
-3.4750235168
-3.48914390307
-3.50339221456
-3.39229430731
-3.39927416328
-3.40616697968
-3.41704782556
-3.43029272097
-3.44496028452
-3.45982616631
-3.4750235168
-3.48914390307
-3.50339221456
-3.41552560208
-3.42282487389
-3.43003312298
-3.44138993733
-3.45532131195
-3.47063474069
-3.48615522033
-3.50187645232
-3.51658976659
-3.5309720443
-3.41552560208
-3.42282487389
-3.43003312298
-3.44138993733
-3.45532131195
-3.47063474069
-3.48615522033
-3.50187645232
-3.51658976659
-3.5309720443
-3.44910061629
-3.4516934869
-3.45928839541
-3.47122865498
-3.48600152024
-3.50210665471
-3.51872957285
-3.53479295392
-3.55023308316
-3.56521139946
-3.44910061629
-3.4516934869
-3.45928839541
-3.47122865498
-3.48600152024
-3.50210665471
-3.51872957285
-3.53479295392
-3.55023308316
-3.56521139946
-3.4844700898
-3.49271730538
-3.50086167729
-3.50916733853
-3.51736719988
-3.54682990095
-3.5642930581
-3.58175934232
-3.59901767598
-3.61466421701
-3.4844700898
-3.49271730538
-3.50086167729
-3.50916733853
-3.51736719988
-3.54682990095
-3.5642930581
-3.58175934232
-3.59901767598
-3.61466421701
-3.2475709408
-3.20060916259
-3.15724306301
-3.11919329706
-3.08413832312
-3.05210677785
-3.02667950137
-3.00958998947
-3.00109830848
-3.00072956602
-3.2475709408
-3.20060916259
-3.15724306301
-3.11919329706
-3.08413832312
-3.05210677785
-3.02667950137
-3.00958998947
-3.00109830848
-3.00072956602
-3.28645727112
-3.25506254559
-3.22405931573
-3.19909264606
-3.17704720992
-3.15727607417
-3.13723761545
-3.1329081774
-3.13013986234
-3.12734646742
-3.28645727112
-3.25506254559
-3.22405931573
-3.19909264606
-3.17704720992
-3.15727607417
-3.13723761545
-3.1329081774
-3.13013986234
-3.12734646742
-3.32359916842
-3.30329268481
-3.28323942529
-3.26986064089
-3.25933793822
-3.25042602234
-3.2413936096
-3.24213285814
-3.24443381004
-3.25309319703
-3.32359916842
-3.30329268481
-3.28323942529
-3.26986064089
-3.25933793822
-3.25042602234
-3.2413936096
-3.24213285814
-3.24443381004
-3.25309319703
-3.37769555983
-3.36241350064
-3.35578278539
-3.35660850552
-3.36021044389
-3.36460982978
-3.36960588931
-3.37602117646
-3.38453606852
-3.39839346943
-3.37769555983
-3.36241350064
-3.35578278539
-3.35660850552
-3.36021044389
-3.36460982978
-3.36960588931
-3.37602117646
-3.38453606852
-3.39839346943
-3.43382673461
-3.44642729155
-3.45887071816
-3.47156057165
-3.48408877815
-3.52687102982
-3.55050172127
-3.57413664419
-3.5974901738
-3.60113112073
-3.43382673461
-3.44642729155
-3.45887071816
-3.47156057165
-3.48408877815
-3.52687102982
-3.55050172127
-3.57413664419
-3.5974901738
-3.60113112073
-3.1574459019
-3.06625673889
-2.96528585557
-2.86690361103
-2.78633196296
-2.72999238091
-2.69438586041
-2.67300883106
-2.66086456905
-2.65005274576
-3.1574459019
-3.06625673889
-2.96528585557
-2.86690361103
-2.78633196296
-2.72999238091
-2.69438586041
-2.67300883106
-2.66086456905
-2.65005274576
-3.12770171684
-3.03874511905
-2.95089781981
-2.87215987681
-2.79717894334
-2.72574975865
-2.65335478916
-2.61973516831
-2.59163380125
-2.56327784671
-3.12770171684
-3.03874511905
-2.95089781981
-2.87215987681
-2.79717894334
-2.72574975865
-2.65335478916
-2.61973516831
-2.59163380125
-2.56327784671
-3.18570951793
-3.1239944012
-3.06304887876
-3.01256669623
-2.96536287764
-2.92011294482
-2.87425119349
-2.85251746687
-2.83619987523
-2.83627492612
-3.18570951793
-3.1239944012
-3.06304887876
-3.01256669623
-2.96536287764
-2.92011294482
-2.87425119349
-2.85251746687
-2.83619987523
-2.83627492612
-3.28799646398
-3.23750949466
-3.18804819174
-3.14547467805
-3.10527696614
-3.07009752926
-3.04248347895
-3.0241017252
-3.01499886527
-3.01337876606
-3.28799646398
-3.23750949466
-3.18804819174
-3.14547467805
-3.10527696614
-3.07009752926
-3.04248347895
-3.0241017252
-3.01499886527
-3.01337876606
-3.35786170182
-3.3769922708
-3.39588427948
-3.41515042133
-3.43417114555
-3.49693272313
-3.52981471602
-3.56270259699
-3.59519892051
-3.5808314763
-3.35786170182
-3.3769922708
-3.39588427948
-3.41515042133
-3.43417114555
-3.49693272313
-3.52981471602
-3.56270259699
-3.59519892051
-3.5808314763
-2.9924478826
-2.84565346886
-2.69199384364
-2.58359741949
-2.52547527872
-2.50069263216
-2.49025919063
-2.49229917189
-2.49693885488
-2.49972599706
-2.9924478826
-2.84565346886
-2.69199384364
-2.58359741949
-2.52547527872
-2.50069263216
-2.49025919063
-2.49229917189
-2.49693885488
-2.49972599706
-2.75727209019
-2.53400445712
-2.313520996
-2.10931674855
-1.91081965467
-1.71885502245
-1.52429486117
-1.42233148042
-1.33511965871
-1.24711773171
-2.75727209019
-2.53400445712
-2.313520996
-2.10931674855
-1.91081965467
-1.71885502245
-1.52429486117
-1.42233148042
-1.33511965871
-1.24711773171
-2.86396700013
-2.70563173942
-2.54927093684
-2.41221415869
-2.27942106962
-2.14938243061
-2.01758555592
-1.94341488724
-1.88365402733
-1.86369896066
-2.86396700013
-2.70563173942
-2.54927093684
-2.41221415869
-2.27942106962
-2.14938243061
-2.01758555592
-1.94341488724
-1.88365402733
-1.86369896066
-3.16262331268
-3.06937797713
-2.96749039762
-2.87159038818
-2.79686388935
-2.75081460409
-2.72465500568
-2.71020783329
-2.70153140444
-2.6923461685
-3.16262331268
-3.06937797713
-2.96749039762
-2.87159038818
-2.79686388935
-2.75081460409
-2.72465500568
-2.71020783329
-2.70153140444
-2.6923461685
-3.18060995864
-3.21497722238
-3.24891592256
-3.28352673725
-3.31769666949
-3.42707667419
-3.4815450371
-3.53602315351
-3.58985266286
-3.53346563929
-3.18060995864
-3.21497722238
-3.24891592256
-3.28352673725
-3.31769666949
-3.42707667419
-3.4815450371
-3.53602315351
-3.58985266286
-3.53346563929
-1.66446965376
-0.96362780936
-0.27152553988
0.434282970038
1.04851372326
1.67815404887
2.31630766019
2.64691407023
2.94065997268
3.23706709911
-1.66446965376
-0.96362780936
-0.27152553988
0.434282970038
1.04851372326
1.67815404887
2.31630766019
2.64691407023
2.94065997268
3.23706709911
-1.9105758007
-1.38031151558
-0.856659684435
-0.365675312522
0.115144433731
0.582618660316
1.05641354568
1.31459123475
1.5369126671
1.76124824541
-1.9105758007
-1.38031151558
-0.856659684435
-0.365675312522
0.115144433731
0.582618660316
1.05641354568
1.31459123475
1.5369126671
1.76124824541
-2.12855553085
-1.7493742268
-1.37492135533
-1.03997978717
-0.711554079852
-0.387712683832
-0.0594926700251
0.134533866183
0.293593625006
0.35933181752
-2.12855553085
-1.7493742268
-1.37492135533
-1.03997978717
-0.711554079852
-0.387712683832
-0.0594926700251
0.134533866183
0.293593625006
0.35933181752
-2.97433322514
-2.84494524484
-2.71769217251
-2.64284189399
-2.62124548848
-2.61859143458
-2.62064114024
-2.62387342331
-2.62618457523
-2.62756035032
-2.97433322514
-2.84494524484
-2.71769217251
-2.64284189399
-2.62124548848
-2.61859143458
-2.62064114024
-2.62387342331
-2.62618457523
-2.62756035032
-2.7754631171
-2.84465711171
-2.91298824959
-2.98267260222
-3.05146929564
-3.26740570517
-3.37121434245
-3.47504156842
-3.57763264535
-3.425200869
-2.7754631171
-2.84465711171
-2.91298824959
-2.98267260222
-3.05146929564
-3.26740570517
-3.37121434245
-3.47504156842
-3.57763264535
-3.425200869
0.766381449605
2.47788196484
4.16803988032
5.89166930975
7.40643994846
8.95547839767
10.5254611961
11.3492280082
12.0818265591
12.8210621687
0.766381449605
2.47788196484
4.16803988032
5.89166930975
7.40643994846
8.95547839767
10.5254611961
11.3492280082
12.0818265591
12.8210621687
0.206164923023
1.50392083829
2.78549359449
3.99342827754
5.18005465473
6.33630286722
7.50818456281
8.15689802267
8.71699348161
9.28216318823
0.206164923023
1.50392083829
2.78549359449
3.99342827754
5.18005465473
6.33630286722
7.50818456281
8.15689802267
8.71699348161
9.28216318823
-0.290026857665
0.641269554769
1.56095259846
2.39060614164
3.20811339457
4.01646168311
4.8357395447
5.32940574975
5.73671275585
5.91690876298
-0.290026857665
0.641269554769
1.56095259846
2.39060614164
3.20811339457
4.01646168311
4.8357395447
5.32940574975
5.73671275585
5.91690876298
-2.70872715929
-2.59780321213
-2.53959634909
-2.54375476615
-2.55450631907
-2.56391328707
-2.5718423645
-2.57843968746
-2.58368652113
-2.58808185112
-2.70872715929
-2.59780321213
-2.53959634909
-2.54375476615
-2.55450631907
-2.56391328707
-2.5718423645
-2.57843968746
-2.58368652113
-2.58808185112
-1.76259601325
-1.91885683503
-2.07316906716
-2.23053726465
-2.385900861
-2.86822828264
-3.0953876058
-3.32258760571
-3.54708260159
-3.15453894327
-1.76259601325
-1.91885683503
-2.07316906716
-2.23053726465
-2.385900861
-2.86822828264
-3.0953876058
-3.32258760571
-3.54708260159
-3.15453894327
6.66119537526
10.8235431673
14.9339860243
19.1258311836
22.8244110446
26.6029899435
30.4326585208
32.4523393079
34.2491555311
36.0622502126
6.66119537526
10.8235431673
14.9339860243
19.1258311836
22.8244110446
26.6029899435
30.4326585208
32.4523393079
34.2491555311
36.0622502126
5.33926117806
8.49818429641
11.6177152959
14.799024798
17.4624619406
20.288987069
23.1537292793
24.7494919834
26.1286894568
27.5203819246
5.33926117806
8.49818429641
11.6177152959
14.799024798
17.4624619406
20.288987069
23.1537292793
24.7494919834
26.1286894568
27.5203819246
4.16840517481
6.43858072506
8.6804469364
10.9667105709
12.71330702
14.6965845229
16.7066776654
17.9269700674
18.9362766482
19.9547271552
4.16840517481
6.43858072506
8.6804469364
10.9667105709
12.71330702
14.6965845229
16.7066776654
17.9269700674
18.9362766482
19.9547271552
-2.40855128704
-2.40206936396
-2.45025581674
-2.48058381484
-2.4983656762
-2.5117748159
-2.52205297985
-2.53021201676
-2.53666246509
-2.54187416327
-2.40855128704
-2.40206936396
-2.45025581674
-2.48058381484
-2.4983656762
-2.5117748159
-2.52205297985
-2.53021201676
-2.53666246509
-2.54187416327
0.693606713584
0.326208835923
-0.0366075497746
-0.406609071018
-0.771897407018
-1.90022303299
-2.42650776943
-2.95288674613
-3.47299874548
-2.49818377337
0.693606713584
0.326208835923
-0.0366075497746
-0.406609071018
-0.771897407018
-1.90022303299
-2.42650776943
-2.95288674613
-3.47299874548
-2.49818377337
20.9424456075
31.0424130907
41.016432868
51.1879759294
60.1772276176
69.3572704927
78.6614355446
83.5784336936
87.9535092262
92.3682212467
20.9424456075
31.0424130907
41.016432868
51.1879759294
60.1772276176
69.3572704927
78.6614355446
83.5784336936
87.9535092262
92.3682212467
17.7751129299
25.4430493754
33.0153658095
40.7376427254
47.218809489
54.0918817845
61.0578840049
64.9480443624
68.3116642421
71.7057572136
17.7751129299
25.4430493754
33.0153658095
40.7376427254
47.218809489
54.0918817845
61.0578840049
64.9480443624
68.3116642421
71.7057572136
14.9697611298
20.4836129418
25.9287064149
31.4816333162
35.7413534322
40.5711089287
45.4661669269
48.4468423834
50.9146015419
53.4047176415
14.9697611298
20.4836129418
25.9287064149
31.4816333162
35.7413534322
40.5711089287
45.4661669269
48.4468423834
50.9146015419
53.4047176415
-2.16999532369
-2.29199144917
-2.38093130371
-2.4227616283
-2.44476856954
-2.45897503657
-2.46950043562
-2.47762688338
-2.48389080513
-2.48917253914
-2.16999532369
-2.29199144917
-2.38093130371
-2.4227616283
-2.44476856954
-2.45897503657
-2.46950043562
-2.47762688338
-2.48389080513
-2.48917253914
6.6442009487
5.76528546142
4.89733014698
4.01218603725
3.13831714645
0.444944324399
-0.806025691626
-2.05721971518
-3.2935172384
-0.908044959689
6.6442009487
5.76528546142
4.89733014698
4.01218603725
3.13831714645
0.444944324399
-0.806025691626
-2.05721971518
-3.2935172384
-0.908044959689
-3.37043872388
-3.3726846513
-3.37922133402
-3.38956479615
-3.40203463438
-3.41597299529
-3.43046046872
-3.44470568637
-3.4581566378
-3.47150369061
-3.37043872388
-3.3726846513
-3.37922133402
-3.38956479615
-3.40203463438
-3.41597299529
-3.43046046872
-3.44470568637
-3.4581566378
-3.47150369061
-3.39229430731
-3.39927416328
-3.40616697968
-3.41704782556
-3.43029272097
-3.44496028452
-3.45982616631
-3.4750235168
-3.48914390307
-3.50339221456
-3.39229430731
-3.39927416328
-3.40616697968
-3.41704782556
-3.43029272097
-3.44496028452
-3.45982616631
-3.4750235168
-3.48914390307
-3.50339221456
-3.41552560208
-3.42282487389
-3.43003312298
-3.44138993733
-3.45532131195
-3.47063474069
-3.48615522033
-3.50187645232
-3.51658976659
-3.5309720443
-3.41552560208
-3.42282487389
-3.43003312298
-3.44138993733
-3.45532131195
-3.47063474069
-3.48615522033
-3.50187645232
-3.51658976659
-3.5309720443
-3.44910061629
-3.4516934869
-3.45928839541
-3.47122865498
-3.48600152024
-3.50210665471
-3.51872957285
-3.53479295392
-3.55023308316
-3.56521139946
-3.44910061629
-3.4516934869
-3.45928839541
-3.47122865498
-3.48600152024
-3.50210665471
-3.51872957285
-3.53479295392
-3.55023308316
-3.56521139946
-3.4844700898
-3.49271730538
-3.50086167729
-3.50916733853
-3.51736719988
-3.54682990095
-3.5642930581
-3.58175934232
-3.59901767598
-3.61466421701
-3.4844700898
-3.49271730538
-3.50086167729
-3.50916733853
-3.51736719988
-3.54682990095
-3.5642930581
-3.58175934232
-3.59901767598
-3.61466421701
-3.27935664125
-3.24734933184
-3.21741442694
-3.19185471979
-3.16625493512
-3.14005341163
-3.11581325642
-3.09757983565
-3.08618013004
-3.08398644835
-3.27935664125
-3.24734933184
-3.21741442694
-3.19185471979
-3.16625493512
-3.14005341163
-3.11581325642
-3.09757983565
-3.08618013004
-3.08398644835
-3.31407190186
-3.29313333054
-3.27245586551
-3.25694304641
-3.24225352467
-3.22726968927
-3.21208325937
-3.20357509207
-3.19864987629
-3.19368003998
-3.31407190186
-3.29313333054
-3.27245586551
-3.25694304641
-3.24225352467
-3.22726968927
-3.21208325937
-3.20357509207
-3.19864987629
-3.19368003998
-3.34632045768
-3.33368487224
-3.32120685395
-3.31459270713
-3.30956656112
-3.30451839233
-3.29940196789
-3.29745660489
-3.29826593726
-3.30628554134
-3.34632045768
-3.33368487224
-3.32120685395
-3.31459270713
-3.30956656112
-3.30451839233
-3.29940196789
-3.29745660489
-3.29826593726
-3.30628554134
-3.39327211896
-3.38339321369
-3.38096613011
-3.38526003317
-3.39207931549
-3.39921035091
-3.40567009363
-3.412537169
-3.42037594748
-3.43427592821
-3.39327211896
-3.38339321369
-3.38096613011
-3.38526003317
-3.39207931549
-3.39921035091
-3.40567009363
-3.412537169
-3.42037594748
-3.43427592821
-3.44202584914
-3.45403138311
-3.46588720676
-3.47797782051
-3.48991442057
-3.53377260784
-3.55854136092
-3.58331454926
-3.6077927923
-3.6118902049
-3.44202584914
-3.45403138311
-3.46588720676
-3.47797782051
-3.48991442057
-3.53377260784
-3.55854136092
-3.58331454926
-3.6077927923
-3.6118902049
-3.22447248209
-3.16129240486
-3.08823012366
-3.00946499739
-2.93212775095
-2.86959267707
-2.8258957323
-2.79896520548
-2.78324797447
-2.76985652873
-3.22447248209
-3.16129240486
-3.08823012366
-3.00946499739
-2.93212775095
-2.86959267707
-2.8258957323
-2.79896520548
-2.78324797447
-2.76985652873
-3.19673829369
-3.13392208143
-3.07188919425
-3.01678587767
-2.96019473022
-2.9007337964
-2.84046889897
-2.79640245497
-2.76290883614
-2.7291117781
-3.19673829369
-3.13392208143
-3.07188919425
-3.01678587767
-2.96019473022
-2.9007337964
-2.84046889897
-2.79640245497
-2.76290883614
-2.7291117781
-3.24251274107
-3.19997486977
-3.15796745041
-3.12439686182
-3.09093443489
-3.05534386978
-3.01927208922
-2.99082683376
-2.97078019327
-2.96925578689
-3.24251274107
-3.19997486977
-3.15796745041
-3.12439686182
-3.09093443489
-3.05534386978
-3.01927208922
-2.99082683376
-2.97078019327
-2.96925578689
-3.33332739334
-3.29816215623
-3.26485991124
-3.23669037298
-3.20780618177
-3.17777564453
-3.15022606497
-3.12972116363
-3.11746571652
-3.11388048745
-3.33332739334
-3.29816215623
-3.26485991124
-3.23669037298
-3.20780618177
-3.17777564453
-3.15022606497
-3.12972116363
-3.11746571652
-3.11388048745
-3.37835948815
-3.3960024997
-3.41342550096
-3.43119354349
-3.4487352516
-3.51418666819
-3.54991381515
-3.58564735967
-3.62095546676
-3.60772918674
-3.37835948815
-3.3960024997
-3.41342550096
-3.43119354349
-3.4487352516
-3.51418666819
-3.54991381515
-3.58564735967
-3.62095546676
-3.60772918674
-3.14398507765
-3.03526244123
-2.91248244289
-2.79586309531
-2.71551078833
-2.67124423411
-2.64323811474
-2.62668378802
-2.61656693687
-2.60602797301
-3.14398507765
-3.03526244123
-2.91248244289
-2.79586309531
-2.71551078833
-2.67124423411
-2.64323811474
-2.62668378802
-2.61656693687
-2.60602797301
-2.92295987462
-2.76242916683
-2.60390029464
-2.45641915063
-2.30205754317
-2.13881671304
-1.97336872469
-1.84633296842
-1.74617974244
-1.64511916706
-2.92295987462
-2.76242916683
-2.60390029464
-2.45641915063
-2.30205754317
-2.13881671304
-1.97336872469
-1.84633296842
-1.74617974244
-1.64511916706
-3.00029473566
-2.88798486401
-2.77707550882
-2.68060655611
-2.58079280702
-2.47393665051
-2.36563570567
-2.27535736777
-2.20664679064
-2.18285302651
-3.00029473566
-2.88798486401
-2.77707550882
-2.68060655611
-2.58079280702
-2.47393665051
-2.36563570567
-2.27535736777
-2.20664679064
-2.18285302651
-3.25567115113
-3.18903080009
-3.11489708323
-3.0371314731
-2.9614910319
-2.904903181
-2.87048967291
-2.85121114131
-2.84069250876
-2.83010535568
-3.25567115113
-3.18903080009
-3.11489708323
-3.0371314731
-2.9614910319
-2.904903181
-2.87048967291
-2.85121114131
-2.84069250876
-2.83010535568
-3.22980464584
-3.26060177175
-3.29101485411
-3.32203023043
-3.35265052401
-3.46848614233
-3.52978287502
-3.59109058395
-3.65166837385
-3.59802014437
-3.22980464584
-3.26060177175
-3.29101485411
-3.32203023043
-3.35265052401
-3.46848614233
-3.52978287502
-3.59109058395
-3.65166837385
-3.59802014437
-2.12842084945
-1.61799017886
-1.1139246349
-0.599876688271
-0.10111884474
0.44690117595
1.00233090472
1.41505622371
1.74951447084
2.08700278
-2.12842084945
-1.61799017886
-1.1139246349
-0.599876688271
-0.10111884474
0.44690117595
1.00233090472
1.41505622371
1.74951447084
2.08700278
-2.29718063103
-1.9133025049
-1.53421138125
-1.17558091738
-0.797743972769
-0.39729195108
0.00857453079358
0.325254429419
0.577772471736
0.832578229602
-2.29718063103
-1.9133025049
-1.53421138125
-1.17558091738
-0.797743972769
-0.39729195108
0.00857453079358
0.325254429419
0.577772471736
0.832578229602
-2.44665358042
-2.17486485083
-1.9064653566
-1.66622871448
-1.41475480045
-1.14500586359
-0.871609686116
-0.639998588381
-0.460056156042
-0.385361002791
-2.44665358042
-2.17486485083
-1.9064653566
-1.66622871448
-1.41475480045
-1.14500586359
-0.871609686116
-0.639998588381
-0.460056156042
-0.385361002791
-3.14667910358
-3.04091902546
-2.92810137346
-2.82935729182
-2.78258156543
-2.76992094126
-2.76834384833
-2.76962973457
-2.7710933232
-2.77144522354
-3.14667910358
-3.04091902546
-2.92810137346
-2.82935729182
-2.78258156543
-2.76992094126
-2.76834384833
-2.76962973457
-2.7710933232
-2.77144522354
-2.89025072057
-2.95111439357
-3.01121908987
-3.0725140863
-3.13302828952
-3.3640277975
-3.48376929759
-3.60353223944
-3.72186930435
-3.57582804752
-2.89025072057
-2.95111439357
-3.01121908987
-3.0725140863
-3.13302828952
-3.3640277975
-3.48376929759
-3.60353223944
-3.72186930435
-3.57582804752
-0.3603571685
0.88871621034
2.1222135067
3.380138711
4.61447514046
5.96529284915
7.33437479002
8.35757323811
9.18904462604
10.0280488223
-0.3603571685
0.88871621034
2.1222135067
3.380138711
4.61447514046
5.96529284915
7.33437479002
8.35757323811
9.18904462604
10.0280488223
-0.73273252205
0.209514149922
1.14001090221
2.02651466573
2.96303995323
3.95651995383
4.96343266951
5.75422292401
6.38765300717
7.02682172126
-0.73273252205
0.209514149922
1.14001090221
2.02651466573
2.96303995323
3.95651995383
4.96343266951
5.75422292401
6.38765300717
7.02682172126
-1.06255069234
-0.392064817877
0.270060023949
0.869715889581
1.50034021597
2.17732110369
2.86345536277
3.4483983601
3.90642043045
4.10836905651
-1.06255069234
-0.392064817877
0.270060023949
0.869715889581
1.50034021597
2.17732110369
2.86345536277
3.4483983601
3.90642043045
4.10836905651
-2.97649423273
-2.85013477474
-2.73732794359
-2.70170977631
-2.70458788809
-2.71129760011
-2.71780583965
-2.72380315459
-2.72863732375
-2.73249154909
-2.97649423273
-2.85013477474
-2.73732794359
-2.70170977631
-2.70458788809
-2.71129760011
-2.71780583965
-2.72380315459
-2.72863732375
-2.73249154909
-2.04136590738
-2.17739594812
-2.31172967928
-2.44872372597
-2.5839727033
-3.10288193543
-3.36873535401
-3.63463637817
-3.89737163059
-3.52034780538
-2.04136590738
-2.17739594812
-2.31172967928
-2.44872372597
-2.5839727033
-3.10288193543
-3.36873535401
-3.63463637817
-3.89737163059
-3.52034780538
3.9271972578
6.96747920415
9.96984850008
13.0316760542
16.0497905546
19.3473926567
22.6895812119
25.193176998
27.2299052524
29.285085475
3.9271972578
6.96747920415
9.96984850008
13.0316760542
16.0497905546
19.3473926567
22.6895812119
25.193176998
27.2299052524
29.285085475
3.06105414222
5.35734453787
7.62499993961
9.93756348794
12.0829409738
14.5145138232
16.9789636559
18.9194715234
20.4766133056
22.0478621885
3.06105414222
5.35734453787
7.62499993961
9.93756348794
12.0829409738
14.5145138232
16.9789636559
18.9194715234
20.4766133056
22.0478621885
2.29389881127
3.93122526203
5.54813407177
7.19706378637
8.56944563078
10.2339639994
11.9209881063
13.3627609602
14.4951261527
15.6377501348
2.29389881127
3.93122526203
5.54813407177
7.19706378637
8.56944563078
10.2339639994
11.9209881063
13.3627609602
14.4951261527
15.6377501348
-2.75655440202
-2.65435997029
-2.62178271704
-2.63995041585
-2.65468212202
-2.66595320306
-2.67542696997
-2.68362199908
-2.68992745941
-2.69611600434
-2.75655440202
-2.65435997029
-2.62178271704
-2.63995041585
-2.65468212202
-2.66595320306
-2.67542696997
-2.68362199908
-2.68992745941
-2.69611600434
0.0171797645883
-0.301128717903
-0.615467858592
-0.936032102176
-1.25251290671
-2.46960321991
-3.08977804082
-3.7100639146
-4.32296477172
-3.38580821821
0.0171797645883
-0.301128717903
-0.615467858592
-0.936032102176
-1.25251290671
-2.46960321991
-3.08977804082
-3.7100639146
-4.32296477172
-3.38580821821
14.3145713834
21.6943792407
28.982160082
36.4142665249
43.7539052176
51.7679437367
59.890339038
65.9804644576
70.9371449142
75.9387309737
14.3145713834
21.6943792407
28.982160082
36.4142665249
43.7539052176
51.7679437367
59.890339038
65.9804644576
70.9371449142
75.9387309737
12.2521867825
17.828892385
23.336055855
28.9522819736
34.177546539
40.0931587646
46.0887552208
50.8146614291
54.6096614512
58.439042702
12.2521867825
17.828892385
23.336055855
28.9522819736
34.177546539
40.0931587646
46.0887552208
50.8146614291
54.6096614512
58.439042702
10.4255032788
14.4051754556
18.3352206825
22.3430956568
25.6956288522
29.7526349322
33.8644952685
37.3820930325
40.1481760983
42.9393188042
10.4255032788
14.4051754556
18.3352206825
22.3430956568
25.6956288522
29.7526349322
33.8644952685
37.3820930325
40.1481760983
42.9393188042
-2.51008529448
-2.50853764984
-2.55931500754
-2.5917595922
-2.61109583361
-2.62503507741
-2.63548923327
-2.64264286111
-2.6503102061
-2.65674659391
-2.51008529448
-2.50853764984
-2.55931500754
-2.5917595922
-2.61109583361
-2.62503507741
-2.63548923327
-2.64264286111
-2.6503102061
-2.65674659391
5.00437804205
4.24446714912
3.49403242864
2.72873626475
1.97318866236
-0.935371280255
-2.41395362226
-3.89280072966
-5.35404093837
-3.05986179567
5.00437804205
4.24446714912
3.49403242864
2.72873626475
1.97318866236
-0.935371280255
-2.41395362226
-3.89280072966
-5.35404093837
-3.05986179567
-3.37043872388
-3.3726846513
-3.37922133402
-3.38956479615
-3.40203463438
-3.41597299529
-3.43046046872
-3.44470568637
-3.4581566378
-3.47150369061
-3.37043872388
-3.3726846513
-3.37922133402
-3.38956479615
-3.40203463438
-3.41597299529
-3.43046046872
-3.44470568637
-3.4581566378
-3.47150369061
-3.39229430731
-3.39927416328
-3.40616697968
-3.41704782556
-3.43029272097
-3.44496028452
-3.45982616631
-3.4750235168
-3.48914390307
-3.50339221456
-3.39229430731
-3.39927416328
-3.40616697968
-3.41704782556
-3.43029272097
-3.44496028452
-3.45982616631
-3.4750235168
-3.48914390307
-3.50339221456
-3.41552560208
-3.42282487389
-3.43003312298
-3.44138993733
-3.45532131195
-3.47063474069
-3.48615522033
-3.50187645232
-3.51658976659
-3.5309720443
-3.41552560208
-3.42282487389
-3.43003312298
-3.44138993733
-3.45532131195
-3.47063474069
-3.48615522033
-3.50187645232
-3.51658976659
-3.5309720443
-3.44910061629
-3.4516934869
-3.45928839541
-3.47122865498
-3.48600152024
-3.50210665471
-3.51872957285
-3.53479295392
-3.55023308316
-3.56521139946
-3.44910061629
-3.4516934869
-3.45928839541
-3.47122865498
-3.48600152024
-3.50210665471
-3.51872957285
-3.53479295392
-3.55023308316
-3.56521139946
-3.4844700898
-3.49271730538
-3.50086167729
-3.50916733853
-3.51736719988
-3.54682990095
-3.5642930581
-3.58175934232
-3.59901767598
-3.61466421701
-3.4844700898
-3.49271730538
-3.50086167729
-3.50916733853
-3.51736719988
-3.54682990095
-3.5642930581
-3.58175934232
-3.59901767598
-3.61466421701
-3.29692505978
-3.27369120623
-3.25284295832
-3.23655259506
-3.21993730197
-3.20066582749
-3.1801683736
-3.16195109108
-3.14855015282
-3.14446985788
-3.29692505978
-3.27369120623
-3.25284295832
-3.23655259506
-3.21993730197
-3.20066582749
-3.1801683736
-3.16195109108
-3.14855015282
-3.14446985788
-3.32965189142
-3.31553713431
-3.30159838977
-3.29278461228
-3.28463820248
-3.27472611308
-3.26468000359
-3.25389726037
-3.24734303872
-3.24072943837
-3.32965189142
-3.31553713431
-3.30159838977
-3.29278461228
-3.28463820248
-3.27472611308
-3.26468000359
-3.25389726037
-3.24734303872
-3.24072943837
-3.36051830304
-3.35260067061
-3.34478177192
-3.34259011324
-3.34194471435
-3.34032236602
-3.33867808213
-3.33533529602
-3.33484530909
-3.34071538409
-3.36051830304
-3.35260067061
-3.34478177192
-3.34259011324
-3.34194471435
-3.34032236602
-3.33867808213
-3.33533529602
-3.33484530909
-3.34071538409
-3.4048253339
-3.39803339252
-3.39771624035
-3.40364201765
-3.41219140633
-3.42073067609
-3.42834152383
-3.43516256553
-3.44210615664
-3.45370523252
-3.4048253339
-3.39803339252
-3.39771624035
-3.40364201765
-3.41219140633
-3.42073067609
-3.42834152383
-3.43516256553
-3.44210615664
-3.45370523252
-3.45212184722
-3.46259568156
-3.47293890602
-3.48348696542
-3.49390066061
-3.53499511671
-3.55828528296
-3.58157961972
-3.60459661812
-3.61219517057
-3.45212184722
-3.46259568156
-3.47293890602
-3.48348696542
-3.49390066061
-3.53499511671
-3.55828528296
-3.58157961972
-3.60459661812
-3.61219517057
-3.26143141261
-3.21658962272
-3.16429508164
-3.1054800328
-3.04036202567
-2.97788661628
-2.92959316622
-2.89826278654
-2.87985302533
-2.86438684024
-3.26143141261
-3.21658962272
-3.16429508164
-3.1054800328
-3.04036202567
-2.97788661628
-2.92959316622
-2.89826278654
-2.87985302533
-2.86438684024
-3.23568826758
-3.18993159085
-3.14474550491
-3.10638979235
-3.06615642474
-3.01937485591
-2.97196075953
-2.92220787572
-2.8846417422
-2.84673527408
-3.23568826758
-3.18993159085
-3.14474550491
-3.10638979235
-3.06615642474
-3.01937485591
-2.97196075953
-2.92220787572
-2.8846417422
-2.84673527408
-3.27800735449
-3.24726436568
-3.21690474532
-3.19439037711
-3.17187981796
-3.14485380402
-3.11746237483
-3.08552356158
-3.06222862285
-3.05533039378
-3.27800735449
-3.24726436568
-3.21690474532
-3.19439037711
-3.17187981796
-3.14485380402
-3.11746237483
-3.08552356158
-3.06222862285
-3.05533039378
-3.35907596346
-3.33385327804
-3.30995778352
-3.29066700045
-3.27087846965
-3.24792803277
-3.22328891048
-3.20148514574
-3.18716611465
-3.18237377195
-3.35907596346
-3.33385327804
-3.30995778352
-3.29066700045
-3.27087846965
-3.24792803277
-3.22328891048
-3.20148514574
-3.18716611465
-3.18237377195
-3.40359948336
-3.41741324581
-3.43105474912
-3.44496640575
-3.45870085171
-3.51724294035
-3.54927362026
-3.58131003581
-3.61296503132
-3.6084916009
-3.40359948336
-3.41741324581
-3.43105474912
-3.44496640575
-3.45870085171
-3.51724294035
-3.54927362026
-3.58131003581
-3.61296503132
-3.6084916009
-3.21199380355
-3.13139382253
-3.03352983097
-2.92748888484
-2.83824938323
-2.78289101146
-2.75423777224
-2.739609498
-2.73073439374
-2.72155125956
-3.21199380355
-3.13139382253
-3.03352983097
-2.92748888484
-2.83824938323
-2.78289101146
-2.75423777224
-2.739609498
-2.73073439374
-2.72155125956
-3.01643981196
-2.89685198945
-2.77875544023
-2.67146854585
-2.55636561002
-2.42355525587
-2.28894919004
-2.14826597822
-2.038338717
-1.92741555742
-3.01643981196
-2.89685198945
-2.77875544023
-2.67146854585
-2.55636561002
-2.42355525587
-2.28894919004
-2.14826597822
-2.038338717
-1.92741555742
-3.08548180785
-3.00147965418
-2.9185250166
-2.8485909928
-2.77506172639
-2.68876049269
-2.60129239113
-2.50262951454
-2.42612302161
-2.38943208305
-3.08548180785
-3.00147965418
-2.9185250166
-2.8485909928
-2.77506172639
-2.68876049269
-2.60129239113
-2.50262951454
-2.42612302161
-2.38943208305
-3.30580284202
-3.25752280701
-3.20279024738
-3.14358936141
-3.07805774022
-3.01774363082
-2.97590884856
-2.95195248205
-2.93885164838
-2.92727407154
-3.30580284202
-3.25752280701
-3.20279024738
-3.14358936141
-3.07805774022
-3.01774363082
-2.97590884856
-2.95195248205
-2.93885164838
-2.92727407154
-3.29038063436
-3.31198756241
-3.33332504969
-3.35508509985
-3.37656796427
-3.47582119552
-3.52824640729
-3.5806810067
-3.6324913288
-3.59984993835
-3.29038063436
-3.31198756241
-3.33332504969
-3.35508509985
-3.37656796427
-3.47582119552
-3.52824640729
-3.5806810067
-3.6324913288
-3.59984993835
-2.36838749856
-1.98677642032
-1.60992407422
-1.22560862752
-0.85267198064
-0.40167264609
0.0554245923482
0.51385864769
0.87633415192
1.24209354367
-2.36838749856
-1.98677642032
-1.60992407422
-1.22560862752
-0.85267198064
-0.40167264609
0.0554245923482
0.51385864769
0.87633415192
1.24209354367
-2.51530048484
-2.22695575767
-1.94220672097
-1.67736283956
-1.39112946208
-1.06168188434
-0.727779888348
-0.379255926784
-0.103931802243
0.173886652108
-2.51530048484
-2.22695575767
-1.94220672097
-1.67736283956
-1.39112946208
-1.06168188434
-0.727779888348
-0.379255926784
-0.103931802243
0.173886652108
-2.64542341554
-2.43968602789
-2.2365142081
-2.05819240009
-1.86804894565
-1.64626149536
-1.42147528554
-1.17030026417
-0.972167361645
-0.867378801371
-2.64542341554
-2.43968602789
-2.2365142081
-2.05819240009
-1.86804894565
-1.64626149536
-1.42147528554
-1.17030026417
-0.972167361645
-0.867378801371
-3.24283876367
-3.16017978228
-3.06854127157
-2.97330666773
-2.90585049901
-2.8799832045
-2.87403348184
-2.87365712661
-2.87454674918
-2.87409153415
-3.24283876367
-3.16017978228
-3.06854127157
-2.97330666773
-2.90585049901
-2.8799832045
-2.87403348184
-2.87365712661
-2.87454674918
-2.87409153415
-3.03159469377
-3.07101457177
-3.10994287956
-3.14964211495
-3.18883565013
-3.38114292161
-3.48018420622
-3.57924322586
-3.67712286589
-3.5800975668
-3.03159469377
-3.07101457177
-3.10994287956
-3.14964211495
-3.18883565013
-3.38114292161
-3.48018420622
-3.57924322586
-3.67712286589
-3.5800975668
-0.943133316334
-0.00690751891999
0.91764343978
1.8605040014
2.78927466756
3.90447070991
5.03474517425
6.16895055349
7.06846385152
7.97612639124
-0.943133316334
-0.00690751891999
0.91764343978
1.8605040014
2.78927466756
3.90447070991
5.03474517425
6.16895055349
7.06846385152
7.97612639124
-1.26245216702
-0.552215178219
0.149165077181
0.807901426165
1.52196090775
2.34300154449
3.17514336588
4.0432692018
4.73208548464
5.42714217592
-1.26245216702
-0.552215178219
0.149165077181
0.807901426165
1.52196090775
2.34300154449
3.17514336588
4.0432692018
4.73208548464
5.42714217592
-1.54527743478
-1.03520196217
-0.531487186834
-0.0821959183229
0.399483006207
0.959985997971
1.52806747846
2.16052286174
2.66272178827
2.93775440282
-1.54527743478
-1.03520196217
-0.531487186834
-0.0821959183229
0.399483006207
0.959985997971
1.52806747846
2.16052286174
2.66272178827
2.93775440282
-3.12655699666
-3.01536029662
-2.90469946995
-2.83194170326
-2.82163136924
-2.82546778207
-2.83086730362
-2.83568542127
-2.8397970704
-2.84339520175
-3.12655699666
-3.01536029662
-2.90469946995
-2.83194170326
-2.82163136924
-2.82546778207
-2.83086730362
-2.83568542127
-2.8397970704
-2.84339520175
-2.3846298423
-2.46858209518
-2.55148745424
-2.6360346527
-2.71950486476
-3.14444723685
-3.36002870354
-3.57564877377
-3.78870170862
-3.53071663794
-2.3846298423
-2.46858209518
-2.55148745424
-2.6360346527
-2.71950486476
-3.14444723685
-3.36002870354
-3.57564877377
-3.78870170862
-3.53071663794
2.51310807556
4.79427456697
7.04699466123
9.34432712654
11.6209952894
14.3468683482
17.1095975854
19.8825484251
22.0843783731
24.3061560466
2.51310807556
4.79427456697
7.04699466123
9.34432712654
11.6209952894
14.3468683482
17.1095975854
19.8825484251
22.0843783731
24.3061560466
1.77570500368
3.50903072694
5.2207416877
6.96635099416
8.5862050546
10.5993588594
12.6397322574
14.7678926386
16.4594274053
18.1662868212
1.77570500368
3.50903072694
5.2207416877
6.96635099416
8.5862050546
10.5993588594
12.6397322574
14.7678926386
16.4594274053
18.1662868212
1.12257656859
2.3706718972
3.60320333972
4.86014356263
5.89824798945
7.2801361693
8.68070868116
10.2377689421
11.4773279768
12.7281169358
1.12257656859
2.3706718972
3.60320333972
4.86014356263
5.89824798945
7.2801361693
8.68070868116
10.2377689421
11.4773279768
12.7281169358
-2.97570302132
-2.85880573712
-2.76871971653
-2.76459008524
-2.77439749608
-2.78379016463
-2.79192834637
-2.79862147978
-2.80441010785
-2.80937652519
-2.97570302132
-2.85880573712
-2.76871971653
-2.76459008524
-2.77439749608
-2.78379016463
-2.79192834637
-2.79862147978
-2.80441010785
-2.80937652519
-0.815740077489
-1.00768333946
-1.19723304783
-1.39053655675
-1.58137771026
-2.57046020131
-3.06865160954
-3.56693222745
-4.05928040222
-3.41096788543
-0.815740077489
-1.00768333946
-1.19723304783
-1.39053655675
-1.58137771026
-2.57046020131
-3.06865160954
-3.56693222745
-4.05928040222
-3.41096788543
10.8864763961
16.4260043627
21.896453806
27.4752388214
33.0174318476
39.6454605647
46.363106004
53.1062133716
58.4631403582
63.8685990261
10.8864763961
16.4260043627
21.896453806
27.4752388214
33.0174318476
39.6454605647
46.363106004
53.1062133716
58.4631403582
63.8685990261
9.13618887085
13.3481316312
17.5075510019
21.7493425948
25.7006109774
30.6018740038
35.5694063759
40.7502277691
44.8710289658
49.0291630235
9.13618887085
13.3481316312
17.5075510019
21.7493425948
25.7006109774
30.6018740038
35.5694063759
40.7502277691
44.8710289658
49.0291630235
7.58593420561
10.6220157833
13.6202370896
16.6778345083
19.2199982066
22.5918401926
26.0092724196
29.8063548068
32.8323017326
35.8856625641
7.58593420561
10.6220157833
13.6202370896
16.6778345083
19.2199982066
22.5918401926
26.0092724196
29.8063548068
32.8323017326
35.8856625641
-2.78630115287
-2.70840979689
-2.69748877226
-2.71921377457
-2.73509835205
-2.74715982586
-2.75677959097
-2.76474144855
-2.77061693657
-2.7754240905
-2.78630115287
-2.70840979689
-2.69748877226
-2.71921377457
-2.73509835205
-2.74715982586
-2.75677959097
-2.76474144855
-2.77061693657
-2.7754240905
2.98517842489
2.5316074605
2.08369257595
1.62690728398
1.17594065375
-1.17987305333
-2.36273803129
-3.5458148214
-4.71480610323
-3.12085492833
2.98517842489
2.5316074605
2.08369257595
1.62690728398
1.17594065375
-1.17987305333
-2.36273803129
-3.5458148214
-4.71480610323
-3.12085492833
