-2.87532599276
-2.87709451234
-2.87884097829
-2.88062203087
-2.88558500702
-2.8898830865
-2.89423927976
-2.89872142705
-2.90307033986
-2.90745865213
-2.87532599276
-2.87709451234
-2.87884097829
-2.88062203087
-2.88558500702
-2.8898830865
-2.89423927976
-2.89872142705
-2.90307033986
-2.90745865213
-2.95487482504
-2.95664159576
-2.95838633465
-2.96016562596
-2.9648333368
-2.96897215248
-2.97316692855
-2.97736360375
-2.98146633118
-2.98560622773
-2.95487482504
-2.95664159576
-2.95838633465
-2.96016562596
-2.9648333368
-2.96897215248
-2.97316692855
-2.97736360375
-2.98146633118
-2.98560622773
-3.02533236221
-3.02709758393
-3.02884079314
-3.03154382893
-3.03502471461
-3.03902246806
-3.04307427463
-3.04701810312
-3.05090278064
-3.05482265183
-3.02533236221
-3.02709758393
-3.02884079314
-3.03154382893
-3.03502471461
-3.03902246806
-3.04307427463
-3.04701810312
-3.05090278064
-3.05482265183
-3.11169966583
-3.11346298878
-3.1152043229
-3.11698014202
-3.12106575837
-3.12489059684
-3.12876715046
-3.13240103782
-3.13601842836
-3.13966859106
-3.11169966583
-3.11346298878
-3.1152043229
-3.11698014202
-3.12106575837
-3.12489059684
-3.12876715046
-3.13240103782
-3.13601842836
-3.13966859106
-3.23443214992
-3.23619277462
-3.23793144414
-3.23970454588
-3.24145506135
-3.24691372721
-3.25054123717
-3.25416939669
-3.25775435998
-3.26023913627
-3.23443214992
-3.23619277462
-3.23793144414
-3.23970454588
-3.24145506135
-3.24691372721
-3.25054123717
-3.25416939669
-3.25775435998
-3.26023913627
-2.63585463968
-2.59404977729
-2.55276622613
-2.51066510464
-2.49965537167
-2.48741171729
-2.47500251804
-2.49159561972
-2.5073257391
-2.52319836726
-2.63585463968
-2.59404977729
-2.55276622613
-2.51066510464
-2.49965537167
-2.48741171729
-2.47500251804
-2.49159561972
-2.5073257391
-2.52319836726
-2.77539746147
-2.74606689119
-2.71710207634
-2.6875636487
-2.68033376571
-2.67232533045
-2.66420861417
-2.67723032535
-2.68963248249
-2.70214699837
-2.77539746147
-2.74606689119
-2.71710207634
-2.6875636487
-2.68033376571
-2.67232533045
-2.66420861417
-2.67723032535
-2.68963248249
-2.70214699837
-2.8989925322
-2.88071062064
-2.86265668652
-2.84957476713
-2.84036320043
-2.83610595925
-2.83179115646
-2.84164963605
-2.8511041695
-2.86064435735
-2.8989925322
-2.88071062064
-2.86265668652
-2.84957476713
-2.84036320043
-2.83610595925
-2.83179115646
-2.84164963605
-2.8511041695
-2.86064435735
-3.05049616729
-3.04575777287
-3.04107846675
-3.03630649269
-3.03652831396
-3.03686931068
-3.03721491797
-3.04319588787
-3.04903720518
-3.05493144256
-3.05049616729
-3.04575777287
-3.04107846675
-3.03630649269
-3.03652831396
-3.03686931068
-3.03721491797
-3.04319588787
-3.04903720518
-3.05493144256
-3.26579080662
-3.28029846288
-3.29462520707
-3.30923567494
-3.32366003048
-3.32216459956
-3.32913289486
-3.33610243796
-3.34298900288
-3.33102361627
-3.26579080662
-3.28029846288
-3.29462520707
-3.30923567494
-3.32366003048
-3.32216459956
-3.32913289486
-3.33610243796
-3.34298900288
-3.33102361627
-2.27664761008
-2.16948267471
-2.06365409789
-1.95572971531
-1.92076091865
-1.88370466348
-1.84614737545
-1.88090690872
-1.91370883796
-1.94680793995
-2.27664761008
-2.16948267471
-2.06365409789
-1.95572971531
-1.92076091865
-1.88370466348
-1.84614737545
-1.88090690872
-1.91370883796
-1.94680793995
-2.50618141613
-2.43020483433
-2.35517568887
-2.27866068279
-2.25358440907
-2.22735509741
-2.20077114259
-2.22703040774
-2.25188170946
-2.27695815433
-2.50618141613
-2.43020483433
-2.35517568887
-2.27866068279
-2.25358440907
-2.22735509741
-2.20077114259
-2.22703040774
-2.25188170946
-2.27695815433
-2.7094827872
-2.66113017571
-2.6133805266
-2.57662117443
-2.54837092917
-2.53173119603
-2.51486647921
-2.53359693544
-2.55140625278
-2.56937691564
-2.7094827872
-2.66113017571
-2.6133805266
-2.57662117443
-2.54837092917
-2.53173119603
-2.51486647921
-2.53359693544
-2.55140625278
-2.56937691564
-2.95869091948
-2.944199949
-2.92988968253
-2.91529601869
-2.90972214735
-2.90483738144
-2.89988656924
-2.90938816295
-2.91856537041
-2.92782571982
-2.95869091948
-2.944199949
-2.92988968253
-2.91529601869
-2.90972214735
-2.90483738144
-2.89988656924
-2.90938816295
-2.91856537041
-2.92782571982
-3.31282879167
-3.34645699527
-3.37966585147
-3.41353236852
-3.44696748419
-3.43504090808
-3.44702038141
-3.45900199986
-3.47084096724
-3.43720033628
-3.31282879167
-3.34645699527
-3.37966585147
-3.41353236852
-3.44696748419
-3.43504090808
-3.44702038141
-3.45900199986
-3.47084096724
-3.43720033628
-1.43849787432
-1.17882610204
-0.92239246533
-0.660880473533
-0.57000719492
-0.47505487124
-0.378818709427
-0.45596658307
-0.5286027353
-0.601896942904
-1.43849787432
-1.17882610204
-0.92239246533
-0.660880473533
-0.57000719492
-0.47505487124
-0.378818709427
-0.45596658307
-0.5286027353
-0.601896942904
-1.87801064365
-1.69319336834
-1.51068078479
-1.32455376235
-1.25783591025
-1.1890912203
-1.11941704226
-1.17656393333
-1.23046323904
-1.28485085157
-1.87801064365
-1.69319336834
-1.51068078479
-1.32455376235
-1.25783591025
-1.1890912203
-1.11941704226
-1.17656393333
-1.23046323904
-1.28485085157
-2.26729338219
-2.1487758042
-2.03173615345
-1.93972945814
-1.86705562955
-1.82152341518
-1.77537556562
-1.8148073007
-1.85211111379
-1.88975288496
-2.26729338219
-2.1487758042
-2.03173615345
-1.93972945814
-1.86705562955
-1.82152341518
-1.77537556562
-1.8148073007
-1.85211111379
-1.88975288496
-2.7444786746
-2.70723169332
-2.670449186
-2.63293824603
-2.61384109191
-2.59676287988
-2.57945375555
-2.59717013812
-2.61413108928
-2.63124570008
-2.7444786746
-2.70723169332
-2.670449186
-2.63293824603
-2.61384109191
-2.59676287988
-2.57945375555
-2.59717013812
-2.61413108928
-2.63124570008
-3.42258409012
-3.50082690418
-3.57809402173
-3.65689132021
-3.73468487616
-3.69841896129
-3.72209118334
-3.7457676443
-3.7691622174
-3.68494601631
-3.42258409012
-3.50082690418
-3.57809402173
-3.65689132021
-3.73468487616
-3.69841896129
-3.72209118334
-3.7457676443
-3.7691622174
-3.68494601631
0.477272950252
1.08553177836
1.68620555195
2.29877493625
2.51742988788
2.74471608244
2.97507538435
2.80103987557
2.63735407078
2.47218533607
0.477272950252
1.08553177836
1.68620555195
2.29877493625
2.51742988788
2.74471608244
2.97507538435
2.80103987557
2.63735407078
2.47218533607
-0.442191735121
-0.00859573177461
0.419593281698
0.856262055793
1.01816065848
1.18408335594
1.35224947281
1.22450229391
1.10420755048
0.982822983314
-0.442191735121
-0.00859573177461
0.419593281698
0.856262055793
1.01816065848
1.18408335594
1.35224947281
1.22450229391
1.10420755048
0.982822983314
-1.25657474216
-0.977680097894
-0.702263300526
-0.483976963746
-0.309763516136
-0.198191344682
-0.0851106202737
-0.171859564141
-0.253722224652
-0.336326529125
-1.25657474216
-0.977680097894
-0.702263300526
-0.483976963746
-0.309763516136
-0.198191344682
-0.0851106202737
-0.171859564141
-0.253722224652
-0.336326529125
-2.25485068628
-2.16558996604
-2.0774423368
-1.98754905139
-1.93754153663
-1.8925925906
-1.84703589566
-1.88352893852
-1.91828130384
-1.95334851211
-2.25485068628
-2.16558996604
-2.0774423368
-1.98754905139
-1.93754153663
-1.8925925906
-1.84703589566
-1.88352893852
-1.91828130384
-1.95334851211
-3.67345334372
-3.85367241025
-4.03164412519
-4.21314035265
-4.39232462924
-4.30042594006
-4.3508244449
-4.40123197445
-4.45103936064
-4.25122185636
-3.67345334372
-3.85367241025
-4.03164412519
-4.21314035265
-4.39232462924
-4.30042594006
-4.3508244449
-4.40123197445
-4.45103936064
-4.25122185636
5.26670001169
6.74642647936
8.20770059515
9.69791346069
10.2360225949
10.7941434666
11.3598106188
10.9435560222
10.552246086
10.1573910335
5.26670001169
6.74642647936
8.20770059515
9.69791346069
10.2360225949
10.7941434666
11.3598106188
10.9435560222
10.552246086
10.1573910335
3.14735553619
4.20289835963
5.24527844791
6.30830160116
6.7081520803
7.11701979653
7.53141576046
7.22716786199
6.94088452427
6.65200757052
3.14735553619
4.20289835963
5.24527844791
6.30830160116
6.7081520803
7.11701979653
7.53141576046
7.22716786199
6.94088452427
6.65200757052
1.27022185789
1.95005916787
2.62141883178
3.30607395415
3.58346676739
3.86013883158
4.14055174309
3.93550977725
3.74224999819
3.54723936046
1.27022185789
1.95005916787
2.62141883178
3.30607395415
3.58346676739
3.86013883158
4.14055174309
3.93550977725
3.74224999819
3.54723936046
-1.0307807155
-0.81148564784
-0.5949252138
-0.374076064769
-0.24679264843
-0.1321668674
-0.015991245955
-0.09942593952
-0.17865684024
-0.258605542199
-1.0307807155
-0.81148564784
-0.5949252138
-0.374076064769
-0.24679264843
-0.1321668674
-0.015991245955
-0.09942593952
-0.17865684024
-0.258605542199
-4.3006264777
-4.73578617542
-5.16551938383
-5.60376293376
-6.03642401195
-5.805443387
-5.9226575988
-6.03989279981
-6.15573221873
-5.6669114565
-4.3006264777
-4.73578617542
-5.16551938383
-5.60376293376
-6.03642401195
-5.805443387
-5.9226575988
-6.03989279981
-6.15573221873
-5.6669114565
16.8810606357
20.4740961293
24.0223260749
27.6408243825
28.9536099094
30.3140048733
31.6927935623
30.6891576777
29.7458592228
28.7940148498
16.8810606357
20.4740961293
24.0223260749
27.6408243825
28.9536099094
30.3140048733
31.6927935623
30.6891576777
29.7458592228
28.7940148498
11.8520076691
14.4157715313
16.947564976
19.5294974987
20.5063812782
21.504390665
22.515894008
21.7836318646
21.0948261857
20.3997801945
11.8520076691
14.4157715313
16.947564976
19.5294974987
20.5063812782
21.504390665
22.515894008
21.7836318646
21.0948261857
20.3997801945
7.39770361304
9.04982688734
10.6813480026
12.3451794016
13.024550205
13.701589509
14.3877829742
13.8958804301
13.4324826386
12.9648866427
7.39770361304
9.04982688734
10.6813480026
12.3451794016
13.024550205
13.701589509
14.3877829742
13.8958804301
13.4324826386
12.9648866427
1.93758896363
2.4722173238
3.00017880948
3.53859592777
3.85327340545
4.13686551136
4.42429202959
4.22702383306
4.03993248399
3.85114615985
1.93758896363
2.4722173238
3.00017880948
3.53859592777
3.85327340545
4.13686551136
4.42429202959
4.22702383306
4.03993248399
3.85114615985
-5.82152132762
-6.87491205598
-7.91516688604
-8.97602269293
-10.023365015
-9.45511069581
-9.73435299702
-10.0136453013
-10.2896123996
-9.09995873684
-5.82152132762
-6.87491205598
-7.91516688604
-8.97602269293
-10.023365015
-9.45511069581
-9.73435299702
-10.0136453013
-10.2896123996
-9.09995873684
45.0189446216
53.7318524977
62.3361094537
71.1107632136
74.300342063
77.6043907555
80.9531130646
78.5264400389
76.2458498121
73.9445983222
45.0189446216
53.7318524977
62.3361094537
71.1107632136
74.300342063
77.6043907555
80.9531130646
78.5264400389
76.2458498121
73.9445983222
32.9405978881
39.1582993183
45.2984653274
51.5602298277
53.9350808815
56.3603922535
58.818495948
57.0492920771
55.3853034068
53.7062396444
32.9405978881
39.1582993183
45.2984653274
51.5602298277
53.9350808815
56.3603922535
58.818495948
57.0492920771
55.3853034068
53.7062396444
22.2426336384
26.2502950737
30.2079805299
34.2440431145
35.8972781207
37.5442792945
39.213549359
38.0266753108
36.9088194477
35.780836244
22.2426336384
26.2502950737
30.2079805299
34.2440431145
35.8972781207
37.5442792945
39.213549359
38.0266753108
36.9088194477
35.780836244
9.12900004196
10.4275801932
11.7099669071
13.0177497241
13.7864231236
14.4793666352
15.1816793466
14.7086289522
14.2602262076
13.8077611081
9.12900004196
10.4275801932
11.7099669071
13.0177497241
13.7864231236
14.4793666352
15.1816793466
14.7086289522
14.2602262076
13.8077611081
-9.5061634898
-12.0573304264
-14.5766840306
-17.1459303569
-19.6824488884
-18.2970881966
-18.9688727762
-19.6407776503
-20.3046829409
-17.4171351377
-9.5061634898
-12.0573304264
-14.5766840306
-17.1459303569
-19.6824488884
-18.2970881966
-18.9688727762
-19.6407776503
-20.3046829409
-17.4171351377
-2.87532599276
-2.87709451234
-2.87884097829
-2.88062203087
-2.88558500702
-2.8898830865
-2.89423927976
-2.89872142705
-2.90307033986
-2.90745865213
-2.87532599276
-2.87709451234
-2.87884097829
-2.88062203087
-2.88558500702
-2.8898830865
-2.89423927976
-2.89872142705
-2.90307033986
-2.90745865213
-2.95487482504
-2.95664159576
-2.95838633465
-2.96111989199
-2.9648333368
-2.96897215248
-2.97316692855
-2.97736360375
-2.98146633118
-2.98560622773
-2.95487482504
-2.95664159576
-2.95838633465
-2.96111989199
-2.9648333368
-2.96897215248
-2.97316692855
-2.97736360375
-2.98146633118
-2.98560622773
-3.02533236221
-3.02709758393
-3.02884079314
-3.03154382893
-3.03502471461
-3.03902246806
-3.04307427463
-3.04701810312
-3.05090278064
-3.05514645644
-3.02533236221
-3.02709758393
-3.02884079314
-3.03154382893
-3.03502471461
-3.03902246806
-3.04307427463
-3.04701810312
-3.05090278064
-3.05514645644
-3.11169966583
-3.11346298878
-3.1152043229
-3.11698014202
-3.12106575837
-3.12489059684
-3.12876715046
-3.13240103782
-3.13601842836
-3.13966859106
-3.11169966583
-3.11346298878
-3.1152043229
-3.11698014202
-3.12106575837
-3.12489059684
-3.12876715046
-3.13240103782
-3.13601842836
-3.13966859106
-3.23443214992
-3.23619277462
-3.23793144414
-3.23970454588
-3.24145506135
-3.24691372721
-3.25054123717
-3.25416939669
-3.25775435998
-3.26023913627
-3.23443214992
-3.23619277462
-3.23793144414
-3.23970454588
-3.24145506135
-3.24691372721
-3.25054123717
-3.25416939669
-3.25775435998
-3.26023913627
-2.68480563448
-2.65233019193
-2.62025972172
-2.587554135
-2.57927240771
-2.56860276039
-2.55778885014
-2.56860703835
-2.57947761336
-2.59044667156
-2.68480563448
-2.65233019193
-2.62025972172
-2.587554135
-2.57927240771
-2.56860276039
-2.55778885014
-2.56860703835
-2.57947761336
-2.59044667156
-2.81152081692
-2.78885198093
-2.76646582783
-2.75046333654
-2.7384931391
-2.73166848974
-2.72475156517
-2.73356963095
-2.74245853192
-2.75142796289
-2.81152081692
-2.78885198093
-2.76646582783
-2.75046333654
-2.7384931391
-2.73166848974
-2.72475156517
-2.73356963095
-2.74245853192
-2.75142796289
-2.92375426421
-2.90977127977
-2.89596266468
-2.8863252854
-2.87951721548
-2.87609813573
-2.87263282706
-2.87967935583
-2.8868130598
-2.89818870598
-2.92375426421
-2.90977127977
-2.89596266468
-2.8863252854
-2.87951721548
-2.87609813573
-2.87263282706
-2.87967935583
-2.8868130598
-2.89818870598
-3.061330748
-3.0579949364
-3.05470072274
-3.0513412712
-3.05238543813
-3.0531409276
-3.05390663195
-3.05878159923
-3.06376377138
-3.06879108008
-3.061330748
-3.0579949364
-3.05470072274
-3.0513412712
-3.05238543813
-3.0531409276
-3.05390663195
-3.05878159923
-3.06376377138
-3.06879108008
-3.25683417232
-3.26862855372
-3.28027585788
-3.29215382269
-3.30388048258
-3.30472805288
-3.31150624942
-3.31828565971
-3.32498435551
-3.31716221527
-3.25683417232
-3.26862855372
-3.28027585788
-3.29215382269
-3.30388048258
-3.30472805288
-3.31150624942
-3.31828565971
-3.32498435551
-3.31716221527
-2.39902509707
-2.31518371132
-2.23238783686
-2.14795229121
-2.11980350875
-2.08668227123
-2.05311320572
-2.0734354553
-2.09408852361
-2.11492870071
-2.39902509707
-2.31518371132
-2.23238783686
-2.14795229121
-2.11980350875
-2.08668227123
-2.05311320572
-2.0734354553
-2.09408852361
-2.11492870071
-2.59648980473
-2.5371675587
-2.47858506761
-2.43447850337
-2.39898284255
-2.37571299563
-2.3521285201
-2.36787867176
-2.38394683304
-2.40016056563
-2.59648980473
-2.5371675587
-2.47858506761
-2.43447850337
-2.39898284255
-2.37571299563
-2.3521285201
-2.36787867176
-2.38394683304
-2.40016056563
-2.77138711722
-2.73378182353
-2.69664547198
-2.66849747011
-2.64625596678
-2.63171163724
-2.6169706557
-2.62867123491
-2.64067847853
-2.66275208029
-2.77138711722
-2.73378182353
-2.69664547198
-2.66849747011
-2.64625596678
-2.63171163724
-2.6169706557
-2.62867123491
-2.64067847853
-2.66275208029
-2.98577737125
-2.97479285783
-2.9639453225
-2.95288296498
-2.94936495777
-2.94551642374
-2.94161585418
-2.94835244134
-2.95538178591
-2.96247481361
-2.98577737125
-2.97479285783
-2.9639453225
-2.95288296498
-2.94936495777
-2.94551642374
-2.94161585418
-2.94835244134
-2.95538178591
-2.96247481361
-3.29043720592
-3.31728222237
-3.3437924785
-3.37082773789
-3.39751861442
-3.39144954139
-3.4029537678
-3.41446005423
-3.42582934881
-3.40254683377
-3.29043720592
-3.31728222237
-3.3437924785
-3.37082773789
-3.39751861442
-3.39144954139
-3.4029537678
-3.41446005423
-3.42582934881
-3.40254683377
-1.73220384311
-1.52850858988
-1.32735343887
-1.12221465569
-1.04770941116
-0.96220112984
-0.875536702067
-0.91803509485
-0.96151398086
-1.00538676872
-1.73220384311
-1.52850858988
-1.32735343887
-1.12221465569
-1.04770941116
-0.96220112984
-0.875536702067
-0.91803509485
-0.96151398086
-1.00538676872
-2.09475077629
-1.94990390682
-1.80686329375
-1.69718055929
-1.6067921506
-1.54515017604
-1.48267474828
-1.51459976697
-1.54741953564
-1.58053663868
-2.09475077629
-1.94990390682
-1.80686329375
-1.69718055929
-1.6067921506
-1.54515017604
-1.48267474828
-1.51459976697
-1.54741953564
-1.58053663868
-2.41586377425
-2.32313975897
-2.23157202236
-2.16023256775
-2.10197971982
-2.0614764741
-2.02042558921
-2.04298561941
-2.06636445558
-2.11339995368
-2.41586377425
-2.32313975897
-2.23157202236
-2.16023256775
-2.10197971982
-2.0614764741
-2.02042558921
-2.04298561941
-2.06636445558
-2.11339995368
-2.80948615884
-2.7806546745
-2.75218272194
-2.72314691712
-2.70898383693
-2.6943925814
-2.67960403938
-2.69068440628
-2.70249048648
-2.71440352519
-2.80948615884
-2.7806546745
-2.75218272194
-2.72314691712
-2.70898383693
-2.6943925814
-2.67960403938
-2.69068440628
-2.70249048648
-2.71440352519
-3.36884428432
-3.43080744921
-3.49199792661
-3.55440020671
-3.61600758871
-3.59379968125
-3.61633131068
-3.63886697479
-3.66113433317
-3.60177761028
-3.36884428432
-3.43080744921
-3.49199792661
-3.55440020671
-3.61600758871
-3.59379968125
-3.61633131068
-3.63886697479
-3.66113433317
-3.60177761028
-0.20804097692
0.2696059734
0.74129661369
1.22232851121
1.40279138332
1.60804147904
1.81606673486
1.72288001475
1.62722783114
1.53070907584
-0.20804097692
0.2696059734
0.74129661369
1.22232851121
1.40279138332
1.60804147904
1.81606673486
1.72288001475
1.62722783114
1.53070907584
-0.947918711291
-0.607586988236
-0.271499239216
-0.0119281156951
0.203929430997
0.353279125884
0.504648158751
0.435752015415
0.364642858426
0.292889480047
-0.947918711291
-0.607586988236
-0.271499239216
-0.0119281156951
0.203929430997
0.353279125884
0.504648158751
0.435752015415
0.364642858426
0.292889480047
-1.60323899031
-1.38452932568
-1.16854699465
-0.998484219499
-0.857919726774
-0.758081815482
-0.656894008657
-0.704275641139
-0.753646688836
-0.857737950008
-1.60323899031
-1.38452932568
-1.16854699465
-0.998484219499
-0.857919726774
-0.758081815482
-0.656894008657
-0.704275641139
-0.753646688836
-0.857737950008
-2.40653481619
-2.33691025546
-2.26815392066
-2.1980359506
-2.15954127501
-2.12039522748
-2.08071989129
-2.10172889756
-2.12445323064
-2.14738343737
-2.40653481619
-2.33691025546
-2.26815392066
-2.1980359506
-2.15954127501
-2.12039522748
-2.08071989129
-2.10172889756
-2.12445323064
-2.14738343737
-3.54806046351
-3.69029368198
-3.83075323657
-3.97399442115
-4.11541095853
-4.05631428663
-4.10405140871
-4.15179707892
-4.19897429742
-4.0571622423
-3.54806046351
-3.69029368198
-3.83075323657
-3.97399442115
-4.11541095853
-4.05631428663
-4.10405140871
-4.15179707892
-4.19897429742
-4.0571622423
3.60236618856
4.7648923816
5.91292174509
7.08368642846
7.52904336952
8.03364800124
8.54507532716
8.32516778875
8.09908236114
7.87094868722
3.60236618856
4.7648923816
5.91292174509
7.08368642846
7.52904336952
8.03364800124
8.54507532716
8.32516778875
8.09908236114
7.87094868722
1.91916145121
2.74820530822
3.56691089712
4.40182995061
4.730733385
5.09935238069
5.47295542633
5.31163147137
5.14479884358
4.97645477687
1.91916145121
2.74820530822
3.56691089712
4.40182995061
4.730733385
5.09935238069
5.47295542633
5.31163147137
5.14479884358
4.97645477687
0.428322969553
0.96199675752
1.48901557463
1.90588665112
2.25223025585
2.50040483106
2.75193494273
2.64249930454
2.52814772803
2.41276017057
0.428322969553
0.96199675752
1.48901557463
1.90588665112
2.25223025585
2.50040483106
2.75193494273
2.64249930454
2.52814772803
2.41276017057
-1.39915645957
-1.22754920786
-1.05808191746
-0.885258534281
-0.78593487021
-0.68540184268
-0.583509521039
-0.62934012576
-0.67936009104
-0.72983321781
-1.39915645957
-1.22754920786
-1.05808191746
-0.885258534281
-0.78593487021
-0.68540184268
-0.583509521039
-0.62934012576
-0.67936009104
-0.72983321781
-3.99610091149
-4.33900926393
-4.67764151148
-5.02297995724
-5.36391938308
-5.2126008001
-5.32335165376
-5.43412233925
-5.54357420806
-5.19562382235
-3.99610091149
-4.33900926393
-4.67764151148
-5.02297995724
-5.36391938308
-5.2126008001
-5.32335165376
-5.43412233925
-5.54357420806
-5.19562382235
12.8426035649
15.6659619215
18.4541126887
21.2974793778
22.3852044361
23.6157438176
24.8629211635
24.3357156407
23.7933295964
23.2460297448
12.8426035649
15.6659619215
18.4541126887
21.2974793778
22.3852044361
23.6157438176
24.8629211635
24.3357156407
23.7933295964
23.2460297448
8.87183084527
10.8860016271
12.8750554777
14.9035001113
15.7082329734
16.6085800236
17.5211005502
17.1356391521
16.7366771076
16.3341006217
8.87183084527
10.8860016271
12.8750554777
14.9035001113
15.7082329734
16.6085800236
17.5211005502
17.1356391521
16.7366771076
16.3341006217
5.35486072221
6.65232250929
7.93360480511
9.24026133245
9.7943439637
10.4022349489
11.0183451498
10.7584285478
10.4864991889
10.2121062555
5.35486072221
6.65232250929
7.93360480511
9.24026133245
9.7943439637
10.4022349489
11.0183451498
10.7584285478
10.4864991889
10.2121062555
1.04373605523
1.46265133257
1.8763426903
2.29822670028
2.54506066143
2.79445711546
3.04722562681
2.94120264586
2.82499077249
2.70772606461
1.04373605523
1.46265133257
1.8763426903
2.29822670028
2.54506066143
2.79445711546
3.04722562681
2.94120264586
2.82499077249
2.70772606461
-5.08259899783
-5.91214455014
-6.73134557812
-7.56676988227
-8.39155231261
-8.01659559525
-8.28015474802
-8.54376109554
-8.80422899134
-7.95639315396
-5.08259899783
-5.91214455014
-6.73134557812
-7.56676988227
-8.39155231261
-8.01659559525
-8.28015474802
-8.54376109554
-8.80422899134
-7.95639315396
35.2287456621
42.0757695697
48.8374103357
55.7329571416
58.376934855
61.3661821355
64.3958466433
63.1241563129
61.8154749601
60.4949374617
35.2287456621
42.0757695697
48.8374103357
55.7329571416
58.376934855
61.3661821355
64.3958466433
63.1241563129
61.8154749601
60.4949374617
25.7159268
30.6012813688
35.4257150287
40.3456907069
42.3032062032
44.4917603956
46.7099057472
45.7814309558
44.8200935204
43.8500467405
25.7159268
30.6012813688
35.4257150287
40.3456907069
42.3032062032
44.4917603956
46.7099057472
45.7814309558
44.8200935204
43.8500467405
17.2902872364
20.4381632481
23.5467848996
26.7169690075
28.0664751116
29.5458439974
31.0452152392
30.4207313537
29.767041388
29.1074292446
17.2902872364
20.4381632481
23.5467848996
26.7169690075
28.0664751116
29.5458439974
31.0452152392
30.4207313537
29.767041388
29.1074292446
6.96208390039
7.98014748722
8.9855157091
10.0107940211
10.6149982896
11.2250432512
11.843336552
11.5914866802
11.3149129676
11.0358336045
6.96208390039
7.98014748722
8.9855157091
10.0107940211
10.6149982896
11.2250432512
11.843336552
11.5914866802
11.3149129676
11.0358336045
-7.71483662971
-9.72334859405
-11.7068141932
-13.7295599068
-15.7265393068
-14.8097788619
-15.4435436877
-16.077422
-16.7037534663
-14.6448549367
-7.71483662971
-9.72334859405
-11.7068141932
-13.7295599068
-15.7265393068
-14.8097788619
-15.4435436877
-16.077422
-16.7037534663
-14.6448549367
-2.87640231406
-2.87709451234
-2.87884097829
-2.88160899545
-2.88558500702
-2.8898830865
-2.89418701536
-2.89872142705
-2.90307033986
-2.90785709312
-2.87640231406
-2.87709451234
-2.87884097829
-2.88160899545
-2.88558500702
-2.8898830865
-2.89418701536
-2.89872142705
-2.90307033986
-2.90785709312
-2.95487482504
-2.95664159576
-2.95838633465
-2.96111989199
-2.9648333368
-2.96897215248
-2.97316692855
-2.97736360375
-2.98146633118
-2.98560622773
-2.95487482504
-2.95664159576
-2.95838633465
-2.96111989199
-2.9648333368
-2.96897215248
-2.97316692855
-2.97736360375
-2.98146633118
-2.98560622773
-3.02533236221
-3.02709758393
-3.02884079314
-3.03154382893
-3.03502471461
-3.03902246806
-3.04307427463
-3.04701810312
-3.05090278064
-3.05514645644
-3.02533236221
-3.02709758393
-3.02884079314
-3.03154382893
-3.03502471461
-3.03902246806
-3.04307427463
-3.04701810312
-3.05090278064
-3.05514645644
-3.11289679768
-3.11346298878
-3.1152043229
-3.11786994518
-3.12106575837
-3.12489059684
-3.12861638128
-3.13240103782
-3.13601842836
-3.1399494232
-3.11289679768
-3.11346298878
-3.1152043229
-3.11786994518
-3.12106575837
-3.12489059684
-3.12861638128
-3.13240103782
-3.13601842836
-3.1399494232
-3.23443214992
-3.23619277462
-3.23793144414
-3.23970454588
-3.24145506135
-3.24691372721
-3.25054123717
-3.25416939669
-3.25775435998
-3.26023913627
-3.23443214992
-3.23619277462
-3.23793144414
-3.23970454588
-3.24145506135
-3.24691372721
-3.25054123717
-3.25416939669
-3.25775435998
-3.26023913627
-2.75159481531
-2.71061060657
-2.68775321731
-2.67169467089
-2.65888944375
-2.64979380349
-2.64517733153
-2.64561845698
-2.65162948762
-2.66427687853
-2.75159481531
-2.71061060657
-2.68775321731
-2.67169467089
-2.65888944375
-2.64979380349
-2.64517733153
-2.64561845698
-2.65162948762
-2.66427687853
-2.84764417236
-2.83163707068
-2.81582957933
-2.80500284736
-2.79665251249
-2.79101164903
-2.78529451618
-2.78990893656
-2.79528458136
-2.80070892741
-2.84764417236
-2.83163707068
-2.81582957933
-2.80500284736
-2.79665251249
-2.79101164903
-2.78529451618
-2.78990893656
-2.79528458136
-2.80070892741
-2.94851599622
-2.93883193889
-2.92926864283
-2.92307580367
-2.91867123052
-2.91609031222
-2.91347449766
-2.91770907562
-2.92252195009
-2.93128392458
-2.94851599622
-2.93883193889
-2.92926864283
-2.92307580367
-2.91867123052
-2.91609031222
-2.91347449766
-2.91770907562
-2.92252195009
-2.93128392458
-3.07516354031
-3.07023209993
-3.06832297873
-3.06781039527
-3.0682425623
-3.06941254452
-3.07119076597
-3.07436731059
-3.07849033758
-3.08501525412
-3.07516354031
-3.07023209993
-3.06832297873
-3.06781039527
-3.0682425623
-3.06941254452
-3.07119076597
-3.07436731059
-3.07849033758
-3.08501525412
-3.24787753802
-3.25695864456
-3.2659265087
-3.27507197044
-3.28410093467
-3.28729150621
-3.29387960398
-3.30046888146
-3.30697970814
-3.30330081426
-3.24787753802
-3.25695864456
-3.2659265087
-3.27507197044
-3.28410093467
-3.28729150621
-3.29387960398
-3.30046888146
-3.30697970814
-3.30330081426
-2.59216755341
-2.45569580058
-2.33635274859
-2.24205895786
-2.16768003441
-2.11179165946
-2.07208233456
-2.04924996243
-2.04074111671
-2.04279141802
-2.59216755341
-2.45569580058
-2.33635274859
-2.24205895786
-2.16768003441
-2.11179165946
-2.07208233456
-2.04924996243
-2.04074111671
-2.04279141802
-2.68679819333
-2.64413028307
-2.60199444634
-2.57082728042
-2.54438127603
-2.52407089385
-2.50348589761
-2.50872693577
-2.51601195662
-2.52336297693
-2.68679819333
-2.64413028307
-2.60199444634
-2.57082728042
-2.54438127603
-2.52407089385
-2.50348589761
-2.50872693577
-2.51601195662
-2.52336297693
-2.83329144725
-2.80643347135
-2.77991041736
-2.76037376578
-2.74414100439
-2.73169207846
-2.7190748322
-2.72374553437
-2.72995070428
-2.74549012678
-2.83329144725
-2.80643347135
-2.77991041736
-2.76037376578
-2.74414100439
-2.73169207846
-2.7190748322
-2.72374553437
-2.72995070428
-2.74549012678
-2.97305508011
-2.92915296305
-2.89994019281
-2.88119623204
-2.86591879869
-2.85421349375
-2.84731035724
-2.84581792415
-2.85048542048
-2.86364674541
-2.97305508011
-2.92915296305
-2.89994019281
-2.88119623204
-2.86591879869
-2.85421349375
-2.84731035724
-2.84581792415
-2.85048542048
-2.86364674541
-3.26804562017
-3.28810744946
-3.30791910554
-3.32812310727
-3.34806974465
-3.34785817471
-3.35888715419
-3.3699181086
-3.38081773037
-3.36789333126
-3.26804562017
-3.28810744946
-3.30791910554
-3.32812310727
-3.34806974465
-3.34785817471
-3.35888715419
-3.3699181086
-3.38081773037
-3.36789333126
-2.30693783157
-2.07482176685
-1.84353281843
-1.656447837
-1.5247701908
-1.4373970506
-1.38773491505
-1.35951320099
-1.34474755398
-1.3298904813
-2.30693783157
-2.07482176685
-1.84353281843
-1.656447837
-1.5247701908
-1.4373970506
-1.38773491505
-1.35951320099
-1.34474755398
-1.3298904813
-2.31149090893
-2.2066144453
-2.10304580271
-2.02441762422
-1.95574839095
-1.90120913177
-1.8459324543
-1.8526356006
-1.86437583223
-1.8762224258
-2.31149090893
-2.2066144453
-2.10304580271
-2.02441762422
-1.95574839095
-1.90120913177
-1.8459324543
-1.8526356006
-1.86437583223
-1.8762224258
-2.56443416631
-2.49750371373
-2.43140789127
-2.38073567736
-2.3369038101
-2.30142953301
-2.2654756128
-2.27116393812
-2.28061779737
-2.31197126527
-2.56443416631
-2.49750371373
-2.43140789127
-2.38073567736
-2.3369038101
-2.30142953301
-2.2654756128
-2.27116393812
-2.28061779737
-2.31197126527
-2.76909730119
-2.63272488513
-2.49931338754
-2.38655675266
-2.29136176823
-2.21890003966
-2.16852775496
-2.13841152102
-2.12397864575
-2.12111679858
-2.76909730119
-2.63272488513
-2.49931338754
-2.38655675266
-2.29136176823
-2.21890003966
-2.16852775496
-2.13841152102
-2.12397864575
-2.12111679858
-3.31510447851
-3.36078799424
-3.40590183149
-3.45190909321
-3.49733030126
-3.48918040121
-3.51057143803
-3.53196630528
-3.55310644893
-3.51860920425
-3.31510447851
-3.36078799424
-3.40590183149
-3.45190909321
-3.49733030126
-3.48918040121
-3.51057143803
-3.53196630528
-3.55310644893
-3.51860920425
-0.893354904091
-0.54631983156
-0.20361232457
0.145882086174
0.28815287876
0.47136687564
0.657058085363
0.64472015393
0.6171015915
0.589232815604
-0.893354904091
-0.54631983156
-0.20361232457
0.145882086174
0.28815287876
0.47136687564
0.657058085363
0.64472015393
0.6171015915
0.589232815604
-1.45364568746
-1.2065782447
-0.96259176013
-0.775481267178
-0.610301796483
-0.477525104168
-0.342953155305
-0.352998263075
-0.374921833624
-0.397044023221
-1.45364568746
-1.2065782447
-0.96259176013
-0.775481267178
-0.610301796483
-0.477525104168
-0.342953155305
-0.352998263075
-0.374921833624
-0.397044023221
-1.94990323845
-1.79137855347
-1.63483068877
-1.51299147525
-1.40607593741
-1.31797228628
-1.22867739704
-1.23669171814
-1.25357115302
-1.32107101037
-1.94990323845
-1.79137855347
-1.63483068877
-1.51299147525
-1.40607593741
-1.31797228628
-1.22867739704
-1.23669171814
-1.25357115302
-1.32107101037
-2.40245484761
-2.1469556043
-1.90002952679
-1.71384903824
-1.60041926765
-1.53621316005
-1.49735697914
-1.47224420498
-1.45484394893
-1.431834151
-2.40245484761
-2.1469556043
-1.90002952679
-1.71384903824
-1.60041926765
-1.53621316005
-1.49735697914
-1.47224420498
-1.45484394893
-1.431834151
-3.4226675833
-3.52691495372
-3.62986234796
-3.73484848964
-3.83849728782
-3.81220263321
-3.85727837251
-3.9023621834
-3.9469092342
-3.86310262823
-3.4226675833
-3.52691495372
-3.62986234796
-3.73484848964
-3.83849728782
-3.81220263321
-3.85727837251
-3.9023621834
-3.9469092342
-3.86310262823
1.93803236543
2.78335828384
3.61814289503
4.46945939623
4.82206414416
5.27315253584
5.73034003554
5.70677955533
5.6459186363
5.58450634094
1.93803236543
2.78335828384
3.61814289503
4.46945939623
4.82206414416
5.27315253584
5.73034003554
5.70677955533
5.6459186363
5.58450634094
0.690967366224
1.29351225682
1.88854334633
2.34685962542
2.75331468969
3.08168496485
3.41449509219
3.39609508075
3.34871316289
3.30090198322
0.690967366224
1.29351225682
1.88854334633
2.34685962542
2.75331468969
3.08168496485
3.41449509219
3.39609508075
3.34871316289
3.30090198322
-0.413575918788
-0.0260656528285
0.356612317473
0.656369030006
0.920993744296
1.14067083054
1.36331814237
1.34948883183
1.31404545786
1.15617962689
-0.413575918788
-0.0260656528285
0.356612317473
0.656369030006
0.920993744296
1.14067083054
1.36331814237
1.34948883183
1.31404545786
1.15617962689
-1.70482405542
-1.47208924342
-1.33234168653
-1.29169581123
-1.28901884152
-1.29557688656
-1.3036488661
-1.31126170933
-1.31739022812
-1.3199488447
-1.70482405542
-1.47208924342
-1.33234168653
-1.29169581123
-1.28901884152
-1.29557688656
-1.3036488661
-1.31126170933
-1.31739022812
-1.3199488447
-3.69157534527
-3.94223235243
-4.18976363912
-4.44219698073
-4.69141475421
-4.6197582132
-4.72404570872
-4.82835187869
-4.93141619738
-4.72433618819
-3.69157534527
-3.94223235243
-4.18976363912
-4.44219698073
-4.69141475421
-4.6197582132
-4.72404570872
-4.82835187869
-4.93141619738
-4.72433618819
8.80414649402
10.8578277137
12.8858993026
14.9541343731
15.8167989628
16.9174827618
18.0330487647
17.9822736037
17.8407999699
17.6980446399
8.80414649402
10.8578277137
12.8858993026
14.9541343731
15.8167989628
16.9174827618
18.0330487647
17.9822736037
17.8407999699
17.6980446399
5.89165402141
7.35623172299
8.80254597948
10.277502724
10.9100846686
11.7127693822
12.5263070924
12.4876464395
12.3785280294
12.2684210489
5.89165402141
7.35623172299
8.80254597948
10.277502724
10.9100846686
11.7127693822
12.5263070924
12.4876464395
12.3785280294
12.2684210489
3.31201783138
4.25481813124
5.18586160761
6.13534326329
6.56413772244
7.10288038885
7.64890732543
7.62097666551
7.54051573926
7.45932586822
3.31201783138
4.25481813124
5.18586160761
6.13534326329
6.56413772244
7.10288038885
7.64890732543
7.62097666551
7.54051573926
7.45932586822
-0.758077144034
-0.847824100398
-0.98796874437
-1.04972801032
-1.08226793977
-1.10786880209
-1.13023373187
-1.14928895026
-1.16387084321
-1.17571118903
-0.758077144034
-0.847824100398
-0.98796874437
-1.04972801032
-1.08226793977
-1.10786880209
-1.13023373187
-1.14928895026
-1.16387084321
-1.17571118903
-4.34367666805
-4.94937704429
-5.5475242702
-6.15751707161
-6.75973961019
-6.57808049469
-6.82595649901
-7.07387688976
-7.31884558309
-6.81282757108
-4.34367666805
-4.94937704429
-5.5475242702
-6.15751707161
-6.75973961019
-6.57808049469
-6.82595649901
-7.07387688976
-7.31884558309
-6.81282757108
25.4385467025
30.4196866417
35.3387112177
40.3551510697
42.453527647
45.1279735155
47.838580222
47.7218725869
47.3851001081
47.0452766013
25.4385467025
30.4196866417
35.3387112177
40.3551510697
42.453527647
45.1279735155
47.838580222
47.7218725869
47.3851001081
47.0452766013
18.4912557118
22.0442634194
25.5529647299
29.131151586
30.6713315249
32.6231285377
34.6013155464
34.5135698345
34.2548836339
33.9938538367
18.4912557118
22.0442634194
25.5529647299
29.131151586
30.6713315249
32.6231285377
34.6013155464
34.5135698345
34.2548836339
33.9938538367
12.3379408344
14.6260314225
16.8855892693
19.1898949004
20.2356721025
21.5474087002
22.8768811195
22.8147873966
22.6252633282
22.4340222453
12.3379408344
14.6260314225
16.8855892693
19.1898949004
20.2356721025
21.5474087002
22.8768811195
22.8147873966
22.6252633282
22.4340222453
-0.0693936237736
-0.348275507071
-0.57142694803
-0.653020188155
-0.69230436284
-0.723117019693
-0.752843133186
-0.780459419762
-0.803214008962
-0.820089787834
-0.0693936237736
-0.348275507071
-0.57142694803
-0.653020188155
-0.69230436284
-0.723117019693
-0.752843133186
-0.780459419762
-0.803214008962
-0.820089787834
-5.92350976962
-7.3893667617
-8.83694435579
-10.3131894567
-11.7706297252
-11.3224695272
-11.9182145992
-12.5140663496
-13.1028239918
-11.8725747358
-5.92350976962
-7.3893667617
-8.83694435579
-10.3131894567
-11.7706297252
-11.3224695272
-11.9182145992
-12.5140663496
-13.1028239918
-11.8725747358
-2.87640231406
-2.87709451234
-2.87884097829
-2.88160899545
-2.88558500702
-2.8898830865
-2.89418701536
-2.89872142705
-2.90307033986
-2.90785709312
-2.87640231406
-2.87709451234
-2.87884097829
-2.88160899545
-2.88558500702
-2.8898830865
-2.89418701536
-2.89872142705
-2.90307033986
-2.90785709312
-2.95487482504
-2.95664159576
-2.95838633465
-2.96111989199
-2.9648333368
-2.96897215248
-2.97316692855
-2.97736360375
-2.98146633118
-2.98560622773
-2.95487482504
-2.95664159576
-2.95838633465
-2.96111989199
-2.9648333368
-2.96897215248
-2.97316692855
-2.97736360375
-2.98146633118
-2.98560622773
-3.02533236221
-3.02709758393
-3.02884079314
-3.03154382893
-3.03502471461
-3.03902246806
-3.04307427463
-3.04701810312
-3.05090278064
-3.05514645644
-3.02533236221
-3.02709758393
-3.02884079314
-3.03154382893
-3.03502471461
-3.03902246806
-3.04307427463
-3.04701810312
-3.05090278064
-3.05514645644
-3.11289679768
-3.11346298878
-3.1152043229
-3.11786994518
-3.12106575837
-3.12489059684
-3.12861638128
-3.13240103782
-3.13601842836
-3.1399494232
-3.11289679768
-3.11346298878
-3.1152043229
-3.11786994518
-3.12106575837
-3.12489059684
-3.12861638128
-3.13240103782
-3.13601842836
-3.1399494232
-3.23443214992
-3.23619277462
-3.23793144414
-3.23970454588
-3.24145506135
-3.24691372721
-3.25054123717
-3.25416939669
-3.25775435998
-3.26023913627
-3.23443214992
-3.23619277462
-3.23793144414
-3.23970454588
-3.24145506135
-3.24691372721
-3.25054123717
-3.25416939669
-3.25775435998
-3.26023913627
-2.79441717479
-2.76889102121
-2.7552467129
-2.74631852814
-2.73850647979
-2.73098484659
-2.72516875552
-2.72262987561
-2.72378136188
-2.73157740385
-2.79441717479
-2.76889102121
-2.7552467129
-2.74631852814
-2.73850647979
-2.73098484659
-2.72516875552
-2.72262987561
-2.72378136188
-2.73157740385
-2.8837675278
-2.87442216043
-2.86519333082
-2.85954235818
-2.85481188588
-2.85035480832
-2.84583746718
-2.84624824217
-2.84811063079
-2.84998989193
-2.8837675278
-2.87442216043
-2.86519333082
-2.85954235818
-2.85481188588
-2.85035480832
-2.84583746718
-2.84624824217
-2.84811063079
-2.84998989193
-2.97327772823
-2.96789259802
-2.96257462098
-2.95982632194
-2.95782524557
-2.95608248871
-2.95431616825
-2.9557387954
-2.95823084039
-2.96437914317
-2.97327772823
-2.96789259802
-2.96257462098
-2.95982632194
-2.95782524557
-2.95608248871
-2.95431616825
-2.9557387954
-2.95823084039
-2.96437914317
-3.08528614271
-3.08246926346
-3.08194523472
-3.0827550517
-3.08409968647
-3.08568416144
-3.08764172986
-3.08995302195
-3.09321690378
-3.09841650824
-3.08528614271
-3.08246926346
-3.08194523472
-3.0827550517
-3.08409968647
-3.08568416144
-3.08764172986
-3.08995302195
-3.09321690378
-3.09841650824
-3.23892090372
-3.2452887354
-3.25157715951
-3.25799011819
-3.26432138676
-3.26985495954
-3.27625295854
-3.28265210321
-3.28897506076
-3.28943941326
-3.23892090372
-3.2452887354
-3.25157715951
-3.25799011819
-3.26432138676
-3.26985495954
-3.27625295854
-3.28265210321
-3.28897506076
-3.28943941326
-2.69733527756
-2.60389968138
-2.51992980167
-2.44925595817
-2.38534277587
-2.33015623682
-2.28523386655
-2.25390962169
-2.23453056945
-2.22828566435
-2.69733527756
-2.60389968138
-2.51992980167
-2.44925595817
-2.38534277587
-2.33015623682
-2.28523386655
-2.25390962169
-2.23453056945
-2.22828566435
-2.77710658193
-2.75109300744
-2.72540382508
-2.70717605747
-2.68977970951
-2.67242879208
-2.65484327512
-2.64957519979
-2.6480770802
-2.64656538822
-2.77710658193
-2.75109300744
-2.72540382508
-2.70717605747
-2.68977970951
-2.67242879208
-2.65484327512
-2.64957519979
-2.6480770802
-2.64656538822
-2.89519577727
-2.87908511917
-2.86317536274
-2.85225006145
-2.84202604201
-2.83167251967
-2.8211790087
-2.81881983383
-2.81922293003
-2.82822817328
-2.89519577727
-2.87908511917
-2.86317536274
-2.85225006145
-2.84202604201
-2.83167251967
-2.8211790087
-2.81881983383
-2.81922293003
-2.82822817328
-3.02260259983
-2.99423207596
-2.97568538053
-2.96428517302
-2.95405489067
-2.94422700516
-2.93592548918
-2.93112174435
-2.93094615757
-2.93910991398
-3.02260259983
-2.99423207596
-2.97568538053
-2.96428517302
-2.95405489067
-2.94422700516
-2.93592548918
-2.93112174435
-2.93094615757
-2.93910991398
-3.24565403442
-3.25893267656
-3.27204573257
-3.28541847664
-3.29862087488
-3.30426680802
-3.31482054059
-3.32537616297
-3.33580611194
-3.33323982875
-3.24565403442
-3.25893267656
-3.27204573257
-3.28541847664
-3.29862087488
-3.30426680802
-3.31482054059
-3.32537616297
-3.33580611194
-3.33323982875
-2.55149908575
-2.39464143427
-2.25562874095
-2.13242601438
-2.03479035475
-1.94927328383
-1.88978195814
-1.84638355938
-1.81900160659
-1.79739728635
-2.55149908575
-2.39464143427
-2.25562874095
-2.13242601438
-2.03479035475
-1.94927328383
-1.88978195814
-1.84638355938
-1.81900160659
-1.79739728635
-2.52823104158
-2.46332498379
-2.39922831168
-2.35165468914
-2.3047046313
-2.25726808751
-2.20919016033
-2.19067143424
-2.18133212882
-2.17190821291
-2.52823104158
-2.46332498379
-2.39922831168
-2.35165468914
-2.3047046313
-2.25726808751
-2.20919016033
-2.19067143424
-2.18133212882
-2.17190821291
-2.71300455837
-2.6718676685
-2.63124376018
-2.60123878696
-2.57182790037
-2.54138259193
-2.5105256364
-2.49934225684
-2.49487113917
-2.51054257685
-2.71300455837
-2.6718676685
-2.63124376018
-2.60123878696
-2.57182790037
-2.54138259193
-2.5105256364
-2.49934225684
-2.49487113917
-2.51054257685
-2.90751882656
-2.81870763848
-2.72784637056
-2.64663329279
-2.56835592642
-2.49781189341
-2.44112762917
-2.40125569576
-2.37657494939
-2.36560035375
-2.90751882656
-2.81870763848
-2.72784637056
-2.64663329279
-2.56835592642
-2.49781189341
-2.44112762917
-2.40125569576
-2.37657494939
-2.36560035375
-3.26136467271
-3.29076853927
-3.31980573637
-3.34941797971
-3.37865301382
-3.38456112117
-3.40481156537
-3.42506563577
-3.44507856469
-3.43544079822
-3.26136467271
-3.29076853927
-3.31980573637
-3.34941797971
-3.37865301382
-3.38456112117
-3.40481156537
-3.42506563577
-3.44507856469
-3.43544079822
-1.57866883126
-1.36224563652
-1.14852126283
-0.930564338862
-0.8264856258
-0.66530772776
-0.501950564129
-0.43343970689
-0.39302464814
-0.352243444629
-1.57866883126
-1.36224563652
-1.14852126283
-0.930564338862
-0.8264856258
-0.66530772776
-0.501950564129
-0.43343970689
-0.39302464814
-0.352243444629
-1.95937266363
-1.80556950116
-1.65368428104
-1.53903441866
-1.42453302396
-1.30832933422
-1.19055446936
-1.14174854157
-1.11448652567
-1.08697752649
-1.95937266363
-1.80556950116
-1.65368428104
-1.53903441866
-1.42453302396
-1.30832933422
-1.19055446936
-1.14174854157
-1.11448652567
-1.08697752649
-2.29656748659
-2.19822778127
-2.10111438289
-2.02749873101
-1.95423214805
-1.87786275708
-1.80046078542
-1.76910779514
-1.7534956172
-1.78440407072
-2.29656748659
-2.19822778127
-2.10111438289
-2.02749873101
-1.95423214805
-1.87786275708
-1.80046078542
-1.76910779514
-1.7534956172
-1.78440407072
-2.73148122492
-2.55570318369
-2.36701131084
-2.18459610087
-2.03886584964
-1.94189056964
-1.88159165641
-1.84327412653
-1.81781631388
-1.78945429432
-2.73148122492
-2.55570318369
-2.36701131084
-2.18459610087
-2.03886584964
-1.94189056964
-1.88159165641
-1.84327412653
-1.81781631388
-1.78945429432
-3.2972747031
-3.36353622546
-3.42897145934
-3.49570255814
-3.56158361711
-3.56809097978
-3.61050533632
-3.65292728787
-3.69484417098
-3.66904301417
-3.2972747031
-3.36353622546
-3.42897145934
-3.49570255814
-3.56158361711
-3.56809097978
-3.61050533632
-3.65292728787
-3.69484417098
-3.66904301417
0.273698542298
0.80182418608
1.32336404497
1.855232364
2.1150849188
2.51265707044
2.91560474391
3.08839132191
3.19275491146
3.29806399466
0.273698542298
0.80182418608
1.32336404497
1.855232364
2.1150849188
2.51265707044
2.91560474391
3.08839132191
3.19275491146
3.29806399466
-0.537226718761
-0.161180794586
0.210175795535
0.49251625753
0.775895994377
1.06401754901
1.35603475805
1.48055869013
1.5526274822
1.62534918957
-0.537226718761
-0.161180794586
0.210175795535
0.49251625753
0.775895994377
1.06401754901
1.35603475805
1.48055869013
1.5526274822
1.62534918957
-1.25547480713
-1.01412806318
-0.775790939679
-0.593148591109
-0.410242767254
-0.219063169972
-0.0252986579905
0.0564783591225
0.0999431877042
0.0309421945896
-1.25547480713
-1.01412806318
-0.775790939679
-0.593148591109
-0.410242767254
-0.219063169972
-0.0252986579905
0.0564783591225
0.0999431877042
0.0309421945896
-2.40063918185
-2.14103975954
-1.90066519689
-1.76138167042
-1.71880109259
-1.70841205439
-1.7066656712
-1.70760928757
-1.70900227796
-1.70796498122
-2.40063918185
-2.14103975954
-1.90066519689
-1.76138167042
-1.71880109259
-1.70841205439
-1.7066656712
-1.70760928757
-1.70900227796
-1.70796498122
-3.38704977906
-3.54545544093
-3.70188576677
-3.86141400422
-4.01891012533
-4.0269156263
-4.12473976367
-4.22258141812
-4.3192581867
-4.25304855403
-3.38704977906
-3.54545544093
-3.70188576677
-3.86141400422
-4.01891012533
-4.0269156263
-4.12473976367
-4.22258141812
-4.3192581867
-4.25304855403
4.76568942318
6.04969350588
7.31768591638
8.61078936844
9.24839348945
10.2192217061
11.2031763659
11.6288315667
11.8882703435
12.1500595349
4.76568942318
6.04969350588
7.31768591638
8.61078936844
9.24839348945
10.2192217061
11.2031763659
11.6288315667
11.8882703435
12.1500595349
2.91147719755
3.82646181885
4.73003648124
5.65150533662
6.11193636385
6.81695874084
7.53151363454
7.83965372699
8.02037895128
8.20274147603
2.91147719755
3.82646181885
4.73003648124
5.65150533662
6.11193636385
6.81695874084
7.53151363454
7.83965372699
8.02037895128
8.20274147603
1.26917494056
1.85731375319
2.43811841011
3.03042519414
3.33393148118
3.80352582877
4.27946950103
4.4835247832
4.59453228961
4.70654548098
1.26917494056
1.85731375319
2.43811841011
3.03042519414
3.33393148118
3.80352582877
4.27946950103
4.4835247832
4.59453228961
4.70654548098
-1.82157449861
-1.61110089389
-1.52102491977
-1.52954586859
-1.54496613325
-1.56063153573
-1.57617566722
-1.58922490544
-1.60107859289
-1.61128194609
-1.82157449861
-1.61110089389
-1.52102491977
-1.52954586859
-1.54496613325
-1.56063153573
-1.57617566722
-1.58922490544
-1.60107859289
-1.61128194609
-3.60475433826
-3.98660953845
-4.36370296228
-4.74826426096
-5.12792690778
-5.13956539413
-5.37175825001
-5.60399268399
-5.83346217483
-5.66926198819
-3.60475433826
-3.98660953845
-4.36370296228
-4.74826426096
-5.12792690778
-5.13956539413
-5.37175825001
-5.60399268399
-5.83346217483
-5.66926198819
15.6483477429
18.7636037137
21.8400120997
24.9773449978
26.530120439
28.8897648955
31.2813138007
32.319588861
32.9547252561
33.5956157408
15.6483477429
18.7636037137
21.8400120997
24.9773449978
26.530120439
28.8897648955
31.2813138007
32.319588861
32.9547252561
33.5956157408
11.2665846237
13.48724547
15.6802144311
17.9166124651
19.0394568466
20.7544966798
22.4927253456
23.2457087132
23.6896737475
24.1376609329
11.2665846237
13.48724547
15.6802144311
17.9166124651
19.0394568466
20.7544966798
22.4927253456
23.2457087132
23.6896737475
24.1376609329
7.38559443237
8.81389959696
10.224393639
11.6628207934
12.4048690934
13.5489734031
14.7085469997
15.2088434395
15.4834852684
15.7606152459
7.38559443237
8.81389959696
10.224393639
11.6628207934
12.4048690934
13.5489734031
14.7085469997
15.2088434395
15.4834852684
15.7606152459
-1.0672532612
-1.12663904099
-1.25187709331
-1.30990777929
-1.34223578566
-1.3677541759
-1.3905147062
-1.41017061496
-1.42624746875
-1.44006180635
-1.0672532612
-1.12663904099
-1.25187709331
-1.30990777929
-1.34223578566
-1.3677541759
-1.3905147062
-1.41017061496
-1.42624746875
-1.44006180635
-4.13218290953
-5.05538492935
-5.96707451841
-6.89681900667
-7.81472014361
-7.83516019248
-8.39288551073
-8.95071069922
-9.50189451719
-9.10029453488
-4.13218290953
-5.05538492935
-5.96707451841
-6.89681900667
-7.81472014361
-7.83516019248
-8.39288551073
-8.95071069922
-9.50189451719
-9.10029453488
-2.87640231406
-2.87709451234
-2.87884097829
-2.88160899545
-2.88558500702
-2.8898830865
-2.89418701536
-2.89872142705
-2.90307033986
-2.90785709312
-2.87640231406
-2.87709451234
-2.87884097829
-2.88160899545
-2.88558500702
-2.8898830865
-2.89418701536
-2.89872142705
-2.90307033986
-2.90785709312
-2.95487482504
-2.95664159576
-2.95838633465
-2.96111989199
-2.9648333368
-2.96897215248
-2.97316692855
-2.97736360375
-2.98146633118
-2.98560622773
-2.95487482504
-2.95664159576
-2.95838633465
-2.96111989199
-2.9648333368
-2.96897215248
-2.97316692855
-2.97736360375
-2.98146633118
-2.98560622773
-3.02533236221
-3.02709758393
-3.02884079314
-3.03154382893
-3.03502471461
-3.03902246806
-3.04307427463
-3.04701810312
-3.05090278064
-3.05514645644
-3.02533236221
-3.02709758393
-3.02884079314
-3.03154382893
-3.03502471461
-3.03902246806
-3.04307427463
-3.04701810312
-3.05090278064
-3.05514645644
-3.11289679768
-3.11346298878
-3.1152043229
-3.11786994518
-3.12106575837
-3.12489059684
-3.12861638128
-3.13240103782
-3.13601842836
-3.1399494232
-3.11289679768
-3.11346298878
-3.1152043229
-3.11786994518
-3.12106575837
-3.12489059684
-3.12861638128
-3.13240103782
-3.13601842836
-3.1399494232
-3.23443214992
-3.23619277462
-3.23793144414
-3.23970454588
-3.24145506135
-3.24691372721
-3.25054123717
-3.25416939669
-3.25775435998
-3.26023913627
-3.23443214992
-3.23619277462
-3.23793144414
-3.23970454588
-3.24145506135
-3.24691372721
-3.25054123717
-3.25416939669
-3.25775435998
-3.26023913627
-2.81780367957
-2.80073118524
-2.79204589897
-2.78724450051
-2.7825136803
-2.77722690073
-2.77200319502
-2.76819256076
-2.76711152941
-2.77280037991
-2.81780367957
-2.80073118524
-2.79204589897
-2.78724450051
-2.7825136803
-2.77722690073
-2.77200319502
-2.76819256076
-2.76711152941
-2.77280037991
-2.90401589779
-2.89828862313
-2.89263276821
-2.88999264164
-2.88755249601
-2.88473263919
-2.88187465545
-2.88019047507
-2.88037247883
-2.88055613147
-2.90401589779
-2.89828862313
-2.89263276821
-2.88999264164
-2.88755249601
-2.88473263919
-2.88187465545
-2.88019047507
-2.88037247883
-2.88055613147
-2.98770682113
-2.98469663954
-2.98172399524
-2.98099813806
-2.98058687564
-2.97995200755
-2.97930855548
-2.97938862774
-2.98068931974
-2.98532624372
-2.98770682113
-2.98469663954
-2.98172399524
-2.98099813806
-2.98058687564
-2.97995200755
-2.97930855548
-2.97938862774
-2.98068931974
-2.98532624372
-3.09206260742
-3.09061614353
-3.09093259613
-3.09255326271
-3.09462901841
-3.09667252359
-3.09884779087
-3.10098636328
-3.10365835054
-3.10768961986
-3.09206260742
-3.09061614353
-3.09093259613
-3.09255326271
-3.09462901841
-3.09667252359
-3.09884779087
-3.10098636328
-3.10365835054
-3.10768961986
-3.23607988394
-3.24113333341
-3.24612376581
-3.25121302763
-3.25623746097
-3.26253852008
-3.26846722653
-3.27439699462
-3.28025616391
-3.28306634684
-3.23607988394
-3.24113333341
-3.24612376581
-3.25121302763
-3.25623746097
-3.26253852008
-3.26846722653
-3.27439699462
-3.28025616391
-3.28306634684
-2.74571183488
-2.67954303755
-2.6179751095
-2.56610753583
-2.51569042661
-2.46712930067
-2.42334421652
-2.388938356
-2.36437858877
-2.35431887563
-2.74571183488
-2.67954303755
-2.6179751095
-2.56610753583
-2.51569042661
-2.46712930067
-2.42334421652
-2.388938356
-2.36437858877
-2.35431887563
-2.82772750692
-2.81075916418
-2.79400241854
-2.7833017661
-2.77163123482
-2.75837336926
-2.74493624581
-2.73443078205
-2.7287317003
-2.72298098708
-2.82772750692
-2.81075916418
-2.79400241854
-2.7833017661
-2.77163123482
-2.75837336926
-2.74493624581
-2.73443078205
-2.7287317003
-2.72298098708
-2.93126850952
-2.92109522296
-2.9110487984
-2.90517960175
-2.89893011719
-2.89134631677
-2.88365997676
-2.87794441469
-2.8753691284
-2.88059592465
-2.93126850952
-2.92109522296
-2.9110487984
-2.90517960175
-2.89893011719
-2.89134631677
-2.88365997676
-2.87794441469
-2.8753691284
-2.88059592465
-3.04515402628
-3.02645843378
-3.01436950342
-3.00744339274
-3.001331404
-2.9944621465
-2.98728846691
-2.98128586919
-2.97816750649
-2.98231363673
-3.04515402628
-3.02645843378
-3.01436950342
-3.00744339274
-3.001331404
-2.9944621465
-2.98728846691
-2.98128586919
-2.97816750649
-2.98231363673
-3.23855148497
-3.24854417159
-3.25841224831
-3.26847575025
-3.27841106041
-3.28597570937
-3.29535621057
-3.30473839151
-3.31400886982
-3.31730716269
-3.23855148497
-3.24854417159
-3.25841224831
-3.26847575025
-3.27841106041
-3.28597570937
-3.29535621057
-3.30473839151
-3.31400886982
-3.31730716269
-2.63488936619
-2.50559766869
-2.36661128825
-2.23948554768
-2.12356578057
-2.02363717205
-1.95359184168
-1.90723916258
-1.87854726352
-1.85902557673
-2.63488936619
-2.50559766869
-2.36661128825
-2.23948554768
-2.12356578057
-2.02363717205
-1.95359184168
-1.90723916258
-1.87854726352
-1.85902557673
-2.64972126154
-2.60652375997
-2.56386493599
-2.53435638984
-2.50114829205
-2.46353507276
-2.42541328997
-2.39432483166
-2.37490321706
-2.35530565017
-2.64972126154
-2.60652375997
-2.56386493599
-2.53435638984
-2.50114829205
-2.46353507276
-2.42541328997
-2.39432483166
-2.37490321706
-2.35530565017
-2.79957911575
-2.7726919176
-2.74614000577
-2.7282696837
-2.7083976808
-2.68459970496
-2.66047995976
-2.64124125089
-2.62962201526
-2.63622518015
-2.79957911575
-2.7726919176
-2.74614000577
-2.7282696837
-2.7083976808
-2.68459970496
-2.66047995976
-2.64124125089
-2.62962201526
-2.63622518015
-2.97123818372
-2.91038446967
-2.84598381955
-2.78748365723
-2.72797126899
-2.66656252417
-2.61072704298
-2.56639735854
-2.53563873639
-2.51901324643
-2.97123818372
-2.91038446967
-2.84598381955
-2.78748365723
-2.72797126899
-2.66656252417
-2.61072704298
-2.56639735854
-2.53563873639
-2.51901324643
-3.24431855403
-3.26583612735
-3.28708537416
-3.30875543635
-3.3301494591
-3.34066248441
-3.35809717334
-3.37553498425
-3.39276518359
-3.39720239969
-3.24431855403
-3.26583612735
-3.28708537416
-3.30875543635
-3.3301494591
-3.34066248441
-3.35809717334
-3.37553498425
-3.39276518359
-3.39720239969
-1.95412813304
-1.80800793294
-1.66370986781
-1.51655415568
-1.44258643294
-1.31269648572
-1.18105031326
-1.07131729899
-0.99964699356
-0.927327382953
-1.95412813304
-1.80800793294
-1.66370986781
-1.51655415568
-1.44258643294
-1.31269648572
-1.18105031326
-1.07131729899
-0.99964699356
-0.927327382953
-2.24284984355
-2.13969997892
-2.03783640445
-1.96533838697
-1.88290156573
-1.78961896646
-1.69507510519
-1.61693980221
-1.56615239824
-1.51490488008
-2.24284984355
-2.13969997892
-2.03783640445
-1.96533838697
-1.88290156573
-1.78961896646
-1.69507510519
-1.61693980221
-1.56615239824
-1.51490488008
-2.49857478714
-2.4334843625
-2.36920562262
-2.32390415672
-2.27289496905
-2.21203602083
-2.1503542066
-2.10020544791
-2.06791432809
-2.07766347842
-2.49857478714
-2.4334843625
-2.36920562262
-2.32390415672
-2.27289496905
-2.21203602083
-2.1503542066
-2.10020544791
-2.06791432809
-2.07766347842
-2.85810081882
-2.74039783817
-2.60697944628
-2.46394283596
-2.32128917313
-2.20714733304
-2.13083344061
-2.08309416996
-2.05258407759
-2.02195596234
-2.85810081882
-2.74039783817
-2.60697944628
-2.46394283596
-2.32128917313
-2.20714733304
-2.13083344061
-2.08309416996
-2.05258407759
-2.02195596234
-3.25750042618
-3.30536059765
-3.35262394751
-3.40082329031
-3.4484086561
-3.46566082734
-3.50150508823
-3.53735576766
-3.57277961508
-3.57982008426
-3.25750042618
-3.30536059765
-3.35262394751
-3.40082329031
-3.4484086561
-3.46566082734
-3.50150508823
-3.53735576766
-3.57277961508
-3.57982008426
-0.638131190598
-0.28074139094
0.07219171859
0.432114237448
0.61884010146
0.94042722968
1.26636249602
1.53926002681
1.71952921544
1.90143157302
-0.638131190598
-0.28074139094
0.07219171859
0.432114237448
0.61884010146
0.94042722968
1.26636249602
1.53926002681
1.71952921544
1.90143157302
-1.22567129856
-0.972640526295
-0.722765075601
-0.542793379796
-0.337284749902
-0.104828700711
0.130770356767
0.326522771431
0.455724648832
0.586097045145
-1.22567129856
-0.972640526295
-0.722765075601
-0.542793379796
-0.337284749902
-0.104828700711
0.130770356767
0.326522771431
0.455724648832
0.586097045145
-1.74606396562
-1.58546547475
-1.42686966474
-1.31299033927
-1.18413818968
-1.03062681049
-0.875039823716
-0.747615940477
-0.663645110163
-0.68125922411
-1.74606396562
-1.58546547475
-1.42686966474
-1.31299033927
-1.18413818968
-1.03062681049
-0.875039823716
-0.747615940477
-0.663645110163
-0.68125922411
-2.68706762591
-2.48777421817
-2.27774158014
-2.09395173469
-2.00321834635
-1.97537286018
-1.96734417173
-1.96601056299
-1.9653606878
-1.96391298675
-2.68706762591
-2.48777421817
-2.27774158014
-2.09395173469
-2.00321834635
-1.97537286018
-1.96734417173
-1.96601056299
-1.9653606878
-1.96391298675
-3.29045510655
-3.4041717734
-3.5164703809
-3.63099292521
-3.74405664859
-3.77815668466
-3.86002487547
-3.94190772618
-4.02281569379
-4.03636429567
-3.29045510655
-3.4041717734
-3.5164703809
-3.63099292521
-3.74405664859
-3.77815668466
-3.86002487547
-3.94190772618
-4.02281569379
-4.03636429567
2.55316139483
3.42287997341
4.28175306561
5.15763509078
5.61779944738
6.40425223952
7.20133855853
7.86991004187
8.31353152227
8.76117204125
2.55316139483
3.42287997341
4.28175306561
5.15763509078
5.61779944738
6.40425223952
7.20133855853
7.86991004187
8.31353152227
8.76117204125
1.24098667303
1.85747864632
2.46628289687
3.08714377228
3.41083602847
3.98078769372
4.558445602
5.0394195125
5.35877648797
5.68102671381
1.24098667303
1.85747864632
2.46628289687
3.08714377228
3.41083602847
3.98078769372
4.558445602
5.0394195125
5.35877648797
5.68102671381
0.0787747765799
0.470980328042
0.85829503312
1.25328003305
1.45609700029
1.83429052458
2.21759755479
2.53241361505
2.74170774331
2.95289799522
0.0787747765799
0.470980328042
0.85829503312
1.25328003305
1.45609700029
1.83429052458
2.21759755479
2.53241361505
2.74170774331
2.95289799522
-2.37831787491
-2.12865443057
-1.91888012657
-1.850929429
-1.84964211415
-1.85636897768
-1.86485769005
-1.87261642894
-1.88010187465
-1.88478596798
-2.37831787491
-2.12865443057
-1.91888012657
-1.850929429
-1.84964211415
-1.85636897768
-1.86485769005
-1.87261642894
-1.88010187465
-1.88478596798
-3.37037020644
-3.64378887459
-3.91379798187
-4.18915428985
-4.46100303039
-4.53595913867
-4.72943535953
-4.9229462256
-5.11415318467
-5.14348400835
-3.37037020644
-3.64378887459
-3.91379798187
-4.18915428985
-4.46100303039
-4.53595913867
-4.72943535953
-4.9229462256
-5.11415318467
-5.14348400835
10.2846434317
12.3955709077
14.4801748857
16.6060619004
17.728680337
19.6413540675
21.5798888131
23.2070518309
24.2886917501
25.3801309076
10.2846434317
12.3955709077
14.4801748857
16.6060619004
17.728680337
19.6413540675
21.5798888131
23.2070518309
24.2886917501
25.3801309076
7.21691062483
8.71395293049
10.1923269539
11.6999783698
12.4913348214
13.878930505
15.285287691
16.4572621326
17.2373041395
18.0244130245
7.21691062483
8.71395293049
10.1923269539
11.6999783698
12.4913348214
13.878930505
15.285287691
16.4572621326
17.2373041395
18.0244130245
4.49977585303
5.45309129357
6.39451878567
7.35459009983
7.85254307908
8.77506963532
9.71006955425
10.4788769712
10.9917893986
11.5093486137
4.49977585303
5.45309129357
6.39451878567
7.35459009983
7.85254307908
8.77506963532
9.71006955425
10.4788769712
10.9917893986
11.5093486137
-1.87682344219
-1.70055574802
-1.65951997138
-1.68701712577
-1.70832981692
-1.72682412356
-1.74407308996
-1.75921430491
-1.77189729634
-1.78349485282
-1.87682344219
-1.70055574802
-1.65951997138
-1.68701712577
-1.70832981692
-1.72682412356
-1.74407308996
-1.75921430491
-1.77189729634
-1.78349485282
-3.5639789536
-4.22430453212
-4.87639577802
-5.54140089489
-6.19793498631
-6.37187230044
-6.83573910955
-7.29968898193
-7.75811514711
-7.82568125042
-3.5639789536
-4.22430453212
-4.87639577802
-5.54140089489
-6.19793498631
-6.37187230044
-6.83573910955
-7.29968898193
-7.75811514711
-7.82568125042
-2.87640231406
-2.87709451234
-2.87884097829
-2.88160899545
-2.88558500702
-2.8898830865
-2.89418701536
-2.89872142705
-2.90307033986
-2.90785709312
-2.87640231406
-2.87709451234
-2.87884097829
-2.88160899545
-2.88558500702
-2.8898830865
-2.89418701536
-2.89872142705
-2.90307033986
-2.90785709312
-2.95487482504
-2.95664159576
-2.95838633465
-2.96111989199
-2.9648333368
-2.96897215248
-2.97316692855
-2.97736360375
-2.98146633118
-2.98560622773
-2.95487482504
-2.95664159576
-2.95838633465
-2.96111989199
-2.9648333368
-2.96897215248
-2.97316692855
-2.97736360375
-2.98146633118
-2.98560622773
-3.02533236221
-3.02709758393
-3.02884079314
-3.03154382893
-3.03502471461
-3.03902246806
-3.04307427463
-3.04701810312
-3.05090278064
-3.05514645644
-3.02533236221
-3.02709758393
-3.02884079314
-3.03154382893
-3.03502471461
-3.03902246806
-3.04307427463
-3.04701810312
-3.05090278064
-3.05514645644
-3.11289679768
-3.11346298878
-3.1152043229
-3.11786994518
-3.12106575837
-3.12489059684
-3.12861638128
-3.13240103782
-3.13601842836
-3.1399494232
-3.11289679768
-3.11346298878
-3.1152043229
-3.11786994518
-3.12106575837
-3.12489059684
-3.12861638128
-3.13240103782
-3.13601842836
-3.1399494232
-3.23443214992
-3.23619277462
-3.23793144414
-3.23970454588
-3.24145506135
-3.24691372721
-3.25054123717
-3.25416939669
-3.25775435998
-3.26023913627
-3.23443214992
-3.23619277462
-3.23793144414
-3.23970454588
-3.24145506135
-3.24691372721
-3.25054123717
-3.25416939669
-3.25775435998
-3.26023913627
-2.82556116054
-2.81328881407
-2.80714169563
-2.80437559541
-2.80200157842
-2.79879977704
-2.79458587062
-2.79085911531
-2.78828882358
-2.79161415988
-2.82556116054
-2.81328881407
-2.80714169563
-2.80437559541
-2.80200157842
-2.79879977704
-2.79458587062
-2.79085911531
-2.78828882358
-2.79161415988
-2.91279406565
-2.90906412137
-2.9053806899
-2.90423199667
-2.9033878714
-2.90198273479
-2.90055859952
-2.89792485187
-2.89690248325
-2.89587085236
-2.91279406565
-2.90906412137
-2.9053806899
-2.90423199667
-2.9033878714
-2.90198273479
-2.90055859952
-2.89792485187
-2.89690248325
-2.89587085236
-2.99541394588
-2.99389367926
-2.99239237053
-2.99267623779
-2.99318715946
-2.99337335452
-2.99356206709
-2.99275450425
-2.99310315324
-2.99663696007
-2.99541394588
-2.99389367926
-2.99239237053
-2.99267623779
-2.99318715946
-2.99337335452
-2.99356206709
-2.99275450425
-2.99310315324
-2.99663696007
-3.09845819002
-3.09787829861
-3.09905185002
-3.10109175916
-3.10326370612
-3.10540056579
-3.10732310506
-3.10899730395
-3.11102655516
-3.11468039049
-3.09845819002
-3.09787829861
-3.09905185002
-3.10109175916
-3.10326370612
-3.10540056579
-3.10732310506
-3.10899730395
-3.11102655516
-3.11468039049
-3.24060842912
-3.24564591558
-3.25062058403
-3.25569376971
-3.2607023317
-3.26459712918
-3.26957235795
-3.27454847763
-3.27946535248
-3.28305941183
-3.24060842912
-3.24564591558
-3.25062058403
-3.25569376971
-3.2607023317
-3.26459712918
-3.26957235795
-3.27454847763
-3.27946535248
-3.28305941183
-2.77088234947
-2.72124275969
-2.67388552708
-2.63505944026
-2.59666509948
-2.55583035113
-2.514500879
-2.47809258451
-2.4503758307
-2.43806854692
-2.77088234947
-2.72124275969
-2.67388552708
-2.63505944026
-2.59666509948
-2.55583035113
-2.514500879
-2.47809258451
-2.4503758307
-2.43806854692
-2.84967292657
-2.83769790978
-2.82587222277
-2.81890015369
-2.81121967329
-2.80149860826
-2.79164610597
-2.77876672405
-2.77005671134
-2.7612677893
-2.84967292657
-2.83769790978
-2.82587222277
-2.81890015369
-2.81121967329
-2.80149860826
-2.79164610597
-2.77876672405
-2.77005671134
-2.7612677893
-2.95053632139
-2.94408782226
-2.93771973662
-2.93437485108
-2.93043082674
-2.9248996842
-2.91929375579
-2.91135910596
-2.90640371213
-2.90887271553
-2.95053632139
-2.94408782226
-2.93771973662
-2.93437485108
-2.93043082674
-2.9248996842
-2.91929375579
-2.91135910596
-2.90640371213
-2.90887271553
-3.0584316013
-3.04450510346
-3.03584563651
-3.03191902733
-3.02881121322
-3.0243778879
-3.01900071085
-3.01359349522
-3.00948397652
-3.0125789135
-3.0584316013
-3.04450510346
-3.03584563651
-3.03191902733
-3.02881121322
-3.0243778879
-3.01900071085
-3.01359349522
-3.00948397652
-3.0125789135
-3.24987284793
-3.25982562702
-3.26965429387
-3.27967760546
-3.28957323724
-3.29112223214
-3.29811903913
-3.30511709902
-3.31203184122
-3.31728982518
-3.24987284793
-3.25982562702
-3.26965429387
-3.27967760546
-3.28957323724
-3.29112223214
-3.29811903913
-3.30511709902
-3.31203184122
-3.31728982518
-2.69730836943
-2.60226518716
-2.50377603291
-2.40560000751
-2.30419786356
-2.21047600473
-2.13041819526
-2.07040018052
-2.03060171802
-2.00240227394
-2.69730836943
-2.60226518716
-2.50377603291
-2.40560000751
-2.30419786356
-2.21047600473
-2.13041819526
-2.07040018052
-2.03060171802
-2.00240227394
-2.70239026872
-2.67117674942
-2.64035246613
-2.61979252006
-2.59616054437
-2.56703564636
-2.53751695435
-2.50073109247
-2.47408324357
-2.44719397548
-2.70239026872
-2.67117674942
-2.64035246613
-2.61979252006
-2.59616054437
-2.56703564636
-2.53751695435
-2.50073109247
-2.47408324357
-2.44719397548
-2.84582186424
-2.82787415592
-2.81015025749
-2.79833828208
-2.78399938372
-2.76512778679
-2.74600102942
-2.72143650995
-2.70410501623
-2.70408947825
-2.84582186424
-2.82787415592
-2.81015025749
-2.79833828208
-2.78399938372
-2.76512778679
-2.74600102942
-2.72143650995
-2.70410501623
-2.70408947825
-3.00078663063
-2.95488745372
-2.9062910444
-2.86281687871
-2.81720594255
-2.76680157868
-2.71487833959
-2.67006874394
-2.63621315388
-2.61693174791
-3.00078663063
-2.95488745372
-2.9062910444
-2.86281687871
-2.81720594255
-2.76680157868
-2.71487833959
-2.67006874394
-2.63621315388
-2.61693174791
-3.27148982513
-3.29291162038
-3.31406628348
-3.33563988886
-3.35693868348
-3.35301413903
-3.36472796188
-3.37644388229
-3.38802031497
-3.39716078966
-3.27148982513
-3.29291162038
-3.31406628348
-3.33563988886
-3.35693868348
-3.35301413903
-3.36472796188
-3.37644388229
-3.38802031497
-3.39716078966
-2.0939518743
-1.98381473656
-1.87505102105
-1.76413337295
-1.71541700662
-1.61471675406
-1.51265494636
-1.38864906269
-1.29612911194
-1.20277096631
-2.0939518743
-1.98381473656
-1.87505102105
-1.76413337295
-1.71541700662
-1.61471675406
-1.51265494636
-1.38864906269
-1.29612911194
-1.20277096631
-2.36574419363
-2.29055695429
-2.2163073081
-2.16468935749
-2.10459682113
-2.03112030486
-1.95665032208
-1.86522107743
-1.79757246008
-1.72931097249
-2.36574419363
-2.29055695429
-2.2163073081
-2.16468935749
-2.10459682113
-2.03112030486
-1.95665032208
-1.86522107743
-1.79757246008
-1.72931097249
-2.60647453362
-2.56224291857
-2.51856287664
-2.48739755293
-2.44929894255
-2.39993487842
-2.34990336914
-2.28732771906
-2.24170799701
-2.23601350733
-2.60647453362
-2.56224291857
-2.51856287664
-2.48739755293
-2.44929894255
-2.39993487842
-2.34990336914
-2.28732771906
-2.24170799701
-2.23601350733
-2.92821341204
-2.84578369758
-2.75024098252
-2.64243498103
-2.51702858539
-2.40005185797
-2.31104876947
-2.25422966679
-2.21809111418
-2.18306116112
-2.92821341204
-2.84578369758
-2.75024098252
-2.64243498103
-2.51702858539
-2.40005185797
-2.31104876947
-2.25422966679
-2.21809111418
-2.18306116112
-3.32090005873
-3.36853674805
-3.41557940261
-3.4635536795
-3.51091684633
-3.4944813548
-3.51697692816
-3.53947652974
-3.56170825495
-3.57972299419
-3.32090005873
-3.36853674805
-3.41557940261
-3.4635536795
-3.51091684633
-3.4944813548
-3.51697692816
-3.53947652974
-3.56170825495
-3.57972299419
-0.977703133641
-0.70770077116
-0.44106536785
-0.169149575921
-0.04374843462
0.20694943514
0.461036958493
0.76859717211
0.99950121366
1.23249715629
-0.977703133641
-0.70770077116
-0.44106536785
-0.169149575921
-0.04374843462
0.20694943514
0.461036958493
0.76859717211
0.99950121366
1.23249715629
-1.52412900591
-1.33900746649
-1.15619441304
-1.02693145105
-0.875687513021
-0.691331951108
-0.504483741398
-0.276446039835
-0.106295501366
0.0653965350052
-1.52412900591
-1.33900746649
-1.15619441304
-1.02693145105
-0.875687513021
-0.691331951108
-0.504483741398
-0.276446039835
-0.106295501366
0.0653965350052
-2.00810620706
-1.89816482521
-1.78959442449
-1.71004573008
-1.61254783961
-1.4869526075
-1.35965921844
-1.20205574184
-1.08571544896
-1.06582358002
-2.00810620706
-1.89816482521
-1.78959442449
-1.71004573008
-1.61254783961
-1.4869526075
-1.35965921844
-1.20205574184
-1.08571544896
-1.06582358002
-2.83141004027
-2.68431685676
-2.51964197791
-2.3446985163
-2.21685561937
-2.16414354419
-2.14677198378
-2.14035490502
-2.13809880692
-2.13356326145
-2.83141004027
-2.68431685676
-2.51964197791
-2.3446985163
-2.21685561937
-2.16414354419
-2.14677198378
-2.14035490502
-2.13809880692
-2.13356326145
-3.44442564274
-3.55759956722
-3.66936220041
-3.7833381561
-3.89586225345
-3.84814939421
-3.89759934387
-3.94705814839
-3.99592810491
-4.03612850552
-3.44442564274
-3.55759956722
-3.66936220041
-3.7833381561
-3.89586225345
-3.84814939421
-3.89759934387
-3.94705814839
-3.99592810491
-4.03612850552
1.72920006245
2.38687559493
3.03634984116
3.69868613187
4.01004785248
4.62448994395
5.24723982776
5.9999192915
6.56640475324
7.13802235361
1.72920006245
2.38687559493
3.03634984116
3.69868613187
4.01004785248
4.62448994395
5.24723982776
5.9999192915
6.56640475324
7.13802235361
0.516787824319
0.968500041434
1.4145793575
1.86949272978
2.10441755914
2.55765480673
3.01702021675
3.57633342634
3.99505112352
4.41756224068
0.516787824319
0.968500041434
1.4145793575
1.86949272978
2.10441755914
2.55765480673
3.01702021675
3.57633342634
3.99505112352
4.41756224068
-0.55706301517
-0.287775448811
-0.0218459280358
0.249350002217
0.416573585029
0.72702939948
1.04168284699
1.42972880291
1.71756648005
2.00801185493
-0.55706301517
-0.287775448811
-0.0218459280358
0.249350002217
0.416573585029
0.72702939948
1.04168284699
1.42972880291
1.71756648005
2.00801185493
-2.64113087184
-2.43201898266
-2.22043160236
-2.08252884354
-2.05880711909
-2.05951340791
-2.06419921805
-2.07007730691
-2.07517466765
-2.08022222121
-2.64113087184
-2.43201898266
-2.22043160236
-2.08252884354
-2.05880711909
-2.05951340791
-2.06419921805
-2.07007730691
-2.07517466765
-2.08022222121
-3.74397518397
-4.01607690373
-4.2847854851
-4.55881551184
-4.8293548657
-4.70579438978
-4.82060870196
-4.9354435736
-5.04891124106
-5.14291187049
-3.74397518397
-4.01607690373
-4.2847854851
-4.55881551184
-4.8293548657
-4.70579438978
-4.82060870196
-4.9354435736
-5.04891124106
-5.14291187049
8.28716141381
9.88404514166
11.4610155537
13.0692159394
13.831100713
15.3267788055
16.8426797688
18.6737409209
20.0532329161
21.4452225739
8.28716141381
9.88404514166
11.4610155537
13.0692159394
13.831100713
15.3267788055
16.8426797688
18.6737409209
20.0532329161
21.4452225739
5.46127705219
6.55885328228
7.642742616
8.74809705463
9.32425974426
10.428911385
11.5484988782
12.9103867722
13.931303256
14.9614688472
5.46127705219
6.55885328228
7.642742616
8.74809705463
9.32425974426
10.428911385
11.5484988782
12.9103867722
13.931303256
14.9614688472
2.95835090334
3.61368334969
4.26084372832
4.92082032812
5.33248631482
6.09080024113
6.85936723233
7.80570166908
8.50902269982
9.21871554639
2.95835090334
3.61368334969
4.26084372832
4.92082032812
5.33248631482
6.09080024113
6.85936723233
7.80570166908
8.50902269982
9.21871554639
-2.33351332633
-2.10161388428
-1.93270361423
-1.921402933
-1.93259833406
-1.94538420834
-1.95905135073
-1.97035712836
-1.98155301797
-1.99247322365
-2.33351332633
-2.10161388428
-1.93270361423
-1.921402933
-1.93259833406
-1.94538420834
-1.95905135073
-1.97035712836
-1.98155301797
-1.99247322365
-4.46968799004
-5.12682096639
-5.77575942222
-6.43754931185
-7.09090913252
-6.78359412132
-7.05676539424
-7.32998558313
-7.59995285956
-7.82429424953
-4.46968799004
-5.12682096639
-5.77575942222
-6.43754931185
-7.09090913252
-6.78359412132
-7.05676539424
-7.32998558313
-7.59995285956
-7.82429424953
