-7.40760046582
-6.72673146953
-6.05435298454
-5.36865886458
-3.90013223823
-3.53525374845
-3.16544178363
-3.23289479559
-3.03203709984
-2.82935971125
-7.40760046582
-6.72673146953
-6.05435298454
-5.36865886458
-3.90013223823
-3.53525374845
-3.16544178363
-3.23289479559
-3.03203709984
-2.82935971125
-6.73299597313
-6.44924628045
-6.16903497766
-5.88327443214
-4.69939008257
-4.32400038186
-3.94353508537
-3.93950214022
-3.73521216683
-3.52907140551
-6.73299597313
-6.44924628045
-6.16903497766
-5.88327443214
-4.69939008257
-4.32400038186
-3.94353508537
-3.93950214022
-3.73521216683
-3.52907140551
-6.13548913674
-6.2034736844
-6.27061045728
-6.33907679197
-5.40730417328
-5.02260454288
-4.63270343835
-4.56535435974
-4.35802436903
-4.14881604899
-6.13548913674
-6.2034736844
-6.27061045728
-6.33907679197
-5.40730417328
-5.02260454288
-4.63270343835
-4.56535435974
-4.35802436903
-4.14881604899
-5.40306140181
-5.90220405055
-6.39512233552
-6.89780226532
-6.27506983285
-5.87895803058
-5.47749045167
-5.33252804819
-5.12147158462
-4.90850303132
-5.40306140181
-5.90220405055
-6.39512233552
-6.89780226532
-6.27506983285
-5.87895803058
-5.47749045167
-5.33252804819
-5.12147158462
-4.90850303132
-7.41437725135
-7.35608944698
-7.29852849794
-7.23982762459
-7.18187449976
-5.03417379602
-5.00373205287
-4.9732848586
-4.94320016338
-4.52475841711
-7.41437725135
-7.35608944698
-7.29852849794
-7.23982762459
-7.18187449976
-5.03417379602
-5.00373205287
-4.9732848586
-4.94320016338
-4.52475841711
-2.51943937687
-2.23042735079
-1.94501933647
-1.65395916489
-1.8353731081
-1.8190084977
-1.80242262352
-1.82702579032
-1.84238938618
-1.85789217025
-2.51943937687
-2.23042735079
-1.94501933647
-1.65395916489
-1.8353731081
-1.8190084977
-1.80242262352
-1.82702579032
-1.84238938618
-1.85789217025
-2.6163998459
-2.52558623258
-2.43590507501
-2.3444478916
-2.32091890893
-2.30257676609
-2.2839866215
-2.29746726796
-2.29275615046
-2.28800235205
-2.6163998459
-2.52558623258
-2.43590507501
-2.3444478916
-2.32091890893
-2.30257676609
-2.2839866215
-2.29746726796
-2.29275615046
-2.28800235205
-2.64926188959
-2.58591196846
-2.52335202783
-2.46220355485
-2.42380095768
-2.40066695035
-2.37722015109
-2.38444552028
-2.37572337086
-2.36692220214
-2.64926188959
-2.58591196846
-2.52335202783
-2.46220355485
-2.42380095768
-2.40066695035
-2.37722015109
-2.38444552028
-2.37572337086
-2.36692220214
-2.86895187316
-2.70550141398
-2.54408920001
-2.37948041422
-2.26362521772
-2.25847815906
-2.25326150769
-2.27150052445
-2.26144257295
-2.25129350032
-2.86895187316
-2.70550141398
-2.54408920001
-2.37948041422
-2.26362521772
-2.25847815906
-2.25326150769
-2.27150052445
-2.26144257295
-2.25129350032
-3.05042951546
-2.95217448525
-2.85514470608
-2.7561933706
-2.65850250554
-2.48666432939
-2.48735092831
-2.48803765019
-2.48871619607
-2.45555957555
-3.05042951546
-2.95217448525
-2.85514470608
-2.7561933706
-2.65850250554
-2.48666432939
-2.48735092831
-2.48803765019
-2.48871619607
-2.45555957555
-2.04588754844
-1.98582774055
-1.92651688507
-1.86603145051
-2.01746457111
-2.04341412428
-2.06971453801
-2.08507518562
-2.10706237514
-2.12924876007
-2.04588754844
-1.98582774055
-1.92651688507
-1.86603145051
-2.01746457111
-2.04341412428
-2.06971453801
-2.08507518562
-2.10706237514
-2.12924876007
-2.16161613982
-2.0921172687
-2.02348505615
-1.95349366643
-2.05815571776
-2.0792586423
-2.10064689676
-2.11606236896
-2.13339985882
-2.15089441963
-2.16161613982
-2.0921172687
-2.02348505615
-1.95349366643
-2.05815571776
-2.0792586423
-2.10064689676
-2.11606236896
-2.13339985882
-2.15089441963
-2.26411860647
-2.18625942221
-2.10937115054
-2.08209620647
-2.09419644766
-2.11100664398
-2.1280441288
-2.14350815991
-2.15672734437
-2.17006628952
-2.26411860647
-2.18625942221
-2.10937115054
-2.08209620647
-2.09419644766
-2.11100664398
-2.1280441288
-2.14350815991
-2.15672734437
-2.17006628952
-2.3897667914
-2.30165948135
-2.21465087915
-2.12591917781
-2.13837540688
-2.14992354926
-2.16162783259
-2.17715138753
-2.18532232666
-2.19356729133
-2.3897667914
-2.30165948135
-2.21465087915
-2.12591917781
-2.13837540688
-2.14992354926
-2.16162783259
-2.17715138753
-2.18532232666
-2.19356729133
-2.56831947525
-2.46564903907
-2.36425891454
-2.26086088238
-2.15877996393
-2.20522651992
-2.20935204323
-2.21347830528
-2.21755544076
-2.22696345179
-2.56831947525
-2.46564903907
-2.36425891454
-2.26086088238
-2.15877996393
-2.20522651992
-2.20935204323
-2.21347830528
-2.21755544076
-2.22696345179
-1.59343307441
-1.75212536342
-1.90883874212
-2.06865563795
-2.19144362087
-2.25782218618
-2.32509824752
-2.33162814226
-2.35994383567
-2.38851605828
-1.59343307441
-1.75212536342
-1.90883874212
-2.06865563795
-2.19144362087
-2.25782218618
-2.32509824752
-2.33162814226
-2.35994383567
-2.38851605828
-1.70735032005
-1.80721128205
-1.90582696688
-2.00639561493
-2.13331064627
-2.1866049277
-2.24061979424
-2.24930325775
-2.27670087941
-2.3043467129
-1.70735032005
-1.80721128205
-1.90582696688
-2.00639561493
-2.13331064627
-2.1866049277
-2.24061979424
-2.24930325775
-2.27670087941
-2.3043467129
-1.80824845189
-1.85600166713
-1.90315939452
-2.00645035968
-2.0818214402
-2.12352678447
-2.16579602133
-2.17638693146
-2.20297140387
-2.22979672128
-1.80824845189
-1.85600166713
-1.90315939452
-2.00645035968
-2.0818214402
-2.12352678447
-2.16579602133
-2.17638693146
-2.20297140387
-2.22979672128
-1.93193003286
-1.91580923593
-1.89988946711
-1.88365442671
-2.01870563921
-2.04620518955
-2.07407655777
-2.08700562828
-2.11259333707
-2.13841286058
-1.93193003286
-1.91580923593
-1.89988946711
-1.88365442671
-2.01870563921
-2.04620518955
-2.07407655777
-2.08700562828
-2.11259333707
-2.13841286058
-2.10768806898
-2.00079893896
-1.89524272816
-1.78759610548
-1.68132071628
-1.93632713361
-1.9437383727
-1.95115093891
-1.95847525238
-2.00855158485
-2.10768806898
-2.00079893896
-1.89524272816
-1.78759610548
-1.68132071628
-1.93632713361
-1.9437383727
-1.95115093891
-1.95847525238
-2.00855158485
-1.15553769976
-1.52594307135
-1.89172944721
-2.26475977564
-2.35982436534
-2.46533101632
-2.57226420912
-2.57024750734
-2.60468806577
-2.63944064231
-1.15553769976
-1.52594307135
-1.89172944721
-2.26475977564
-2.35982436534
-2.46533101632
-2.57226420912
-2.57024750734
-2.60468806577
-2.63944064231
-1.2677018852
-1.5314730124
-1.79195488462
-2.05759528228
-2.20604723629
-2.29049701974
-2.37608863784
-2.37825671554
-2.41539075364
-2.45286121173
-1.2677018852
-1.5314730124
-1.79195488462
-2.05759528228
-2.20604723629
-2.29049701974
-2.37608863784
-2.37825671554
-2.41539075364
-2.45286121173
-1.36704730659
-1.53637096018
-1.70358312918
-1.87410673102
-2.06984463626
-2.13564405135
-2.20233313185
-2.20820772851
-2.24772742004
-2.28760514465
-1.36704730659
-1.53637096018
-1.70358312918
-1.87410673102
-2.06984463626
-2.13564405135
-2.20233313185
-2.20820772851
-2.24772742004
-2.28760514465
-1.48882556507
-1.54237489617
-1.59525646122
-1.64918528109
-1.90288661043
-1.94582428364
-1.98934251161
-1.99976058312
-2.04220462401
-2.08503319146
-1.48882556507
-1.54237489617
-1.59525646122
-1.64918528109
-1.90288661043
-1.94582428364
-1.98934251161
-1.99976058312
-2.04220462401
-2.08503319146
-1.66187887976
-1.55090680521
-1.44131856464
-1.32956006277
-1.21922517268
-1.67608040322
-1.6866716302
-1.69726475373
-1.70773175735
-1.79716778428
-1.66187887976
-1.55090680521
-1.44131856464
-1.32956006277
-1.21922517268
-1.67608040322
-1.6866716302
-1.69726475373
-1.70773175735
-1.79716778428
-0.696967008492
-1.28908153769
-1.87381233356
-2.47012300892
-2.53615523992
-2.68263741685
-2.83110016042
-2.82013333288
-2.86098794304
-2.90221268013
-0.696967008492
-1.28908153769
-1.87381233356
-2.47012300892
-2.53615523992
-2.68263741685
-2.83110016042
-2.82013333288
-2.86098794304
-2.90221268013
-0.807295362664
-1.24271570588
-1.6727063095
-2.11121235204
-2.28221809876
-2.39929439743
-2.51795366965
-2.5132987363
-2.56062889768
-2.60838785196
-0.807295362664
-1.24271570588
-1.6727063095
-2.11121235204
-2.28221809876
-2.39929439743
-2.51795366965
-2.5132987363
-2.56062889768
-2.60838785196
-0.905014762074
-1.20164882627
-1.49458383105
-1.79332005594
-2.05730234516
-2.14833343738
-2.24059534926
-2.24153095077
-2.29459660036
-2.34814300415
-0.905014762074
-1.20164882627
-1.49458383105
-1.79332005594
-2.05730234516
-2.14833343738
-2.24059534926
-2.24153095077
-2.29459660036
-2.34814300415
-1.02479983232
-1.1513087803
-1.27624014778
-1.40364562846
-1.78159916333
-1.84070387344
-1.90060773072
-1.90839624592
-1.96849249396
-2.02913319071
-1.02479983232
-1.1513087803
-1.27624014778
-1.40364562846
-1.78159916333
-1.84070387344
-1.90060773072
-1.90839624592
-1.96849249396
-2.02913319071
-1.19502072161
-1.0797729255
-0.96596228209
-0.849897757839
-0.735311696708
-1.40354607205
-1.41746743068
-1.43139128217
-1.44514935868
-1.57580345582
-1.19502072161
-1.0797729255
-0.96596228209
-0.849897757839
-0.735311696708
-1.40354607205
-1.41746743068
-1.43139128217
-1.44514935868
-1.57580345582
-0.238843581508
-1.05245102556
-1.85591269526
-2.67528594236
-2.7123141312
-2.89973186884
-3.08968365756
-3.06977543371
-3.1170378397
-3.16472842476
-0.238843581508
-1.05245102556
-1.85591269526
-2.67528594236
-2.7123141312
-2.89973186884
-3.08968365756
-3.06977543371
-3.1170378397
-3.16472842476
-0.347337894977
-0.954240037132
-1.55357404279
-2.16477712669
-2.35831466843
-2.50798566023
-2.65968033423
-2.64820904461
-2.70572538453
-2.76376280018
-0.347337894977
-0.954240037132
-1.55357404279
-2.16477712669
-2.35831466843
-2.50798566023
-2.65968033423
-2.64820904461
-2.70572538453
-2.76376280018
-0.443432858335
-0.867253161665
-1.28578837918
-1.71261217567
-2.04477228711
-2.16101044689
-2.27882024784
-2.27482167141
-2.34142006709
-2.4086218184
-0.443432858335
-0.867253161665
-1.28578837918
-1.71261217567
-2.04477228711
-2.16101044689
-2.27882024784
-2.27482167141
-2.34142006709
-2.4086218184
-0.561226684387
-0.760624088513
-0.957534985068
-1.15834546151
-1.66043001324
-1.73568599182
-1.81195949679
-1.81712102039
-1.89485225861
-1.97328771171
-0.561226684387
-0.760624088513
-0.957534985068
-1.15834546151
-1.66043001324
-1.73568599182
-1.81195949679
-1.81712102039
-1.89485225861
-1.97328771171
-0.728617910882
-0.609098563507
-0.491069635545
-0.370703288769
-0.251870202958
-1.13127755567
-1.14852579792
-1.16577712876
-1.18282306823
-1.35465503378
-0.728617910882
-0.609098563507
-0.491069635545
-0.370703288769
-0.251870202958
-1.13127755567
-1.14852579792
-1.16577712876
-1.18282306823
-1.35465503378
0.218805050813
-0.816065754993
-1.83803160797
-2.88023624693
-2.88829045312
-3.11660132626
-3.34799916129
-3.3191588079
-3.37282236874
-3.42697210063
0.218805050813
-0.816065754993
-1.83803160797
-2.88023624693
-2.88829045312
-3.11660132626
-3.34799916129
-3.3191588079
-3.37282236874
-3.42697210063
0.112142877265
-0.666063341763
-1.43456524361
-2.21828638733
-2.43433237235
-2.61656427646
-2.80126011466
-2.78297953319
-2.85067149479
-2.91897671931
0.112142877265
-0.666063341763
-1.43456524361
-2.21828638733
-2.43433237235
-2.61656427646
-2.80126011466
-2.78297953319
-2.85067149479
-2.91897671931
0.0176706664089
-0.533204061474
-1.07720932088
-1.63198794026
-2.03225521509
-2.17367431807
-2.31700553051
-2.30807788988
-2.38819500643
-2.469037953
0.0176706664089
-0.533204061474
-1.07720932088
-1.63198794026
-2.03225521509
-2.17367431807
-2.31700553051
-2.30807788988
-2.38819500643
-2.469037953
-0.0981339791569
-0.370344298539
-0.639160125284
-0.913299521274
-1.53938644168
-1.63077694971
-1.72340313702
-1.72594039163
-1.82128834329
-1.91750011042
-0.0981339791569
-0.370344298539
-0.639160125284
-0.913299521274
-1.53938644168
-1.63077694971
-1.72340313702
-1.72594039163
-1.82128834329
-1.91750011042
-0.262698475487
-0.138912003841
-0.0166691631183
0.107994547815
0.23107025673
-0.859291215738
-0.879862893656
-0.900438255284
-0.920768650204
-1.13373580781
-0.262698475487
-0.138912003841
-0.0166691631183
0.107994547815
0.23107025673
-0.859291215738
-0.879862893656
-0.900438255284
-0.920768650204
-1.13373580781
-6.30202255998
-5.91817943764
-5.53912288128
-5.15255957262
-3.99929374822
-3.62639313284
-3.2484505763
-3.24409350276
-3.04949789715
-2.85313933082
-6.30202255998
-5.91817943764
-5.53912288128
-5.15255957262
-3.99929374822
-3.62639313284
-3.2484505763
-3.24409350276
-3.04949789715
-2.85313933082
-5.84162472016
-5.73124485608
-5.62224144105
-5.51107934647
-4.6320771701
-4.29898714439
-3.96139345136
-3.89431384473
-3.69710440642
-3.49810832706
-5.84162472016
-5.73124485608
-5.62224144105
-5.51107934647
-4.6320771701
-4.29898714439
-3.96139345136
-3.89431384473
-3.69710440642
-3.49810832706
-5.43384377632
-5.56567422669
-5.69586073684
-5.82862543188
-5.19254248662
-4.89471326889
-4.59285714069
-4.47022329048
-4.27069874319
-4.06936658088
-5.43384377632
-5.56567422669
-5.69586073684
-5.82862543188
-5.19254248662
-4.89471326889
-4.59285714069
-4.47022329048
-4.27069874319
-4.06936658088
-4.93398326451
-5.36271668099
-5.78610374459
-6.21787547206
-5.87956448753
-5.62495819571
-5.36690940503
-5.17617680462
-4.97381438182
-4.76961863394
-4.93398326451
-5.36271668099
-5.78610374459
-6.21787547206
-5.87956448753
-5.62495819571
-5.36690940503
-5.17617680462
-4.97381438182
-4.76961863394
-6.23559465414
-6.27740706708
-6.31869807462
-6.36080680015
-6.40237913269
-4.35037762437
-4.11026482554
-3.87010903041
-3.63281248878
-3.59257643546
-6.23559465414
-6.27740706708
-6.31869807462
-6.36080680015
-6.40237913269
-4.35037762437
-4.11026482554
-3.87010903041
-3.63281248878
-3.59257643546
-2.68642707527
-2.46043845615
-2.23726793999
-2.00967780422
-2.11421865558
-2.09908522516
-2.08374717758
-2.10182820137
-2.10931752881
-2.11687470666
-2.68642707527
-2.46043845615
-2.23726793999
-2.00967780422
-2.11421865558
-2.09908522516
-2.08374717758
-2.10182820137
-2.10931752881
-2.11687470666
-2.72307367593
-2.64995191134
-2.5777419832
-2.5116803512
-2.47032352512
-2.44436877453
-2.41806309312
-2.42102710971
-2.40978100977
-2.39843302451
-2.72307367593
-2.64995191134
-2.5777419832
-2.5116803512
-2.47032352512
-2.44436877453
-2.41806309312
-2.42102710971
-2.40978100977
-2.39843302451
-2.74879886908
-2.69804673023
-2.64792747613
-2.59603485325
-2.55757055497
-2.52990213852
-2.50185962098
-2.49809670049
-2.48298051417
-2.46787337357
-2.74879886908
-2.69804673023
-2.64792747613
-2.59603485325
-2.55757055497
-2.52990213852
-2.50185962098
-2.49809670049
-2.48298051417
-2.46787337357
-2.9094842484
-2.7895734805
-2.67115801307
-2.55039747188
-2.42792328158
-2.39832811211
-2.36833279016
-2.37489964156
-2.35799589474
-2.34093900652
-2.9094842484
-2.7895734805
-2.67115801307
-2.55039747188
-2.42792328158
-2.39832811211
-2.36833279016
-2.37489964156
-2.35799589474
-2.34093900652
-3.02530239598
-2.96047051236
-2.89644708947
-2.83115576086
-2.76669613187
-2.55370422648
-2.51609839669
-2.47848583293
-2.44132107787
-2.4572800853
-3.02530239598
-2.96047051236
-2.89644708947
-2.83115576086
-2.76669613187
-2.55370422648
-2.51609839669
-2.47848583293
-2.44132107787
-2.4572800853
-2.29543361656
-2.22859279573
-2.16258548729
-2.0952709847
-2.19202243386
-2.20654528997
-2.22126450775
-2.23347131048
-2.24733304014
-2.2613203517
-2.29543361656
-2.22859279573
-2.16258548729
-2.0952709847
-2.19202243386
-2.20654528997
-2.22126450775
-2.23347131048
-2.24733304014
-2.2613203517
-2.37854966686
-2.30954401569
-2.24139887259
-2.2219959396
-2.23150234764
-2.23947857168
-2.24756264121
-2.25826477385
-2.26756309789
-2.27694566114
-2.37854966686
-2.30954401569
-2.24139887259
-2.2219959396
-2.23150234764
-2.23947857168
-2.24756264121
-2.25826477385
-2.26756309789
-2.27694566114
-2.45216673998
-2.38124366765
-2.31120501385
-2.27314599307
-2.26647027128
-2.26864804976
-2.2708552737
-2.28022469855
-2.28548114904
-2.2942573861
-2.45216673998
-2.38124366765
-2.31120501385
-2.27314599307
-2.26647027128
-2.26864804976
-2.2708552737
-2.28022469855
-2.28548114904
-2.2942573861
-2.54240702315
-2.46913356361
-2.39677383217
-2.3229811046
-2.30933417767
-2.30440418418
-2.29940753288
-2.30714331592
-2.30744521174
-2.30774984262
-2.54240702315
-2.46913356361
-2.39677383217
-2.3229811046
-2.30933417767
-2.30440418418
-2.29940753288
-2.30714331592
-2.30744521174
-2.30774984262
-2.67064321504
-2.59402973155
-2.51837162663
-2.44121520531
-2.36504162457
-2.3552155331
-2.33998179594
-2.32474533091
-2.30969026862
-2.33185746291
-2.67064321504
-2.59402973155
-2.51837162663
-2.44121520531
-2.36504162457
-2.3552155331
-2.33998179594
-2.32474533091
-2.30969026862
-2.33185746291
-1.92185942871
-2.00707616324
-2.09123023571
-2.17705087684
-2.26635995188
-2.3092178681
-2.35265526068
-2.3592495466
-2.37919977961
-2.399330754
-1.92185942871
-2.00707616324
-2.09123023571
-2.17705087684
-2.26635995188
-2.3092178681
-2.35265526068
-2.3592495466
-2.37919977961
-2.399330754
-2.01266562985
-2.05954032244
-2.10583048245
-2.18540015429
-2.24269067077
-2.27739708711
-2.31257276444
-2.31992707243
-2.33879727663
-2.35783843756
-2.01266562985
-2.05954032244
-2.10583048245
-2.18540015429
-2.24269067077
-2.27739708711
-2.31257276444
-2.31992707243
-2.33879727663
-2.35783843756
-2.09309397943
-2.10600857773
-2.11876212957
-2.17513912544
-2.22172645035
-2.2492129668
-2.27707112491
-2.28509859531
-2.30301220256
-2.33107598229
-2.09309397943
-2.10600857773
-2.11876212957
-2.17513912544
-2.22172645035
-2.2492129668
-2.27707112491
-2.28509859531
-2.30301220256
-2.33107598229
-2.19168356924
-2.16296966486
-2.13461382603
-2.10569643443
-2.19602837371
-2.2146646903
-2.23355298613
-2.24240562336
-2.2591466279
-2.27603929945
-2.19168356924
-2.16296966486
-2.13461382603
-2.10569643443
-2.19602837371
-2.2146646903
-2.23355298613
-2.24240562336
-2.2591466279
-2.27603929945
-2.33178456528
-2.24391436762
-2.157139921
-2.06864701241
-1.98128135181
-2.16556977106
-2.17171142049
-2.17785416969
-2.18392378437
-2.21202258267
-2.33178456528
-2.24391436762
-2.157139921
-2.06864701241
-1.98128135181
-2.16556977106
-2.17171142049
-2.17785416969
-2.18392378437
-2.21202258267
-1.56030612702
-1.7926875024
-2.02217105646
-2.25619925212
-2.33830543407
-2.40858664363
-2.47981811636
-2.48098048527
-2.50682330551
-2.53290025168
-1.56030612702
-1.7926875024
-2.02217105646
-2.25619925212
-2.33830543407
-2.40858664363
-2.47981811636
-2.48098048527
-2.50682330551
-2.53290025168
-1.658555025
-1.8175812587
-1.97462441776
-2.13477762485
-2.25351897555
-2.31409545894
-2.37549098915
-2.37960519894
-2.40773927893
-2.43612824277
-1.658555025
-1.8175812587
-1.97462441776
-2.13477762485
-2.25351897555
-2.31409545894
-2.37549098915
-2.37960519894
-2.40773927893
-2.43612824277
-1.7455754775
-1.83963001427
-1.93251168063
-2.08028592698
-2.178422398
-2.23040326678
-2.28308696219
-2.28981565962
-2.3199791411
-2.35041589202
-1.7455754775
-1.83963001427
-1.93251168063
-2.08028592698
-2.178422398
-2.23040326678
-2.28308696219
-2.28981565962
-2.3199791411
-2.35041589202
-1.85224570959
-1.86665752111
-1.88088961575
-1.89540355966
-2.08636852874
-2.12781283768
-2.16981750978
-2.17975106303
-2.21240219795
-2.24534913949
-1.85224570959
-1.86665752111
-1.88088961575
-1.89540355966
-2.08636852874
-2.12781283768
-2.16981750978
-2.17975106303
-2.21240219795
-2.24534913949
-2.00382972361
-1.90506503082
-1.80753194462
-1.70806733472
-1.60986973349
-1.98202643844
-2.00885565636
-2.03568967852
-2.06220421943
-2.09604375432
-2.00382972361
-1.90506503082
-1.80753194462
-1.70806733472
-1.60986973349
-1.98202643844
-2.00885565636
-2.03568967852
-2.06220421943
-2.09604375432
-1.18168201478
-1.5681764386
-1.94985123442
-2.33908463358
-2.41364783642
-2.51264713552
-2.61298499139
-2.60845897426
-2.64047260139
-2.67277625958
-1.18168201478
-1.5681764386
-1.94985123442
-2.33908463358
-2.41364783642
-2.51264713552
-2.61298499139
-2.60845897426
-2.64047260139
-2.67277625958
-1.287725018
-1.56419804997
-1.83722343281
-2.11565575001
-2.26485854088
-2.35252655164
-2.44137991027
-2.44210103998
-2.47993639148
-2.5181145166
-1.287725018
-1.56419804997
-1.83722343281
-2.11565575001
-2.26485854088
-2.35252655164
-2.44137991027
-2.44210103998
-2.47993639148
-2.5181145166
-1.38164882085
-1.56067433433
-1.73746737995
-1.98095421602
-2.13307373626
-2.21070546305
-2.28938683842
-2.29475544105
-2.33774717699
-2.38112840138
-1.38164882085
-1.56067433433
-1.73746737995
-1.98095421602
-2.13307373626
-2.21070546305
-2.28938683842
-2.29475544105
-2.33774717699
-2.38112840138
-1.49678122435
-1.55635494096
-1.61518576677
-1.67518166526
-1.97153107254
-2.03686025769
-2.10307275034
-2.11413825527
-2.16345072051
-2.21320993757
-1.49678122435
-1.55635494096
-1.61518576677
-1.67518166526
-1.97153107254
-2.03686025769
-2.10307275034
-2.11413825527
-2.16345072051
-2.21320993757
-1.66039042932
-1.55021685565
-1.44141715857
-1.33046281633
-1.22092184225
-1.78981707112
-1.83831062517
-1.88681286282
-1.93473764118
-1.97458896268
-1.66039042932
-1.55021685565
-1.44141715857
-1.33046281633
-1.22092184225
-1.78981707112
-1.83831062517
-1.88681286282
-1.93473764118
-1.97458896268
-0.803427191383
-1.34388435037
-1.8776019491
-2.42188917325
-2.48891675399
-2.61660613262
-2.74602198288
-2.73581312783
-2.77399154321
-2.81251584022
-0.803427191383
-1.34388435037
-1.8776019491
-2.42188917325
-2.48891675399
-2.61660613262
-2.74602198288
-2.73581312783
-2.77399154321
-2.81251584022
-0.917256697909
-1.3110619771
-1.69995646112
-2.09655252558
-2.27618704624
-2.39092016079
-2.50720456701
-2.50453592606
-2.552063087
-2.60002082558
-0.917256697909
-1.3110619771
-1.69995646112
-2.09655252558
-2.27618704624
-2.39092016079
-2.50720456701
-2.50453592606
-2.552063087
-2.60002082558
-1.01807711797
-1.2819907322
-1.54261331461
-1.80839720907
-2.08776930509
-2.19102687147
-2.29568057009
-2.29969040449
-2.35549788293
-2.41181095547
-1.01807711797
-1.2819907322
-1.54261331461
-1.80839720907
-2.08776930509
-2.19102687147
-2.29568057009
-2.29969040449
-2.35549788293
-2.41181095547
-1.14166343935
-1.24635501265
-1.34974107051
-1.45517456303
-1.85680562239
-1.94599638777
-2.03639309001
-2.04858944257
-2.11454698761
-2.18110208243
-1.14166343935
-1.24635501265
-1.34974107051
-1.45517456303
-1.85680562239
-1.94599638777
-2.03639309001
-2.04858944257
-2.11454698761
-2.18110208243
-1.31728610656
-1.1957147796
-1.07565946048
-0.953226592331
-0.832353309091
-1.5977951741
-1.66793193409
-1.73808125326
-1.80739538673
-1.85325263127
-1.31728610656
-1.1957147796
-1.07565946048
-0.953226592331
-0.832353309091
-1.5977951741
-1.66793193409
-1.73808125326
-1.80739538673
-1.85325263127
-0.425564387605
-1.11982471627
-1.80542754224
-2.50460789511
-2.56410766358
-2.72045738762
-2.87892109612
-2.8630352928
-2.90737210729
-2.95211059613
-0.425564387605
-1.11982471627
-1.80542754224
-2.50460789511
-2.56410766358
-2.72045738762
-2.87892109612
-2.8630352928
-2.90737210729
-2.95211059613
-0.54717232758
-1.05818825198
-1.56283175158
-2.07746909955
-2.28750381084
-2.42927397919
-2.57296100372
-2.56690610523
-2.62411503111
-2.68184224767
-0.54717232758
-1.05818825198
-1.56283175158
-2.07746909955
-2.28750381084
-2.42927397919
-2.57296100372
-2.56690610523
-2.62411503111
-2.68184224767
-0.654882217273
-1.00359595504
-1.34796119413
-1.69914616633
-2.04251182698
-2.17136867458
-2.30196777901
-2.30462025339
-2.3732301922
-2.44246171046
-0.654882217273
-1.00359595504
-1.34796119413
-1.69914616633
-2.04251182698
-2.17136867458
-2.30196777901
-2.30462025339
-2.3732301922
-2.44246171046
-0.786913694961
-0.936676365246
-1.08457147855
-1.23539547401
-1.74219907257
-1.85522668828
-1.96978253583
-1.98310856403
-2.06569393806
-2.14902750356
-0.786913694961
-0.936676365246
-1.08457147855
-1.23539547401
-1.74219907257
-1.85522668828
-1.96978253583
-1.98310856403
-2.06569393806
-2.14902750356
-0.97453737378
-0.841580106059
-0.710280830097
-0.576381332282
-0.444187484581
-1.40597228671
-1.49772982183
-1.58950378769
-1.68018510855
-1.73204205166
-0.97453737378
-0.841580106059
-0.710280830097
-0.576381332282
-0.444187484581
-1.40597228671
-1.49772982183
-1.58950378769
-1.68018510855
-1.73204205166
-3.08611570299
-3.08568385874
-3.08392514076
-3.0807751047
-3.07546173651
-3.06916838032
-3.0589142373
-3.04413935289
-3.02299193181
-2.96167536071
-3.08611570299
-3.08568385874
-3.08392514076
-3.0807751047
-3.07546173651
-3.06916838032
-3.0589142373
-3.04413935289
-3.02299193181
-2.96167536071
-4.95025346719
-5.01324343171
-5.07544790444
-5.1388842608
-4.56476425763
-4.27397390691
-3.97925181734
-3.84912554925
-3.658996646
-3.46714524862
-4.95025346719
-5.01324343171
-5.07544790444
-5.1388842608
-4.56476425763
-4.27397390691
-3.97925181734
-3.84912554925
-3.658996646
-3.46714524862
-4.7321984159
-4.92787476898
-5.12111101641
-5.31817407179
-4.97778079997
-4.76682199491
-4.55301084303
-4.37509222122
-4.18337311736
-3.98991711277
-4.7321984159
-4.92787476898
-5.12111101641
-5.31817407179
-4.97778079997
-4.76682199491
-4.55301084303
-4.37509222122
-4.18337311736
-3.98991711277
-3.14756451295
-3.1461863858
-3.14213908762
-3.13546551904
-3.12620963226
-3.11366402995
-3.09850440845
-3.07784547977
-3.04681202488
-2.96809928234
-3.14756451295
-3.1461863858
-3.14213908762
-3.13546551904
-3.12620963226
-3.11366402995
-3.09850440845
-3.07784547977
-3.04681202488
-2.96809928234
-5.05681205694
-5.19872468717
-5.33886765129
-5.48178597571
-5.62288376562
-3.66658145273
-3.21679759821
-2.76693320223
-2.32242481418
-2.66039445381
-5.05681205694
-5.19872468717
-5.33886765129
-5.48178597571
-5.62288376562
-3.66658145273
-3.21679759821
-2.76693320223
-2.32242481418
-2.66039445381
-2.81260893079
-2.73382608797
-2.65982595088
-2.58968368195
-2.53887587086
-2.50376791104
-2.48223461727
-2.46876009586
-2.45518933378
-2.43076171668
-2.81260893079
-2.73382608797
-2.65982595088
-2.58968368195
-2.53887587086
-2.50376791104
-2.48223461727
-2.46876009586
-2.45518933378
-2.43076171668
-2.82974750596
-2.7743175901
-2.7195788914
-2.66402287043
-2.6197281413
-2.58616078298
-2.55213956473
-2.54458695146
-2.52680586907
-2.50886369698
-2.82974750596
-2.7743175901
-2.7195788914
-2.66402287043
-2.6197281413
-2.58616078298
-2.55213956473
-2.54458695146
-2.52680586907
-2.50886369698
-2.84833584858
-2.81018149199
-2.77250292443
-2.72986615165
-2.69134015226
-2.6591373267
-2.62649909087
-2.6117478807
-2.59023765748
-2.55739579431
-2.84833584858
-2.81018149199
-2.77250292443
-2.72986615165
-2.69134015226
-2.6591373267
-2.62649909087
-2.6117478807
-2.59023765748
-2.55739579431
-2.88555976707
-2.85414369431
-2.83737754557
-2.81057727057
-2.77912261731
-2.7485924448
-2.72107684526
-2.69407418107
-2.66799275294
-2.63030632386
-2.88555976707
-2.85414369431
-2.83737754557
-2.81057727057
-2.77912261731
-2.7485924448
-2.72107684526
-2.69407418107
-2.66799275294
-2.63030632386
-3.0001752765
-2.96876653948
-2.93774947286
-2.90611815111
-2.87488975819
-2.62074412358
-2.54484586507
-2.46893401568
-2.39392595968
-2.45900059505
-3.0001752765
-2.96876653948
-2.93774947286
-2.90611815111
-2.87488975819
-2.62074412358
-2.54484586507
-2.46893401568
-2.39392595968
-2.45900059505
-2.57375180938
-2.47135785091
-2.39865408951
-2.36733686227
-2.36658029661
-2.36967645566
-2.37556580177
-2.38186743534
-2.38760370514
-2.39728306683
-2.57375180938
-2.47135785091
-2.39865408951
-2.36733686227
-2.36658029661
-2.36967645566
-2.37556580177
-2.38186743534
-2.38760370514
-2.39728306683
-2.59548319389
-2.52697076268
-2.45931268902
-2.41870143968
-2.40484897752
-2.39969850105
-2.39447838565
-2.40046717874
-2.40172633696
-2.40299690265
-2.59548319389
-2.52697076268
-2.45931268902
-2.41870143968
-2.40484897752
-2.39969850105
-2.39447838565
-2.40046717874
-2.40172633696
-2.40299690265
-2.64021487348
-2.5762279131
-2.51303887715
-2.46419577968
-2.4387440949
-2.42628945554
-2.4136664186
-2.41694123719
-2.41423495371
-2.40793502294
-2.64021487348
-2.5762279131
-2.51303887715
-2.46419577968
-2.4387440949
-2.42628945554
-2.4136664186
-2.41694123719
-2.41423495371
-2.40793502294
-2.72884969159
-2.63660764587
-2.57889678519
-2.51996303516
-2.48029294846
-2.4588848191
-2.44688712637
-2.43713524431
-2.42956809682
-2.41406796736
-2.72884969159
-2.63660764587
-2.57889678519
-2.51996303516
-2.48029294846
-2.4588848191
-2.44688712637
-2.43713524431
-2.42956809682
-2.41406796736
-2.77296695483
-2.72241042402
-2.67248433872
-2.62156952825
-2.5713032852
-2.50520454627
-2.47061154864
-2.43601235655
-2.40182509647
-2.43675147402
-2.77296695483
-2.72241042402
-2.67248433872
-2.62156952825
-2.5713032852
-2.50520454627
-2.47061154864
-2.43601235655
-2.40182509647
-2.43675147402
-2.30632043762
-2.26202696306
-2.2736217293
-2.31257862874
-2.34127628289
-2.36061355002
-2.37480321696
-2.38687095094
-2.39845572355
-2.41972458367
-2.30632043762
-2.26202696306
-2.2736217293
-2.31257862874
-2.34127628289
-2.36061355002
-2.37480321696
-2.38687095094
-2.39845572355
-2.41972458367
-2.31798093966
-2.31186936282
-2.30583399803
-2.32915020732
-2.35207069526
-2.36818924652
-2.38452573464
-2.39055088712
-2.40089367385
-2.41133016222
-2.31798093966
-2.31186936282
-2.30583399803
-2.32915020732
-2.35207069526
-2.36818924652
-2.38452573464
-2.39055088712
-2.40089367385
-2.41133016222
-2.37793950697
-2.35601548833
-2.33436486462
-2.34382789121
-2.3616314605
-2.37489914914
-2.38834622848
-2.39381025916
-2.40305300126
-2.41562397871
-2.37793950697
-2.35601548833
-2.33436486462
-2.34382789121
-2.3616314605
-2.37489914914
-2.38834622848
-2.39381025916
-2.40305300126
-2.41562397871
-2.47439125533
-2.41013009379
-2.36933818495
-2.36181989081
-2.37335110821
-2.38312419105
-2.39087946342
-2.39780561844
-2.40569991873
-2.41326302434
-2.47439125533
-2.41013009379
-2.36933818495
-2.36181989081
-2.37335110821
-2.38312419105
-2.39087946342
-2.39780561844
-2.40569991873
-2.41326302434
-2.55588106158
-2.48702979628
-2.41903711385
-2.34969791934
-2.28124198734
-2.39481240851
-2.39968446828
-2.40455740047
-2.40937231637
-2.41549358048
-2.55588106158
-2.48702979628
-2.41903711385
-2.34969791934
-2.28124198734
-2.39481240851
-2.39968446828
-2.40455740047
-2.40937231637
-2.41549358048
-1.96507455429
-2.05943193345
-2.15261266571
-2.24763872861
-2.3167865028
-2.35184227094
-2.38737202361
-2.3917134632
-2.40895854525
-2.42635986105
-1.96507455429
-2.05943193345
-2.15261266571
-2.24763872861
-2.3167865028
-2.35184227094
-2.38737202361
-2.3917134632
-2.40895854525
-2.42635986105
-2.0494081648
-2.103689505
-2.15729395091
-2.24248055833
-2.30099071481
-2.33769389813
-2.37489334046
-2.38095368235
-2.40008780422
-2.41939527381
-2.0494081648
-2.103689505
-2.15729395091
-2.24248055833
-2.30099071481
-2.33769389813
-2.37489334046
-2.38095368235
-2.40008780422
-2.41939527381
-2.1241036484
-2.14288906837
-2.16144023208
-2.22733320579
-2.28700015973
-2.32516248221
-2.36384079252
-2.37142359073
-2.39223086216
-2.42306551894
-2.1241036484
-2.14288906837
-2.16144023208
-2.22733320579
-2.28700015973
-2.32516248221
-2.36384079252
-2.37142359073
-2.39223086216
-2.42306551894
-2.23596467411
-2.2418568592
-2.28300776313
-2.31404810386
-2.33577777051
-2.35211840981
-2.36624630338
-2.37847802891
-2.3903939639
-2.40728020372
-2.23596467411
-2.2418568592
-2.28300776313
-2.31404810386
-2.33577777051
-2.35211840981
-2.36624630338
-2.37847802891
-2.3903939639
-2.40728020372
-2.34578056746
-2.25922325643
-2.17374532459
-2.08657460667
-2.0005142943
-2.28797247366
-2.33103968253
-2.37411460331
-2.41667668151
-2.39491972435
-2.34578056746
-2.25922325643
-2.17374532459
-2.08657460667
-2.0005142943
-2.28797247366
-2.33103968253
-2.37411460331
-2.41667668151
-2.39491972435
-1.66639702107
-1.8472713395
-2.02589013529
-2.20804625824
-2.29114043291
-2.34265685419
-2.39486982237
-2.39678461564
-2.41995725975
-2.44333983903
-1.66639702107
-1.8472713395
-2.02589013529
-2.20804625824
-2.29114043291
-2.34265685419
-2.39486982237
-2.39678461564
-2.41995725975
-2.44333983903
-1.76815467334
-1.88568039406
-2.00174055612
-2.12009914799
-2.247498983
-2.30575870584
-2.36480615088
-2.37090334366
-2.39924388529
-2.42784118123
-1.76815467334
-1.88568039406
-2.00174055612
-2.12009914799
-2.247498983
-2.30575870584
-2.36480615088
-2.37090334366
-2.39924388529
-2.42784118123
-1.85828287963
-1.91969984239
-1.98035092886
-2.10533820078
-2.20884512737
-2.27307748873
-2.33817832757
-2.34797993133
-2.38089775362
-2.41411379861
-1.85828287963
-1.91969984239
-1.98035092886
-2.10533820078
-2.20884512737
-2.27307748873
-2.33817832757
-2.34797993133
-2.38089775362
-2.41411379861
-2.07068528995
-2.15314165216
-2.22950405906
-2.27196926065
-2.29916528327
-2.31827695945
-2.33611330663
-2.35136610934
-2.36636558547
-2.39211704703
-2.07068528995
-2.15314165216
-2.22950405906
-2.27196926065
-2.29916528327
-2.31827695945
-2.33611330663
-2.35136610934
-2.36636558547
-2.39211704703
-2.12576013702
-2.0206607858
-1.91687203506
-1.81102787482
-1.70653198779
-2.17608807019
-2.25915381966
-2.34223444347
-2.42432592369
-2.37337446954
-2.12576013702
-2.0206607858
-1.91687203506
-1.81102787482
-1.70653198779
-2.17608807019
-2.25915381966
-2.34223444347
-2.42432592369
-2.37337446954
-1.36801080126
-1.63531767517
-1.89929120295
-2.16849240415
-2.26551937677
-2.33348039639
-2.4023603082
-2.40185082195
-2.43094524671
-2.46030325569
-1.36801080126
-1.63531767517
-1.89929120295
-2.16849240415
-2.26551937677
-2.33348039639
-2.4023603082
-2.40185082195
-2.43094524671
-2.46030325569
-1.48717550084
-1.66788391706
-1.84633887944
-2.02832792447
-2.19405942404
-2.27385466136
-2.35472879979
-2.36086280751
-2.39840078947
-2.43627885099
-1.48717550084
-1.66788391706
-1.84633887944
-2.02832792447
-2.19405942404
-2.27385466136
-2.35472879979
-2.36086280751
-2.39840078947
-2.43627885099
-1.59272137761
-1.69672830273
-1.79943825005
-1.90418224247
-2.13076632306
-2.22104329604
-2.31254089235
-2.32455913757
-2.36957569876
-2.41500009254
-1.59272137761
-1.69672830273
-1.79943825005
-1.90418224247
-2.13076632306
-2.22104329604
-2.31254089235
-2.32455913757
-2.36957569876
-2.41500009254
-2.0585864041
-2.14663869794
-2.2328379227
-2.2776118582
-2.30340693979
-2.32209746626
-2.33860880126
-2.35335881564
-2.36871671835
-2.39641689923
-2.0585864041
-2.14663869794
-2.2328379227
-2.2776118582
-2.30340693979
-2.32209746626
-2.33860880126
-2.35335881564
-2.36871671835
-2.39641689923
-1.90595430223
-1.7823309957
-1.66024928541
-1.53574989589
-1.41283641522
-2.06431279253
-2.18733807026
-2.31038537775
-2.43196770522
-2.35185022877
-1.90595430223
-1.7823309957
-1.66024928541
-1.53574989589
-1.41283641522
-2.06431279253
-2.18733807026
-2.31038537775
-2.43196770522
-2.35185022877
-1.06993382602
-1.42358367755
-1.77282347651
-2.1289795433
-2.23992487404
-2.32431344897
-2.40984303096
-2.4069117777
-2.44192184584
-2.47724909162
-1.06993382602
-1.42358367755
-1.77282347651
-2.1289795433
-2.23992487404
-2.32431344897
-2.40984303096
-2.4069117777
-2.44192184584
-2.47724909162
-1.20648753243
-1.4503131622
-1.69109825955
-1.93665181177
-2.14067524932
-2.24198368192
-2.34466189277
-2.35083267727
-2.39755856743
-2.44470777603
-1.20648753243
-1.4503131622
-1.69109825955
-1.93665181177
-2.14067524932
-2.24198368192
-2.34466189277
-2.35083267727
-2.39755856743
-2.44470777603
-1.32743510095
-1.47398784861
-1.61871306738
-1.76630439241
-2.05276843886
-2.16906303109
-2.28693002752
-2.3011626169
-2.35826537797
-2.41588546793
-1.32743510095
-1.47398784861
-1.61871306738
-1.76630439241
-2.05276843886
-2.16906303109
-2.28693002752
-2.3011626169
-2.35826537797
-2.41588546793
-2.01569126191
-2.06190203667
-2.1420568713
-2.19472150137
-2.22722023313
-2.25005630953
-2.27176003872
-2.29116525223
-2.31119142731
-2.34592928426
-2.01569126191
-2.06190203667
-2.1420568713
-2.19472150137
-2.22722023313
-2.25005630953
-2.27176003872
-2.29116525223
-2.31119142731
-2.34592928426
-1.68637627207
-1.54424820828
-1.40389249708
-1.26075721238
-1.11944522589
-1.95265335768
-2.11559675
-2.2785693201
-2.43960156689
-2.33034829551
-1.68637627207
-1.54424820828
-1.40389249708
-1.26075721238
-1.11944522589
-1.95265335768
-2.11559675
-2.2785693201
-2.43960156689
-2.33034829551
-3.08611570299
-3.08568385874
-3.08392514076
-3.0807751047
-3.07546173651
-3.06916838032
-3.0589142373
-3.04413935289
-3.02299193181
-2.96167536071
-3.08611570299
-3.08568385874
-3.08392514076
-3.0807751047
-3.07546173651
-3.06916838032
-3.0589142373
-3.04413935289
-3.02299193181
-2.96167536071
-4.05888221422
-4.29524200734
-4.52865436783
-4.76668917513
-4.49745134515
-4.24896066944
-3.99711018333
-3.80393725376
-3.62088888559
-3.43618217017
-4.05888221422
-4.29524200734
-4.52865436783
-4.76668917513
-4.49745134515
-4.24896066944
-3.99711018333
-3.80393725376
-3.62088888559
-3.43618217017
-4.03055305547
-4.29007531127
-4.54636129597
-4.8077227117
-4.76301911332
-4.63893072093
-4.51316454538
-4.27996115196
-4.09604749153
-3.91046764466
-4.03055305547
-4.29007531127
-4.54636129597
-4.8077227117
-4.76301911332
-4.63893072093
-4.51316454538
-4.27996115196
-4.09604749153
-3.91046764466
-3.14756451295
-3.1461863858
-3.14213908762
-3.13546551904
-3.12620963226
-3.11366402995
-3.09850440845
-3.07784547977
-3.04681202488
-2.96809928234
-3.14756451295
-3.1461863858
-3.14213908762
-3.13546551904
-3.12620963226
-3.11366402995
-3.09850440845
-3.07784547977
-3.04681202488
-2.96809928234
-3.87802945974
-4.12004230727
-4.35903722797
-4.60276515127
-4.84338839855
-2.98278528108
-2.32333037089
-1.66375737404
-1.01203713958
-1.72821247215
-3.87802945974
-4.12004230727
-4.35903722797
-4.60276515127
-4.84338839855
-2.98278528108
-2.32333037089
-1.66375737404
-1.01203713958
-1.72821247215
-2.91663220538
-2.87200086657
-2.82115160412
-2.76292596663
-2.70593292773
-2.65973697463
-2.62783362237
-2.60350713612
-2.58324225954
-2.54630510232
-2.91663220538
-2.87200086657
-2.82115160412
-2.76292596663
-2.70593292773
-2.65973697463
-2.62783362237
-2.60350713612
-2.58324225954
-2.54630510232
-2.93642133599
-2.89868326887
-2.8614157996
-2.81636538966
-2.76913275748
-2.72795279142
-2.68621603635
-2.66814679321
-2.64383072838
-2.61929436944
-2.93642133599
-2.89868326887
-2.8614157996
-2.81636538966
-2.76913275748
-2.72795279142
-2.68621603635
-2.66814679321
-2.64383072838
-2.61929436944
-2.94787282808
-2.92231625376
-2.89707837274
-2.86369745005
-2.82510974955
-2.78837251487
-2.75113856077
-2.72539906092
-2.69749480079
-2.64691821506
-2.94787282808
-2.92231625376
-2.89707837274
-2.86369745005
-2.82510974955
-2.78837251487
-2.75113856077
-2.72539906092
-2.69749480079
-2.64691821506
-2.96685407292
-2.95128571911
-2.94079378497
-2.92171739505
-2.89372670757
-2.86243540167
-2.83019345521
-2.79557926004
-2.76327656696
-2.70484697694
-2.96685407292
-2.95128571911
-2.94079378497
-2.92171739505
-2.89372670757
-2.86243540167
-2.83019345521
-2.79557926004
-2.76327656696
-2.70484697694
-2.97504815702
-2.97706256659
-2.97905185625
-2.98108054137
-2.98308338451
-2.68778402068
-2.57359333345
-2.45938219842
-2.34653084148
-2.4607211048
-2.97504815702
-2.97706256659
-2.97905185625
-2.98108054137
-2.98308338451
-2.68778402068
-2.57359333345
-2.45938219842
-2.34653084148
-2.4607211048
-2.79901778915
-2.71412290609
-2.63472269173
-2.57042784531
-2.54113815936
-2.53280762135
-2.53093351045
-2.5302635602
-2.52787437014
-2.52096932284
-2.79901778915
-2.71412290609
-2.63472269173
-2.57042784531
-2.54113815936
-2.53280762135
-2.53093351045
-2.5302635602
-2.52787437014
-2.52096932284
-2.81241672092
-2.74439750966
-2.67722650545
-2.61540693977
-2.5781956074
-2.55991843042
-2.54139413009
-2.54266958364
-2.53588957602
-2.52904814416
-2.81241672092
-2.74439750966
-2.67722650545
-2.61540693977
-2.5781956074
-2.55991843042
-2.54139413009
-2.54266958364
-2.53588957602
-2.52904814416
-2.82826300698
-2.77121215854
-2.71487274046
-2.65524556629
-2.61101791852
-2.58393086131
-2.5564775635
-2.55365777582
-2.54298875837
-2.52161265978
-2.82826300698
-2.77121215854
-2.71487274046
-2.65524556629
-2.61101791852
-2.58393086131
-2.5564775635
-2.55365777582
-2.54298875837
-2.52161265978
-2.85214892172
-2.80408172813
-2.76101973821
-2.7040800117
-2.65125171925
-2.61336545402
-2.58582547721
-2.5671271727
-2.5516909819
-2.52198306589
-2.85214892172
-2.80408172813
-2.76101973821
-2.7040800117
-2.65125171925
-2.61336545402
-2.58582547721
-2.5671271727
-2.5516909819
-2.52198306589
-2.87529069462
-2.8507911165
-2.82659705081
-2.80192385118
-2.77756494584
-2.65519355944
-2.60124130135
-2.54727938219
-2.49395992432
-2.54164548514
-2.87529069462
-2.8507911165
-2.82659705081
-2.80192385118
-2.77756494584
-2.65519355944
-2.60124130135
-2.54727938219
-2.49395992432
-2.54164548514
-2.6104095686
-2.51697776288
-2.45601322289
-2.42817207063
-2.4161926139
-2.41200923194
-2.41194933914
-2.41449235528
-2.41771166749
-2.42476924113
-2.6104095686
-2.51697776288
-2.45601322289
-2.42817207063
-2.4161926139
-2.41200923194
-2.41194933914
-2.41449235528
-2.41771166749
-2.42476924113
-2.62329624946
-2.56419840321
-2.5058375136
-2.47290026036
-2.46145071975
-2.45898140593
-2.45647870484
-2.4611747018
-2.46299007107
-2.46482188688
-2.62329624946
-2.56419840321
-2.5058375136
-2.47290026036
-2.46145071975
-2.45898140593
-2.45647870484
-2.4611747018
-2.46299007107
-2.46482188688
-2.66278503451
-2.60602239893
-2.54996759967
-2.51251665697
-2.50153647064
-2.50058533147
-2.49962133206
-2.50252192301
-2.50309379996
-2.50017197513
-2.66278503451
-2.60602239893
-2.54996759967
-2.51251665697
-2.50153647064
-2.50058533147
-2.49962133206
-2.50252192301
-2.50309379996
-2.50017197513
-2.72937949207
-2.65729052272
-2.60406254387
-2.56107869153
-2.55067384271
-2.5515836918
-2.55410262997
-2.55320561352
-2.55225320956
-2.54358567047
-2.72937949207
-2.65729052272
-2.60406254387
-2.56107869153
-2.55067384271
-2.5515836918
-2.55410262997
-2.55320561352
-2.55225320956
-2.54358567047
-2.77997755788
-2.73014522494
-2.68093430669
-2.63074882628
-2.58120262287
-2.62405504596
-2.62765751606
-2.63126063125
-2.63482084837
-2.6189645783
-2.77997755788
-2.73014522494
-2.68093430669
-2.63074882628
-2.58120262287
-2.62405504596
-2.62765751606
-2.63126063125
-2.63482084837
-2.6189645783
-2.36984298156
-2.3261763645
-2.28305427496
-2.23907820509
-2.29526757153
-2.29509789826
-2.29492593085
-2.30244644113
-2.31109378499
-2.31981947042
-2.36984298156
-2.3261763645
-2.28305427496
-2.23907820509
-2.29526757153
-2.29509789826
-2.29492593085
-2.30244644113
-2.31109378499
-2.31981947042
-2.4402613046
-2.3897977513
-2.33996348405
-2.33497916695
-2.34846245408
-2.36129233732
-2.37429569177
-2.38230216575
-2.3924363295
-2.40266230485
-2.4402613046
-2.3897977513
-2.33996348405
-2.33497916695
-2.34846245408
-2.36129233732
-2.37429569177
-2.38230216575
-2.3924363295
-2.40266230485
-2.5026318193
-2.44614812246
-2.39036878353
-2.37438048459
-2.39557792147
-2.41992169764
-2.44459462286
-2.45303152185
-2.46448258322
-2.47942120976
-2.5026318193
-2.44614812246
-2.39036878353
-2.37438048459
-2.39557792147
-2.41992169764
-2.44459462286
-2.45303152185
-2.46448258322
-2.47942120976
-2.52384175038
-2.47170683791
-2.45646245957
-2.47545268683
-2.49243669422
-2.50466647396
-2.5133126856
-2.52047816471
-2.52557372294
-2.52992066166
-2.52384175038
-2.47170683791
-2.45646245957
-2.47545268683
-2.49243669422
-2.50466647396
-2.5133126856
-2.52047816471
-2.52557372294
-2.52992066166
-2.68773141131
-2.61338148204
-2.53995870456
-2.46508187862
-2.39115885512
-2.59391850889
-2.65322370869
-2.7125395281
-2.77114914359
-2.69379569439
-2.68773141131
-2.61338148204
-2.53995870456
-2.46508187862
-2.39115885512
-2.59391850889
-2.65322370869
-2.7125395281
-2.77114914359
-2.69379569439
-2.15111202736
-2.12636624041
-2.10192903615
-2.07700788289
-2.16863302941
-2.17266657287
-2.17675465335
-2.18511025702
-2.1994419181
-2.21390341848
-2.15111202736
-2.12636624041
-2.10192903615
-2.07700788289
-2.16863302941
-2.17266657287
-2.17675465335
-2.18511025702
-2.1994419181
-2.21390341848
-2.24858432867
-2.20716273816
-2.16625767943
-2.12454254596
-2.23013942512
-2.25899086004
-2.2882323915
-2.29970564734
-2.31855137909
-2.33756784587
-2.24858432867
-2.20716273816
-2.16625767943
-2.12454254596
-2.23013942512
-2.25899086004
-2.2882323915
-2.29970564734
-2.31855137909
-2.33756784587
-2.33491693841
-2.27872535044
-2.22323447777
-2.22972218554
-2.28461651847
-2.3354495144
-2.38696981672
-2.40120442162
-2.42404833025
-2.44709919584
-2.33491693841
-2.27872535044
-2.22323447777
-2.22972218554
-2.28461651847
-2.3354495144
-2.38696981672
-2.40120442162
-2.42404833025
-2.44709919584
-2.3073183755
-2.3337098681
-2.38219999705
-2.41260641151
-2.43250533916
-2.44779598659
-2.46148655253
-2.47254184411
-2.48559712192
-2.50052313552
-2.3073183755
-2.3337098681
-2.38219999705
-2.41260641151
-2.43250533916
-2.44779598659
-2.46148655253
-2.47254184411
-2.48559712192
-2.50052313552
-2.59112984472
-2.49110471595
-2.39232691154
-2.29159293332
-2.19214213333
-2.56235906927
-2.67999701415
-2.79765602412
-2.9139142062
-2.7721599764
-2.59112984472
-2.49110471595
-2.39232691154
-2.29159293332
-2.19214213333
-2.56235906927
-2.67999701415
-2.79765602412
-2.9139142062
-2.7721599764
-1.93259441113
-1.92675099997
-1.92098045679
-1.91509563505
-2.04212199955
-2.05035466016
-2.05869863351
-2.06788851607
-2.08789895022
-2.10809067115
-1.93259441113
-1.92675099997
-1.92098045679
-1.91509563505
-2.04212199955
-2.05035466016
-2.05869863351
-2.06788851607
-2.08789895022
-2.10809067115
-2.05709430377
-2.02470585702
-1.99272129777
-1.96010332337
-2.11193180185
-2.15678916192
-2.20225303258
-2.21718968896
-2.24473849194
-2.27253687639
-2.05709430377
-2.02470585702
-1.99272129777
-1.96010332337
-2.11193180185
-2.15678916192
-2.20225303258
-2.21718968896
-2.24473849194
-2.27253687639
-2.16736563725
-2.11146587327
-2.05626318549
-1.99996727588
-2.17376334103
-2.25105972062
-2.3294012146
-2.34942787065
-2.3836535146
-2.41818922961
-2.16736563725
-2.11146587327
-2.05626318549
-1.99996727588
-2.17376334103
-2.25105972062
-2.3294012146
-2.34942787065
-2.3836535146
-2.41818922961
-2.21030363989
-2.29569219493
-2.36907898495
-2.40836300094
-2.43121070361
-2.45152019613
-2.46817251069
-2.4821413946
-2.49687959077
-2.51400736112
-2.21030363989
-2.29569219493
-2.36907898495
-2.40836300094
-2.43121070361
-2.45152019613
-2.46817251069
-2.4821413946
-2.49687959077
-2.51400736112
-2.4946224979
-2.3689472118
-2.24483911034
-2.11827319945
-1.99331952136
-2.53083041096
-2.70674420642
-2.88268950225
-3.05654002372
-2.85044782626
-2.4946224979
-2.3689472118
-2.24483911034
-2.11827319945
-1.99331952136
-2.53083041096
-2.70674420642
-2.88268950225
-3.05654002372
-2.85044782626
-1.71430326444
-1.72734263883
-1.74021941078
-1.75335119148
-1.91574208449
-1.92816951033
-1.94076496579
-1.9507882626
-1.97647158439
-2.00238758712
-1.71430326444
-1.72734263883
-1.74021941078
-1.75335119148
-1.91574208449
-1.92816951033
-1.94076496579
-1.9507882626
-1.97647158439
-2.00238758712
-1.86580273727
-1.84243807242
-1.81936476752
-1.79583452398
-1.99384668781
-2.05469338464
-2.11636278182
-2.13475924931
-2.17100210374
-2.20757330438
-1.86580273727
-1.84243807242
-1.81936476752
-1.79583452398
-1.99384668781
-2.05469338464
-2.11636278182
-2.13475924931
-2.17100210374
-2.20757330438
-1.99998798464
-1.94437974218
-1.88946494063
-1.83346261848
-2.06302505075
-2.16675738761
-2.27189227602
-2.2977049804
-2.34330056375
-2.38930922539
-1.99998798464
-1.94437974218
-1.88946494063
-1.83346261848
-2.06302505075
-2.16675738761
-2.27189227602
-2.2977049804
-2.34330056375
-2.38930922539
-2.14270296938
-2.25968793017
-2.34857344726
-2.39610288075
-2.42588658421
-2.44767936036
-2.46068537392
-2.47113256832
-2.49238371208
-2.51532127076
-2.14270296938
-2.25968793017
-2.34857344726
-2.39610288075
-2.42588658421
-2.44767936036
-2.46068537392
-2.47113256832
-2.49238371208
-2.51532127076
-2.39821517037
-2.2469163105
-2.09750416405
-1.94513309248
-1.7947029672
-2.49933442865
-2.73346367817
-2.96763485251
-3.19901802524
-2.92865453936
-2.39821517037
-2.2469163105
-2.09750416405
-1.94513309248
-1.7947029672
-2.49933442865
-2.73346367817
-2.96763485251
-3.19901802524
-2.92865453936
-3.08611570299
-3.08568385874
-3.08392514076
-3.0807751047
-3.07546173651
-3.06916838032
-3.0589142373
-3.04413935289
-3.02299193181
-2.96167536071
-3.08611570299
-3.08568385874
-3.08392514076
-3.0807751047
-3.07546173651
-3.06916838032
-3.0589142373
-3.04413935289
-3.02299193181
-2.96167536071
-3.52607183172
-3.72629652011
-3.9240243846
-4.12566800804
-4.1291694819
-3.94675415799
-3.76187242
-3.51128613808
-3.31986083304
-3.12670128896
-3.52607183172
-3.72629652011
-3.9240243846
-4.12566800804
-4.1291694819
-3.94675415799
-3.76187242
-3.51128613808
-3.31986083304
-3.12670128896
-3.57837514839
-3.76074828743
-3.94084721336
-4.12451277862
-4.27803580802
-4.23954482714
-4.20053341466
-3.91339620016
-3.73586378906
-3.55672300316
-3.57837514839
-3.76074828743
-3.94084721336
-4.12451277862
-4.27803580802
-4.23954482714
-4.20053341466
-3.91339620016
-3.73586378906
-3.55672300316
-3.14756451295
-3.1461863858
-3.14213908762
-3.13546551904
-3.12620963226
-3.11366402995
-3.09850440845
-3.07784547977
-3.04681202488
-2.96809928234
-3.14756451295
-3.1461863858
-3.14213908762
-3.13546551904
-3.12620963226
-3.11366402995
-3.09850440845
-3.07784547977
-3.04681202488
-2.96809928234
-4.19998621443
-4.51690139809
-4.82986461453
-5.14902568537
-5.46412119117
-4.36029439702
-3.73894962872
-3.11749359803
-2.50343651571
-2.95046635034
-4.19998621443
-4.51690139809
-4.82986461453
-5.14902568537
-5.46412119117
-4.36029439702
-3.73894962872
-3.11749359803
-2.50343651571
-2.95046635034
-2.96894329863
-2.93341885694
-2.89055672453
-2.84201737554
-2.7903962787
-2.73684842658
-2.70027013849
-2.6723216569
-2.64596119993
-2.60392467634
-2.96894329863
-2.93341885694
-2.89055672453
-2.84201737554
-2.7903962787
-2.73684842658
-2.70027013849
-2.6723216569
-2.64596119993
-2.60392467634
-2.98736756395
-2.95515572144
-2.92334556415
-2.88664533226
-2.8453817172
-2.80043198851
-2.75487450034
-2.73475924012
-2.70493871186
-2.67484802118
-2.98736756395
-2.95515572144
-2.92334556415
-2.88664533226
-2.8453817172
-2.80043198851
-2.75487450034
-2.73475924012
-2.70493871186
-2.67484802118
-2.99670771311
-2.97440837285
-2.95238710781
-2.92617295107
-2.89408310558
-2.85674885765
-2.81890981817
-2.79006109954
-2.75717593671
-2.70128222524
-2.99670771311
-2.97440837285
-2.95238710781
-2.92617295107
-2.89408310558
-2.85674885765
-2.81890981817
-2.79006109954
-2.75717593671
-2.70128222524
-3.0102806745
-2.99800839716
-2.9879864194
-2.97462616123
-2.95378158166
-2.92578243918
-2.89423062693
-2.85785047561
-2.82120866395
-2.75733657158
-3.0102806745
-2.99800839716
-2.9879864194
-2.97462616123
-2.95378158166
-2.92578243918
-2.89423062693
-2.85785047561
-2.82120866395
-2.75733657158
-3.07082550577
-3.09659942382
-3.12205193827
-3.1480085087
-3.1736344369
-2.94945034833
-2.8335166406
-2.71756217297
-2.60298823923
-2.68256646368
-3.07082550577
-3.09659942382
-3.12205193827
-3.1480085087
-3.1736344369
-2.94945034833
-2.8335166406
-2.71756217297
-2.60298823923
-2.68256646368
-2.91809828248
-2.850122357
-2.77848201607
-2.70843562991
-2.66106260017
-2.63970323665
-2.63398018258
-2.62979192196
-2.6233999832
-2.60909029916
-2.91809828248
-2.850122357
-2.77848201607
-2.70843562991
-2.66106260017
-2.63970323665
-2.63398018258
-2.62979192196
-2.6233999832
-2.60909029916
-2.92785385023
-2.86996342676
-2.81279490324
-2.75171062652
-2.70355440662
-2.67379128136
-2.64362573273
-2.64897191253
-2.6370047799
-2.62492922969
-2.92785385023
-2.86996342676
-2.81279490324
-2.75171062652
-2.70355440662
-2.67379128136
-2.64362573273
-2.64897191253
-2.6370047799
-2.62492922969
-2.93244761478
-2.88753694569
-2.84318631759
-2.79003990924
-2.74119000662
-2.70398354954
-2.66627402875
-2.66595990418
-2.64905474269
-2.61597765827
-2.93244761478
-2.88753694569
-2.84318631759
-2.79003990924
-2.74119000662
-2.70398354954
-2.66627402875
-2.66595990418
-2.64905474269
-2.61597765827
-2.93706205125
-2.90907867858
-2.88044030938
-2.83702419128
-2.78732396791
-2.74099342666
-2.70943682509
-2.68678389394
-2.66382566482
-2.61994310745
-2.93706205125
-2.90907867858
-2.88044030938
-2.83702419128
-2.78732396791
-2.74099342666
-2.70943682509
-2.68678389394
-2.66382566482
-2.61994310745
-2.94608072247
-2.93969061478
-2.93338019244
-2.92694479989
-2.92059138322
-2.79358640993
-2.73348832662
-2.67337948172
-2.61398628237
-2.65297004481
-2.94608072247
-2.93969061478
-2.93338019244
-2.92694479989
-2.92059138322
-2.79358640993
-2.73348832662
-2.67337948172
-2.61398628237
-2.65297004481
-2.80460925527
-2.71959362383
-2.64724263739
-2.60489226119
-2.59634869073
-2.59815921416
-2.59879096389
-2.59862498012
-2.5963792135
-2.59046586626
-2.80460925527
-2.71959362383
-2.64724263739
-2.60489226119
-2.59634869073
-2.59815921416
-2.59879096389
-2.59862498012
-2.5963792135
-2.59046586626
-2.80039768311
-2.73513953284
-2.67069515887
-2.62424170259
-2.60852729165
-2.60846144202
-2.60839470205
-2.60662096778
-2.60376688675
-2.60088694884
-2.80039768311
-2.73513953284
-2.67069515887
-2.62424170259
-2.60852729165
-2.60846144202
-2.60839470205
-2.60662096778
-2.60376688675
-2.60088694884
-2.80707548626
-2.74890876653
-2.69146739219
-2.64137977926
-2.61931405246
-2.61758627241
-2.61583513127
-2.61370312829
-2.61031025448
-2.60120428468
-2.80707548626
-2.74890876653
-2.69146739219
-2.64137977926
-2.61931405246
-2.61758627241
-2.61583513127
-2.61370312829
-2.61031025448
-2.60120428468
-2.82658968631
-2.76578718202
-2.7169301298
-2.66238774421
-2.63253653345
-2.62877154837
-2.62571000726
-2.62238448632
-2.61833115686
-2.60738701043
-2.82658968631
-2.76578718202
-2.7169301298
-2.66238774421
-2.63253653345
-2.62877154837
-2.62571000726
-2.62238448632
-2.61833115686
-2.60738701043
-2.8268934827
-2.78977229877
-2.75311402009
-2.71572976896
-2.67882172911
-2.64466641421
-2.63791640509
-2.63116518726
-2.62449434827
-2.62469218517
-2.8268934827
-2.78977229877
-2.75311402009
-2.71572976896
-2.67882172911
-2.64466641421
-2.63791640509
-2.63116518726
-2.62449434827
-2.62469218517
-2.66722611722
-2.59326504981
-2.52022628504
-2.44574107671
-2.53371714823
-2.557951997
-2.58251452203
-2.56846092946
-2.57022791928
-2.57201091734
-2.66722611722
-2.59326504981
-2.52022628504
-2.44574107671
-2.53371714823
-2.557951997
-2.58251452203
-2.56846092946
-2.57022791928
-2.57201091734
-2.67704280598
-2.60465400792
-2.53316790614
-2.50087447913
-2.51655796323
-2.54523378903
-2.57429733698
-2.56563279354
-2.57159852394
-2.57761830154
-2.67704280598
-2.60465400792
-2.53316790614
-2.50087447913
-2.51655796323
-2.54523378903
-2.57429733698
-2.56563279354
-2.57159852394
-2.57761830154
-2.68573758744
-2.61474137082
-2.54463048484
-2.49750324129
-2.50135982795
-2.53396909055
-2.56701925879
-2.56312787316
-2.57281248806
-2.58690628933
-2.68573758744
-2.61474137082
-2.54463048484
-2.49750324129
-2.50135982795
-2.53396909055
-2.56701925879
-2.56312787316
-2.57281248806
-2.58690628933
-2.69572957824
-2.6513436746
-2.61110742517
-2.59638489707
-2.60617808562
-2.61312716249
-2.61542630833
-2.61593367718
-2.61607147847
-2.6097849553
-2.69572957824
-2.6513436746
-2.61110742517
-2.59638489707
-2.60617808562
-2.61312716249
-2.61542630833
-2.61593367718
-2.61607147847
-2.6097849553
-2.71154145502
-2.64467806073
-2.57864846032
-2.51131122429
-2.44483174924
-2.50053837246
-2.54541980092
-2.59030926617
-2.63466428518
-2.59732425171
-2.71154145502
-2.64467806073
-2.57864846032
-2.51131122429
-2.44483174924
-2.50053837246
-2.54541980092
-2.59030926617
-2.63466428518
-2.59732425171
-2.53566226158
-2.46097184721
-2.38721283052
-2.31199310656
-2.46812844508
-2.51584638814
-2.56420951935
-2.5368726772
-2.54284188654
-2.5488651746
-2.53566226158
-2.46097184721
-2.38721283052
-2.31199310656
-2.46812844508
-2.51584638814
-2.56420951935
-2.5368726772
-2.54284188654
-2.5488651746
-2.54786370395
-2.46800758318
-2.38914727701
-2.30872523877
-2.42024628481
-2.47902082992
-2.53859005808
-2.52270935456
-2.53791132552
-2.55325102045
-2.54786370395
-2.46800758318
-2.38914727701
-2.30872523877
-2.42024628481
-2.47902082992
-2.53859005808
-2.52270935456
-2.53791132552
-2.55325102045
-2.55867069577
-2.47423923503
-2.39086064391
-2.34683354415
-2.37783637143
-2.44640390693
-2.51589853524
-2.51016469737
-2.5335442572
-2.55713562677
-2.55867069577
-2.47423923503
-2.39086064391
-2.34683354415
-2.37783637143
-2.44640390693
-2.51589853524
-2.51016469737
-2.5335442572
-2.55713562677
-2.56963689221
-2.51854570039
-2.51684047145
-2.54298048795
-2.5621448428
-2.57371600145
-2.58577383727
-2.59578497812
-2.60324249417
-2.6048983745
-2.56963689221
-2.51854570039
-2.51684047145
-2.54298048795
-2.5621448428
-2.57371600145
-2.58577383727
-2.59578497812
-2.60324249417
-2.6048983745
-2.59074305857
-2.49273316958
-2.39594547469
-2.29724101767
-2.19979388627
-2.34960529676
-2.44855595132
-2.54752432469
-2.64531439767
-2.56866413586
-2.59074305857
-2.49273316958
-2.39594547469
-2.29724101767
-2.19979388627
-2.34960529676
-2.44855595132
-2.54752432469
-2.64531439767
-2.56866413586
-2.40422672598
-2.32880767602
-2.25432910991
-2.17837558673
-2.40260371349
-2.47378184674
-2.54592237035
-2.50531523435
-2.51548256461
-2.52574200693
-2.40422672598
-2.32880767602
-2.25432910991
-2.17837558673
-2.40260371349
-2.47378184674
-2.54592237035
-2.50531523435
-2.51548256461
-2.52574200693
-2.41881059602
-2.33149443573
-2.24526711757
-2.15733217265
-2.32402854343
-2.41287245124
-2.50291760607
-2.47982778071
-2.50425698373
-2.52890750585
-2.41881059602
-2.33149443573
-2.24526711757
-2.15733217265
-2.32402854343
-2.41287245124
-2.50291760607
-2.47982778071
-2.50425698373
-2.52890750585
-2.43172773805
-2.33387413719
-2.2372407815
-2.13869372019
-2.2544333928
-2.3589241295
-2.464827672
-2.45725317891
-2.49431432638
-2.53171123347
-2.43172773805
-2.33387413719
-2.2372407815
-2.13869372019
-2.2544333928
-2.3589241295
-2.464827672
-2.45725317891
-2.49431432638
-2.53171123347
-2.41306105733
-2.43161665887
-2.48198163272
-2.51266893969
-2.53382035708
-2.54868571711
-2.55788932826
-2.57342828403
-2.5836187639
-2.59335645662
-2.41306105733
-2.43161665887
-2.48198163272
-2.51266893969
-2.53382035708
-2.54868571711
-2.55788932826
-2.57342828403
-2.5836187639
-2.59335645662
-2.47006248214
-2.340936477
-2.21342068736
-2.08337960319
-1.95499501955
-2.19881943275
-2.35178657732
-2.50478111326
-2.65595412263
-2.5400319735
-2.47006248214
-2.340936477
-2.21342068736
-2.08337960319
-1.95499501955
-2.19881943275
-2.35178657732
-2.50478111326
-2.65595412263
-2.5400319735
-2.2729274089
-2.19678047849
-2.12158310869
-2.04489654679
-2.3371468911
-2.43176090062
-2.52765417397
-2.47379049734
-2.48815159761
-2.50264280388
-2.2729274089
-2.19678047849
-2.12158310869
-2.04489654679
-2.3371468911
-2.43176090062
-2.52765417397
-2.47379049734
-2.48815159761
-2.50264280388
-2.28989123747
-2.19512276919
-2.10153607413
-2.00609600884
-2.22791052118
-2.34679262809
-2.46728212465
-2.4369906489
-2.47063752096
-2.50458922064
-2.28989123747
-2.19512276919
-2.10153607413
-2.00609600884
-2.22791052118
-2.34679262809
-2.46728212465
-2.4369906489
-2.47063752096
-2.50458922064
-2.30491634278
-2.19365451237
-2.08378012923
-1.97172981808
-2.13115830782
-2.27153501527
-2.4138097381
-2.40439649743
-2.45512505307
-2.50631318976
-2.30491634278
-2.19365451237
-2.08378012923
-1.97172981808
-2.13115830782
-2.27153501527
-2.4138097381
-2.40439649743
-2.45512505307
-2.50631318976
-2.27678361084
-2.39516000473
-2.470319159
-2.50680768382
-2.52862620648
-2.54248590453
-2.551598522
-2.56156381368
-2.57298833023
-2.59245017261
-2.27678361084
-2.39516000473
-2.470319159
-2.50680768382
-2.52862620648
-2.54248590453
-2.551598522
-2.56156381368
-2.57298833023
-2.59245017261
-2.34950697788
-2.18929710504
-2.03108506694
-1.86973983259
-1.71044986001
-2.04818984176
-2.25511749415
-2.46208220048
-2.66658282069
-2.51142948523
-2.34950697788
-2.18929710504
-2.03108506694
-1.86973983259
-1.71044986001
-2.04818984176
-2.25511749415
-2.46208220048
-2.66658282069
-2.51142948523
-3.08611570299
-3.08568385874
-3.08392514076
-3.0807751047
-3.07546173651
-3.06916838032
-3.0589142373
-3.04413935289
-3.02299193181
-2.96167536071
-3.08611570299
-3.08568385874
-3.08392514076
-3.0807751047
-3.07546173651
-3.06916838032
-3.0589142373
-3.04413935289
-3.02299193181
-2.96167536071
-3.52954478163
-3.65965446532
-3.78814166694
-3.9191734007
-4.06304094519
-3.93561542633
-3.80646700345
-3.50547689893
-3.31918924461
-3.13121389638
-3.52954478163
-3.65965446532
-3.78814166694
-3.9191734007
-4.06304094519
-3.93561542633
-3.80646700345
-3.50547689893
-3.31918924461
-3.13121389638
-3.54459659848
-3.68612865481
-3.82589579083
-3.96843084433
-4.19627088249
-4.19899822078
-4.20176243506
-3.93333173205
-3.76309145597
-3.591308869
-3.54459659848
-3.68612865481
-3.82589579083
-3.96843084433
-4.19627088249
-4.19899822078
-4.20176243506
-3.93333173205
-3.76309145597
-3.591308869
-3.14756451295
-3.1461863858
-3.14213908762
-3.13546551904
-3.12620963226
-3.11366402995
-3.09850440845
-3.07784547977
-3.04681202488
-2.96809928234
-3.14756451295
-3.1461863858
-3.14213908762
-3.13546551904
-3.12620963226
-3.11366402995
-3.09850440845
-3.07784547977
-3.04681202488
-2.96809928234
-3.73626291987
-3.8609384924
-3.98405934682
-4.10961845945
-4.23357816417
-3.98005555928
-3.57192955493
-3.16373046866
-2.76039133033
-2.32368009332
-3.73626291987
-3.8609384924
-3.98405934682
-4.10961845945
-4.23357816417
-3.98005555928
-3.57192955493
-3.16373046866
-2.76039133033
-2.32368009332
-3.00845105822
-2.98678240273
-2.95804328606
-2.9202278258
-2.87462737593
-2.82072052863
-2.775548252
-2.73710098001
-2.70774030131
-2.65570548265
-3.00845105822
-2.98678240273
-2.95804328606
-2.9202278258
-2.87462737593
-2.82072052863
-2.775548252
-2.73710098001
-2.70774030131
-2.65570548265
-3.02280293188
-3.00051316847
-2.97850136087
-2.95048639329
-2.91530177195
-2.87149636528
-2.82709867135
-2.79344137286
-2.76140495958
-2.72907830881
-3.02280293188
-3.00051316847
-2.97850136087
-2.95048639329
-2.91530177195
-2.87149636528
-2.82709867135
-2.79344137286
-2.76140495958
-2.72907830881
-3.02893075243
-3.01267470385
-2.99662136998
-2.97728683879
-2.95132766556
-2.91646924916
-2.88113951661
-2.84334286368
-2.80893651405
-2.74749182975
-3.02893075243
-3.01267470385
-2.99662136998
-2.97728683879
-2.95132766556
-2.91646924916
-2.88113951661
-2.84334286368
-2.80893651405
-2.74749182975
-3.03670339281
-3.02758239237
-3.01883299406
-3.01013899778
-2.99548843838
-2.97159730038
-2.93946399715
-2.90451243306
-2.86720100017
-2.80033851445
-3.03670339281
-3.02758239237
-3.01883299406
-3.01013899778
-2.99548843838
-2.97159730038
-2.93946399715
-2.90451243306
-2.86720100017
-2.80033851445
-3.06174048007
-3.05834156529
-3.05498503535
-3.05156203343
-3.04818263469
-2.95039299005
-2.86215056331
-2.77389233527
-2.68668489447
-2.6462316143
-3.06174048007
-3.05834156529
-3.05498503535
-3.05156203343
-3.04818263469
-2.95039299005
-2.86215056331
-2.77389233527
-2.68668489447
-2.6462316143
-2.9569411206
-2.91574855364
-2.87104670737
-2.81301628354
-2.75995444232
-2.73040366236
-2.71478387644
-2.70558072417
-2.69555825689
-2.6707846487
-2.9569411206
-2.91574855364
-2.87104670737
-2.81301628354
-2.75995444232
-2.73040366236
-2.71478387644
-2.70558072417
-2.69555825689
-2.6707846487
-2.96682028765
-2.92769409355
-2.88905580741
-2.83889367629
-2.78850452036
-2.75393710142
-2.71890230087
-2.71477877265
-2.69978336822
-2.68465211125
-2.96682028765
-2.92769409355
-2.88905580741
-2.83889367629
-2.78850452036
-2.75393710142
-2.71890230087
-2.71477877265
-2.69978336822
-2.68465211125
-2.97196222374
-2.93827442891
-2.90500672458
-2.86181365272
-2.81379173234
-2.7747810046
-2.73524281783
-2.72292561559
-2.70352560969
-2.66419988774
-2.97196222374
-2.93827442891
-2.90500672458
-2.86181365272
-2.81379173234
-2.7747810046
-2.73524281783
-2.72292561559
-2.70352560969
-2.66419988774
-2.97814607146
-2.95124387224
-2.92455946176
-2.88990910771
-2.84478895993
-2.80033159558
-2.76046944624
-2.73291206822
-2.70811287342
-2.66040866174
-2.97814607146
-2.95124387224
-2.92455946176
-2.88990910771
-2.84478895993
-2.80033159558
-2.76046944624
-2.73291206822
-2.70811287342
-2.66040866174
-2.98722216311
-2.96967413382
-2.95234493039
-2.93467254323
-2.91722527201
-2.83664033014
-2.78373725525
-2.73082470716
-2.67854212675
-2.68186570897
-2.98722216311
-2.96967413382
-2.95234493039
-2.93467254323
-2.91722527201
-2.83664033014
-2.78373725525
-2.73082470716
-2.67854212675
-2.68186570897
-2.87034644448
-2.80600085209
-2.74530766089
-2.69369743473
-2.67301135779
-2.66762188262
-2.66382596595
-2.65954546558
-2.65521738806
-2.64218017361
-2.87034644448
-2.80600085209
-2.74530766089
-2.69369743473
-2.67301135779
-2.66762188262
-2.66382596595
-2.65954546558
-2.65521738806
-2.64218017361
-2.87821814065
-2.82349112752
-2.76944656626
-2.71772739286
-2.68936543291
-2.6809869245
-2.67249513136
-2.67401560599
-2.66965883992
-2.66526260323
-2.87821814065
-2.82349112752
-2.76944656626
-2.71772739286
-2.68936543291
-2.6809869245
-2.67249513136
-2.67401560599
-2.66965883992
-2.66526260323
-2.88774637983
-2.83898251433
-2.79082673959
-2.73901107006
-2.70385047088
-2.69282453303
-2.68164951489
-2.68683201606
-2.68244984013
-2.66684849546
-2.88774637983
-2.83898251433
-2.79082673959
-2.73901107006
-2.70385047088
-2.69282453303
-2.68164951489
-2.68683201606
-2.68244984013
-2.66684849546
-2.8942145183
-2.85797195622
-2.817034694
-2.76510073889
-2.72160632387
-2.70733514993
-2.70380609942
-2.70254245422
-2.69812913072
-2.68105146864
-2.8942145183
-2.85797195622
-2.817034694
-2.76510073889
-2.72160632387
-2.70733514993
-2.70380609942
-2.70254245422
-2.69812913072
-2.68105146864
-2.91602373481
-2.8849569526
-2.85427757658
-2.82299063297
-2.79210223141
-2.72795550026
-2.70881736279
-2.68967579831
-2.67076213
-2.71591225804
-2.91602373481
-2.8849569526
-2.85427757658
-2.82299063297
-2.79210223141
-2.72795550026
-2.70881736279
-2.68967579831
-2.67076213
-2.71591225804
-2.77691642485
-2.69978461676
-2.62361465081
-2.54593623168
-2.58886593154
-2.60686029767
-2.6250979633
-2.61499153151
-2.61617460943
-2.61736840558
-2.77691642485
-2.69978461676
-2.62361465081
-2.54593623168
-2.58886593154
-2.60686029767
-2.6250979633
-2.61499153151
-2.61617460943
-2.61736840558
-2.79246703732
-2.72264120897
-2.65368611639
-2.60046000327
-2.59341644725
-2.61038414149
-2.62758125373
-2.63456411824
-2.64050365997
-2.64649701164
-2.79246703732
-2.72264120897
-2.65368611639
-2.60046000327
-2.59341644725
-2.61038414149
-2.62758125373
-2.63456411824
-2.64050365997
-2.64649701164
-2.80624043693
-2.74288561921
-2.68032084304
-2.62016003414
-2.59744690402
-2.6135052603
-2.62978073955
-2.65189983793
-2.66205224759
-2.66941187616
-2.80624043693
-2.74288561921
-2.68032084304
-2.62016003414
-2.59744690402
-2.6135052603
-2.62978073955
-2.65189983793
-2.66205224759
-2.66941187616
-2.78153168144
-2.71989712592
-2.67828591558
-2.64349018314
-2.64960544034
-2.65878630581
-2.66697981461
-2.67241316344
-2.67472914107
-2.67257507872
-2.78153168144
-2.71989712592
-2.67828591558
-2.64349018314
-2.64960544034
-2.65878630581
-2.66697981461
-2.67241316344
-2.67472914107
-2.67257507872
-2.84711633257
-2.80296580444
-2.75936583826
-2.71490242799
-2.67100540535
-2.62276793548
-2.63630824583
-2.64985098081
-2.66323247831
-2.74886325579
-2.84711633257
-2.80296580444
-2.75936583826
-2.71490242799
-2.67100540535
-2.62276793548
-2.63630824583
-2.64985098081
-2.66323247831
-2.74886325579
-2.68209734435
-2.58855336091
-2.49617588123
-2.40196897835
-2.50074756238
-2.54322984248
-2.58628652002
-2.56833397463
-2.57528841829
-2.58230586651
-2.68209734435
-2.58855336091
-2.49617588123
-2.40196897835
-2.50074756238
-2.54322984248
-2.58628652002
-2.56833397463
-2.57528841829
-2.58230586651
-2.7026671787
-2.6170296416
-2.53246001401
-2.44621558819
-2.49293721128
-2.53644783413
-2.5805467585
-2.59324992071
-2.60997191244
-2.62684539893
-2.7026671787
-2.6170296416
-2.53246001401
-2.44621558819
-2.49293721128
-2.53644783413
-2.5805467585
-2.59324992071
-2.60997191244
-2.62684539893
-2.72088617485
-2.64225149021
-2.56459738875
-2.49569742309
-2.48601947173
-2.53044091244
-2.57546296973
-2.6153183301
-2.64069157869
-2.66629469907
-2.72088617485
-2.64225149021
-2.56459738875
-2.49569742309
-2.48601947173
-2.53044091244
-2.57546296973
-2.6153183301
-2.64069157869
-2.66629469907
-2.69643582009
-2.65085208969
-2.61617424306
-2.62268533506
-2.63868024851
-2.64635359244
-2.6529133098
-2.65584558527
-2.65770083003
-2.65048708714
-2.69643582009
-2.65085208969
-2.61617424306
-2.62268533506
-2.63868024851
-2.64635359244
-2.6529133098
-2.65584558527
-2.65770083003
-2.65048708714
-2.77495545372
-2.71710342803
-2.65997282348
-2.60171081705
-2.54419096873
-2.51261391906
-2.5603755966
-2.60814582668
-2.65534731264
-2.78337004141
-2.77495545372
-2.71710342803
-2.65997282348
-2.60171081705
-2.54419096873
-2.51261391906
-2.5603755966
-2.60814582668
-2.65534731264
-2.78337004141
-2.5873707451
-2.47743059381
-2.36886140831
-2.25814214265
-2.41271513895
-2.47966144889
-2.54751293126
-2.52172192494
-2.53444210527
-2.5472775255
-2.5873707451
-2.47743059381
-2.36886140831
-2.25814214265
-2.41271513895
-2.47966144889
-2.54751293126
-2.52172192494
-2.53444210527
-2.5472775255
-2.61295490587
-2.51152108186
-2.4113521488
-2.30919949233
-2.39255597715
-2.46258364012
-2.53355813809
-2.55197601875
-2.57946994388
-2.60721295331
-2.61295490587
-2.51152108186
-2.4113521488
-2.30919949233
-2.39255597715
-2.46258364012
-2.53355813809
-2.55197601875
-2.57946994388
-2.60721295331
-2.63561516255
-2.54171551413
-2.44898680467
-2.35442171632
-2.37470071955
-2.44745758092
-2.52119817843
-2.57877250183
-2.61935174379
-2.66029861794
-2.63561516255
-2.54171551413
-2.44898680467
-2.35442171632
-2.37470071955
-2.44745758092
-2.52119817843
-2.57877250183
-2.61935174379
-2.66029861794
-2.55341792308
-2.55630574515
-2.56880255632
-2.58771585979
-2.60392563504
-2.6161991167
-2.62351635176
-2.63310418046
-2.63837720694
-2.64484459963
-2.55341792308
-2.55630574515
-2.56880255632
-2.58771585979
-2.60392563504
-2.6161991167
-2.62351635176
-2.63310418046
-2.63837720694
-2.64484459963
-2.70286495657
-2.631324797
-2.5606767511
-2.4886296069
-2.41750021984
-2.40256734072
-2.48451700783
-2.56648134943
-2.64746983772
-2.81784317104
-2.70286495657
-2.631324797
-2.5606767511
-2.4886296069
-2.41750021984
-2.40256734072
-2.48451700783
-2.56648134943
-2.64746983772
-2.81784317104
-2.49274231957
-2.36642299328
-2.24167888288
-2.11446436768
-2.32477395148
-2.41615893696
-2.50877952706
-2.47515818352
-2.49363812496
-2.51228548751
-2.49274231957
-2.36642299328
-2.24167888288
-2.11446436768
-2.32477395148
-2.41615893696
-2.50877952706
-2.47515818352
-2.49363812496
-2.51228548751
-2.52333560995
-2.40612187017
-2.29036979861
-2.17232539861
-2.29227877716
-2.38879599824
-2.48661821623
-2.51074489265
-2.54899958726
-2.58760085456
-2.52333560995
-2.40612187017
-2.29036979861
-2.17232539861
-2.29227877716
-2.38879599824
-2.48661821623
-2.51074489265
-2.54899958726
-2.58760085456
-2.55043252429
-2.44128373256
-2.33349603827
-2.22357374029
-2.26349733704
-2.36456025251
-2.46698962664
-2.54226454931
-2.59803402529
-2.65430875109
-2.55043252429
-2.44128373256
-2.33349603827
-2.22357374029
-2.26349733704
-2.36456025251
-2.46698962664
-2.54226454931
-2.59803402529
-2.65430875109
-2.44795405684
-2.46897727759
-2.51743834925
-2.55632214017
-2.58504725696
-2.59912661379
-2.6127779097
-2.62398809669
-2.63743208169
-2.64943422754
-2.44795405684
-2.46897727759
-2.51743834925
-2.55632214017
-2.58504725696
-2.59912661379
-2.6127779097
-2.62398809669
-2.63743208169
-2.64943422754
-2.6308491733
-2.5456350661
-2.4614835882
-2.37566559302
-2.29094077201
-2.29263481358
-2.40873703817
-2.52486005285
-2.63960052693
-2.85228057306
-2.6308491733
-2.5456350661
-2.4614835882
-2.37566559302
-2.29094077201
-2.29263481358
-2.40873703817
-2.52486005285
-2.63960052693
-2.85228057306
