2.07658810528
1.87066104389
1.66730191562
1.4599155081
2.24625174091
1.84742549808
1.44320677701
1.39896663636
1.04519346194
0.68821523973
2.07658810528
1.87066104389
1.66730191562
1.4599155081
2.24625174091
1.84742549808
1.44320677701
1.39896663636
1.04519346194
0.68821523973
-3.62613975537
-2.36362521231
-1.11685436452
0.154607257685
0.853281172416
0.964256232124
1.07673177131
0.436335951234
0.142706144386
-0.153583834656
-3.62613975537
-2.36362521231
-1.11685436452
0.154607257685
0.853281172416
0.964256232124
1.07673177131
0.436335951234
0.142706144386
-0.153583834656
-8.67712728909
-6.11399303923
-3.58282135551
-1.00152290697
-0.38049275968
0.182020596562
0.752139623409
-0.416279798451
-0.656639765446
-0.899177300541
-8.67712728909
-6.11399303923
-3.58282135551
-1.00152290697
-0.38049275968
0.182020596562
0.752139623409
-0.416279798451
-0.656639765446
-0.899177300541
-14.8686603949
-10.7112181174
-6.60561960252
-2.41871472171
-1.89286080548
-0.776848892193
0.354252474364
-1.46142168516
-1.63648313879
-1.8131305813
-14.8686603949
-10.7112181174
-6.60561960252
-2.41871472171
-1.89286080548
-0.776848892193
0.354252474364
-1.46142168516
-1.63648313879
-1.8131305813
27.7570625536
18.0579818516
8.47984975323
-1.28796555715
-10.9313556413
2.52097817912
3.07260773302
3.6243360656
4.16949561578
-2.79348176246
27.7570625536
18.0579818516
8.47984975323
-1.28796555715
-10.9313556413
2.52097817912
3.07260773302
3.6243360656
4.16949561578
-2.79348176246
0.536629135361
0.484778477181
0.433574402413
0.381356293461
0.222571560326
0.124499483283
0.0251013863225
0.0245294175478
0.104277921852
0.184748916682
0.536629135361
0.484778477181
0.433574402413
0.381356293461
0.222571560326
0.124499483283
0.0251013863225
0.0245294175478
0.104277921852
0.184748916682
0.501485415977
0.410022536674
0.31970020954
0.227589158995
0.295542488259
0.270881997025
0.245888074467
0.147788070292
0.0971833972632
0.0461202655184
0.501485415977
0.410022536674
0.31970020954
0.227589158995
0.295542488259
0.270881997025
0.245888074467
0.147788070292
0.0971833972632
0.0461202655184
0.504032639607
0.37461540571
0.246812018961
0.513385145112
0.239841655019
0.25757797613
0.275554107754
0.106712477156
0.0384812913898
-0.0303680424623
0.504032639607
0.37461540571
0.246812018961
0.513385145112
0.239841655019
0.25757797613
0.275554107754
0.106712477156
0.0384812913898
-0.0303680424623
3.88760200059
2.6548154031
1.43740179012
0.195878786923
0.519259229045
0.49128942238
0.462941439563
0.283690123158
0.0999715090739
-0.0854115244164
3.88760200059
2.6548154031
1.43740179012
0.195878786923
0.519259229045
0.49128942238
0.462941439563
0.283690123158
0.0999715090739
-0.0854115244164
5.62753021908
3.7815653454
1.95861985682
0.0995731585288
-1.73579247101
0.681738044604
0.690281467207
0.698826419656
0.707269637375
-0.225687138064
5.62753021908
3.7815653454
1.95861985682
0.0995731585288
-1.73579247101
0.681738044604
0.690281467207
0.698826419656
0.707269637375
-0.225687138064
0.324281280218
0.293049667678
0.262207516782
0.230754574744
0.149872216425
0.113392388147
0.076419320812
0.0610623354574
0.0660498719219
0.0710825935329
0.324281280218
0.293049667678
0.262207516782
0.230754574744
0.149872216425
0.113392388147
0.076419320812
0.0610623354574
0.0660498719219
0.0710825935329
0.957487563067
0.716443123889
0.478404535391
0.235651883277
0.233925934688
0.194281015391
0.154100062249
0.115910550463
0.0921542413763
0.0681827093407
0.957487563067
0.716443123889
0.478404535391
0.235651883277
0.233925934688
0.194281015391
0.154100062249
0.115910550463
0.0921542413763
0.0681827093407
1.51832741359
1.09144875653
0.669893323302
0.425665617398
0.308373513721
0.265925228093
0.222903004665
0.16449039804
0.115275254322
0.0656142404847
1.51832741359
1.09144875653
0.669893323302
0.425665617398
0.308373513721
0.265925228093
0.222903004665
0.16449039804
0.115275254322
0.0656142404847
2.20580852068
1.55113308042
0.904621514935
0.245306577242
0.399631836406
0.353747166243
0.307242095368
0.224039888617
0.143617141158
0.0624657947902
2.20580852068
1.55113308042
0.904621514935
0.245306577242
0.399631836406
0.353747166243
0.307242095368
0.224039888617
0.143617141158
0.0624657947902
3.18275535708
2.20436869857
1.23818262936
0.252862424693
-0.719906489286
0.478546762562
0.427092382157
0.375628787966
0.324777910456
0.0579916877507
3.18275535708
2.20436869857
1.23818262936
0.252862424693
-0.719906489286
0.478546762562
0.427092382157
0.375628787966
0.324777910456
0.0579916877507
0.121393800239
0.10986262784
0.0984752504294
0.0868623599125
0.080411723545
0.102780128653
0.125450974084
0.0959676640089
0.0295249317027
-0.0375197459949
0.121393800239
0.10986262784
0.0984752504294
0.0868623599125
0.080411723545
0.102780128653
0.125450974084
0.0959676640089
0.0295249317027
-0.0375197459949
0.282106848546
0.240021779951
0.198461516793
0.156078203365
0.149375951482
0.143014132701
0.136566296588
0.119888644931
0.0819553932467
0.0436784810105
0.282106848546
0.240021779951
0.198461516793
0.156078203365
0.149375951482
0.143014132701
0.136566296588
0.119888644931
0.0819553932467
0.0436784810105
0.424452691332
0.355305600393
0.287020781286
0.221880844718
0.210458553369
0.178649964858
0.14641129652
0.141075799463
0.128393802043
0.115596910644
0.424452691332
0.355305600393
0.287020781286
0.221880844718
0.210458553369
0.178649964858
0.14641129652
0.141075799463
0.128393802043
0.115596910644
0.59894114378
0.496621251257
0.395577299052
0.292532294742
0.285334000843
0.222332597824
0.158479360953
0.167047150178
0.185318303148
0.203754985678
0.59894114378
0.496621251257
0.395577299052
0.292532294742
0.285334000843
0.222332597824
0.158479360953
0.167047150178
0.185318303148
0.203754985678
0.846898418311
0.6974382288
0.549841824299
0.399322453212
0.25072044094
0.284407918355
0.175628715674
0.0668300342197
-0.0406733088909
0.329032250201
0.846898418311
0.6974382288
0.549841824299
0.399322453212
0.25072044094
0.284407918355
0.175628715674
0.0668300342197
-0.0406733088909
0.329032250201
-0.0749651577526
-0.0674298116136
-0.0599884320701
-0.0523996850901
0.0131863333686
0.0925093508969
0.172904884724
0.129749807409
-0.00582470743164
-0.142627474807
-0.0749651577526
-0.0674298116136
-0.0599884320701
-0.0523996850901
0.0131863333686
0.0925093508969
0.172904884724
0.129749807409
-0.00582470743164
-0.142627474807
-0.371541436525
-0.221069257653
-0.072473483408
0.0790650487204
0.0675466212433
0.0933969179491
0.119596733186
0.123738732106
0.0720847240875
0.0199627507851
-0.371541436525
-0.221069257653
-0.072473483408
0.0790650487204
0.0675466212433
0.0933969179491
0.119596733186
0.123738732106
0.0720847240875
0.0199627507851
-0.634223283438
-0.357149909859
-0.0835316717359
0.195505241524
0.115694304789
0.0941830487668
0.0723809418235
0.118414636838
0.141090220576
0.16397123631
-0.634223283438
-0.357149909859
-0.0835316717359
0.195505241524
0.115694304789
0.0941830487668
0.0723809418235
0.118414636838
0.141090220576
0.16397123631
-0.956220386106
-0.523958451272
-0.0970868703314
0.33823838109
0.17471404591
0.095146692995
0.0145035201535
0.111888326509
0.225677603368
0.340497766953
-0.956220386106
-0.523958451272
-0.0970868703314
0.33823838109
0.17471404591
0.095146692995
0.0145035201535
0.111888326509
0.225677603368
0.340497766953
-1.41379521621
-0.761002168018
-0.116349520967
0.541069684683
1.19011449639
0.0965160821613
-0.0677433422196
-0.232032180053
-0.394365023308
0.591351257868
-1.41379521621
-0.761002168018
-0.116349520967
0.541069684683
1.19011449639
0.0965160821613
-0.0677433422196
-0.232032180053
-0.394365023308
0.591351257868
-0.28059524273
-0.253093148614
-0.225934008638
-0.198237015054
-0.0572131168831
0.0817536363408
0.222599341128
0.165126981382
-0.0428433867599
-0.252697885796
-0.28059524273
-0.253093148614
-0.225934008638
-0.198237015054
-0.0572131168831
0.0817536363408
0.222599341128
0.165126981382
-0.0428433867599
-0.252697885796
-1.05605185448
-0.70393079967
-0.356200733157
-0.0015842972319
-0.0181462969852
0.0414370166028
0.101825948496
0.127770601907
0.0617480093343
-0.00487272232712
-1.05605185448
-0.70393079967
-0.356200733157
-0.0015842972319
-0.0181462969852
0.0414370166028
0.101825948496
0.127770601907
0.0617480093343
-0.00487272232712
-1.74288485346
-1.10324414775
-0.471579832018
0.172593824268
0.0164557434958
0.00572801054924
-0.00514477069211
0.0946835229439
0.154386103018
0.214629565317
-1.74288485346
-1.10324414775
-0.471579832018
0.172593824268
0.0164557434958
0.00572801054924
-0.00514477069211
0.0946835229439
0.154386103018
0.214629565317
-2.58480917479
-1.59272502604
-0.613012275782
0.386102489332
0.0588711479563
-0.0380443194519
-0.136270168407
0.0541251680856
0.26794247592
0.483696885655
-2.58480917479
-1.59272502604
-0.613012275782
0.386102489332
0.0588711479563
-0.0380443194519
-0.136270168407
0.0541251680856
0.26794247592
0.483696885655
-3.78122794721
-2.28830311624
-0.813995222183
0.689509539686
2.17386222771
-0.10024710419
-0.322606259896
-0.545005232802
-0.764756361881
0.866055709293
-3.78122794721
-2.28830311624
-0.813995222183
0.689509539686
2.17386222771
-0.10024710419
-0.322606259896
-0.545005232802
-0.764756361881
0.866055709293
-0.486024767589
-0.438575399949
-0.391717731144
-0.343932103419
-0.127543903437
0.0710084123088
0.272245328331
0.200469650433
-0.0798259601326
-0.362660940244
-0.486024767589
-0.438575399949
-0.391717731144
-0.343932103419
-0.127543903437
0.0710084123088
0.272245328331
0.200469650433
-0.0798259601326
-0.362660940244
-1.73989463915
-1.18632138547
-0.639651251169
-0.0821549823095
-0.10375563512
-0.0104722059532
0.084072496439
0.131798539248
0.0514213764362
-0.0296839723038
-1.73989463915
-1.18632138547
-0.639651251169
-0.0821549823095
-0.10375563512
-0.0104722059532
0.084072496439
0.131798539248
0.0514213764362
-0.0296839723038
-2.85046509682
-1.84861068692
-0.859249511763
0.14970475353
-0.0826860260391
-0.0826407535567
-0.0825948689508
0.0709755550551
0.167669017397
0.265238485015
-2.85046509682
-1.84861068692
-0.859249511763
0.14970475353
-0.0826860260391
-0.0826407535567
-0.0825948689508
0.0709755550551
0.167669017397
0.265238485015
-4.2118095288
-2.66044918548
-1.12843447636
0.433919913591
-0.056858763295
-0.171105424813
-0.286896800719
-0.00358165137437
0.310166125672
0.626756335922
-4.2118095288
-2.66044918548
-1.12843447636
0.433919913591
-0.056858763295
-0.171105424813
-0.286896800719
-0.00358165137437
0.310166125672
0.626756335922
-6.14635161634
-3.81411442028
-1.51096047869
0.837804614731
3.15665046636
-0.296818378703
-0.577220598495
-0.857673029089
-1.1347864414
1.14049222932
-6.14635161634
-3.81411442028
-1.51096047869
0.837804614731
3.15665046636
-0.296818378703
-0.577220598495
-0.857673029089
-1.1347864414
1.14049222932
-0.691241387287
-0.623865419283
-0.557329637013
-0.489476194811
-0.197801799847
0.0602743245225
0.321839862915
0.235775690685
-0.116770205126
-0.472510030053
-0.691241387287
-0.623865419283
-0.557329637013
-0.489476194811
-0.197801799847
0.0602743245225
0.321839862915
0.235775690685
-0.116770205126
-0.472510030053
-2.42302869581
-1.66821202635
-0.922808003822
-0.162642164713
-0.189276248569
-0.062327630296
0.0663374438868
0.135822302073
0.04110544596
-0.0544695081424
-2.42302869581
-1.66821202635
-0.922808003822
-0.162642164713
-0.189276248569
-0.062327630296
0.0663374438868
0.135822302073
0.04110544596
-0.0544695081424
-3.95689745478
-2.59320473547
-1.24651741442
0.126839404803
-0.181725046009
-0.170917933135
-0.159964698681
0.0472921578735
0.180938165493
0.315794954121
-3.95689745478
-2.59320473547
-1.24651741442
0.126839404803
-0.181725046009
-0.170917933135
-0.159964698681
0.0472921578735
0.180938165493
0.315794954121
-5.83712367546
-3.727066766
-1.64332249839
0.481687780338
-0.172468733192
-0.304028626938
-0.437367325055
-0.0612286640481
0.352346015244
0.769667520766
-5.83712367546
-3.727066766
-1.64332249839
0.481687780338
-0.172468733192
-0.304028626938
-0.437367325055
-0.0612286640481
0.352346015244
0.769667520766
-8.50902409432
-5.33834438833
-2.20720340718
0.985945998204
4.13842015283
-0.493185928658
-0.83157105727
-1.17001677951
-1.50443302534
1.414644326
-8.50902409432
-5.33834438833
-2.20720340718
0.985945998204
4.13842015283
-0.493185928658
-0.83157105727
-1.17001677951
-1.50443302534
1.414644326
0.646116756951
0.552530192806
0.460110663413
0.365860878079
0.910513415898
0.74708831089
0.581453556096
0.60863917995
0.339628540915
0.0681807697992
0.646116756951
0.552530192806
0.460110663413
0.365860878079
0.910513415898
0.74708831089
0.581453556096
0.60863917995
0.339628540915
0.0681807697992
-5.96402007035
-3.9056677581
-1.87298332568
0.199955940158
-0.157040918081
0.0105297266865
0.180366072549
-0.198288002682
-0.45003998207
-0.704072736774
-5.96402007035
-3.9056677581
-1.87298332568
0.199955940158
-0.157040918081
0.0105297266865
0.180366072549
-0.198288002682
-0.45003998207
-0.704072736774
-11.8187126888
-7.85435737176
-3.93943800173
0.0530115665713
-1.10258904246
-0.641850733608
-0.174882841449
-0.91299493587
-1.14946067386
-1.38806869974
-11.8187126888
-7.85435737176
-3.93943800173
0.0530115665713
-1.10258904246
-0.641850733608
-0.174882841449
-0.91299493587
-1.14946067386
-1.38806869974
-18.9954326727
-12.6946865756
-6.4725114756
-0.1271137946
-2.26164803364
-1.44154291074
-0.610349252156
-1.78908730558
-2.00681507024
-2.22651536402
-18.9954326727
-12.6946865756
-6.4725114756
-0.1271137946
-2.26164803364
-1.44154291074
-0.610349252156
-1.78908730558
-2.00681507024
-2.22651536402
12.4150139058
7.69455606126
3.03296284542
-1.72094753257
-6.41430123998
0.431939526395
0.949614928911
1.46738303004
1.97898667343
-2.0550895015
12.4150139058
7.69455606126
3.03296284542
-1.72094753257
-6.41430123998
0.431939526395
0.949614928911
1.46738303004
1.97898667343
-2.0550895015
0.262595051854
0.25778931776
0.253043511699
0.248203720743
0.188334183249
0.145028281884
0.101136847006
0.0976397165229
0.146310234139
0.195421687773
0.262595051854
0.25778931776
0.253043511699
0.248203720743
0.188334183249
0.145028281884
0.101136847006
0.0976397165229
0.146310234139
0.195421687773
-0.194441889527
-0.0728630959306
0.047199596731
0.188769818758
0.13659272832
0.14212367811
0.14772941116
0.0908702819861
0.0589130117522
0.0266662210416
-0.194441889527
-0.0728630959306
0.047199596731
0.188769818758
0.13659272832
0.14212367811
0.14772941116
0.0908702819861
0.0589130117522
0.0266662210416
-0.550850077815
-0.31975500866
-0.0915417204476
0.155217640297
0.0619160907351
0.0996497819125
0.137893665466
0.0345726075626
-0.00662092814888
-0.0263502037763
-0.550850077815
-0.31975500866
-0.0915417204476
0.155217640297
0.0619160907351
0.0996497819125
0.137893665466
0.0345726075626
-0.00662092814888
-0.0263502037763
1.75564862358
1.18092872626
0.613375649296
0.0345828765895
0.210041687518
0.22928707119
0.248792669215
0.140558845714
0.0596936892353
-0.0219040742057
1.75564862358
1.18092872626
0.613375649296
0.0345828765895
0.210041687518
0.22928707119
0.248792669215
0.140558845714
0.0596936892353
-0.0219040742057
2.53088797813
1.66025111144
0.80047118228
-0.0763356386439
-0.941973443409
0.273036827177
0.325460115363
0.377892790833
0.429701211909
-0.134746296771
2.53088797813
1.66025111144
0.80047118228
-0.0763356386439
-0.941973443409
0.273036827177
0.325460115363
0.377892790833
0.429701211909
-0.134746296771
0.15954817887
0.1675900712
0.175531680248
0.183630563166
0.144720117582
0.128541999507
0.112145139181
0.104253350009
0.110064795524
0.115928890483
0.15954817887
0.1675900712
0.175531680248
0.183630563166
0.144720117582
0.128541999507
0.112145139181
0.104253350009
0.110064795524
0.115928890483
0.442956112724
0.350568558537
0.259333087316
0.207115168583
0.169032101485
0.156661607768
0.144123854199
0.122815236575
0.115139933606
0.107395095368
0.442956112724
0.350568558537
0.259333087316
0.207115168583
0.169032101485
0.156661607768
0.144123854199
0.122815236575
0.115139933606
0.107395095368
0.693974568424
0.512635218749
0.333557190719
0.236437537213
0.190565572941
0.181567546513
0.172447858929
0.139255764676
0.119635055907
0.0959215101857
0.693974568424
0.512635218749
0.333557190719
0.236437537213
0.190565572941
0.181567546513
0.172447858929
0.139255764676
0.119635055907
0.0959215101857
1.00167461089
0.711297576429
0.424541575536
0.132106722155
0.216961441179
0.212097406911
0.207167606662
0.159408670091
0.125145205824
0.0905713278576
1.00167461089
0.711297576429
0.424541575536
0.132106722155
0.216961441179
0.212097406911
0.207167606662
0.159408670091
0.125145205824
0.0905713278576
1.43893256598
0.993607242606
0.553835175013
0.105353958553
-0.337414375852
0.255481945371
0.256506195547
0.257530629133
0.258542865989
0.07740490111
1.43893256598
0.993607242606
0.553835175013
0.105353958553
-0.337414375852
0.255481945371
0.256506195547
0.257530629133
0.258542865989
0.07740490111
0.061092179088
0.0814093192523
0.101473102443
0.121934224363
0.103049115683
0.11279020261
0.122662997517
0.110572337457
0.0754341386881
0.039977601463
0.061092179088
0.0814093192523
0.101473102443
0.121934224363
0.103049115683
0.11279020261
0.122662997517
0.110572337457
0.0754341386881
0.039977601463
0.135197594698
0.142383287169
0.149479373265
0.146283495673
0.143610008253
0.140683641774
0.13771770827
0.133068712864
0.11320944784
0.0931702655745
0.135197594698
0.142383287169
0.149479373265
0.146283495673
0.143610008253
0.140683641774
0.13771770827
0.133068712864
0.11320944784
0.0931702655745
0.200833819952
0.19638880161
0.191999213136
0.178707983541
0.179535370243
0.165389259319
0.151051880651
0.152994073939
0.146667578802
0.173144501325
0.200833819952
0.19638880161
0.191999213136
0.178707983541
0.179535370243
0.165389259319
0.151051880651
0.152994073939
0.146667578802
0.173144501325
0.281291128328
0.262589109634
0.244120307172
0.225285752625
0.223572910747
0.195673564697
0.167396995183
0.177418710094
0.187680771595
0.198035803394
0.281291128328
0.262589109634
0.244120307172
0.225285752625
0.223572910747
0.195673564697
0.167396995183
0.177418710094
0.187680771595
0.198035803394
0.395625198125
0.356663231563
0.318187125011
0.278949046146
0.240210793156
0.238709156549
0.190624263202
0.142530759434
0.0950098486296
0.280104485167
0.395625198125
0.356663231563
0.318187125011
0.278949046146
0.240210793156
0.238709156549
0.190624263202
0.142530759434
0.0950098486296
0.280104485167
-0.0341956993318
-0.00199830478185
0.0297975847151
0.062223152983
0.0627190050615
0.0975452677054
0.132842411759
0.116687992258
0.0419178286054
-0.0335297237379
-0.0341956993318
-0.00199830478185
0.0297975847151
0.062223152983
0.0627190050615
0.0975452677054
0.132842411759
0.116687992258
0.0419178286054
-0.0335297237379
-0.162657856604
-0.059102989653
0.0431605367124
0.147449267361
0.119005948222
0.125219815451
0.131517699578
0.142992252356
0.111341081327
0.0794031629606
-0.162657856604
-0.059102989653
0.0431605367124
0.147449267361
0.119005948222
0.125219815451
0.131517699578
0.142992252356
0.111341081327
0.0794031629606
-0.276438624474
-0.109681424825
0.0549962941958
0.122836053911
0.168860097878
0.14973155774
0.130344383076
0.166290311299
0.172830248022
0.179429434037
-0.276438624474
-0.109681424825
0.0549962941958
0.122836053911
0.168860097878
0.14973155774
0.130344383076
0.166290311299
0.172830248022
0.179429434037
-0.415911823799
-0.17168079697
0.0695046420786
0.315466464277
0.229971636166
0.179778209578
0.128906124137
0.194849222262
0.248204065263
0.302042282452
-0.415911823799
-0.17168079697
0.0695046420786
0.315466464277
0.229971636166
0.179778209578
0.128906124137
0.194849222262
0.248204065263
0.302042282452
-0.614110580733
-0.259785167915
0.0901217680173
0.446958183603
0.799249114829
0.222476083243
0.126862282487
0.031231360449
-0.063260996319
0.476281593358
-0.614110580733
-0.259785167915
0.0901217680173
0.446958183603
0.799249114829
0.222476083243
0.126862282487
0.031231360449
-0.063260996319
0.476281593358
-0.133982613752
-0.0893440362591
-0.0452621067394
-0.000307188426484
0.0204847003009
0.0815805401886
0.143502449055
0.123092398909
0.00681903932213
-0.110507711817
-0.133982613752
-0.0893440362591
-0.0452621067394
-0.000307188426484
0.0204847003009
0.0815805401886
0.143502449055
0.123092398909
0.00681903932213
-0.110507711817
-0.474576611871
-0.270102480832
-0.0681781647077
0.137745015962
0.0932402026364
0.109025861514
0.125024956252
0.153384333725
0.10938449952
0.0649860438776
-0.474576611871
-0.270102480832
-0.0681781647077
0.137745015962
0.0932402026364
0.109025861514
0.125024956252
0.153384333725
0.10938449952
0.0649860438776
-0.776245581633
-0.430202817454
-0.0884752446226
0.0643261200885
0.157680790419
0.133334574689
0.108659176912
0.180214333133
0.200228192837
0.22042337035
-0.776245581633
-0.430202817454
-0.0884752446226
0.0643261200885
0.157680790419
0.133334574689
0.108659176912
0.180214333133
0.200228192837
0.22042337035
-1.14603335102
-0.626454842991
-0.113355536131
0.409905076042
0.236672478669
0.163132352128
0.0885978990117
0.213102719505
0.311584978195
0.410959447961
-1.14603335102
-0.626454842991
-0.113355536131
0.409905076042
0.236672478669
0.163132352128
0.0885978990117
0.213102719505
0.311584978195
0.410959447961
-1.67152123383
-0.905339300332
-0.148711739854
0.62289990567
1.38468254128
0.205476562173
0.0600897672586
-0.0853230616422
-0.229004630473
0.681721242462
-1.67152123383
-0.905339300332
-0.148711739854
0.62289990567
1.38468254128
0.205476562173
0.0600897672586
-0.0853230616422
-0.229004630473
0.681721242462
-0.233672201581
-0.176604575581
-0.120248589156
-0.0627765412279
-0.021708411474
0.0656313837766
0.154152089145
0.129490559058
-0.0282455165593
-0.187410619859
-0.233672201581
-0.176604575581
-0.120248589156
-0.0627765412279
-0.021708411474
0.0656313837766
0.154152089145
0.129490559058
-0.0282455165593
-0.187410619859
-0.786191138977
-0.480896174874
-0.179408272567
0.128050229549
0.0674995875227
0.0928477022572
0.118538545585
0.163766279237
0.107429826053
0.0505829864486
-0.786191138977
-0.480896174874
-0.179408272567
0.128050229549
0.0674995875227
0.0928477022572
0.118538545585
0.163766279237
0.107429826053
0.0505829864486
-1.27556505496
-0.750411591391
-0.231806849303
0.297068226522
0.146512386634
0.11695358434
0.0869951212892
0.194124774253
0.227599415225
0.261377323464
-1.27556505496
-0.750411591391
-0.231806849303
0.297068226522
0.146512386634
0.11695358434
0.0869951212892
0.194124774253
0.227599415225
0.261377323464
-1.87544275842
-1.08078532777
-0.29603736272
0.504251577651
0.243366785545
0.146502730119
0.0483289882815
0.231338413305
0.374904072919
0.519770381741
-1.87544275842
-1.08078532777
-0.29603736272
0.504251577651
0.243366785545
0.146502730119
0.0483289882815
0.231338413305
0.374904072919
0.519770381741
-2.72790054754
-1.55026379525
-0.38731230284
0.798670023993
1.96954496861
0.188493621489
-0.00661762178192
-0.20176380305
-0.394586607529
0.886960517187
-2.72790054754
-1.55026379525
-0.38731230284
0.798670023993
1.96954496861
0.188493621489
-0.00661762178192
-0.20176380305
-0.394586607529
0.886960517187
-0.33325847209
-0.263774678928
-0.195157356313
-0.1251811514
-0.0638577947182
0.0496987569153
0.164790692051
0.135882088216
-0.0632737318762
-0.264233826475
-0.33325847209
-0.263774678928
-0.195157356313
-0.1251811514
-0.0638577947182
0.0496987569153
0.164790692051
0.135882088216
-0.0632737318762
-0.264233826475
-1.09748271182
-0.691471404382
-0.290523102625
0.118365490718
0.041785649732
0.076686309887
0.112058857371
0.174137465002
0.105477178392
0.0361948562082
-1.09748271182
-0.691471404382
-0.290523102625
0.118365490718
0.041785649732
0.076686309887
0.112058857371
0.174137465002
0.105477178392
0.0361948562082
-1.77436703844
-1.07028850407
-0.374989906502
0.334078230879
0.135355557674
0.100589571091
0.0653535180828
0.208020798727
0.254942270344
0.3022888323
-1.77436703844
-1.07028850407
-0.374989906502
0.334078230879
0.135355557674
0.100589571091
0.0653535180828
0.208020798727
0.254942270344
0.3022888323
-2.604096213
-1.53464494885
-0.478529859641
0.598500299464
0.250054154505
0.129890342888
0.00810181185872
0.249555207808
0.438157544349
0.628468544928
-2.604096213
-1.53464494885
-0.478529859641
0.598500299464
0.250054154505
0.129890342888
0.00810181185872
0.249555207808
0.438157544349
0.628468544928
-3.78318504001
-2.19451989669
-0.625665582523
0.974257975874
2.55380125021
0.171528281759
-0.0732558759334
-0.318083866406
-0.559996977034
1.09198708393
-3.78318504001
-2.19451989669
-0.625665582523
0.974257975874
2.55380125021
0.171528281759
-0.0732558759334
-0.318083866406
-0.559996977034
1.09198708393
-0.78435459138
-0.765600658283
-0.747080588796
-0.728193751945
-0.425224909116
-0.353248876302
-0.280299664823
-0.181688276462
-0.365936380108
-0.551853700131
-0.78435459138
-0.765600658283
-0.747080588796
-0.728193751945
-0.425224909116
-0.353248876302
-0.280299664823
-0.181688276462
-0.365936380108
-0.551853700131
-8.30190038533
-5.44771030389
-2.62911228684
0.245304622632
-1.16736300858
-0.943196778751
-0.715999626216
-0.832911956598
-1.04278610853
-1.25456163889
-8.30190038533
-5.44771030389
-2.62911228684
0.245304622632
-1.16736300858
-0.943196778751
-0.715999626216
-0.832911956598
-1.04278610853
-1.25456163889
-14.9602980885
-9.59472170428
-4.29605464796
1.10754604011
-1.82468532524
-1.46572206378
-1.10190530631
-1.40971007329
-1.64228158227
-1.87696009894
-14.9602980885
-9.59472170428
-4.29605464796
1.10754604011
-1.82468532524
-1.46572206378
-1.10190530631
-1.40971007329
-1.64228158227
-1.87696009894
-23.1222049505
-14.6781550338
-6.33940334869
2.16448713251
-2.6304352618
-2.10623692929
-1.57495097868
-2.11675292601
-2.37714700169
-2.63990014674
-23.1222049505
-14.6781550338
-6.33940334869
2.16448713251
-2.6304352618
-2.10623692929
-1.57495097868
-2.11675292601
-2.37714700169
-2.63990014674
-2.92703474195
-2.66886972911
-2.41392406238
-2.153929508
-1.89724683864
-1.65709912633
-1.1733778752
-0.689570005521
-0.211522268928
-1.31669724055
-2.92703474195
-2.66886972911
-2.41392406238
-2.153929508
-1.89724683864
-1.65709912633
-1.1733778752
-0.689570005521
-0.211522268928
-1.31669724055
-0.154438639408
-0.0382266541048
0.00569271076797
0.0535823474179
0.0833795963672
0.0942534883089
0.113320287953
0.114700604966
0.102345919387
0.0925094792211
-0.154438639408
-0.0382266541048
0.00569271076797
0.0535823474179
0.0833795963672
0.0942534883089
0.113320287953
0.114700604966
0.102345919387
0.0925094792211
-0.890369195031
-0.555748728535
-0.225301016078
-0.0824574619427
-0.0223570316184
0.0133653591953
0.0495707478523
0.0339524936798
0.0206426262413
0.00721217656476
-0.890369195031
-0.555748728535
-0.225301016078
-0.0824574619427
-0.0223570316184
0.0133653591953
0.0495707478523
0.0339524936798
0.0206426262413
0.00721217656476
-1.60573279524
-1.01412542303
-0.429895459857
-0.202949864519
-0.116009473549
-0.0582784123052
0.000233223178187
-0.0375672620306
-0.0517231476876
-0.00898734351873
-1.60573279524
-1.01412542303
-0.429895459857
-0.202949864519
-0.116009473549
-0.0582784123052
0.000233223178187
-0.0375672620306
-0.0517231476876
-0.00898734351873
6.26912226305
-1.57600653241
-0.680688649004
-0.350650228968
-0.230809241076
-0.146099809628
-0.174387691874
-0.125236639998
-0.140429580246
-0.0674249081265
6.26912226305
-1.57600653241
-0.680688649004
-0.350650228968
-0.230809241076
-0.146099809628
-0.174387691874
-0.125236639998
-0.140429580246
-0.0674249081265
-0.565754262824
-0.461063122522
-0.35767749226
-0.252244435817
-0.148154415813
-0.135664390251
-0.039361236482
0.0569591620094
0.152132786443
-0.043805455479
-0.565754262824
-0.461063122522
-0.35767749226
-0.252244435817
-0.148154415813
-0.135664390251
-0.039361236482
0.0569591620094
0.152132786443
-0.043805455479
-0.0594314945118
0.0421304747221
0.0888558437133
0.12305872448
0.139568018739
0.143691610866
0.148105957289
0.14744436456
0.154079719126
0.156156708137
-0.0594314945118
0.0421304747221
0.0888558437133
0.12305872448
0.139568018739
0.143691610866
0.148105957289
0.14744436456
0.154079719126
0.156156708137
-0.0715753376189
-0.0153060068157
0.0402616392406
0.0828356281032
0.104138268282
0.119042200144
0.134147646149
0.129719922686
0.138125625836
0.146607481396
-0.0715753376189
-0.0153060068157
0.0402616392406
0.0828356281032
0.104138268282
0.119042200144
0.134147646149
0.129719922686
0.138125625836
0.146607481396
-0.130378276743
-0.0661783190349
-0.00277894186386
0.047209457027
0.0727576321622
0.0972098649334
0.121992713193
0.114021131313
0.123994857493
0.117576662695
-0.130378276743
-0.0661783190349
-0.00277894186386
0.047209457027
0.0727576321622
0.0972098649334
0.121992713193
0.114021131313
0.123994857493
0.117576662695
-0.28476035492
-0.128537927562
-0.0555383638628
0.00353866667548
0.0342910459513
0.0704476475783
0.0770404014891
0.0947774515644
0.106673270491
0.095363909258
-0.28476035492
-0.128537927562
-0.0555383638628
0.00353866667548
0.0342910459513
0.0704476475783
0.0770404014891
0.0947774515644
0.106673270491
0.095363909258
-0.304890225111
-0.217154213363
-0.130512279335
-0.0421545075876
0.0450777375822
0.032417128179
0.0859200089371
0.139432470299
0.192307821522
0.0968181144692
-0.304890225111
-0.217154213363
-0.130512279335
-0.0421545075876
0.0450777375822
0.032417128179
0.0859200089371
0.139432470299
0.192307821522
0.0968181144692
-0.0215762668939
0.0529560106647
0.104470954457
0.126130903791
0.125686507821
0.122800276567
0.123438809136
0.125177010906
0.121343345673
0.116449321357
-0.0215762668939
0.0529560106647
0.104470954457
0.126130903791
0.125686507821
0.122800276567
0.123438809136
0.125177010906
0.121343345673
0.116449321357
-0.011711659151
0.0447447943871
0.100497229737
0.131117989399
0.137844065024
0.138353150846
0.138869119953
0.146248780797
0.144463502432
0.142662050139
-0.011711659151
0.0447447943871
0.100497229737
0.131117989399
0.137844065024
0.138353150846
0.138869119953
0.146248780797
0.144463502432
0.142662050139
-0.0227850514291
0.037472002827
0.0969776449859
0.135535122365
0.148612187117
0.15212855378
0.155692464783
0.164912348414
0.164941355562
0.18562831032
-0.0227850514291
0.037472002827
0.0969776449859
0.135535122365
0.148612187117
0.15212855378
0.155692464783
0.164912348414
0.164941355562
0.18562831032
-0.051429470883
0.0285569680113
0.0926633152906
0.140949672453
0.161811820651
0.169014531569
0.187557513564
0.18779027001
0.190043240043
0.225458637298
-0.051429470883
0.0285569680113
0.0926633152906
0.140949672453
0.161811820651
0.169014531569
0.187557513564
0.18779027001
0.190043240043
0.225458637298
-0.0556480220606
0.0158882343259
0.0865324257235
0.15857563908
0.229701145372
0.193010394743
0.20561981073
0.218231484648
0.23069300615
0.231176720132
-0.0556480220606
0.0158882343259
0.0865324257235
0.15857563908
0.229701145372
0.193010394743
0.20561981073
0.218231484648
0.23069300615
0.231176720132
0.00657375908907
0.0634332020499
0.1195836015
0.176845991056
0.112251676754
0.102581184514
0.0927799387941
0.103626177107
0.0896603646424
0.0755680273317
0.00657375908907
0.0634332020499
0.1195836015
0.176845991056
0.112251676754
0.102581184514
0.0927799387941
0.103626177107
0.0896603646424
0.0755680273317
0.0462257233167
0.102863278347
0.158794556833
0.177846718812
0.1704652752
0.157042712953
0.143438665971
0.162245772605
0.150597438566
0.138843575136
0.0462257233167
0.102863278347
0.158794556833
0.177846718812
0.1704652752
0.157042712953
0.143438665971
0.162245772605
0.150597438566
0.138843575136
0.0813460344898
0.137787060209
0.193524260127
0.221018640675
0.222025890966
0.205280066713
0.188307824328
0.214165985761
0.204570275469
0.251490189124
0.0813460344898
0.137787060209
0.193524260127
0.221018640675
0.222025890966
0.205280066713
0.188307824328
0.214165985761
0.204570275469
0.251490189124
-0.0372020992804
0.0310846856305
0.0837500132128
0.102972376657
0.116550755932
0.110561401685
0.116363037293
0.11720120553
0.148382925537
0.175986675234
-0.0372020992804
0.0310846856305
0.0837500132128
0.102972376657
0.116550755932
0.110561401685
0.116363037293
0.11720120553
0.148382925537
0.175986675234
0.185574054745
0.241431832189
0.296593057002
0.352846682524
0.408383733268
0.348436084324
0.321467907194
0.294494900951
0.26784303067
0.361211928849
0.185574054745
0.241431832189
0.296593057002
0.352846682524
0.408383733268
0.348436084324
0.321467907194
0.294494900951
0.26784303067
0.361211928849
0.0126300152258
0.0744050760957
0.135409795159
0.197622638201
0.0981825174849
0.0814074440363
0.0644055569813
0.081057816435
0.0564814654041
0.0316824621624
0.0126300152258
0.0744050760957
0.135409795159
0.197622638201
0.0981825174849
0.0814074440363
0.0644055569813
0.081057816435
0.0564814654041
0.0316824621624
0.106898630741
0.163725838005
0.219844403742
0.277074329156
0.204626702258
0.176614706426
0.148223964007
0.178998065542
0.157020989705
0.134844810082
0.106898630741
0.163725838005
0.219844403742
0.277074329156
0.204626702258
0.176614706426
0.148223964007
0.178998065542
0.157020989705
0.134844810082
0.190393690198
0.24283851284
0.294629342772
0.310538280186
0.298905837343
0.260941138828
0.222463124516
0.265745143323
0.246070282657
0.226217175383
0.190393690198
0.24283851284
0.294629342772
0.310538280186
0.298905837343
0.260941138828
0.222463124516
0.265745143323
0.246070282657
0.226217175383
-0.0062300161808
0.0552500167174
0.100210559211
0.119454435245
0.124511144855
0.112528498609
0.104615303121
0.119324370911
0.146738584463
0.170446241373
-0.0062300161808
0.0552500167174
0.100210559211
0.119454435245
0.124511144855
0.112528498609
0.104615303121
0.119324370911
0.146738584463
0.170446241373
0.438185479553
0.477624515574
0.516571742476
0.556290271655
0.595502854845
0.511200228537
0.442785794413
0.374359109518
0.306747100935
0.49738677563
0.438185479553
0.477624515574
0.516571742476
0.556290271655
0.595502854845
0.511200228537
0.442785794413
0.374359109518
0.306747100935
0.49738677563
0.0186803644279
0.0853662487875
0.151220552831
0.218379020963
0.0841270804889
0.0602543552445
0.0360588499582
0.058511467683
0.0233349270139
-0.0121602994738
0.0186803644279
0.0853662487875
0.151220552831
0.218379020963
0.0841270804889
0.0602543552445
0.0360588499582
0.058511467683
0.0233349270139
-0.0121602994738
0.167512361195
0.224529035718
0.280834706035
0.338255441407
0.238754810165
0.196167610468
0.153004594731
0.195734019227
0.163438275671
0.130849945201
0.167512361195
0.224529035718
0.280834706035
0.338255441407
0.238754810165
0.196167610468
0.153004594731
0.195734019227
0.163438275671
0.130849945201
0.299334986904
0.347787504141
0.395635813158
0.444431699515
0.375710799307
0.316547922237
0.256585111529
0.317273993451
0.287529813052
0.257516161913
0.299334986904
0.347787504141
0.395635813158
0.444431699515
0.375710799307
0.316547922237
0.256585111529
0.317273993451
0.287529813052
0.257516161913
-0.0241781363138
-0.0468701577269
-0.0148101001259
-0.0148635067018
-0.00134479577641
0.0097036309858
0.028289086145
0.0493636828669
0.0779818683171
0.110204044414
-0.0241781363138
-0.0468701577269
-0.0148101001259
-0.0148635067018
-0.00134479577641
0.0097036309858
0.028289086145
0.0493636828669
0.0779818683171
0.110204044414
0.690550521263
0.713586829786
0.736335873007
0.759535433254
0.782439470865
0.673805621681
0.563985354931
0.454145422989
0.34561322634
0.633428805059
0.690550521263
0.713586829786
0.736335873007
0.759535433254
0.782439470865
0.673805621681
0.563985354931
0.454145422989
0.34561322634
0.633428805059
0.024724443107
0.0963160614265
0.167014924388
0.239113892011
0.070086210411
0.0391231893081
0.00774152118659
0.0359884857475
-0.0097772586263
-0.0559576228984
0.024724443107
0.0963160614265
0.167014924388
0.239113892011
0.070086210411
0.0391231893081
0.00774152118659
0.0359884857475
-0.0097772586263
-0.0559576228984
0.228063272169
0.285269217587
0.341761798571
0.399373146149
0.272847548033
0.21570025007
0.157780270855
0.212452627931
0.169848910824
0.126859220559
0.228063272169
0.285269217587
0.341761798571
0.399373146149
0.272847548033
0.21570025007
0.157780270855
0.212452627931
0.169848910824
0.126859220559
0.408163377909
0.45262772733
0.49653760142
0.541317056956
0.452436161356
0.372097075316
0.290671734847
0.36874943958
0.328946375194
0.288782710478
0.408163377909
0.45262772733
0.49653760142
0.541317056956
0.452436161356
0.372097075316
0.290671734847
0.36874943958
0.328946375194
0.288782710478
-0.0355989189603
-0.0732224017452
-0.0369413711221
-0.0357340042914
-0.035450621778
-0.0170507646824
-0.0022671088096
0.0223079813299
0.0515959694386
0.0814460675997
-0.0355989189603
-0.0732224017452
-0.0369413711221
-0.0357340042914
-0.035450621778
-0.0170507646824
-0.0022671088096
0.0223079813299
0.0515959694386
0.0814460675997
0.9426540143
0.949304594952
0.955872242132
0.962569953545
0.969182347594
0.836242492176
0.685059305403
0.533849046702
0.38443907127
0.769329841851
0.9426540143
0.949304594952
0.955872242132
0.962569953545
0.969182347594
0.836242492176
0.685059305403
0.533849046702
0.38443907127
0.769329841851
-2.21482593971
-2.08373150937
-1.95427184101
-1.82224838197
-1.76096323413
-1.45358606349
-1.14205288574
-0.972015732873
-1.07150130113
-1.17188817006
-2.21482593971
-2.08373150937
-1.95427184101
-1.82224838197
-1.76096323413
-1.45358606349
-1.14205288574
-0.972015732873
-1.07150130113
-1.17188817006
-10.6397807003
-6.98975284968
-3.38524124799
0.290653305105
-2.17768509908
-1.89692328419
-1.61236532498
-1.46753591051
-1.63553223498
-1.80505054101
-10.6397807003
-6.98975284968
-3.38524124799
0.290653305105
-2.17768509908
-1.89692328419
-1.61236532498
-1.46753591051
-1.63553223498
-1.80505054101
-18.1018834883
-11.3350860368
-4.65267129418
2.16208051366
-2.54678160803
-2.28959339395
-2.02892777117
-1.90642521071
-2.13510249068
-2.36585149814
-18.1018834883
-11.3350860368
-4.65267129418
2.16208051366
-2.54678160803
-2.28959339395
-2.02892777117
-1.90642521071
-2.13510249068
-2.36585149814
-27.2489772283
-16.661623492
-6.20629522177
4.45608805962
-2.99922248997
-2.77093094784
-2.5395527052
-2.44441854643
-2.74747893315
-3.05328492945
-27.2489772283
-16.661623492
-6.20629522177
4.45608805962
-2.99922248997
-2.77093094784
-2.5395527052
-2.44441854643
-2.74747893315
-3.05328492945
-18.2690833898
-13.0322955195
-7.86081097019
-2.58691148343
2.6198075627
-3.74613777906
-3.29637067931
-2.84652304108
-2.40203121128
-0.578304979589
-18.2690833898
-13.0322955195
-7.86081097019
-2.58691148343
2.6198075627
-3.74613777906
-3.29637067931
-2.84652304108
-2.40203121128
-0.578304979589
-0.780684848748
-0.282339146006
-0.192457597816
-0.119486615734
-0.0541458683431
-0.00157110042525
0.0487143302669
0.0749690374672
0.071788894875
0.0829481370316
-0.780684848748
-0.282339146006
-0.192457597816
-0.119486615734
-0.0541458683431
-0.00157110042525
0.0487143302669
0.0749690374672
0.071788894875
0.0829481370316
-1.58629650053
-1.03863436114
-0.497801628888
-0.353684742643
-0.181306791557
-0.115392959719
-0.0485879154551
-0.0229652946265
-0.0176277592696
-0.0122418679121
-1.58629650053
-1.03863436114
-0.497801628888
-0.353684742643
-0.181306791557
-0.115392959719
-0.0485879154551
-0.0229652946265
-0.0176277592696
-0.0122418679121
-2.66061551266
-1.7084958374
-0.768249199266
-0.561117369335
-0.293935037832
-0.216206606523
-0.13742721911
-0.109707131624
-0.0968253672263
0.00837551673888
-2.66061551266
-1.7084958374
-0.768249199266
-0.561117369335
-0.293935037832
-0.216206606523
-0.13742721911
-0.109707131624
-0.0968253672263
0.00837551673888
4.97063424586
-2.52961635669
-1.09976557586
-0.815389621408
-0.43199546875
-0.339784625185
-0.303939241356
-0.21603583504
-0.193906306012
-0.0345602343388
4.97063424586
-2.52961635669
-1.09976557586
-0.815389621408
-0.43199546875
-0.339784625185
-0.303939241356
-0.21603583504
-0.193906306012
-0.0345602343388
-3.66239650377
-2.58237735648
-1.5158261668
-0.428153232989
0.645664611783
-0.544365607678
-0.404182588327
-0.263974466814
-0.125435639023
0.0471353858133
-3.66239650377
-2.58237735648
-1.5158261668
-0.428153232989
0.645664611783
-0.544365607678
-0.404182588327
-0.263974466814
-0.125435639023
0.0471353858133
-0.375300006587
-0.0833291217557
0.00218000717902
0.0721081804417
0.134415919896
0.158841222225
0.179097005358
0.190635379111
0.198094642728
0.183360933024
-0.375300006587
-0.0833291217557
0.00218000717902
0.0721081804417
0.134415919896
0.158841222225
0.179097005358
0.190635379111
0.198094642728
0.183360933024
-0.586106787962
-0.381180572168
-0.178809808835
-0.0414439123767
0.0392444350784
0.0814227925206
0.124171438099
0.136624608798
0.161111318065
0.185819867424
-0.586106787962
-0.381180572168
-0.178809808835
-0.0414439123767
0.0392444350784
0.0814227925206
0.124171438099
0.136624608798
0.161111318065
0.185819867424
-0.95473112191
-0.644991856819
-0.339115074447
-0.142018623159
-0.045050308617
0.0128521833537
0.0715375674572
0.0887864979492
0.128354659078
0.139231815204
-0.95473112191
-0.644991856819
-0.339115074447
-0.142018623159
-0.045050308617
0.0128521833537
0.0715375674572
0.0887864979492
0.128354659078
0.139231815204
-16.0120331118
-0.968373431552
-0.535618303262
-0.265303752504
-0.148379349276
-0.0712021117541
-0.0408319865841
0.030146233038
0.0882013351581
0.113824141307
-16.0120331118
-0.968373431552
-0.535618303262
-0.265303752504
-0.148379349276
-0.0712021117541
-0.0408319865841
0.030146233038
0.0882013351581
0.113824141307
-2.04871301621
-1.42791566933
-0.814859733683
-0.189662973728
0.427569851016
-0.190647689013
-0.0846661776727
0.0213343114649
0.126072777054
0.116231327828
-2.04871301621
-1.42791566933
-0.814859733683
-0.189662973728
0.427569851016
-0.190647689013
-0.0846661776727
0.0213343114649
0.126072777054
0.116231327828
-0.149216832513
0.0245027020771
0.10746880647
0.142586604665
0.148323899959
0.132810350524
0.138910331839
0.139781684354
0.167252552659
0.154226452905
-0.149216832513
0.0245027020771
0.10746880647
0.142586604665
0.148323899959
0.132810350524
0.138910331839
0.139781684354
0.167252552659
0.154226452905
-0.158620913
-0.052893698395
0.0515150862095
0.115952483124
0.132078121795
0.136022659919
0.140020531635
0.159428848729
0.175717557025
0.192153834703
-0.158620913
-0.052893698395
0.0515150862095
0.115952483124
0.132078121795
0.136022659919
0.140020531635
0.159428848729
0.175717557025
0.192153834703
-0.24640392281
-0.121444795956
0.00195607683565
0.0923622611885
0.117689003991
0.138867848241
0.160333048914
0.17683062289
0.183215132321
0.198112119315
-0.24640392281
-0.121444795956
0.00195607683565
0.0923622611885
0.117689003991
0.138867848241
0.160333048914
0.17683062289
0.183215132321
0.198112119315
-0.584177391881
-0.205475173611
-0.0587936765904
0.0634452149445
0.100050730555
0.142355498442
0.174817929066
0.198161829926
0.192405708491
0.223379624218
-0.584177391881
-0.205475173611
-0.0587936765904
0.0634452149445
0.100050730555
0.142355498442
0.174817929066
0.198161829926
0.192405708491
0.223379624218
-0.506921242246
-0.324886762911
-0.145122273564
0.0382022320145
0.219191497588
0.147311632937
0.220615358258
0.293932209862
0.366376163671
0.182248955098
-0.506921242246
-0.324886762911
-0.145122273564
0.0382022320145
0.219191497588
0.147311632937
0.220615358258
0.293932209862
0.366376163671
0.182248955098
0.0473432175099
0.128864708882
0.209369618286
0.291468829129
0.161784348447
0.107617101322
0.0527174658291
0.0905643619568
0.137402900679
0.184665778401
0.0473432175099
0.128864708882
0.209369618286
0.291468829129
0.161784348447
0.107617101322
0.0527174658291
0.0905643619568
0.137402900679
0.184665778401
0.255109303238
0.264829546346
0.274428576953
0.268284170695
0.221924602178
0.188865610455
0.155359632364
0.181499292855
0.189853795805
0.198283987312
0.255109303238
0.264829546346
0.274428576953
0.268284170695
0.221924602178
0.188865610455
0.155359632364
0.181499292855
0.189853795805
0.198283987312
0.439130693454
0.385255545243
0.332052226059
0.319201227438
0.275191684055
0.260828575686
0.24627126558
0.262041660222
0.236310302916
0.255097770488
0.439130693454
0.385255545243
0.332052226059
0.319201227438
0.275191684055
0.260828575686
0.24627126558
0.262041660222
0.236310302916
0.255097770488
-0.230247504758
-0.0627342142445
0.0200010892235
0.0771538398659
0.113500907489
0.122830563872
0.150723470956
0.18266162922
0.218268257518
0.261817303067
-0.230247504758
-0.0627342142445
0.0200010892235
0.0771538398659
0.113500907489
0.122830563872
0.150723470956
0.18266162922
0.218268257518
0.261817303067
0.985258690224
0.742648832293
0.503064345986
0.258735181444
0.0175183517076
0.474396085405
0.5160735319
0.557758441453
0.598947057659
0.24614226434
0.985258690224
0.742648832293
0.503064345986
0.258735181444
0.0175183517076
0.474396085405
0.5160735319
0.557758441453
0.598947057659
0.24614226434
0.159242644204
0.238154188451
0.316081697058
0.395552464828
0.175880334669
0.0812343478841
-0.0146913350922
0.0390232339614
0.106143891486
0.173872636142
0.159242644204
0.238154188451
0.316081697058
0.395552464828
0.175880334669
0.0812343478841
-0.0146913350922
0.0390232339614
0.106143891486
0.173872636142
0.688373873353
0.597554156843
0.507866972192
0.41640364235
0.31601320188
0.244203551337
0.171422971763
0.20461179736
0.20465747989
0.204703576287
0.688373873353
0.597554156843
0.507866972192
0.41640364235
0.31601320188
0.244203551337
0.171422971763
0.20461179736
0.20465747989
0.204703576287
1.15703296203
0.915879843134
0.677733930167
0.556750440284
0.440130884266
0.388547702967
0.33626707212
0.351275953512
0.291912372477
0.232010980416
1.15703296203
0.915879843134
0.677733930167
0.556750440284
0.440130884266
0.388547702967
0.33626707212
0.351275953512
0.291912372477
0.232010980416
-0.0816564995865
0.0359347700954
0.0728755548183
0.0442361392037
0.0322244491426
0.041845888563
0.0844153773963
0.124258449433
0.176475869358
0.232626863038
-0.0816564995865
0.0359347700954
0.0728755548183
0.0442361392037
0.0322244491426
0.041845888563
0.0844153773963
0.124258449433
0.176475869358
0.232626863038
2.54789219294
1.86058833148
1.18185522481
0.489680637639
-0.193676831589
0.816923894901
0.825481821568
0.834041280678
0.842498832343
0.313052308798
2.54789219294
1.86058833148
1.18185522481
0.489680637639
-0.193676831589
0.816923894901
0.825481821568
0.834041280678
0.842498832343
0.313052308798
0.271032930436
0.347337073156
0.422689694819
0.499534583154
0.189962572452
0.0548773267123
-0.082034389228
-0.0124676236918
0.0749153705872
0.163090020911
0.271032930436
0.347337073156
0.422689694819
0.499534583154
0.189962572452
0.0548773267123
-0.082034389228
-0.0124676236918
0.0749153705872
0.163090020911
1.12121586137
0.929954246309
0.741077684637
0.548460653265
0.410010032808
0.299487518678
0.187470643877
0.227701759216
0.219446725288
0.211116903954
1.12121586137
0.929954246309
0.741077684637
0.548460653265
0.410010032808
0.299487518678
0.187470643877
0.227701759216
0.219446725288
0.211116903954
1.87423502876
1.44598659967
1.02307847562
0.591795172507
0.60490921198
0.516142260133
0.426175101769
0.440423212649
0.34746021088
0.253655000362
1.87423502876
1.44598659967
1.02307847562
0.591795172507
0.60490921198
0.516142260133
0.426175101769
0.440423212649
0.34746021088
0.253655000362
-0.0348866599465
0.0100026871027
0.0460466142425
0.013524164688
0.0209819574794
0.0201815790695
0.0578458818389
0.10257758833
0.136375890675
0.170384980323
-0.0348866599465
0.0100026871027
0.0460466142425
0.013524164688
0.0209819574794
0.0201815790695
0.0578458818389
0.10257758833
0.136375890675
0.170384980323
4.10900159007
2.97743745482
1.85998404885
0.720400842515
-0.404666026881
1.15911762187
1.13458833164
1.11005464903
1.08581306021
0.37989709293
4.10900159007
2.97743745482
1.85998404885
0.720400842515
-0.404666026881
1.15911762187
1.13458833164
1.11005464903
1.08581306021
0.37989709293
0.382707358304
0.456406801781
0.529187205088
0.603408935423
0.20403021554
0.0285476217009
-0.149307649678
-0.063905116721
0.0437192146236
0.152318580679
0.382707358304
0.456406801781
0.529187205088
0.603408935423
0.20403021554
0.0285476217009
-0.149307649678
-0.063905116721
0.0437192146236
0.152318580679
1.55360925616
1.26200983956
0.974046699768
0.680380801579
0.503909446334
0.354714190253
0.203501684339
0.250767790861
0.234220643256
0.217523584909
1.55360925616
1.26200983956
0.974046699768
0.680380801579
0.503909446334
0.354714190253
0.203501684339
0.250767790861
0.234220643256
0.217523584909
2.59069379425
1.97554395873
1.36806510934
0.748555883032
0.769516765038
0.643604579542
0.515989951611
0.529478080433
0.402950480044
0.275276588657
2.59069379425
1.97554395873
1.36806510934
0.748555883032
0.769516765038
0.643604579542
0.515989951611
0.529478080433
0.402950480044
0.275276588657
-0.030315258271
-0.0856349462753
-0.00846086162091
0.00135830021086
0.046740529816
0.0731312144149
0.113444457056
0.136675180512
0.168447021364
0.207138124968
-0.030315258271
-0.0856349462753
-0.00846086162091
0.00135830021086
0.046740529816
0.0731312144149
0.113444457056
0.136675180512
0.168447021364
0.207138124968
5.66849306861
4.09312908659
2.53741006679
0.950881931216
-0.615436555024
1.50095670259
1.44337448674
1.38578195981
1.32887511957
0.446672599778
5.66849306861
4.09312908659
2.53741006679
0.950881931216
-0.615436555024
1.50095670259
1.44337448674
1.38578195981
1.32887511957
0.446672599778
-9.64789475523
-6.63095705029
-3.6516408905
-0.613323011704
-1.42528218352
-0.869858236705
-0.306924474278
0.0315209135422
0.0316231773437
0.0317263676156
-9.64789475523
-6.63095705029
-3.6516408905
-0.613323011704
-1.42528218352
-0.869858236705
-0.306924474278
0.0315209135422
0.0316231773437
0.0317263676156
-50.8399070127
-11.6172017265
27.1163921088
66.617057479
2.73686815755
1.67918975533
0.607210619732
16.6261592474
-13.4862263142
-43.8714184128
-50.8399070127
-11.6172017265
27.1163921088
66.617057479
2.73686815755
1.67918975533
0.607210619732
16.6261592474
-13.4862263142
-43.8714184128
-87.3242607265
-16.0335898683
54.3680784796
126.163965914
6.42334417392
3.93691797686
1.41687313157
31.324267486
-25.4591787209
-82.7570609326
-87.3242607265
-16.0335898683
54.3680784796
126.163965914
6.42334417392
3.93691797686
1.41687313157
31.324267486
-25.4591787209
-82.7570609326
-132.047016892
-21.4472269454
87.7733714502
199.156950446
10.9422502585
6.70445579678
2.40936266221
49.3413033913
-40.135701026
-130.423332408
-132.047016892
-21.4472269454
87.7733714502
199.156950446
10.9422502585
6.70445579678
2.40936266221
49.3413033913
-40.135701026
-130.423332408
280.485508654
61.1544736293
-155.441479254
-376.326850535
-594.398520757
-2.79198667946
4.04336423756
10.8799391408
17.6351189619
-1.77552207406
280.485508654
61.1544736293
-155.441479254
-376.326850535
-594.398520757
-2.79198667946
4.04336423756
10.8799391408
17.6351189619
-1.77552207406
2.51582759971
-0.931326265407
-0.470633967569
-0.218173768974
-0.0648201502331
0.0177169617162
0.12526055907
0.110599476819
0.123451411476
0.0804477297868
2.51582759971
-0.931326265407
-0.470633967569
-0.218173768974
-0.0648201502331
0.0177169617162
0.12526055907
0.110599476819
0.123451411476
0.0804477297868
-0.670821045081
-0.383192201674
-0.0991501215941
0.0656678912942
0.199601826328
0.253159298798
0.307440914952
1.75584844076
-1.23852170435
-4.26001968191
-0.670821045081
-0.383192201674
-0.0991501215941
0.0656678912942
0.199601826328
0.253159298798
0.307440914952
1.75584844076
-1.23852170435
-4.26001968191
-0.0268935216803
0.102297969061
0.229878427698
0.317070504674
0.433804148426
0.461693940214
0.489960826283
3.21306895168
-2.4448407498
-0.960645394645
-0.0268935216803
0.102297969061
0.229878427698
0.317070504674
0.433804148426
0.461693940214
0.489960826283
3.21306895168
-2.4448407498
-0.960645394645
0.612268655362
0.697414952543
0.633203746184
0.625241450108
0.720890865835
0.717317049045
1.82213153383
4.99933925539
-3.92355441842
-1.5600626481
0.612268655362
0.697414952543
0.633203746184
0.625241450108
0.720890865835
0.717317049045
1.82213153383
4.99933925539
-3.92355441842
-1.5600626481
49.2475228018
10.5260817549
-27.7124986613
-66.708347476
-105.207456011
-0.255438879818
1.0538798268
2.36343298928
3.65739483758
-0.173093511868
49.2475228018
10.5260817549
-27.7124986613
-66.708347476
-105.207456011
-0.255438879818
1.0538798268
2.36343298928
3.65739483758
-0.173093511868
-1.39380950377
-0.301655748431
-0.119210103592
-0.0279887547934
0.0854778013634
0.115772424454
0.136468422255
0.119335733903
0.133596196961
0.140514990545
-1.39380950377
-0.301655748431
-0.119210103592
-0.0279887547934
0.0854778013634
0.115772424454
0.136468422255
0.119335733903
0.133596196961
0.140514990545
4.87164222837
0.857892502266
-3.10580532309
-0.407423614908
-0.0807043659119
0.0956176318586
0.274323656641
0.113040924518
0.114551641008
0.116076044004
4.87164222837
0.857892502266
-3.10580532309
-0.407423614908
-0.0807043659119
0.0956176318586
0.274323656641
0.113040924518
0.114551641008
0.116076044004
9.61734141443
1.88492095288
-5.75107537465
-0.74349449101
-0.227894285499
0.0777662441313
0.387559570396
0.107465521921
0.0976836057359
0.167678873167
9.61734141443
1.88492095288
-5.75107537465
-0.74349449101
-0.227894285499
0.0777662441313
0.387559570396
0.107465521921
0.0976836057359
0.167678873167
1.2723022929
3.14385905364
-8.99366447011
-1.15545233914
-0.40832063854
0.0558838978851
0.0615023684212
0.100631157446
0.0770066592727
0.183318684374
1.2723022929
3.14385905364
-8.99366447011
-1.15545233914
-0.40832063854
0.0558838978851
0.0615023684212
0.100631157446
0.0770066592727
0.183318684374
23.7013519021
4.93287635471
-13.6015542373
-32.503036598
-51.1637464683
0.0247879321667
0.723614540251
1.42256628516
2.1131964311
0.00393585358614
23.7013519021
4.93287635471
-13.6015542373
-32.503036598
-51.1637464683
0.0247879321667
0.723614540251
1.42256628516
2.1131964311
0.00393585358614
-0.566341215673
-0.0987775948714
0.0559226550262
0.118210622729
0.14917294349
0.173644374299
0.187855305879
0.203100218875
0.229019370046
0.199403351745
-0.566341215673
-0.0987775948714
0.0559226550262
0.118210622729
0.14917294349
0.173644374299
0.187855305879
0.203100218875
0.229019370046
0.199403351745
-0.355396712504
-0.167972776929
0.0171139615449
0.121837335908
0.155678039191
0.199979858083
0.24488067616
0.236158459367
0.236571227542
0.236987735237
-0.355396712504
-0.167972776929
0.0171139615449
0.121837335908
0.155678039191
0.199979858083
0.24488067616
0.236158459367
0.236571227542
0.236987735237
-0.443937476201
-0.22925993818
-0.0172594526814
0.125049567582
0.161439695383
0.223305572292
0.286007929752
0.265438615231
0.243260015611
0.227825264076
-0.443937476201
-0.22925993818
-0.0172594526814
0.125049567582
0.161439695383
0.223305572292
0.286007929752
0.265438615231
0.243260015611
0.227825264076
-1.62417315002
-0.304386135843
-0.0593946056039
0.128987141891
0.168502370715
0.251898383258
0.280153626029
0.301330419194
0.251459175178
0.244189395418
-1.62417315002
-0.304386135843
-0.0593946056039
0.128987141891
0.168502370715
0.251898383258
0.280153626029
0.301330419194
0.251459175178
0.244189395418
-0.706703613626
-0.411144416732
-0.119270875546
0.178382864766
0.472245006568
0.292530272526
0.408063004926
0.523616425433
0.637794086837
0.173078328867
-0.706703613626
-0.411144416732
-0.119270875546
0.178382864766
0.472245006568
0.292530272526
0.408063004926
0.523616425433
0.637794086837
0.173078328867
-0.0318897167044
0.0975723368066
0.225419984264
0.355799498287
0.210818500616
0.229654118072
0.248744409485
0.284169326676
0.321372012195
0.35891173962
-0.0318897167044
0.0975723368066
0.225419984264
0.355799498287
0.210818500616
0.229654118072
0.248744409485
0.284169326676
0.321372012195
0.35891173962
-5.41423977131
-1.1608277194
3.03954381619
0.634067705267
0.384454121176
0.300983912139
0.216385113162
0.355314312926
0.354664462614
0.354008724911
-5.41423977131
-1.1608277194
3.03954381619
0.634067705267
0.384454121176
0.300983912139
0.216385113162
0.355314312926
0.354664462614
0.354008724911
-10.1814641054
-2.27541062632
5.53205349589
0.965645578396
0.538245670815
0.364161729742
0.187724022133
0.418328443604
0.384152061557
0.286036261851
-10.1814641054
-2.27541062632
5.53205349589
0.965645578396
0.538245670815
0.364161729742
0.187724022133
0.418328443604
0.384152061557
0.286036261851
-0.318199085953
-0.114922373787
0.0337106491639
0.129904503207
0.11957545741
0.115017029429
0.147546436258
0.161166287599
0.239878478635
0.292274248614
-0.318199085953
-0.114922373787
0.0337106491639
0.129904503207
0.11957545741
0.115017029429
0.147546436258
0.161166287599
0.239878478635
0.292274248614
-24.3293556775
-5.58320505977
12.929178997
31.8081782176
50.4466913445
0.551657188432
0.102665300369
-0.346406987352
-0.790132697841
0.336778130361
-24.3293556775
-5.58320505977
12.929178997
31.8081782176
50.4466913445
0.551657188432
0.102665300369
-0.346406987352
-0.790132697841
0.336778130361
0.202206462347
0.303192969291
0.402920163381
0.50462233279
0.275374664897
0.288308372961
0.301416956025
0.369066128414
0.418085102585
0.467548169655
0.202206462347
0.303192969291
0.402920163381
0.50462233279
0.275374664897
0.288308372961
0.301416956025
0.369066128414
0.418085102585
0.467548169655
-10.7119371043
-2.20056050408
6.2046782934
14.7763725831
0.624031911059
0.406756892558
0.186544126529
0.480096133646
0.478333493106
0.476554883726
-10.7119371043
-2.20056050408
6.2046782934
14.7763725831
0.624031911059
0.406756892558
0.186544126529
0.480096133646
0.478333493106
0.476554883726
-20.3787499777
-4.41817072335
11.3433783514
1.84593049589
0.932842614803
0.511668438486
0.0847996204034
0.578436995422
0.531696353281
0.484532259045
-20.3787499777
-4.41817072335
11.3433783514
1.84593049589
0.932842614803
0.511668438486
0.0847996204034
0.578436995422
0.531696353281
0.484532259045
-0.36446620161
-0.0681729768848
0.0332646898245
0.0354124881991
0.0388623283613
0.0760756405795
0.0947837133888
0.148177974698
0.253178579264
0.301628754899
-0.36446620161
-0.0681729768848
0.0332646898245
0.0354124881991
0.0388623283613
0.0760756405795
0.0947837133888
0.148177974698
0.253178579264
0.301628754899
-49.0673559244
-10.9994655676
26.5937140075
64.9313806054
102.780691037
0.823018832855
-0.21715181713
-1.25750872742
-2.2854793277
0.508207050316
-49.0673559244
-10.9994655676
26.5937140075
64.9313806054
102.780691037
0.823018832855
-0.21715181713
-1.25750872742
-2.2854793277
0.508207050316
0.436074317039
0.508613050877
0.580247218721
0.6533000138
0.339867864695
0.34690541976
0.3540381287
0.453880126546
0.51470386442
0.576078641774
0.436074317039
0.508613050877
0.580247218721
0.6533000138
0.339867864695
0.34690541976
0.3540381287
0.453880126546
0.51470386442
0.576078641774
-16.0044673588
-3.23927919138
9.36672567494
22.2223770766
0.863376030126
0.512426707909
0.15673224513
0.604756249136
0.601881903721
0.59898151785
-16.0044673588
-3.23927919138
9.36672567494
22.2223770766
0.863376030126
0.512426707909
0.15673224513
0.604756249136
0.601881903721
0.59898151785
-30.566089986
-6.55884089167
17.1490351647
41.3264167608
1.32705469094
0.659031277413
-0.0180243946041
0.738389386287
0.67909673853
0.619266922375
-30.566089986
-6.55884089167
17.1490351647
41.3264167608
1.32705469094
0.659031277413
-0.0180243946041
0.738389386287
0.67909673853
0.619266922375
-0.258647547896
0.0610762904256
0.193059474366
0.25860439304
0.171960348714
0.138474718127
0.0989179270957
0.177113950841
0.25826955698
0.335269944472
-0.258647547896
0.0610762904256
0.193059474366
0.25860439304
0.171960348714
0.138474718127
0.0989179270957
0.177113950841
0.25826955698
0.335269944472
-73.7812281053
-16.410443357
40.2449213925
98.0222764687
155.063647065
1.09411580626
-0.536657002846
-2.16772182965
-3.77936747984
0.679468768062
-73.7812281053
-16.410443357
40.2449213925
98.0222764687
155.063647065
1.09411580626
-0.536657002846
-2.16772182965
-3.77936747984
0.679468768062
0.669699793362
0.713820237088
0.757390494026
0.801823606707
0.404294224369
0.40544173715
0.406604765303
0.538606224275
0.611222491509
0.684496633967
0.669699793362
0.713820237088
0.757390494026
0.801823606707
0.404294224369
0.40544173715
0.406604765303
0.538606224275
0.611222491509
0.684496633967
-21.2915124864
-4.27692136074
12.5254959413
29.6606646035
1.10247209528
0.617987008092
0.126951260474
0.729287168095
0.725302269965
0.721281270203
-21.2915124864
-4.27692136074
12.5254959413
29.6606646035
1.10247209528
0.617987008092
0.126951260474
0.729287168095
0.725302269965
0.721281270203
-40.7428719342
-8.69729249025
22.9486750518
55.2213523435
1.72085820951
0.806241390927
-0.120741843803
0.89817600405
0.826344359454
0.753861948011
-40.7428719342
-8.69729249025
22.9486750518
55.2213523435
1.72085820951
0.806241390927
-0.120741843803
0.89817600405
0.826344359454
0.753861948011
-0.0823395685207
-0.0331505033475
0.102727121846
0.14858190454
0.131657825425
0.236148401289
0.219531110612
0.285700858689
0.350934610646
0.388002192691
-0.0823395685207
-0.0331505033475
0.102727121846
0.14858190454
0.131657825425
0.236148401289
0.219531110612
0.285700858689
0.350934610646
0.388002192691
-98.4694870696
-21.8158132617
53.881980799
131.078877249
207.292417545
1.3649318174
-0.855831056496
-3.07699159588
-5.27170738083
0.85055299183
-98.4694870696
-21.8158132617
53.881980799
131.078877249
207.292417545
1.3649318174
-0.855831056496
-3.07699159588
-5.27170738083
0.85055299183
13536.6962284
6712.78516109
-26.030984341
-6898.3011559
-4.54484316513
-2.45954558465
-0.346052964288
-0.629322206101
-1.97586559213
-3.33460813912
13536.6962284
6712.78516109
-26.030984341
-6898.3011559
-4.54484316513
-2.45954558465
-0.346052964288
-0.629322206101
-1.97586559213
-3.33460813912
8982.10936733
4452.77490162
-20.0782648994
-4581.51082734
11.5409602105
4.48601563185
-2.66431794338
4.89206984893
3.49553936125
2.08635684886
8982.10936733
4452.77490162
-20.0782648994
-4581.51082734
11.5409602105
4.48601563185
-2.66431794338
4.89206984893
3.49553936125
2.08635684886
4948.04671894
2451.05152896
-14.8058562511
-2529.49653633
25.7883860575
10.6377984236
-4.71763835344
9.7824456691
8.34164089139
6.88778298107
4948.04671894
2451.05152896
-14.8058562511
-2529.49653633
25.7883860575
10.6377984236
-4.71763835344
9.7824456691
8.34164089139
6.88778298107
3.06669834297
-2.67389560487
-8.34290371449
-14.1241796083
43.2529725797
18.1786934587
-7.23461175932
15.7770999003
14.2820234122
12.7734021109
3.06669834297
-2.67389560487
-8.34290371449
-14.1241796083
43.2529725797
18.1786934587
-7.23461175932
15.7770999003
14.2820234122
12.7734021109
18.0880294825
15.4274373263
12.800023047
10.1205760358
7.47526058722
-16.6079629116
27.3311755122
71.2781819883
114.701962982
4.8108389404
18.0880294825
15.4274373263
12.800023047
10.1205760358
7.47526058722
-16.6079629116
27.3311755122
71.2781819883
114.701962982
4.8108389404
1.43511107958
666.650516989
-3.01191221102
-0.91817289423
-0.515422680609
-0.241641237874
-0.0617862930345
0.0523510649842
-0.0914909667246
-0.0102293469678
1.43511107958
666.650516989
-3.01191221102
-0.91817289423
-0.515422680609
-0.241641237874
-0.0617862930345
0.0523510649842
-0.0914909667246
-0.0102293469678
892.483791373
442.5772153
-1.71897626273
-0.317119898907
0.0657742735061
0.241354789194
0.419309306409
0.492469537994
0.460296425716
0.427831837517
892.483791373
442.5772153
-1.71897626273
-0.317119898907
0.0657742735061
0.241354789194
0.419309306409
0.492469537994
0.460296425716
0.427831837517
491.888178905
244.112290947
-0.573804422816
0.215241325522
0.58054871858
0.669151270311
0.758951805728
0.882288756945
0.949022401879
1.31392692143
491.888178905
244.112290947
-0.573804422816
0.215241325522
0.58054871858
0.669151270311
0.758951805728
0.882288756945
0.949022401879
1.31392692143
0.692618464368
0.832706256315
0.829954606755
0.867813149015
1.21156255448
1.19354695684
1.62290399909
1.3601316705
1.54810585653
2.07631992445
0.692618464368
0.832706256315
0.829954606755
0.867813149015
1.21156255448
1.19354695684
1.62290399909
1.3601316705
1.54810585653
2.07631992445
3.60689465388
3.81196816404
4.01448438496
4.22101119238
4.42490720223
-2.58809164509
5.56153344298
13.7126178605
21.7666568722
1.13873654982
3.60689465388
3.81196816404
4.01448438496
4.22101119238
4.42490720223
-2.58809164509
5.56153344298
13.7126178605
21.7666568722
1.13873654982
2.93542754801
-1.30024521696
-0.468864846122
-0.172072129264
-0.070269761874
0.00338322587546
0.0950624633844
0.127659374805
0.116686578338
0.144611584436
2.93542754801
-1.30024521696
-0.468864846122
-0.172072129264
-0.070269761874
0.00338322587546
0.0950624633844
0.127659374805
0.116686578338
0.144611584436
-1.22299610234
-0.452051967521
0.309278409101
0.586708735282
-1.20195455562
-0.227576951837
0.75997508597
0.00642075574215
0.124975935583
0.244605179383
-1.22299610234
-0.452051967521
0.309278409101
0.586708735282
-1.20195455562
-0.227576951837
0.75997508597
0.00642075574215
0.124975935583
0.244605179383
-0.408911474721
0.299204910554
0.998491006584
1.25877178674
-2.20430394436
-0.432141680668
1.36398176064
-0.100962021142
0.132317937715
0.49330879277
-0.408911474721
0.299204910554
0.998491006584
1.25877178674
-2.20430394436
-0.432141680668
1.36398176064
-0.100962021142
0.132317937715
0.49330879277
0.799296094286
1.22010043852
1.84333225511
2.0825910111
-3.43299029185
-0.682898445041
-0.283219686462
-0.232592521839
0.141317811295
0.694073852113
0.799296094286
1.22010043852
1.84333225511
2.0825910111
-3.43299029185
-0.682898445041
-0.283219686462
-0.232592521839
0.141317811295
0.694073852113
2.00708161369
2.52874145194
3.0438961346
3.56925282678
4.08791737511
-1.03923700494
3.15651769837
7.35302372314
11.4995668707
0.733058586119
2.00708161369
2.52874145194
3.0438961346
3.56925282678
4.08791737511
-1.03923700494
3.15651769837
7.35302372314
11.4995668707
0.733058586119
-2.93454136096
-0.228218086597
-0.0631433257382
0.0720069321536
0.0883062073554
0.108080236416
0.157250642047
0.182684431577
0.202110124287
0.159544443621
-2.93454136096
-0.228218086597
-0.0631433257382
0.0720069321536
0.0883062073554
0.108080236416
0.157250642047
0.182684431577
0.202110124287
0.159544443621
-0.201787538728
0.110905831255
0.419699880506
-0.21707676484
0.0749819037077
0.181742808155
0.289947213034
0.269894459157
0.259555600327
0.249123075444
-0.201787538728
0.110905831255
0.419699880506
-0.21707676484
0.0749819037077
0.181742808155
0.289947213034
0.269894459157
0.259555600327
0.249123075444
-0.0303222846135
0.411272729923
0.847361006036
-0.473122325035
0.0631803776197
0.246986800266
0.433278445869
0.347137626443
0.310435879105
0.439088699377
-0.0303222846135
0.411272729923
0.847361006036
-0.473122325035
0.0631803776197
0.246986800266
0.433278445869
0.347137626443
0.310435879105
0.439088699377
0.593243898531
0.779464412161
1.37159077281
-0.786984624629
0.0487139908023
0.326963306726
0.448425692599
0.441822799245
0.372805253091
0.600038422387
0.593243898531
0.779464412161
1.37159077281
-0.786984624629
0.0487139908023
0.326963306726
0.448425692599
0.441822799245
0.372805253091
0.600038422387
0.478542340501
1.30268417113
2.11654886245
2.9465311503
3.7659408863
0.440614131694
0.858648556218
1.27675783694
1.68988918065
0.345454107216
0.478542340501
1.30268417113
2.11654886245
2.9465311503
3.7659408863
0.440614131694
0.858648556218
1.27675783694
1.68988918065
0.345454107216
1.29516233866
0.809313309024
0.329522870251
-0.159769232371
0.241779512281
0.209408302084
0.176599404925
0.235938889724
0.28478490773
0.334073451719
1.29516233866
0.809313309024
0.329522870251
-0.159769232371
0.241779512281
0.209408302084
0.176599404925
0.235938889724
0.28478490773
0.334073451719
0.786560532147
0.65574874996
0.526568205092
-0.994998020843
1.31082904716
0.577891459444
-0.164956082951
0.524890094502
0.389804754876
0.253495594452
0.786560532147
0.65574874996
0.526568205092
-0.994998020843
1.31082904716
0.577891459444
-0.164956082951
0.524890094502
0.389804754876
0.253495594452
0.33608464638
0.519734426219
0.701094073094
-2.14928747418
2.25770149234
0.904262255963
-0.467476657926
0.780818304448
0.482822333777
0.386613302462
0.33608464638
0.519734426219
0.701094073094
-2.14928747418
2.25770149234
0.904262255963
-0.467476657926
0.780818304448
0.482822333777
0.386613302462
-5.70250610992
-0.456400566448
-0.167806508103
0.0521519297568
0.0439626802419
0.110090301244
0.171405161025
0.207724649614
0.340341880593
0.364428590156
-5.70250610992
-0.456400566448
-0.167806508103
0.0521519297568
0.0439626802419
0.110090301244
0.171405161025
0.207724649614
0.340341880593
0.364428590156
-1.00081153073
0.116079013824
1.21904181039
2.3438474385
3.45432497069
1.87284655531
-1.36527965463
-4.60398570631
-7.80413228213
-0.0296780182262
-1.00081153073
0.116079013824
1.21904181039
2.3438474385
3.45432497069
1.87284655531
-1.36527965463
-4.60398570631
-7.80413228213
-0.0296780182262
3.065521184
1.89583195442
0.740728878242
-0.437249604057
0.402499089611
0.315520592386
0.227366070107
0.291707767631
0.371363197403
0.451740274481
3.065521184
1.89583195442
0.740728878242
-0.437249604057
0.402499089611
0.315520592386
0.227366070107
0.291707767631
0.371363197403
0.451740274481
1.8215736524
1.22631653469
0.638482338732
0.0390068042287
2.60502695759
0.992744347549
-0.641337727906
0.791925399135
0.526203648983
0.258074562809
1.8215736524
1.22631653469
0.638482338732
0.0390068042287
2.60502695759
0.992744347549
-0.641337727906
0.791925399135
0.526203648983
0.258074562809
0.719791552993
0.633317162928
0.547921118023
-3.90459309191
4.55583735494
1.59257110212
-1.41076109186
1.23497530132
0.663348048955
0.0865420753286
0.719791552993
0.633317162928
0.547921118023
-3.90459309191
4.55583735494
1.59257110212
-1.41076109186
1.23497530132
0.663348048955
0.0865420753286
-1.0537850175
-0.493048126
-0.22385163384
-0.141407439819
-0.133493135014
-0.139781780762
-0.0451969011293
0.0910177618014
0.220082733131
0.320463631713
-1.0537850175
-0.493048126
-0.22385163384
-0.141407439819
-0.133493135014
-0.139781780762
-0.0451969011293
0.0910177618014
0.220082733131
0.320463631713
-2.55001338719
-1.12655194036
0.279158785596
1.71270789621
3.12799604807
3.3727021157
-3.69421107521
-10.7623897175
-17.7464158435
-0.422522081066
-2.55001338719
-1.12655194036
0.279158785596
1.71270789621
3.12799604807
3.3727021157
-3.69421107521
-10.7623897175
-17.7464158435
-0.422522081066
4.83415332004
2.98129087011
1.15153381882
-0.714459336863
0.563061910029
0.421529386677
0.278083220316
0.347422251685
0.457857043439
0.569292331586
4.83415332004
2.98129087011
1.15153381882
-0.714459336863
0.563061910029
0.421529386677
0.278083220316
0.347422251685
0.457857043439
0.569292331586
2.85557727858
1.79632781942
0.750287317566
-0.31646873928
3.89796257954
1.40719261128
-1.11725473677
1.05870025242
0.662469507216
0.262649065096
2.85557727858
1.79632781942
0.750287317566
-0.31646873928
3.89796257954
1.40719261128
-1.11725473677
1.05870025242
0.662469507216
0.262649065096
1.10312421328
0.746789117369
0.39489755931
0.0360372185788
6.85173174397
2.28020861022
-2.35312549876
1.68868933879
0.843697689418
-0.00894925665257
1.10312421328
0.746789117369
0.39489755931
0.0360372185788
6.85173174397
2.28020861022
-2.35312549876
1.68868933879
0.843697689418
-0.00894925665257
-0.215956780611
-0.0840015657437
0.0290449973802
0.0146250299531
-0.0262588999062
-0.0512290346961
-0.0141271344384
0.0450278907685
0.169267107325
0.274575661113
-0.215956780611
-0.0840015657437
0.0290449973802
0.0146250299531
-0.0262588999062
-0.0512290346961
-0.0141271344384
0.0450278907685
0.169267107325
0.274575661113
-4.09770423855
-2.36797090161
-0.659807529707
1.08218393222
2.80198540849
4.87109480061
-6.02087098596
-16.9147871648
-27.6790022559
-0.814982985713
-4.09770423855
-2.36797090161
-0.659807529707
1.08218393222
2.80198540849
4.87109480061
-6.02087098596
-16.9147871648
-27.6790022559
-0.814982985713
6.60095246294
4.06562482675
1.56191300516
-0.991381772198
0.723458324701
0.527428314486
0.328747807763
0.403078993789
0.544261248096
0.686722558883
6.60095246294
4.06562482675
1.56191300516
-0.991381772198
0.723458324701
0.527428314486
0.328747807763
0.403078993789
0.544261248096
0.686722558883
3.88850927345
2.36574834999
0.861976422808
-0.671575871394
5.1895582156
1.82121134487
-1.59267850988
1.32519862285
0.798594140838
0.267218826413
3.88850927345
2.36574834999
0.861976422808
-0.671575871394
5.1895582156
1.82121134487
-1.59267850988
1.32519862285
0.798594140838
0.267218826413
1.48605959134
0.860143470581
0.242032592726
-0.388319216396
9.1452466904
2.96713345749
-3.29451324836
2.14193315144
1.02386041727
-0.104341622346
1.48605959134
0.860143470581
0.242032592726
-0.388319216396
9.1452466904
2.96713345749
-3.29451324836
2.14193315144
1.02386041727
-0.104341622346
-0.438667720035
-0.0197030221869
0.0106223801155
0.0332434855395
0.0091108108665
0.157087132462
0.101386991232
0.276116955711
0.371913145504
0.46796630696
-0.438667720035
-0.0197030221869
0.0106223801155
0.0332434855395
0.0091108108665
0.157087132462
0.101386991232
0.276116955711
0.371913145504
0.46796630696
-5.64379107817
-3.60810326832
-1.59780070946
0.452313437146
2.47631264317
6.36793456591
-8.345119569
-23.0608083273
-37.6012946323
-1.2070371477
-5.64379107817
-3.60810326832
-1.59780070946
0.452313437146
2.47631264317
6.36793456591
-8.345119569
-23.0608083273
-37.6012946323
-1.2070371477
