-3.4052575078
-4.39578211546
-5.37395477226
-6.37149894424
-6.31310296353
-6.42816441123
-6.54478158994
-6.69206089443
-7.08617345987
-7.48385653234
-3.4052575078
-4.39578211546
-5.37395477226
-6.37149894424
-6.31310296353
-6.42816441123
-6.54478158994
-6.69206089443
-7.08617345987
-7.48385653234
-3.48695719934
-4.21985096908
-4.94360547285
-5.68169305092
-5.65582502936
-5.66647427777
-5.67726751329
-5.91908648355
-6.16806722215
-6.4193036297
-3.48695719934
-4.21985096908
-4.94360547285
-5.68169305092
-5.65582502936
-5.66647427777
-5.67726751329
-5.91908648355
-6.16806722215
-6.4193036297
-3.55931978328
-4.06402623942
-4.56243895052
-5.07072211684
-5.07366457338
-4.99183444527
-4.90889790255
-5.23445200535
-5.3548874116
-5.47641391593
-3.55931978328
-4.06402623942
-4.56243895052
-5.07072211684
-5.07366457338
-4.99183444527
-4.90889790255
-5.23445200535
-5.3548874116
-5.47641391593
-3.64802230552
-3.87301528049
-4.09520256831
-4.32179000409
-4.36004853056
-4.16485658608
-3.96702547647
-4.39522264496
-4.3580863535
-4.32061362163
-3.64802230552
-3.87301528049
-4.09520256831
-4.32179000409
-4.36004853056
-4.16485658608
-3.96702547647
-4.39522264496
-4.3580863535
-4.32061362163
-4.21536767996
-5.0281141492
-5.83072558053
-6.64923175132
-7.45731155632
-8.3605280047
-9.50770097679
-10.6550793698
-11.7887972734
-7.27825979304
-4.21536767996
-5.0281141492
-5.83072558053
-6.64923175132
-7.45731155632
-8.3605280047
-9.50770097679
-10.6550793698
-11.7887972734
-7.27825979304
-3.03420467257
-3.03398531725
-3.03376869731
-3.03354778748
-3.07481300544
-3.05731142723
-3.03957321244
-2.93004338657
-2.99659212198
-3.06374376312
-3.03420467257
-3.03398531725
-3.03376869731
-3.03354778748
-3.07481300544
-3.05731142723
-3.03957321244
-2.93004338657
-2.99659212198
-3.06374376312
-2.80209964483
-2.79583919589
-2.78965681543
-2.78335200047
-2.7750957433
-2.76889810625
-2.76261667174
-2.76557640342
-2.78549727471
-2.80559862137
-2.80209964483
-2.79583919589
-2.78965681543
-2.78335200047
-2.7750957433
-2.76889810625
-2.76261667174
-2.76557640342
-2.78549727471
-2.80559862137
-2.84704036828
-2.84438456345
-2.84176187679
-2.83844125057
-2.84485274065
-2.83379860091
-2.82259499958
-2.86037608937
-2.85555737857
-2.85069501211
-2.84704036828
-2.84438456345
-2.84176187679
-2.83844125057
-2.84485274065
-2.83379860091
-2.82259499958
-2.86037608937
-2.85555737857
-2.85069501211
-3.02769502246
-3.09743074615
-3.1662968577
-3.23652677851
-3.31396727847
-3.38867262932
-3.46438806159
-3.51242210378
-3.41307838911
-3.31283465891
-3.02769502246
-3.09743074615
-3.1662968577
-3.23652677851
-3.31396727847
-3.38867262932
-3.46438806159
-3.51242210378
-3.41307838911
-3.31283465891
-3.02431501182
-3.13037356501
-3.23510955637
-3.34191971616
-3.44736929757
-3.56072556118
-3.6849650025
-3.80922669102
-3.93200894129
-3.44217031634
-3.02431501182
-3.13037356501
-3.23510955637
-3.34191971616
-3.44736929757
-3.56072556118
-3.6849650025
-3.80922669102
-3.93200894129
-3.44217031634
-2.6791203676
-2.55822005504
-2.43882738268
-2.31707028421
-2.29677330125
-2.28326838847
-2.26958087751
-2.21293908281
-2.22253844578
-2.23222477526
-2.6791203676
-2.55822005504
-2.43882738268
-2.31707028421
-2.29677330125
-2.28326838847
-2.26958087751
-2.21293908281
-2.22253844578
-2.23222477526
-2.72643954917
-2.63852054434
-2.55169789917
-2.46315583751
-2.45684525178
-2.4487864438
-2.44061867371
-2.41719027152
-2.411805601
-2.40637214747
-2.72643954917
-2.63852054434
-2.55169789917
-2.46315583751
-2.45684525178
-2.4487864438
-2.44061867371
-2.41719027152
-2.411805601
-2.40637214747
-2.76835082427
-2.70964383486
-2.65166892806
-2.63689582753
-2.5986232651
-2.59538814994
-2.59210929321
-2.59809846723
-2.5794422242
-2.56061696285
-2.76835082427
-2.70964383486
-2.65166892806
-2.63689582753
-2.5986232651
-2.59538814994
-2.59210929321
-2.59809846723
-2.5794422242
-2.56061696285
-2.81972593569
-2.79682722324
-2.77421406025
-2.75115307118
-2.77241566853
-2.77509346715
-2.77780747195
-2.81985690068
-2.78493227844
-2.74969125268
-2.81972593569
-2.79682722324
-2.77421406025
-2.75115307118
-2.77241566853
-2.77509346715
-2.77780747195
-2.81985690068
-2.78493227844
-2.74969125268
-2.89273267297
-2.92071940673
-2.94835714284
-2.97654221057
-3.00436824884
-3.03046418109
-3.04169435752
-3.05292654491
-3.06402500381
-3.0183757698
-2.89273267297
-2.92071940673
-2.94835714284
-2.97654221057
-3.00436824884
-3.03046418109
-3.04169435752
-3.05292654491
-3.06402500381
-3.0183757698
-2.33985553365
-2.1036507586
-1.8703914831
-1.63251279243
-1.55339628526
-1.54370998123
-1.53389270993
-1.52778271534
-1.48296987502
-1.43775104775
-2.33985553365
-2.1036507586
-1.8703914831
-1.63251279243
-1.55339628526
-1.54370998123
-1.53389270993
-1.52778271534
-1.48296987502
-1.43775104775
-2.4344789122
-2.24027367003
-2.04849018859
-1.85290866945
-1.78950985495
-1.76082443101
-1.73175115514
-1.73992433485
-1.71915291227
-1.69819330866
-2.4344789122
-2.24027367003
-2.04849018859
-1.85290866945
-1.78950985495
-1.76082443101
-1.73175115514
-1.73992433485
-1.71915291227
-1.69819330866
-2.51828819035
-2.36128253443
-2.20623475631
-2.06575518838
-1.99863901668
-1.95312580081
-1.90699720661
-1.92782119786
-1.92834360241
-1.92887073975
-2.51828819035
-2.36128253443
-2.20623475631
-2.06575518838
-1.99863901668
-1.95312580081
-1.90699720661
-1.92782119786
-1.92834360241
-1.92887073975
-2.62102214422
-2.50961598112
-2.39959906513
-2.28740339844
-2.25499089235
-2.18885006057
-2.12181494712
-2.15814638476
-2.1847709
-2.21163662301
-2.62102214422
-2.50961598112
-2.39959906513
-2.28740339844
-2.25499089235
-2.18885006057
-2.12181494712
-2.15814638476
-2.1847709
-2.21163662301
-2.7670124997
-2.72040561588
-2.67437992503
-2.62744275156
-2.58110347724
-2.52382664023
-2.42708226258
-2.33032056121
-2.23471088797
-2.61346182556
-2.7670124997
-2.72040561588
-2.67437992503
-2.62744275156
-2.58110347724
-2.52382664023
-2.42708226258
-2.33032056121
-2.23471088797
-2.61346182556
-2.011507578
-1.66370861239
-1.32024673815
-0.969983020837
-0.83393968661
-0.827949115975
-0.821877547606
-0.864673338686
-0.767199173289
-0.668841929749
-2.011507578
-1.66370861239
-1.32024673815
-0.969983020837
-0.83393968661
-0.827949115975
-0.821877547606
-0.864673338686
-0.767199173289
-0.668841929749
-2.15191299707
-1.85484160063
-1.56147471719
-1.26229806081
-1.14364800501
-1.09499968922
-1.04569360583
-1.0844514904
-1.04878843131
-1.01280227874
-2.15191299707
-1.85484160063
-1.56147471719
-1.26229806081
-1.14364800501
-1.09499968922
-1.04569360583
-1.0844514904
-1.04878843131
-1.01280227874
-2.27627208254
-2.02413081879
-1.77513378434
-1.52120566764
-1.41796108701
-1.33153019695
-1.24393068597
-1.27911213906
-1.29819605985
-1.31745287356
-2.27627208254
-2.02413081879
-1.77513378434
-1.52120566764
-1.41796108701
-1.33153019695
-1.24393068597
-1.27911213906
-1.29819605985
-1.31745287356
-2.42871225182
-2.2316466346
-2.0370384473
-1.83857628246
-1.7542158327
-1.62147081933
-1.48693097775
-1.51772841807
-1.60392153999
-1.69089553818
-2.42871225182
-2.2316466346
-2.0370384473
-1.83857628246
-1.7542158327
-1.62147081933
-1.48693097775
-1.51772841807
-1.60392153999
-1.69089553818
-2.64533775554
-2.52653753074
-2.40921875783
-2.28957662985
-2.17145853752
-2.03349170377
-1.83224718186
-1.63096662368
-1.43208247713
-2.22157721949
-2.64533775554
-2.52653753074
-2.40921875783
-2.28957662985
-2.17145853752
-2.03349170377
-1.83224718186
-1.63096662368
-1.43208247713
-2.22157721949
-1.66765660877
-1.20299451084
-0.744126800408
-0.276171775216
-0.0805138025522
-0.0783934600925
-0.0762444487557
-0.170255121843
-0.0176332164976
0.136371384131
-1.66765660877
-1.20299451084
-0.744126800408
-0.276171775216
-0.0805138025522
-0.0783934600925
-0.0762444487557
-0.170255121843
-0.0176332164976
0.136371384131
-1.85600567645
-1.45121127995
-1.05146471412
-0.643801655618
-0.467291660244
-0.39773790074
-0.327243713816
-0.398030366129
-0.34677255898
-0.295050375973
-1.85600567645
-1.45121127995
-1.05146471412
-0.643801655618
-0.467291660244
-0.39773790074
-0.327243713816
-0.398030366129
-0.34677255898
-0.295050375973
-2.02282913639
-1.6710604183
-1.32367829484
-0.969416692545
-0.8098663342
-0.680585833885
-0.549557348583
-0.599774153925
-0.638295976607
-0.677166792065
-2.02282913639
-1.6710604183
-1.32367829484
-0.969416692545
-0.8098663342
-0.680585833885
-0.549557348583
-0.599774153925
-0.638295976607
-0.677166792065
-2.22732240988
-1.94055291048
-1.6573594583
-1.36855770555
-1.22979657969
-1.02730265516
-0.822070836362
-0.847072990578
-0.99564726273
-1.14556756018
-2.22732240988
-1.94055291048
-1.6573594583
-1.36855770555
-1.22979657969
-1.02730265516
-0.822070836362
-0.847072990578
-0.99564726273
-1.14556756018
-2.5179181143
-2.32351592568
-2.13153795374
-1.93575809246
-1.74247213107
-1.52000550644
-1.20932684531
-0.898592551866
-0.591557807344
-1.81118970434
-2.5179181143
-2.32351592568
-2.13153795374
-1.93575809246
-1.74247213107
-1.52000550644
-1.20932684531
-0.898592551866
-0.591557807344
-1.81118970434
-1.32414101259
-0.742729764138
-0.168568777927
0.416962765606
0.672177231912
0.670431121001
0.668661401149
0.523485798195
0.731201655459
0.940799337847
-1.32414101259
-0.742729764138
-0.168568777927
0.416962765606
0.672177231912
0.670431121001
0.668661401149
0.523485798195
0.731201655459
0.940799337847
-1.56038696732
-1.04797463778
-0.541952146366
-0.0259084973322
0.208405004255
0.298843817475
0.390505442235
0.287721261256
0.354558606221
0.422001471614
-1.56038696732
-1.04797463778
-0.541952146366
-0.0259084973322
0.208405004255
0.298843817475
0.390505442235
0.287721261256
0.354558606221
0.422001471614
-1.76963338436
-1.318334383
-0.872663129841
-0.418165901649
-0.202364683099
-0.0302763656487
0.144138735767
0.0789012428241
0.0209604768954
-0.0375052099059
-1.76963338436
-1.318334383
-0.872663129841
-0.418165901649
-0.202364683099
-0.0302763656487
0.144138735767
0.0789012428241
0.0209604768954
-0.0375052099059
-2.02612899235
-1.64974310295
-1.278050787
-0.898997558553
-0.705888815984
-0.433714009477
-0.157859162484
-0.177071682995
-0.387966262277
-0.600771464673
-2.02612899235
-1.64974310295
-1.278050787
-0.898997558553
-0.705888815984
-0.433714009477
-0.157859162484
-0.177071682995
-0.387966262277
-0.600771464673
-2.39062275107
-2.12069233656
-1.85412798403
-1.58228464994
-1.31390413403
-1.00702013492
-0.587014070524
-0.166932796878
0.24814706155
-1.40120245829
-2.39062275107
-2.12069233656
-1.85412798403
-1.58228464994
-1.31390413403
-1.00702013492
-0.587014070524
-0.166932796878
0.24814706155
-1.40120245829
-0.980981432646
-0.282942031341
0.40639274182
1.10937894853
1.42408818471
1.41847962758
1.41279523788
1.21650773189
1.47926044224
1.74439359026
-0.980981432646
-0.282942031341
0.40639274182
1.10937894853
1.42408818471
1.41847962758
1.41279523788
1.21650773189
1.47926044224
1.74439359026
-1.26507463455
-0.645155906135
-0.0329676324803
0.591344282495
0.883401383305
0.994703605173
1.10751073004
0.972762182325
1.05516291862
1.13831017364
-1.26507463455
-0.645155906135
-0.0329676324803
0.591344282495
0.883401383305
0.994703605173
1.10751073004
0.972762182325
1.05516291862
1.13831017364
-1.51670004195
-0.965973909525
-0.422115392574
0.132513578291
0.404507359201
0.619359128181
0.837115880244
0.756873266994
0.679533683423
0.601493433213
-1.51670004195
-0.965973909525
-0.422115392574
0.132513578291
0.404507359201
0.619359128181
0.837115880244
0.756873266994
0.679533683423
0.601493433213
-1.82514408973
-1.35923468787
-0.899135227529
-0.429924059121
-0.182524025183
0.159259446706
0.505664128878
0.49223524175
0.219084943498
-0.0565399905405
-1.82514408973
-1.35923468787
-0.899135227529
-0.429924059121
-0.182524025183
0.159259446706
0.505664128878
0.49223524175
0.219084943498
-0.0565399905405
-2.26345931552
-1.91807895184
-1.57700551931
-1.22917754386
-0.885780300695
-0.494566416442
0.0346537453589
0.563968673058
1.08698166849
-0.991640119032
-2.26345931552
-1.91807895184
-1.57700551931
-1.22917754386
-0.885780300695
-0.494566416442
0.0346537453589
0.563968673058
1.08698166849
-0.991640119032
-3.31521924789
-4.0960493035
-4.8671423224
-5.65350589708
-5.68841682316
-5.8443073991
-6.00230575143
-6.09619748247
-6.3568702641
-6.61990464005
-3.31521924789
-4.0960493035
-4.8671423224
-5.65350589708
-5.68841682316
-5.8443073991
-6.00230575143
-6.09619748247
-6.3568702641
-6.61990464005
-3.35913355116
-3.93996744466
-4.51355827559
-5.09850837261
-5.1352622002
-5.20439573566
-5.27446401675
-5.4329929672
-5.60016722336
-5.76885601345
-3.35913355116
-3.93996744466
-4.51355827559
-5.09850837261
-5.1352622002
-5.20439573566
-5.27446401675
-5.4329929672
-5.60016722336
-5.76885601345
-3.39802907691
-3.80172351254
-4.20038383412
-4.60693913664
-4.64532524842
-4.63761683375
-4.6298041946
-4.84558325368
-4.92994453013
-5.01507008703
-3.39802907691
-3.80172351254
-4.20038383412
-4.60693913664
-4.64532524842
-4.63761683375
-4.6298041946
-4.84558325368
-4.92994453013
-5.01507008703
-3.44570746332
-3.63226320864
-3.8164925833
-4.00437039578
-4.04475737206
-3.94285559915
-3.83957602551
-4.12553263711
-4.10838122875
-4.09107443529
-3.44570746332
-3.63226320864
-3.8164925833
-4.00437039578
-4.04475737206
-3.94285559915
-3.83957602551
-4.12553263711
-4.10838122875
-4.09107443529
-3.91949527756
-4.57199970244
-5.21636732535
-5.87349586231
-6.52225370794
-7.26900561351
-8.04798663765
-8.82710715164
-9.59695159111
-6.98098652917
-3.91949527756
-4.57199970244
-5.21636732535
-5.87349586231
-6.52225370794
-7.26900561351
-8.04798663765
-8.82710715164
-9.59695159111
-6.98098652917
-2.96146031981
-2.96302189685
-2.96456400085
-2.96613664435
-2.98206184071
-2.96751008753
-2.95276158197
-2.88878061148
-2.92127595358
-2.95406569089
-2.96146031981
-2.96302189685
-2.96456400085
-2.96613664435
-2.98206184071
-2.96751008753
-2.95276158197
-2.88878061148
-2.92127595358
-2.95406569089
-2.81557285915
-2.81294501046
-2.81034993132
-2.80831471268
-2.80011972962
-2.79424639174
-2.78829364122
-2.79009481257
-2.80008472775
-2.81016514768
-2.81557285915
-2.81294501046
-2.81034993132
-2.80831471268
-2.80011972962
-2.79424639174
-2.78829364122
-2.79009481257
-2.80008472775
-2.81016514768
-2.85778655093
-2.85757145919
-2.85735904966
-2.85444317657
-2.86196981124
-2.85433820827
-2.84660341937
-2.86827714382
-2.86489655933
-2.86806444039
-2.85778655093
-2.85757145919
-2.85735904966
-2.85444317657
-2.86196981124
-2.85433820827
-2.84660341937
-2.86827714382
-2.86489655933
-2.86806444039
-3.00227037866
-3.05809383212
-3.11322116097
-3.16944021926
-3.24052726889
-3.29286415859
-3.34590868864
-3.37933277566
-3.32421798343
-3.26860387254
-3.00227037866
-3.05809383212
-3.11322116097
-3.16944021926
-3.24052726889
-3.29286415859
-3.34590868864
-3.37933277566
-3.32421798343
-3.26860387254
-3.02346021691
-3.1074581062
-3.19040853257
-3.27500169085
-3.35851727728
-3.46179800318
-3.55004276325
-3.63830332505
-3.72551307182
-3.43192177455
-3.02346021691
-3.1074581062
-3.19040853257
-3.27500169085
-3.35851727728
-3.46179800318
-3.55004276325
-3.63830332505
-3.72551307182
-3.43192177455
-2.70744813216
-2.61524222329
-2.52418613225
-2.4313267865
-2.40348784484
-2.38194797804
-2.36011687347
-2.32682880992
-2.32588780379
-2.32493827252
-2.70744813216
-2.61524222329
-2.52418613225
-2.4313267865
-2.40348784484
-2.38194797804
-2.36011687347
-2.32682880992
-2.32588780379
-2.32493827252
-2.75552262873
-2.68843645445
-2.62218685215
-2.58197479482
-2.54214330585
-2.52798353356
-2.51363230881
-2.4981188741
-2.49074374425
-2.48330179857
-2.75552262873
-2.68843645445
-2.62218685215
-2.58197479482
-2.54214330585
-2.52798353356
-2.51363230881
-2.4981188741
-2.49074374425
-2.48330179857
-2.79810289712
-2.75326563062
-2.70898748977
-2.69269799089
-2.66495242846
-2.65732931131
-2.64960312297
-2.64983293096
-2.63675900579
-2.63392026612
-2.79810289712
-2.75326563062
-2.70898748977
-2.69269799089
-2.66495242846
-2.65732931131
-2.64960312297
-2.64983293096
-2.63675900579
-2.63392026612
-2.85029806482
-2.83273365302
-2.81538827137
-2.79769938561
-2.81549264327
-2.81588220016
-2.8162770242
-2.83580500065
-2.81574545543
-2.79550417851
-2.85029806482
-2.83273365302
-2.81538827137
-2.79769938561
-2.81549264327
-2.81588220016
-2.8162770242
-2.83580500065
-2.81574545543
-2.79550417851
-2.92447014525
-2.94566189539
-2.96658938207
-2.98793131207
-3.00900138247
-3.04119420011
-3.05312941016
-3.06506675741
-3.07686198066
-3.03983647584
-2.92447014525
-2.94566189539
-2.96658938207
-2.98793131207
-3.00900138247
-3.04119420011
-3.05312941016
-3.06506675741
-3.07686198066
-3.03983647584
-2.46475252027
-2.28295658985
-2.10342767468
-1.92034340853
-1.85069007853
-1.82247342772
-1.79387526321
-1.78991269738
-1.75702497615
-1.72383930492
-2.46475252027
-2.28295658985
-2.10342767468
-1.92034340853
-1.85069007853
-1.82247342772
-1.79387526321
-1.78991269738
-1.75702497615
-1.72383930492
-2.54563745176
-2.39551422577
-2.24726305294
-2.12460672167
-2.03871539199
-2.00342241312
-1.96765224244
-1.96712691946
-1.94982822039
-1.93237280181
-2.54563745176
-2.39551422577
-2.24726305294
-2.12460672167
-2.03871539199
-2.00342241312
-1.96765224244
-1.96712691946
-1.94982822039
-1.93237280181
-2.61727839107
-2.49520813188
-2.37466010225
-2.26414828895
-2.2052520982
-2.16369151448
-2.12156899546
-2.12408808759
-2.12059680814
-2.11806556641
-2.61727839107
-2.49520813188
-2.37466010225
-2.26414828895
-2.2052520982
-2.16369151448
-2.12156899546
-2.12408808759
-2.12059680814
-2.11806556641
-2.70509631668
-2.61741356517
-2.53082422722
-2.44252009316
-2.4093938671
-2.36015041292
-2.31024114433
-2.31649210013
-2.32992604475
-2.34348169569
-2.70509631668
-2.61741356517
-2.53082422722
-2.44252009316
-2.4093938671
-2.36015041292
-2.31024114433
-2.31649210013
-2.32992604475
-2.34348169569
-2.82989021097
-2.79107391775
-2.75274166797
-2.71365029479
-2.6750568787
-2.63932884753
-2.57835419799
-2.5173686299
-2.45710914547
-2.6652190909
-2.82989021097
-2.79107391775
-2.75274166797
-2.71365029479
-2.6750568787
-2.63932884753
-2.57835419799
-2.5173686299
-2.45710914547
-2.6652190909
-2.22986637814
-1.96136325769
-1.6962084007
-1.4258024755
-1.31568026234
-1.28100167336
-1.24585419965
-1.27027349443
-1.20646704085
-1.14208252555
-2.22986637814
-1.96136325769
-1.6962084007
-1.4258024755
-1.31568026234
-1.28100167336
-1.24585419965
-1.27027349443
-1.20646704085
-1.14208252555
-2.34250596897
-2.11201766107
-1.88440356774
-1.65228185518
-1.55148680303
-1.49574064281
-1.43924074593
-1.45322124659
-1.42631829934
-1.39917162182
-2.34250596897
-2.11201766107
-1.88440356774
-1.65228185518
-1.55148680303
-1.49574064281
-1.43924074593
-1.45322124659
-1.42631829934
-1.39917162182
-2.44227246369
-2.24545441835
-2.05109071568
-1.84938847761
-1.76034402478
-1.68593801574
-1.61052597264
-1.61526068422
-1.62104369972
-1.62687910709
-2.44227246369
-2.24545441835
-2.05109071568
-1.84938847761
-1.76034402478
-1.68593801574
-1.61052597264
-1.61526068422
-1.62104369972
-1.62687910709
-2.56456687659
-2.4090220563
-2.25541689703
-2.09876977513
-2.01636255467
-1.91908318257
-1.8204885086
-1.81388967229
-1.85973935179
-1.90600441162
-2.56456687659
-2.4090220563
-2.25541689703
-2.09876977513
-2.01636255467
-1.91908318257
-1.8204885086
-1.81388967229
-1.85973935179
-1.90600441162
-2.73835367386
-2.64146027865
-2.54577515474
-2.44819510378
-2.35185805543
-2.25039473542
-2.11885632287
-1.98729435611
-1.85729874345
-2.30265616015
-2.73835367386
-2.64146027865
-2.54577515474
-2.44819510378
-2.35185805543
-2.25039473542
-2.11885632287
-1.98729435611
-1.85729874345
-2.30265616015
-1.98389004042
-1.62458583284
-1.26976218827
-0.907911694638
-0.755409851994
-0.713964223168
-0.671958213335
-0.726099423866
-0.629914403889
-0.532857984928
-1.98389004042
-1.62458583284
-1.26976218827
-0.907911694638
-0.755409851994
-0.713964223168
-0.671958213335
-0.726099423866
-0.629914403889
-0.532857984928
-2.12978359309
-1.81513575007
-1.50441160027
-1.18753393806
-1.04125362
-0.964088577426
-0.885880196256
-0.915051415872
-0.878090753967
-0.840795242796
-2.12978359309
-1.81513575007
-1.50441160027
-1.18753393806
-1.04125362
-0.964088577426
-0.885880196256
-0.915051415872
-0.878090753967
-0.840795242796
-2.25900359689
-1.9839085339
-1.71224393661
-1.41504569985
-1.2944295288
-1.1856272912
-1.07535395256
-1.08240889451
-1.09790409261
-1.11353967119
-2.25900359689
-1.9839085339
-1.71224393661
-1.41504569985
-1.2944295288
-1.1856272912
-1.07535395256
-1.08240889451
-1.09790409261
-1.11353967119
-2.41740231122
-2.19079130117
-1.96700615535
-1.73878921794
-1.60477419121
-1.45719087582
-1.30761210544
-1.28755677154
-1.36735270126
-1.44787155117
-2.41740231122
-2.19079130117
-1.96700615535
-1.73878921794
-1.60477419121
-1.45719087582
-1.30761210544
-1.28755677154
-1.36735270126
-1.44787155117
-2.64249522106
-2.48478260203
-2.32903667671
-2.1702063935
-2.01339933588
-1.84309702239
-1.63766316481
-1.43219252079
-1.22916817483
-1.92297474902
-2.64249522106
-2.48478260203
-2.32903667671
-2.1702063935
-2.01339933588
-1.84309702239
-1.63766316481
-1.43219252079
-1.22916817483
-1.92297474902
-1.7381536143
-1.28813688191
-0.843731907701
-0.390526035561
-0.195685898167
-0.147479829684
-0.0986219731595
-0.182456110349
-0.0539241042196
0.0757723520463
-1.7381536143
-1.28813688191
-0.843731907701
-0.390526035561
-0.195685898167
-0.147479829684
-0.0986219731595
-0.182456110349
-0.0539241042196
0.0757723520463
-1.91726869476
-1.51854340113
-1.12479025578
-0.723239310131
-0.531518089963
-0.432955055824
-0.3330593636
-0.377406485995
-0.330397919169
-0.282963472955
-1.91726869476
-1.51854340113
-1.12479025578
-0.723239310131
-0.531518089963
-0.432955055824
-0.3330593636
-0.377406485995
-0.330397919169
-0.282963472955
-2.07591348032
-1.72261774672
-1.37372764979
-1.01792821046
-0.828969459839
-0.685804541833
-0.540703909419
-0.550076818711
-0.575274726696
-0.600700917957
-2.07591348032
-1.72261774672
-1.37372764979
-1.01792821046
-0.828969459839
-0.685804541833
-0.540703909419
-0.550076818711
-0.575274726696
-0.600700917957
-2.27038128197
-1.97277339615
-1.67887671342
-1.37915976571
-1.19358726807
-0.995749073071
-0.795235933325
-0.761737226556
-0.875446297212
-0.990185527959
-2.27038128197
-1.97277339615
-1.67887671342
-1.37915976571
-1.19358726807
-0.995749073071
-0.795235933325
-0.761737226556
-0.875446297212
-0.990185527959
-2.54673026325
-2.32825774008
-2.11250959331
-1.89248881791
-1.67527073009
-1.43619656483
-1.15693933572
-0.877632100838
-0.601650249739
-1.54366365796
-2.54673026325
-2.32825774008
-2.11250959331
-1.89248881791
-1.67527073009
-1.43619656483
-1.15693933572
-0.877632100838
-0.601650249739
-1.54366365796
-1.49267186702
-0.952036623403
-0.418143160766
0.126323410051
0.363457963199
0.418417464886
0.474120066915
0.360623776528
0.521469244707
0.68377191046
-1.49267186702
-0.952036623403
-0.418143160766
0.126323410051
0.363457963199
0.418417464886
0.474120066915
0.360623776528
0.521469244707
0.68377191046
-1.70497404481
-1.22225843761
-0.745562347156
-0.259425872641
-0.0223108448725
0.097628004164
0.219188530923
0.159681233907
0.216727292103
0.274290165466
-1.70497404481
-1.22225843761
-0.745562347156
-0.259425872641
-0.0223108448725
0.097628004164
0.219188530923
0.159681233907
0.216727292103
0.274290165466
-1.89301311656
-1.46159775877
-1.03556219796
-0.601089523026
-0.363991789164
-0.186499803905
-0.00660797238337
-0.0182964467002
-0.0531870087756
-0.0883936658145
-1.89301311656
-1.46159775877
-1.03556219796
-0.601089523026
-0.363991789164
-0.186499803905
-0.00660797238337
-0.0182964467002
-0.0531870087756
-0.0883936658145
-2.12351262387
-1.75498144277
-1.39104588604
-1.01990302995
-0.78282649507
-0.534785504118
-0.283390782888
-0.236462635831
-0.384049700175
-0.532973846094
-2.12351262387
-1.75498144277
-1.39104588604
-1.01990302995
-0.78282649507
-0.534785504118
-0.283390782888
-0.236462635831
-0.384049700175
-0.532973846094
-2.45106455532
-2.17189509897
-1.89620691647
-1.6150590661
-1.3374925575
-1.02971781495
-0.676713724132
-0.323646421913
0.0252173218789
-1.16474568123
-2.45106455532
-2.17189509897
-1.89620691647
-1.6150590661
-1.3374925575
-1.02971781495
-0.676713724132
-0.323646421913
0.0252173218789
-1.16474568123
-2.94850791903
-2.94731682978
-2.94600517364
-2.94530687997
-2.9444596602
-2.94239255883
-2.93902465484
-2.93375058332
-2.92519546988
-2.89895358203
-2.94850791903
-2.94731682978
-2.94600517364
-2.94530687997
-2.9444596602
-2.94239255883
-2.93902465484
-2.93375058332
-2.92519546988
-2.89895358203
-3.23130990298
-3.66008392024
-4.08351107832
-4.51532369429
-4.61469937103
-4.74231719355
-4.8716605202
-4.94689945085
-5.03226722456
-5.1184083972
-3.23130990298
-3.66008392024
-4.08351107832
-4.51532369429
-4.61469937103
-4.74231719355
-4.8716605202
-4.94689945085
-5.03226722456
-5.1184083972
-3.23673837055
-3.53942078565
-3.83832871772
-4.14315615645
-4.21698592347
-4.28339922223
-4.35071048665
-4.45671450201
-4.50500164866
-4.55372625814
-3.23673837055
-3.53942078565
-3.83832871772
-4.14315615645
-4.21698592347
-4.28339922223
-4.35071048665
-4.45671450201
-4.50500164866
-4.55372625814
-3.06451417273
-3.06387326608
-3.06236172307
-3.06026336641
-3.05719032805
-3.0526508686
-3.04604209194
-3.03691264825
-3.02355533134
-2.9870417832
-3.06451417273
-3.06387326608
-3.06236172307
-3.06026336641
-3.05719032805
-3.0526508686
-3.04604209194
-3.03691264825
-3.02355533134
-2.9870417832
-3.62362287515
-4.11588525569
-4.60200907018
-5.0977599733
-5.58719585956
-6.17748322233
-6.58827229852
-6.9991349335
-7.40510590879
-6.68371326531
-3.62362287515
-4.11588525569
-4.60200907018
-5.0977599733
-5.58719585956
-6.17748322233
-6.58827229852
-6.9991349335
-7.40510590879
-6.68371326531
-2.80285567739
-2.78409071062
-2.78372172026
-2.7819395683
-2.76424014151
-2.75717823067
-2.74525550207
-2.74510437723
-2.74742300091
-2.76087200561
-2.80285567739
-2.78409071062
-2.78372172026
-2.7819395683
-2.76424014151
-2.75717823067
-2.74525550207
-2.74510437723
-2.74742300091
-2.76087200561
-2.82904607347
-2.83005082503
-2.83104304722
-2.82887432132
-2.82514371593
-2.81959467724
-2.81397061071
-2.81461322172
-2.81467218078
-2.81473167399
-2.82904607347
-2.83005082503
-2.83104304722
-2.82887432132
-2.82514371593
-2.81959467724
-2.81397061071
-2.81461322172
-2.81467218078
-2.81473167399
-2.86853273358
-2.87075835493
-2.87295622253
-2.87044510257
-2.87908688184
-2.87487781563
-2.87061183917
-2.87617819827
-2.8742357401
-2.88450069829
-2.86853273358
-2.87075835493
-2.87295622253
-2.87044510257
-2.87908688184
-2.87487781563
-2.87061183917
-2.87617819827
-2.8742357401
-2.88450069829
-2.92178328414
-2.92065790771
-2.92433366323
-2.92140283443
-2.94521076264
-2.94264424333
-2.93373720883
-2.95164494372
-2.94724913539
-2.95568085467
-2.92178328414
-2.92065790771
-2.92433366323
-2.92140283443
-2.94521076264
-2.94264424333
-2.93373720883
-2.95164494372
-2.94724913539
-2.95568085467
-3.02260542201
-3.08454264739
-3.14570750877
-3.20808366554
-3.26966525698
-3.36287044518
-3.415120524
-3.46737995909
-3.51901720235
-3.42167323276
-3.02260542201
-3.08454264739
-3.14570750877
-3.20808366554
-3.26966525698
-3.36287044518
-3.415120524
-3.46737995909
-3.51901720235
-3.42167323276
-2.74897458197
-2.67226439154
-2.60954488183
-2.55950776454
-2.51020238844
-2.4806275676
-2.45096614821
-2.44071853702
-2.42923716181
-2.42366186677
-2.74897458197
-2.67226439154
-2.60954488183
-2.55950776454
-2.51020238844
-2.4806275676
-2.45096614821
-2.44071853702
-2.42923716181
-2.42366186677
-2.78460570828
-2.73835236456
-2.69267580513
-2.6597310015
-2.62744135993
-2.60718062332
-2.58664594391
-2.57904747669
-2.56968188749
-2.56023144968
-2.78460570828
-2.73835236456
-2.69267580513
-2.6597310015
-2.62744135993
-2.60718062332
-2.58664594391
-2.57904747669
-2.56968188749
-2.56023144968
-2.82785496996
-2.79688742639
-2.76630605148
-2.74850015424
-2.73128159182
-2.71927047267
-2.70709695273
-2.70156739469
-2.69407578738
-2.69609237675
-2.82785496996
-2.79688742639
-2.76630605148
-2.74850015424
-2.73128159182
-2.71927047267
-2.70709695273
-2.70156739469
-2.69407578738
-2.69609237675
-2.88732938183
-2.86864008281
-2.85656248249
-2.85731395438
-2.858569618
-2.85667093316
-2.84661104354
-2.85175310061
-2.84655863241
-2.85294630674
-2.88732938183
-2.86864008281
-2.85656248249
-2.85731395438
-2.858569618
-2.85667093316
-2.84661104354
-2.85175310061
-2.84655863241
-2.85294630674
-2.95620761753
-2.97060438405
-2.9848216213
-2.99932041358
-3.0136345161
-3.05192421913
-3.06456446279
-3.07720696991
-3.08969895751
-3.06129718189
-2.95620761753
-2.97060438405
-2.9848216213
-2.99932041358
-3.0136345161
-3.05192421913
-3.06456446279
-3.07720696991
-3.08969895751
-3.06129718189
-2.58734031569
-2.46226242109
-2.33646386625
-2.2312177875
-2.14798387181
-2.10123687422
-2.0672033095
-2.05204267943
-2.03108007728
-2.02930531038
-2.58734031569
-2.46226242109
-2.33646386625
-2.2312177875
-2.14798387181
-2.10123687422
-2.0672033095
-2.05204267943
-2.03108007728
-2.02930531038
-2.65679599131
-2.55075478152
-2.44603591729
-2.35388939463
-2.28792092903
-2.24602039524
-2.20355332973
-2.19432950407
-2.18050352851
-2.16655229497
-2.65679599131
-2.55075478152
-2.44603591729
-2.35388939463
-2.28792092903
-2.24602039524
-2.20355332973
-2.19432950407
-2.18050352851
-2.16655229497
-2.71626859179
-2.62913372933
-2.5430854482
-2.46254138952
-2.41186517971
-2.37425722815
-2.33614078432
-2.32035497732
-2.31285001388
-2.30361472454
-2.71626859179
-2.62913372933
-2.5430854482
-2.46254138952
-2.41186517971
-2.37425722815
-2.33614078432
-2.32035497732
-2.31285001388
-2.30361472454
-2.79751570465
-2.72521114923
-2.66204938932
-2.59572770583
-2.56379684184
-2.53145076526
-2.50041680257
-2.4748378155
-2.4750811895
-2.46155044785
-2.79751570465
-2.72521114923
-2.66204938932
-2.59572770583
-2.56379684184
-2.53145076526
-2.50041680257
-2.4748378155
-2.4750811895
-2.46155044785
-2.89276792224
-2.86174221962
-2.83110341092
-2.79985783802
-2.76901028017
-2.75483105484
-2.7296261334
-2.70441669859
-2.67950740297
-2.71697635625
-2.89276792224
-2.86174221962
-2.83110341092
-2.79985783802
-2.76901028017
-2.75483105484
-2.7296261334
-2.70441669859
-2.67950740297
-2.71697635625
-2.44822517829
-2.259017903
-2.07217006325
-1.88162193017
-1.79742083806
-1.73405423075
-1.6698308517
-1.67587365017
-1.64573490841
-1.61532312134
-2.44822517829
-2.259017903
-2.07217006325
-1.88162193017
-1.79742083806
-1.73405423075
-1.6698308517
-1.67587365017
-1.64573490841
-1.61532312134
-2.53309894086
-2.36919372151
-2.20733241828
-2.05788917203
-1.95932560105
-1.89648159639
-1.83278788604
-1.82199100278
-1.80384816737
-1.7855409649
-2.53309894086
-2.36919372151
-2.20733241828
-2.05788917203
-1.95932560105
-1.89648159639
-1.83278788604
-1.82199100278
-1.80384816737
-1.7855409649
-2.60827284485
-2.4667780179
-2.32704764702
-2.18578421812
-2.10272696255
-2.04034583453
-1.97712125932
-1.95140922938
-1.94389133958
-1.92376623498
-2.60827284485
-2.4667780179
-2.32704764702
-2.18578421812
-2.10272696255
-2.04034583453
-1.97712125932
-1.95140922938
-1.94389133958
-1.92376623498
-2.63376241278
-2.49655578098
-2.37505067843
-2.27252920673
-2.21149655703
-2.17801403146
-2.15471319638
-2.13939343884
-2.13359398682
-2.12459947411
-2.63376241278
-2.49655578098
-2.37505067843
-2.27252920673
-2.21149655703
-2.17801403146
-2.15471319638
-2.13939343884
-2.13359398682
-2.12459947411
-2.83136959217
-2.75638302655
-2.68233155166
-2.60681357772
-2.53225757334
-2.46729776708
-2.40546546387
-2.34362208854
-2.28251500977
-2.38373510082
-2.83136959217
-2.75638302655
-2.68233155166
-2.60681357772
-2.53225757334
-2.46729776708
-2.40546546387
-2.34362208854
-2.28251500977
-2.38373510082
-2.30012347207
-2.04617715484
-1.79539757614
-1.53965161406
-1.43030590144
-1.34953498624
-1.26767197791
-1.28194372589
-1.24219559128
-1.20208735399
-2.30012347207
-2.04617715484
-1.79539757614
-1.53965161406
-1.43030590144
-1.34953498624
-1.26767197791
-1.28194372589
-1.24219559128
-1.20208735399
-2.40356150974
-2.17906022019
-1.95735848642
-1.7312662205
-1.61521557975
-1.53043925411
-1.4445166787
-1.43207246562
-1.40940894895
-1.38654010962
-2.40356150974
-2.17906022019
-1.95735848642
-1.7312662205
-1.61521557975
-1.53043925411
-1.4445166787
-1.43207246562
-1.40940894895
-1.38654010962
-2.49517805738
-2.29675664949
-2.10080957838
-1.89595990222
-1.7789927234
-1.69066874851
-1.60115055653
-1.56504363509
-1.55751220861
-1.54991255032
-2.49517805738
-2.29675664949
-2.10080957838
-1.89595990222
-1.7789927234
-1.69066874851
-1.60115055653
-1.56504363509
-1.55751220861
-1.54991255032
-2.28773469284
-2.14029674523
-2.06503064841
-2.04278959523
-2.04611277334
-2.0550307085
-2.06618352366
-2.06939773359
-2.07141207993
-2.07395109749
-2.28773469284
-2.14029674523
-2.06503064841
-2.04278959523
-2.04611277334
-2.0550307085
-2.06618352366
-2.06939773359
-2.07141207993
-2.07395109749
-2.76707232782
-2.64604927838
-2.52653539969
-2.40465469454
-2.28432654069
-2.16618853833
-2.0659994843
-1.96579248971
-1.86677854232
-2.0347597937
-2.76707232782
-2.64604927838
-2.52653539969
-2.40465469454
-2.28432654069
-2.16618853833
-2.0659994843
-1.96579248971
-1.86677854232
-2.0347597937
-2.152166216
-1.83354399969
-1.51889503747
-1.19801483673
-1.06354902825
-0.965390780368
-0.865905347468
-0.888398018892
-0.839049863898
-0.789254633754
-2.152166216
-1.83354399969
-1.51889503747
-1.19801483673
-1.06354902825
-0.965390780368
-0.865905347468
-0.888398018892
-0.839049863898
-0.789254633754
-2.2741504222
-1.98911216448
-1.70762836519
-1.42057012293
-1.27144118418
-1.16475392912
-1.05662416943
-1.04253423325
-1.01535444456
-0.987928417525
-2.2741504222
-1.98911216448
-1.70762836519
-1.42057012293
-1.27144118418
-1.16475392912
-1.05662416943
-1.04253423325
-1.01535444456
-0.987928417525
-2.38219357627
-2.12690111043
-1.87479216974
-1.61769051928
-1.45557423658
-1.34133271802
-1.2255465546
-1.17905488025
-1.17150993029
-1.16389662601
-2.38219357627
-2.12690111043
-1.87479216974
-1.61769051928
-1.45557423658
-1.34133271802
-1.2255465546
-1.17905488025
-1.17150993029
-1.16389662601
-1.80919543446
-1.83594587801
-1.8973606682
-1.92164449886
-1.9381180026
-1.95551994055
-1.96680625991
-1.96530032091
-1.97274050277
-1.97543259434
-1.80919543446
-1.83594587801
-1.8973606682
-1.92164449886
-1.9381180026
-1.95551994055
-1.96680625991
-1.96530032091
-1.97274050277
-1.97543259434
-2.70283777544
-2.5358231436
-2.37089120259
-2.20269298587
-2.03663732615
-1.86537299474
-1.72686460091
-1.5883314048
-1.45144756103
-1.68612485763
-2.70283777544
-2.5358231436
-2.37089120259
-2.20269298587
-2.03663732615
-1.86537299474
-1.72686460091
-1.5883314048
-1.45144756103
-1.68612485763
-2.00436230139
-1.62113121547
-1.24267906335
-0.85673212843
-0.697172258314
-0.581644697811
-0.464555104049
-0.495260178837
-0.436321952824
-0.376849769338
-2.00436230139
-1.62113121547
-1.24267906335
-0.85673212843
-0.697172258314
-0.581644697811
-0.464555104049
-0.495260178837
-0.436321952824
-0.376849769338
-2.14487345506
-1.79936096909
-1.45815706183
-1.11019602778
-0.928023073049
-0.799447596845
-0.669133668195
-0.653399714511
-0.621708334419
-0.589729842711
-2.14487345506
-1.79936096909
-1.45815706183
-1.11019602778
-0.928023073049
-0.799447596845
-0.669133668195
-0.653399714511
-0.621708334419
-0.589729842711
-2.26932619118
-1.95722160801
-1.64900900334
-1.33469262434
-1.13249093753
-0.99235873599
-0.850331825011
-0.793466160394
-0.785907700974
-0.778280764842
-2.26932619118
-1.95722160801
-1.64900900334
-1.33469262434
-1.13249093753
-0.99235873599
-0.850331825011
-0.793466160394
-0.785907700974
-0.778280764842
-1.45263252472
-1.5732319297
-1.66794402171
-1.71123639959
-1.73894493881
-1.75318116442
-1.76256171118
-1.77203957716
-1.79423127454
-1.79941466879
-1.45263252472
-1.5732319297
-1.66794402171
-1.71123639959
-1.73894493881
-1.75318116442
-1.76256171118
-1.77203957716
-1.79423127454
-1.79941466879
-2.63866979512
-2.4257112461
-2.21540831363
-2.00094058834
-1.7892048143
-1.56486921345
-1.38808119362
-1.21126151688
-1.03654702473
-1.33785124342
-2.63866979512
-2.4257112461
-2.21540831363
-2.00094058834
-1.7892048143
-1.56486921345
-1.38808119362
-1.21126151688
-1.03654702473
-1.33785124342
-2.94850791903
-2.94731682978
-2.94600517364
-2.94530687997
-2.9444596602
-2.94239255883
-2.93902465484
-2.93375058332
-2.92519546988
-2.89895358203
-2.94850791903
-2.94731682978
-2.94600517364
-2.94530687997
-2.9444596602
-2.94239255883
-2.93902465484
-2.93375058332
-2.92519546988
-2.89895358203
-3.1034862548
-3.38020039582
-3.65346388106
-3.93213901598
-4.09413654187
-4.28023865144
-4.46885702366
-4.4608059345
-4.46436722577
-4.46796078096
-3.1034862548
-3.38020039582
-3.65346388106
-3.93213901598
-4.09413654187
-4.28023865144
-4.46885702366
-4.4608059345
-4.46436722577
-4.46796078096
-3.07544766419
-3.27711805876
-3.47627360132
-3.67937317625
-3.78864659851
-3.92918161071
-4.0716167787
-4.06784575035
-4.0800587672
-4.09238242925
-3.07544766419
-3.27711805876
-3.47627360132
-3.67937317625
-3.78864659851
-3.92918161071
-4.0716167787
-4.06784575035
-4.0800587672
-4.09238242925
-3.06451417273
-3.06387326608
-3.06236172307
-3.06026336641
-3.05719032805
-3.0526508686
-3.04604209194
-3.03691264825
-3.02355533134
-2.9870417832
-3.06451417273
-3.06387326608
-3.06236172307
-3.06026336641
-3.05719032805
-3.0526508686
-3.04604209194
-3.03691264825
-3.02355533134
-2.9870417832
-3.32775047274
-3.65977080894
-3.98765081501
-4.32202408429
-4.65213801119
-5.08596083114
-5.12855795938
-5.17116271536
-5.21326022647
-6.38644000145
-3.32775047274
-3.65977080894
-3.98765081501
-4.32202408429
-4.65213801119
-5.08596083114
-5.12855795938
-5.17116271536
-5.21326022647
-6.38644000145
-2.81836363414
-2.80562111096
-2.81016832021
-2.80764494766
-2.79819129072
-2.7879556689
-2.78441596675
-2.78838431588
-2.76793592264
-2.78958243975
-2.81836363414
-2.80562111096
-2.81016832021
-2.80764494766
-2.79819129072
-2.7879556689
-2.78441596675
-2.78838431588
-2.76793592264
-2.78958243975
-2.84251928779
-2.84715663959
-2.85173616312
-2.84943392996
-2.85016770224
-2.84494296273
-2.8396475802
-2.83913163087
-2.82925963382
-2.81929820031
-2.84251928779
-2.84715663959
-2.85173616312
-2.84943392996
-2.85016770224
-2.84494296273
-2.8396475802
-2.83913163087
-2.82925963382
-2.81929820031
-2.87927891624
-2.88394525067
-2.8885533954
-2.88644702857
-2.89620395244
-2.89541742299
-2.89462025897
-2.88407925272
-2.88357492086
-2.90093695618
-2.87927891624
-2.88394525067
-2.8885533954
-2.88644702857
-2.89620395244
-2.89541742299
-2.89462025897
-2.88407925272
-2.88357492086
-2.90093695618
-2.93003276517
-2.92904096747
-2.93368419627
-2.93181792365
-2.95263548495
-2.957289342
-2.93138471057
-2.93917633757
-2.95015495014
-2.96505016261
-2.93003276517
-2.92904096747
-2.93368419627
-2.93181792365
-2.95263548495
-2.957289342
-2.93138471057
-2.93917633757
-2.95015495014
-2.96505016261
-3.0217506271
-3.06162718859
-3.10100648497
-3.14116564023
-3.18081323669
-3.26394288719
-3.28019828475
-3.29645659312
-3.31252133288
-3.41142469097
-3.0217506271
-3.06162718859
-3.10100648497
-3.14116564023
-3.18081323669
-3.26394288719
-3.28019828475
-3.29645659312
-3.31252133288
-3.41142469097
-2.77544608122
-2.72928655979
-2.6949036314
-2.66205079434
-2.61691693203
-2.57930715717
-2.55450119496
-2.55460826413
-2.53258651982
-2.5265263814
-2.77544608122
-2.72928655979
-2.6949036314
-2.66205079434
-2.61691693203
-2.57930715717
-2.55450119496
-2.55460826413
-2.53258651982
-2.5265263814
-2.81368878784
-2.78826827468
-2.76316475811
-2.73748720819
-2.712739414
-2.68637771308
-2.65965957901
-2.65997607928
-2.64862003073
-2.63716110079
-2.81368878784
-2.78826827468
-2.76316475811
-2.73748720819
-2.712739414
-2.68637771308
-2.65965957901
-2.65997607928
-2.64862003073
-2.63716110079
-2.85760704281
-2.84050922215
-2.82362461319
-2.8043023176
-2.79761075517
-2.78121163404
-2.76459078249
-2.75330185842
-2.75139256897
-2.75826448738
-2.85760704281
-2.84050922215
-2.82362461319
-2.8043023176
-2.79761075517
-2.78121163404
-2.76459078249
-2.75330185842
-2.75139256897
-2.75826448738
-2.92126341051
-2.9045465126
-2.89773669362
-2.88620470978
-2.90164659274
-2.89745966617
-2.87852372101
-2.86770120058
-2.87737180939
-2.89168945749
-2.92126341051
-2.9045465126
-2.89773669362
-2.88620470978
-2.90164659274
-2.89745966617
-2.87852372101
-2.86770120058
-2.87737180939
-2.89168945749
-2.98794508982
-2.99554687271
-3.00305386054
-3.01070951509
-3.01826764973
-3.06265423815
-3.07599951543
-3.0893471824
-3.10253593436
-3.08275788793
-2.98794508982
-2.99554687271
-3.00305386054
-3.01070951509
-3.01826764973
-3.06265423815
-3.07599951543
-3.0893471824
-3.10253593436
-3.08275788793
-2.72337624545
-2.64156825233
-2.56950005783
-2.49537578413
-2.44527766508
-2.38000032071
-2.33579501687
-2.31417266148
-2.30513517841
-2.28619886549
-2.72337624545
-2.64156825233
-2.56950005783
-2.49537578413
-2.44527766508
-2.38000032071
-2.33579501687
-2.31417266148
-2.30513517841
-2.28619886549
-2.76795453086
-2.70599533727
-2.64480878164
-2.58317206759
-2.53712646607
-2.48861837736
-2.43945441703
-2.42153208867
-2.41117883663
-2.40073178813
-2.76795453086
-2.70599533727
-2.64480878164
-2.58317206759
-2.53712646607
-2.48861837736
-2.43945441703
-2.42153208867
-2.41117883663
-2.40073178813
-2.8152587925
-2.76305932678
-2.71151079415
-2.66093449008
-2.61847826123
-2.58482294182
-2.55071257317
-2.51662186705
-2.50510321961
-2.48916388267
-2.8152587925
-2.76305932678
-2.71151079415
-2.66093449008
-2.61847826123
-2.58482294182
-2.55071257317
-2.51662186705
-2.50510321961
-2.48916388267
-2.87391947929
-2.83300873329
-2.79327455142
-2.75625616927
-2.71819981659
-2.70275111761
-2.66175408552
-2.63318353087
-2.62023633425
-2.60602252893
-2.87391947929
-2.83300873329
-2.79327455142
-2.75625616927
-2.71819981659
-2.70275111761
-2.66175408552
-2.63318353087
-2.62023633425
-2.60602252893
-2.95564563351
-2.93241052148
-2.90946515386
-2.88606538124
-2.86296368163
-2.87033326215
-2.88089806882
-2.89146476729
-2.90190566047
-2.76873362159
-2.95564563351
-2.93241052148
-2.90946515386
-2.88606538124
-2.86296368163
-2.87033326215
-2.88089806882
-2.89146476729
-2.90190566047
-2.76873362159
-2.66658397843
-2.5566725483
-2.4481317258
-2.33744138483
-2.27916141379
-2.18710678813
-2.09380750375
-2.08147380591
-2.08500277597
-2.08856371714
-2.66658397843
-2.5566725483
-2.4481317258
-2.33744138483
-2.27916141379
-2.18710678813
-2.09380750375
-2.08147380591
-2.08500277597
-2.08856371714
-2.72369191275
-2.62636978195
-2.53026126882
-2.43382248616
-2.36716439907
-2.29722254997
-2.22633502615
-2.19076075897
-2.18137803539
-2.17191030797
-2.72369191275
-2.62636978195
-2.53026126882
-2.43382248616
-2.36716439907
-2.29722254997
-2.22633502615
-2.19076075897
-2.18137803539
-2.17191030797
-2.774273226
-2.68810161746
-2.60300457835
-2.52217995864
-2.44510990032
-2.39475365332
-2.34371654599
-2.28755777455
-2.26673897945
-2.22872240871
-2.774273226
-2.68810161746
-2.60300457835
-2.52217995864
-2.44510990032
-2.39475365332
-2.34371654599
-2.28755777455
-2.26673897945
-2.22872240871
-2.77339016983
-2.68567350983
-2.5870106854
-2.4912531725
-2.40505801238
-2.36427174576
-2.33839071371
-2.32221545213
-2.30356924889
-2.28943659886
-2.77339016983
-2.68567350983
-2.5870106854
-2.4912531725
-2.40505801238
-2.36427174576
-2.33839071371
-2.32221545213
-2.30356924889
-2.28943659886
-2.92438551049
-2.87130577446
-2.81888794858
-2.76543205166
-2.71265709124
-2.68420079873
-2.69207460488
-2.69994982097
-2.70773127609
-2.46481404149
-2.92438551049
-2.87130577446
-2.81888794858
-2.76543205166
-2.71265709124
-2.68420079873
-2.69207460488
-2.69994982097
-2.70773127609
-2.46481404149
-2.61635690372
-2.46776847685
-2.321032964
-2.17139153348
-2.10520195088
-1.98510574932
-1.86338574249
-1.83778802791
-1.85447677867
-1.87131672305
-2.61635690372
-2.46776847685
-2.321032964
-2.17139153348
-2.10520195088
-1.98510574932
-1.86338574249
-1.83778802791
-1.85447677867
-1.87131672305
-2.67733942638
-2.5429846903
-2.41030537257
-2.27499850293
-2.18917753951
-2.0967899308
-2.00315316114
-1.94909351536
-1.94072714394
-1.93228497644
-2.67733942638
-2.5429846903
-2.41030537257
-2.27499850293
-2.18917753951
-2.0967899308
-2.00315316114
-1.94909351536
-1.94072714394
-1.93228497644
-2.73135251788
-2.60960476508
-2.48937522015
-2.37687410459
-2.263555918
-2.19571020582
-2.12694716051
-2.04767837567
-2.01712032461
-1.98628542945
-2.73135251788
-2.60960476508
-2.48937522015
-2.37687410459
-2.263555918
-2.19571020582
-2.12694716051
-2.04767837567
-2.01712032461
-1.98628542945
-2.63592016543
-2.49296484676
-2.365970388
-2.28598816462
-2.25971260241
-2.25784321011
-2.25010747637
-2.24588501952
-2.24432684231
-2.24819579495
-2.63592016543
-2.49296484676
-2.365970388
-2.28598816462
-2.25971260241
-2.25784321011
-2.25010747637
-2.24588501952
-2.24432684231
-2.24819579495
-2.89164943458
-2.80731595474
-2.72403412266
-2.63910299558
-2.55525374551
-2.48928005428
-2.49433580379
-2.49939245863
-2.5043889098
-2.14654483838
-2.89164943458
-2.80731595474
-2.72403412266
-2.63910299558
-2.55525374551
-2.48928005428
-2.49433580379
-2.49939245863
-2.5043889098
-2.14654483838
-2.5661788177
-2.37895111746
-2.19405816725
-2.0055036379
-1.93141215833
-1.78330173105
-1.63318872178
-1.59433992744
-1.62417562358
-1.65428161956
-2.5661788177
-2.37895111746
-2.19405816725
-2.0055036379
-1.93141215833
-1.78330173105
-1.63318872178
-1.59433992744
-1.62417562358
-1.65428161956
-2.63103214965
-2.45968092783
-2.2904664746
-2.11790093573
-2.0113642784
-1.89655280242
-1.78018897527
-1.7076619805
-1.70031096995
-1.69289336209
-2.63103214965
-2.45968092783
-2.2904664746
-2.11790093573
-2.0113642784
-1.89655280242
-1.78018897527
-1.7076619805
-1.70031096995
-1.69289336209
-2.68847367223
-2.53118447415
-2.37585668969
-2.2174528281
-2.08217901332
-1.9968608942
-1.91038919979
-1.80803294178
-1.76774513388
-1.72709233406
-2.68847367223
-2.53118447415
-2.37585668969
-2.2174528281
-2.08217901332
-1.9968608942
-1.91038919979
-1.80803294178
-1.76774513388
-1.72709233406
-2.32237165567
-2.21521178425
-2.16259344278
-2.1561363814
-2.16119903981
-2.17076506981
-2.17260207049
-2.18697547309
-2.19489840345
-2.20126412264
-2.32237165567
-2.21521178425
-2.16259344278
-2.1561363814
-2.16119903981
-2.17076506981
-2.17260207049
-2.18697547309
-2.19489840345
-2.20126412264
-2.85894528762
-2.74338854711
-2.62927281188
-2.51289715383
-2.39800392221
-2.29454942465
-2.29678986611
-2.29903070876
-2.30124487232
-1.82858605731
-2.85894528762
-2.74338854711
-2.62927281188
-2.51289715383
-2.39800392221
-2.29454942465
-2.29678986611
-2.29903070876
-2.30124487232
-1.82858605731
-2.51605273576
-2.29022580753
-2.06721496594
-1.83978766691
-1.75780247983
-1.58170686051
-1.40323027501
-1.3511441342
-1.39411315036
-1.43747144914
-2.51605273576
-2.29022580753
-2.06721496594
-1.83978766691
-1.75780247983
-1.58170686051
-1.40323027501
-1.3511441342
-1.39411315036
-1.43747144914
-2.58477286532
-2.37646350056
-2.17075177651
-1.96096618291
-1.83373530123
-1.69652319785
-1.55745586731
-1.46648066293
-1.46014396094
-1.45374985089
-2.58477286532
-2.37646350056
-2.17075177651
-1.96096618291
-1.83373530123
-1.69652319785
-1.55745586731
-1.46648066293
-1.46014396094
-1.45374985089
-2.64563926579
-2.45284545725
-2.26245580873
-2.06829572566
-1.90099008589
-1.79821766808
-1.69405567764
-1.56863587409
-1.51862839317
-1.46816786387
-2.64563926579
-2.45284545725
-2.26245580873
-2.06829572566
-1.90099008589
-1.79821766808
-1.69405567764
-1.56863587409
-1.51862839317
-1.46816786387
-1.98826420967
-1.96729647865
-2.02951085531
-2.05493962611
-2.08815274482
-2.09891456342
-2.10252743126
-2.11787270522
-2.11949441759
-2.13277022773
-1.98826420967
-1.96729647865
-2.02951085531
-2.05493962611
-2.08815274482
-2.09891456342
-2.10252743126
-2.11787270522
-2.11949441759
-2.13277022773
-2.82627503492
-2.67952739324
-2.53460971079
-2.38682211058
-2.24091707111
-2.10002061196
-2.09944866311
-2.09887661186
-2.09831137134
-1.51095680562
-2.82627503492
-2.67952739324
-2.53460971079
-2.38682211058
-2.24091707111
-2.10002061196
-2.09944866311
-2.09887661186
-2.09831137134
-1.51095680562
-2.94850791903
-2.94731682978
-2.94600517364
-2.94530687997
-2.9444596602
-2.94239255883
-2.93902465484
-2.93375058332
-2.92519546988
-2.89895358203
-2.94850791903
-2.94731682978
-2.94600517364
-2.94530687997
-2.9444596602
-2.94239255883
-2.93902465484
-2.93375058332
-2.92519546988
-2.89895358203
-3.03062409953
-3.23044864638
-3.42778135914
-3.62902200535
-3.72143150492
-3.89488764921
-4.07068907168
-4.08385789831
-4.17684459762
-4.27067372038
-3.03062409953
-3.23044864638
-3.42778135914
-3.62902200535
-3.72143150492
-3.89488764921
-4.07068907168
-4.08385789831
-4.17684459762
-4.27067372038
-3.02813047079
-3.18527813001
-3.34046614062
-3.49872746032
-3.51470916143
-3.61238083186
-3.71137310836
-3.77254859386
-3.85417261511
-3.93653611834
-3.02813047079
-3.18527813001
-3.34046614062
-3.49872746032
-3.51470916143
-3.61238083186
-3.71137310836
-3.77254859386
-3.85417261511
-3.93653611834
-3.06451417273
-3.06387326608
-3.06236172307
-3.06026336641
-3.05719032805
-3.0526508686
-3.04604209194
-3.03691264825
-3.02355533134
-2.9870417832
-3.06451417273
-3.06387326608
-3.06236172307
-3.06026336641
-3.05719032805
-3.0526508686
-3.04604209194
-3.03691264825
-3.02355533134
-2.9870417832
-2.91715244836
-3.14163190859
-3.36331208525
-3.58938236715
-3.81257290112
-4.12898212138
-4.19726746254
-4.26556503137
-4.33304946111
-5.31076792401
-2.91715244836
-3.14163190859
-3.36331208525
-3.58938236715
-3.81257290112
-4.12898212138
-4.19726746254
-4.26556503137
-4.33304946111
-5.31076792401
-2.82865211409
-2.82325059522
-2.82837928253
-2.82977554798
-2.82017008442
-2.80981458761
-2.80495809211
-2.807082399
-2.79303146012
-2.79736528748
-2.82865211409
-2.82325059522
-2.82837928253
-2.82977554798
-2.82017008442
-2.80981458761
-2.80495809211
-2.807082399
-2.79303146012
-2.79736528748
-2.85587690868
-2.86116246848
-2.86638211676
-2.86676620296
-2.86442178889
-2.85846749821
-2.85243270033
-2.85890886285
-2.84824569218
-2.83748591731
-2.85587690868
-2.86116246848
-2.86638211676
-2.86676620296
-2.86442178889
-2.85846749821
-2.85243270033
-2.85890886285
-2.84824569218
-2.83748591731
-2.88937441363
-2.89474155621
-2.90004176993
-2.89952935452
-2.90361615571
-2.90156007617
-2.89947619665
-2.90481230226
-2.89714972628
-2.90604355632
-2.88937441363
-2.89474155621
-2.90004176993
-2.89952935452
-2.90361615571
-2.90156007617
-2.89947619665
-2.90481230226
-2.89714972628
-2.90604355632
-2.9386639306
-2.9359030186
-2.94130198995
-2.93969063708
-2.95166086342
-2.95438323625
-2.95137285547
-2.96108103444
-2.9570966068
-2.96861589293
-2.9386639306
-2.9359030186
-2.94130198995
-2.93969063708
-2.95166086342
-2.95438323625
-2.95137285547
-2.96108103444
-2.9570966068
-2.96861589293
-2.97848194906
-3.00338988391
-3.02798721408
-3.05307166433
-3.07783658168
-3.16425075437
-3.19351487899
-3.22278424386
-3.25170513271
-3.278906118
-2.97848194906
-3.00338988391
-3.02798721408
-3.05307166433
-3.07783658168
-3.16425075437
-3.19351487899
-3.22278424386
-3.25170513271
-3.278906118
-2.8013853456
-2.77263097333
-2.7512690589
-2.73110289839
-2.69481802674
-2.6547031738
-2.63592129654
-2.62719997909
-2.59990671208
-2.58896304496
-2.8013853456
-2.77263097333
-2.7512690589
-2.73110289839
-2.69481802674
-2.6547031738
-2.63592129654
-2.62719997909
-2.59990671208
-2.58896304496
-2.83657159608
-2.82036533138
-2.80436116057
-2.79146996754
-2.76974306823
-2.74396828994
-2.7178450142
-2.72358180018
-2.7014678409
-2.67915353773
-2.83657159608
-2.82036533138
-2.80436116057
-2.79146996754
-2.76974306823
-2.74396828994
-2.7178450142
-2.72358180018
-2.7014678409
-2.67915353773
-2.87404524556
-2.86264433421
-2.85138559348
-2.84493794306
-2.83610524783
-2.82303167853
-2.80978134317
-2.808948556
-2.79142198357
-2.79191305255
-2.87404524556
-2.86264433421
-2.85138559348
-2.84493794306
-2.83610524783
-2.82303167853
-2.80978134317
-2.808948556
-2.79142198357
-2.79191305255
-2.9247049399
-2.91447020866
-2.90902844672
-2.91047933242
-2.91745243573
-2.91994809034
-2.90864076188
-2.91359167604
-2.901688352
-2.90876305691
-2.9247049399
-2.91447020866
-2.90902844672
-2.91047933242
-2.91745243573
-2.91994809034
-2.90864076188
-2.91359167604
-2.901688352
-2.90876305691
-2.98525736661
-2.98811750393
-2.99094197501
-2.99382238131
-2.99666609616
-3.05767141238
-3.08262464205
-3.10758234002
-3.13224289595
-3.05443482818
-2.98525736661
-2.98811750393
-2.99094197501
-2.99382238131
-2.99666609616
-3.05767141238
-3.08262464205
-3.10758234002
-3.13224289595
-3.05443482818
-2.75425086406
-2.685584739
-2.62410074147
-2.56113272841
-2.49921686899
-2.43084170505
-2.37055221289
-2.35791928339
-2.33790408843
-2.33039650696
-2.75425086406
-2.685584739
-2.62410074147
-2.56113272841
-2.49921686899
-2.43084170505
-2.37055221289
-2.35791928339
-2.33790408843
-2.33039650696
-2.8018704659
-2.7493690911
-2.69752241422
-2.64674270203
-2.59581398949
-2.54713886653
-2.4978056135
-2.47586657235
-2.45472768463
-2.43339728679
-2.8018704659
-2.7493690911
-2.69752241422
-2.64674270203
-2.59581398949
-2.54713886653
-2.4978056135
-2.47586657235
-2.45472768463
-2.43339728679
-2.84972147729
-2.80586380296
-2.76255303866
-2.72256867865
-2.68137143907
-2.65014492384
-2.61849619891
-2.58033417114
-2.5582000127
-2.54139527196
-2.84972147729
-2.80586380296
-2.76255303866
-2.72256867865
-2.68137143907
-2.65014492384
-2.61849619891
-2.58033417114
-2.5582000127
-2.54139527196
-2.90811615456
-2.87511538524
-2.84226799764
-2.81551665001
-2.78624831275
-2.77641041344
-2.73551665259
-2.70839122772
-2.68503706
-2.66287940938
-2.90811615456
-2.87511538524
-2.84226799764
-2.81551665001
-2.78624831275
-2.77641041344
-2.73551665259
-2.70839122772
-2.68503706
-2.66287940938
-2.99173093042
-2.97352552847
-2.95554714989
-2.93721273147
-2.91911186211
-2.95584031972
-2.97667471046
-2.99751283194
-3.01810285835
-2.83996402842
-2.99173093042
-2.97352552847
-2.95554714989
-2.93721273147
-2.91911186211
-2.95584031972
-2.97667471046
-2.99751283194
-3.01810285835
-2.83996402842
-2.70292124846
-2.60133948212
-2.50102445158
-2.39872280434
-2.30990977364
-2.21418366019
-2.11716324629
-2.0973035134
-2.08433219638
-2.07124336425
-2.70292124846
-2.60133948212
-2.50102445158
-2.39872280434
-2.30990977364
-2.21418366019
-2.11716324629
-2.0973035134
-2.08433219638
-2.07124336425
-2.76828595018
-2.68065737088
-2.5941215296
-2.50667247664
-2.42748160806
-2.35664302869
-2.28484665002
-2.23612233569
-2.21592714364
-2.19554899098
-2.76828595018
-2.68065737088
-2.5941215296
-2.50667247664
-2.42748160806
-2.35664302869
-2.28484665002
-2.23612233569
-2.21592714364
-2.19554899098
-2.82618040026
-2.75091035806
-2.67657894157
-2.60413701766
-2.53161666141
-2.48282132651
-2.43336623618
-2.35907614971
-2.33248266836
-2.2989386632
-2.82618040026
-2.75091035806
-2.67657894157
-2.60413701766
-2.53161666141
-2.48282132651
-2.43336623618
-2.35907614971
-2.33248266836
-2.2989386632
-2.85336325378
-2.7943963718
-2.73878523178
-2.65642142072
-2.57353907229
-2.50643339726
-2.46346634942
-2.42277480074
-2.41589134008
-2.40561034444
-2.85336325378
-2.7943963718
-2.73878523178
-2.65642142072
-2.57353907229
-2.50643339726
-2.46346634942
-2.42277480074
-2.41589134008
-2.40561034444
-2.99799618763
-2.95940309423
-2.92129126096
-2.88242466936
-2.84405317152
-2.85728595231
-2.87413404028
-2.89098514519
-2.90763562375
-2.6323944792
-2.99799618763
-2.95940309423
-2.92129126096
-2.88242466936
-2.84405317152
-2.85728595231
-2.87413404028
-2.89098514519
-2.90763562375
-2.6323944792
-2.65587627649
-2.51311656879
-2.37213709035
-2.22836568547
-2.11166450639
-1.98729606294
-1.8612460498
-1.82438271836
-1.81878785736
-1.81314230909
-2.65587627649
-2.51311656879
-2.37213709035
-2.22836568547
-2.11166450639
-1.98729606294
-1.8612460498
-1.82438271836
-1.81878785736
-1.81314230909
-2.7331157349
-2.60870141321
-2.4858385518
-2.36054254143
-2.25120138
-2.15715289225
-2.06183278702
-1.98505852754
-1.96585158794
-1.94647064091
-2.7331157349
-2.60870141321
-2.4858385518
-2.36054254143
-2.25120138
-2.15715289225
-2.06183278702
-1.98505852754
-1.96585158794
-1.94647064091
-2.80152782664
-2.69336227541
-2.58654556051
-2.48011358239
-2.37479118234
-2.3075975125
-2.2394953257
-2.1273713871
-2.09610803502
-2.06456144909
-2.80152782664
-2.69336227541
-2.58654556051
-2.48011358239
-2.37479118234
-2.3075975125
-2.2394953257
-2.1273713871
-2.09610803502
-2.06456144909
-2.74677956962
-2.64901643909
-2.54741287506
-2.45231966432
-2.41708700889
-2.40093771217
-2.38965119548
-2.37792284172
-2.38456274272
-2.38556295776
-2.74677956962
-2.64901643909
-2.54741287506
-2.45231966432
-2.41708700889
-2.40093771217
-2.38965119548
-2.37792284172
-2.38456274272
-2.38556295776
-3.00455726019
-2.94461386647
-2.88541797347
-2.82504977808
-2.76545057003
-2.75407832097
-2.76675189211
-2.77942773267
-2.79195265686
-2.41502449272
-3.00455726019
-2.94461386647
-2.88541797347
-2.82504977808
-2.76545057003
-2.75407832097
-2.76675189211
-2.77942773267
-2.79195265686
-2.41502449272
-2.60887718956
-2.42497970317
-2.24337543867
-2.05817472343
-1.91361259652
-1.76062975921
-1.60557846067
-1.55172811505
-1.55350251548
-1.5552929913
-2.60887718956
-2.42497970317
-2.24337543867
-2.05817472343
-1.91361259652
-1.76062975921
-1.60557846067
-1.55172811505
-1.55350251548
-1.5552929913
-2.6979798227
-2.53681563737
-2.37766118717
-2.2153548774
-2.07509308584
-1.95785732736
-1.8390364393
-1.73423959303
-1.71601994198
-1.69763522796
-2.6979798227
-2.53681563737
-2.37766118717
-2.2153548774
-2.07509308584
-1.95785732736
-1.8390364393
-1.73423959303
-1.71601994198
-1.69763522796
-2.77689929776
-2.63587032195
-2.49659999299
-2.3545715852
-2.2181186621
-2.13254460202
-2.04581350609
-1.89589261639
-1.85996394831
-1.82370978044
-2.77689929776
-2.63587032195
-2.49659999299
-2.3545715852
-2.2181186621
-2.13254460202
-2.04581350609
-1.89589261639
-1.85996394831
-1.82370978044
-2.62342900701
-2.4785223326
-2.36408538821
-2.31514022534
-2.31175891231
-2.33036254996
-2.34091189189
-2.343135131
-2.3400058592
-2.34437595493
-2.62342900701
-2.4785223326
-2.36408538821
-2.31514022534
-2.31175891231
-2.33036254996
-2.34091189189
-2.343135131
-2.3400058592
-2.34437595493
-3.01111193344
-2.92983906329
-2.84957967478
-2.76773084706
-2.68692463313
-2.6509713526
-2.6594744785
-2.66797912702
-2.67638252067
-2.1978665168
-3.01111193344
-2.92983906329
-2.84957967478
-2.76773084706
-2.68692463313
-2.6509713526
-2.6594744785
-2.66797912702
-2.67638252067
-2.1978665168
-2.56192681202
-2.33693418174
-2.11474723431
-1.88816014566
-1.71576594572
-1.53419837023
-1.35017584295
-1.27935608831
-1.28849211275
-1.29771090604
-2.56192681202
-2.33693418174
-2.11474723431
-1.88816014566
-1.71576594572
-1.53419837023
-1.35017584295
-1.27935608831
-1.28849211275
-1.29771090604
-2.66288032501
-2.46500436325
-2.26959593651
-2.07031768446
-1.89916730861
-1.75876831046
-1.61647099556
-1.48368060483
-1.46644721912
-1.44905770562
-2.66288032501
-2.46500436325
-2.26959593651
-2.07031768446
-1.89916730861
-1.75876831046
-1.61647099556
-1.48368060483
-1.46644721912
-1.44905770562
-2.75229629365
-2.57843795259
-2.40674764418
-2.23165721883
-2.06160851574
-1.95767311467
-1.85233241644
-1.66465374803
-1.62406459905
-1.58310772811
-2.75229629365
-2.57843795259
-2.40674764418
-2.23165721883
-2.06160851574
-1.95767311467
-1.85233241644
-1.66465374803
-1.62406459905
-1.58310772811
-2.35634117771
-2.25923534022
-2.2329051418
-2.23985143932
-2.23905445385
-2.24102020296
-2.25956170543
-2.25829907853
-2.26490800235
-2.27201032135
-2.35634117771
-2.25923534022
-2.2329051418
-2.23985143932
-2.23905445385
-2.24102020296
-2.25956170543
-2.25829907853
-2.26490800235
-2.27201032135
-3.0176598135
-2.91507957258
-2.81377851855
-2.71047132083
-2.60848007975
-2.54797124328
-2.55230824615
-2.55664602563
-2.56093216026
-1.9809336013
-3.0176598135
-2.91507957258
-2.81377851855
-2.71047132083
-2.60848007975
-2.54797124328
-2.55230824615
-2.55664602563
-2.56093216026
-1.9809336013
-2.94850791903
-2.94731682978
-2.94600517364
-2.94530687997
-2.9444596602
-2.94239255883
-2.93902465484
-2.93375058332
-2.92519546988
-2.89895358203
-2.94850791903
-2.94731682978
-2.94600517364
-2.94530687997
-2.9444596602
-2.94239255883
-2.93902465484
-2.93375058332
-2.92519546988
-2.89895358203
-2.83366532596
-3.03801167166
-3.23980979594
-3.44560428568
-3.53946573726
-3.64093088034
-3.74376792054
-3.84145757616
-4.00999428985
-4.18005788082
-2.83366532596
-3.03801167166
-3.23980979594
-3.44560428568
-3.53946573726
-3.64093088034
-3.74376792054
-3.84145757616
-4.00999428985
-4.18005788082
-2.87707204559
-3.04466079302
-3.21015969033
-3.37893609123
-3.37538971388
-3.47896437106
-3.58393944783
-3.57937802726
-3.75202919149
-3.92624450833
-2.87707204559
-3.04466079302
-3.21015969033
-3.37893609123
-3.37538971388
-3.47896437106
-3.58393944783
-3.57937802726
-3.75202919149
-3.92624450833
-3.06451417273
-3.06387326608
-3.06236172307
-3.06026336641
-3.05719032805
-3.0526508686
-3.04604209194
-3.03691264825
-3.02355533134
-2.9870417832
-3.06451417273
-3.06387326608
-3.06236172307
-3.06026336641
-3.05719032805
-3.0526508686
-3.04604209194
-3.03691264825
-3.02355533134
-2.9870417832
-2.88276309254
-3.04803304202
-3.21124205705
-3.37768322736
-3.54200422242
-3.97879720096
-4.28156537562
-4.58438776608
-4.88360480537
-4.78393188015
-2.88276309254
-3.04803304202
-3.21124205705
-3.37768322736
-3.54200422242
-3.97879720096
-4.28156537562
-4.58438776608
-4.88360480537
-4.78393188015
-2.82756408048
-2.81888102637
-2.82835797674
-2.82558445078
-2.82911339872
-2.81452318142
-2.82089307588
-2.81962369068
-2.80225572668
-2.80666852411
-2.82756408048
-2.81888102637
-2.82835797674
-2.82558445078
-2.82911339872
-2.81452318142
-2.82089307588
-2.81962369068
-2.80225572668
-2.80666852411
-2.84738701395
-2.85766948399
-2.86782373049
-2.86453895835
-2.87065414831
-2.86466859035
-2.85860210243
-2.86341630536
-2.85522493497
-2.84695935393
-2.84738701395
-2.85766948399
-2.86782373049
-2.86453895835
-2.87065414831
-2.86466859035
-2.85860210243
-2.86341630536
-2.85522493497
-2.84695935393
-2.88113503896
-2.89202497502
-2.90277911238
-2.89904152219
-2.90744738366
-2.9090830954
-2.91074092339
-2.90220404979
-2.90214051945
-2.91199447509
-2.88113503896
-2.89202497502
-2.90277911238
-2.89904152219
-2.90744738366
-2.9090830954
-2.91074092339
-2.90220404979
-2.90214051945
-2.91199447509
-2.93281138216
-2.93413815758
-2.94562764502
-2.94133498754
-2.95254876893
-2.96352668225
-2.94160663731
-2.94975031716
-2.95964994558
-2.97263668929
-2.93281138216
-2.93413815758
-2.94562764502
-2.94133498754
-2.95254876893
-2.96352668225
-2.94160663731
-2.94975031716
-2.95964994558
-2.97263668929
-2.96904099034
-2.99235556954
-3.01537941337
-3.03885921631
-3.06203992681
-3.13843968276
-3.18206748631
-3.22570310216
-3.26881919989
-3.22591397886
-2.96904099034
-2.99235556954
-3.01537941337
-3.03885921631
-3.06203992681
-3.13843968276
-3.18206748631
-3.22570310216
-3.26881919989
-3.22591397886
-2.82669291587
-2.79550177085
-2.77920428702
-2.76035313478
-2.73017145014
-2.70302306034
-2.68690474558
-2.67404657238
-2.63665386283
-2.63757655554
-2.82669291587
-2.79550177085
-2.77920428702
-2.76035313478
-2.73017145014
-2.70302306034
-2.68690474558
-2.67404657238
-2.63665386283
-2.63757655554
-2.84890292659
-2.83774606038
-2.82672832151
-2.81178863138
-2.79676674141
-2.7789104955
-2.76081281759
-2.75536654287
-2.72765101937
-2.69968440398
-2.84890292659
-2.83774606038
-2.82672832151
-2.81178863138
-2.79676674141
-2.7789104955
-2.76081281759
-2.75536654287
-2.72765101937
-2.69968440398
-2.88158390087
-2.8751624311
-2.86882103778
-2.85734578551
-2.85575114226
-2.84612508093
-2.83636886686
-2.82739280244
-2.80824850088
-2.8144614969
-2.88158390087
-2.8751624311
-2.86882103778
-2.85734578551
-2.85575114226
-2.84612508093
-2.83636886686
-2.82739280244
-2.80824850088
-2.8144614969
-2.93089400019
-2.92102765974
-2.92041856094
-2.91319003896
-2.92805460136
-2.92851715339
-2.90748736433
-2.91568305611
-2.90704541369
-2.91630434192
-2.93089400019
-2.92102765974
-2.92041856094
-2.91319003896
-2.92805460136
-2.92851715339
-2.90748736433
-2.91568305611
-2.90704541369
-2.91630434192
-2.97857259871
-2.98620456358
-2.99374135701
-3.00142740744
-3.00901555075
-3.04560062478
-3.06059972278
-3.07560150663
-3.09042468183
-3.05379091083
-2.97857259871
-2.98620456358
-2.99374135701
-3.00142740744
-3.00901555075
-3.04560062478
-3.06059972278
-3.07560150663
-3.09042468183
-3.05379091083
-2.79990915478
-2.74445268407
-2.69716925819
-2.64901182704
-2.59031926724
-2.53957756475
-2.49245445168
-2.44975905133
-2.40918907042
-2.40071260315
-2.79990915478
-2.74445268407
-2.69716925819
-2.64901182704
-2.59031926724
-2.53957756475
-2.49245445168
-2.44975905133
-2.40918907042
-2.40071260315
-2.83560611654
-2.79670345504
-2.758285914
-2.71786948664
-2.67422351605
-2.63202189153
-2.58924966427
-2.55114127638
-2.5175635768
-2.48368167629
-2.83560611654
-2.79670345504
-2.758285914
-2.71786948664
-2.67422351605
-2.63202189153
-2.58924966427
-2.55114127638
-2.5175635768
-2.48368167629
-2.87393357014
-2.84298270932
-2.81241780915
-2.77885769943
-2.74853870786
-2.71390115238
-2.67879526698
-2.64093696142
-2.61355242531
-2.60128928396
-2.87393357014
-2.84298270932
-2.81241780915
-2.77885769943
-2.74853870786
-2.71390115238
-2.67879526698
-2.64093696142
-2.61355242531
-2.60128928396
-2.91638757881
-2.8997121178
-2.87877303546
-2.85361744414
-2.83963474942
-2.81426927859
-2.77916087282
-2.75100909148
-2.7312161751
-2.71677282745
-2.91638757881
-2.8997121178
-2.87877303546
-2.85361744414
-2.83963474942
-2.81426927859
-2.77916087282
-2.75100909148
-2.7312161751
-2.71677282745
-2.98767956144
-2.980327593
-2.97306730442
-2.96566323469
-2.95835348011
-2.95689766846
-2.94454350727
-2.93218713385
-2.91997787328
-2.88933615099
-2.98767956144
-2.980327593
-2.97306730442
-2.96566323469
-2.95835348011
-2.95689766846
-2.94454350727
-2.93218713385
-2.91997787328
-2.88933615099
-2.77329431991
-2.69504625699
-2.61777395602
-2.53897137148
-2.45496725384
-2.3813914253
-2.30682078746
-2.2326886637
-2.1890436498
-2.145003229
-2.77329431991
-2.69504625699
-2.61777395602
-2.53897137148
-2.45496725384
-2.3813914253
-2.30682078746
-2.2326886637
-2.1890436498
-2.145003229
-2.82273717182
-2.7569815204
-2.6920458492
-2.62697247616
-2.55562349182
-2.48985987532
-2.42320707743
-2.35348757923
-2.31423633693
-2.27462949359
-2.82273717182
-2.7569815204
-2.6920458492
-2.62697247616
-2.55562349182
-2.48985987532
-2.42320707743
-2.35348757923
-2.31423633693
-2.27462949359
-2.86652941208
-2.811838468
-2.75782952602
-2.70289520634
-2.64477615974
-2.58593193105
-2.52629207712
-2.46048090441
-2.42512128838
-2.39497653558
-2.86652941208
-2.811838468
-2.75782952602
-2.70289520634
-2.64477615974
-2.58593193105
-2.52629207712
-2.46048090441
-2.42512128838
-2.39497653558
-2.88913081067
-2.85164439358
-2.79355076941
-2.7436221777
-2.66270153771
-2.60484353425
-2.54245897082
-2.50027854919
-2.49170777948
-2.46681713649
-2.88913081067
-2.85164439358
-2.79355076941
-2.7436221777
-2.66270153771
-2.60484353425
-2.54245897082
-2.50027854919
-2.49170777948
-2.46681713649
-2.99649347994
-2.97463973184
-2.95305850238
-2.93104988302
-2.90932161575
-2.87104899966
-2.83222175361
-2.79338755487
-2.7550157094
-2.73017322343
-2.99649347994
-2.97463973184
-2.95305850238
-2.93104988302
-2.90932161575
-2.87104899966
-2.83222175361
-2.79338755487
-2.7550157094
-2.73017322343
-2.75335653098
-2.64330709569
-2.53462998898
-2.42380066485
-2.3132245684
-2.21573649603
-2.11693029999
-2.00536925484
-1.95850401966
-1.91121420363
-2.75335653098
-2.64330709569
-2.53462998898
-2.42380066485
-2.3132245684
-2.21573649603
-2.11693029999
-2.00536925484
-1.95850401966
-1.91121420363
-2.80926061732
-2.71538410678
-2.62267824666
-2.52813646016
-2.43142374402
-2.34098565143
-2.24932475705
-2.14650162373
-2.10130896126
-2.05570687079
-2.80926061732
-2.71538410678
-2.62267824666
-2.52813646016
-2.43142374402
-2.34098565143
-2.24932475705
-2.14650162373
-2.10130896126
-2.05570687079
-2.85877566523
-2.77922374517
-2.70066384632
-2.62334612913
-2.53611444243
-2.45192061765
-2.36658841902
-2.27150457903
-2.2277933381
-2.18368609027
-2.85877566523
-2.77922374517
-2.70066384632
-2.62334612913
-2.53611444243
-2.45192061765
-2.36658841902
-2.27150457903
-2.2277933381
-2.18368609027
-2.83340136054
-2.7553456584
-2.66783940104
-2.57283686926
-2.50866205337
-2.49195420652
-2.47659715111
-2.47105166555
-2.48748439213
-2.4757744764
-2.83340136054
-2.7553456584
-2.66783940104
-2.57283686926
-2.50866205337
-2.49195420652
-2.47659715111
-2.47105166555
-2.48748439213
-2.4757744764
-3.00572354934
-2.96868331718
-2.93210498079
-2.89480225511
-2.85797470222
-2.78114696901
-2.71459670616
-2.64803452635
-2.58226482438
-2.5634953868
-3.00572354934
-2.96868331718
-2.93210498079
-2.89480225511
-2.85797470222
-2.78114696901
-2.71459670616
-2.64803452635
-2.58226482438
-2.5634953868
-2.73343818825
-2.59161839789
-2.45156711592
-2.30874228931
-2.17162013087
-2.05024313733
-1.92722502111
-1.77827156066
-1.72818924503
-1.67765320304
-2.73343818825
-2.59161839789
-2.45156711592
-2.30874228931
-2.17162013087
-2.05024313733
-1.92722502111
-1.77827156066
-1.72818924503
-1.67765320304
-2.79579720711
-2.67382726496
-2.5533783014
-2.43054399319
-2.30734513373
-2.19225663117
-2.07561203179
-1.93971755078
-1.88858926308
-1.83699777291
-2.79579720711
-2.67382726496
-2.5533783014
-2.43054399319
-2.30734513373
-2.19225663117
-2.07561203179
-1.93971755078
-1.88858926308
-1.83699777291
-2.85102948096
-2.74664083293
-2.64355392283
-2.53842550234
-2.42755870769
-2.31804001142
-2.20704052697
-2.08271257061
-2.03065785049
-1.97813153479
-2.85102948096
-2.74664083293
-2.64355392283
-2.53842550234
-2.42755870769
-2.31804001142
-2.20704052697
-2.08271257061
-2.03065785049
-1.97813153479
-2.7584003911
-2.62010881509
-2.49871353158
-2.41824188725
-2.40471097853
-2.42640072081
-2.43755712831
-2.43736464298
-2.43696344063
-2.43405442427
-2.7584003911
-2.62010881509
-2.49871353158
-2.41824188725
-2.40471097853
-2.42640072081
-2.43755712831
-2.43736464298
-2.43696344063
-2.43405442427
-3.01494461624
-2.96273271208
-2.9111718961
-2.85858998112
-2.80667786962
-2.69133262378
-2.59708638363
-2.50282326708
-2.40968243094
-2.39698011845
-3.01494461624
-2.96273271208
-2.9111718961
-2.85858998112
-2.80667786962
-2.69133262378
-2.59708638363
-2.50282326708
-2.40968243094
-2.39698011845
-2.7135404887
-2.53998326975
-2.36859032842
-2.19380315914
-2.0301624508
-1.88492129435
-1.73771635093
-1.55140922831
-1.49811316638
-1.4443342628
-2.7135404887
-2.53998326975
-2.36859032842
-2.19380315914
-2.0301624508
-1.88492129435
-1.73771635093
-1.55140922831
-1.49811316638
-1.4443342628
-2.78234775024
-2.63231349224
-2.48415017794
-2.3330526701
-2.1833951173
-2.04368175221
-1.90207934071
-1.73314778684
-1.67609002552
-1.61851534301
-2.78234775024
-2.63231349224
-2.48415017794
-2.3330526701
-2.1833951173
-2.04368175221
-1.90207934071
-1.73314778684
-1.67609002552
-1.61851534301
-2.84329132475
-2.7140916893
-2.58650318752
-2.45638795123
-2.31911547906
-2.18429815774
-2.0476579888
-1.8941162244
-1.83372667219
-1.77279001405
-2.84329132475
-2.7140916893
-2.58650318752
-2.45638795123
-2.31911547906
-2.18429815774
-2.0476579888
-1.8941162244
-1.83372667219
-1.77279001405
-2.62200172177
-2.47395441296
-2.36966727759
-2.37562158447
-2.37761088259
-2.38571553327
-2.39905061023
-2.40290493329
-2.41018756352
-2.4116529017
-2.62200172177
-2.47395441296
-2.36966727759
-2.37562158447
-2.37761088259
-2.38571553327
-2.39905061023
-2.40290493329
-2.41018756352
-2.4116529017
-3.02415612652
-2.95678827412
-2.89026050626
-2.82241523718
-2.75543420054
-2.60161136127
-2.47969784765
-2.35776250333
-2.23727890021
-2.2306374249
-3.02415612652
-2.95678827412
-2.89026050626
-2.82241523718
-2.75543420054
-2.60161136127
-2.47969784765
-2.35776250333
-2.23727890021
-2.2306374249
