-1.34063704136e-09
-1.58256512314e-09
-1.82147633511e-09
-2.06511889195e-09
-2.30841912202e-09
-2.78468556732e-09
-3.26739154986e-09
-3.53218162555e-09
-3.75142289327e-09
-3.97265040186e-09
-1.34063704136e-09
-1.58256512314e-09
-1.82147633511e-09
-2.06511889195e-09
-2.30841912202e-09
-2.78468556732e-09
-3.26739154986e-09
-3.53218162555e-09
-3.75142289327e-09
-3.97265040186e-09
-3.0004184101e-09
-3.51169771295e-09
-4.01660130664e-09
-4.53150389955e-09
-4.18563210086e-09
-4.65578349891e-09
-5.13229175342e-09
-5.13306179597e-09
-6.764124112e-09
-8.40996322015e-09
-3.0004184101e-09
-3.51169771295e-09
-4.01660130664e-09
-4.53150389955e-09
-4.18563210086e-09
-4.65578349891e-09
-5.13229175342e-09
-5.13306179597e-09
-6.764124112e-09
-8.40996322015e-09
-4.47051047956e-09
-5.22035800679e-09
-5.96085485285e-09
-6.71601633484e-09
-5.84830645355e-09
-6.31304166688e-09
-6.78406050514e-09
-6.55098423264e-09
-9.43251662001e-09
-1.23401545735e-08
-4.47051047956e-09
-5.22035800679e-09
-5.96085485285e-09
-6.71601633484e-09
-5.84830645355e-09
-6.31304166688e-09
-6.78406050514e-09
-6.55098423264e-09
-9.43251662001e-09
-1.23401545735e-08
-6.27255882276e-09
-7.31484481859e-09
-8.34413339336e-09
-9.39380577166e-09
-7.88642340201e-09
-8.34451942117e-09
-8.80880929757e-09
-8.28908270339e-09
-1.27034493718e-08
-1.71578084905e-08
-6.27255882276e-09
-7.31484481859e-09
-8.34413339336e-09
-9.39380577166e-09
-7.88642340201e-09
-8.34451942117e-09
-8.80880929757e-09
-8.28908270339e-09
-1.27034493718e-08
-1.71578084905e-08
-8.42534671522e-09
-9.3722257525e-09
-1.0307297104e-08
-1.12608864019e-08
-1.22023286066e-08
-1.35136308123e-08
-1.49808989645e-08
-1.64484298562e-08
-1.7898488578e-08
-4.96182103176e-08
-8.42534671522e-09
-9.3722257525e-09
-1.0307297104e-08
-1.12608864019e-08
-1.22023286066e-08
-1.35136308123e-08
-1.49808989645e-08
-1.64484298562e-08
-1.7898488578e-08
-4.96182103176e-08
-1.43371590921e-10
-2.4249755862e-10
-3.40387414594e-10
-4.40215859649e-10
-3.24239091734e-10
-2.81161429038e-10
-2.37501318817e-10
-1.48867467961e-10
-1.49131223163e-10
-1.49397367885e-10
-1.43371590921e-10
-2.4249755862e-10
-3.40387414594e-10
-4.40215859649e-10
-3.24239091734e-10
-2.81161429038e-10
-2.37501318817e-10
-1.48867467961e-10
-1.49131223163e-10
-1.49397367885e-10
-2.93451244219e-10
-2.0388725885e-10
-1.15440146234e-10
-2.52414465403e-11
2.50961575009e-11
6.05711673533e-11
9.65258302428e-11
1.99025540304e-10
2.77565809744e-10
3.56817623572e-10
-2.93451244219e-10
-2.0388725885e-10
-1.15440146234e-10
-2.52414465403e-11
2.50961575009e-11
6.05711673533e-11
9.65258302428e-11
1.99025540304e-10
2.77565809744e-10
3.56817623572e-10
-5.77980577357e-10
-4.42411335893e-10
-3.08532657788e-10
-1.92037475781e-10
-8.41059991959e-11
-3.80164867652e-11
8.69619602426e-12
1.42672961888e-10
2.32963719026e-10
3.24072475414e-10
-5.77980577357e-10
-4.42411335893e-10
-3.08532657788e-10
-1.92037475781e-10
-8.41059991959e-11
-3.80164867652e-11
8.69619602426e-12
1.42672961888e-10
2.32963719026e-10
3.24072475414e-10
-9.58538720979e-10
-7.79852040566e-10
-6.03393602721e-10
-4.23440620957e-10
-4.63529347279e-10
-4.6315474914e-10
-4.62775086108e-10
-1.74640562097e-09
-1.66309590793e-09
-1.57903144119e-09
-9.58538720979e-10
-7.79852040566e-10
-6.03393602721e-10
-4.23440620957e-10
-4.63529347279e-10
-4.6315474914e-10
-4.62775086108e-10
-1.74640562097e-09
-1.66309590793e-09
-1.57903144119e-09
-1.38179857697e-09
-1.05886302158e-09
-7.39954508094e-10
-4.14730400866e-10
-9.36490913704e-11
-5.57651280731e-10
-5.79744157587e-10
-6.01840990548e-10
-6.23674742427e-10
-2.32134144079e-09
-1.38179857697e-09
-1.05886302158e-09
-7.39954508094e-10
-4.14730400866e-10
-9.36490913704e-11
-5.57651280731e-10
-5.79744157587e-10
-6.01840990548e-10
-6.23674742427e-10
-2.32134144079e-09
1.78969613818e-10
2.47475725635e-10
3.15127558699e-10
3.84119153719e-10
4.1980642353e-10
4.98508343352e-10
5.78274381691e-10
6.81885912883e-10
7.78591471535e-10
8.76173145051e-10
1.78969613818e-10
2.47475725635e-10
3.15127558699e-10
3.84119153719e-10
4.1980642353e-10
4.98508343352e-10
5.78274381691e-10
6.81885912883e-10
7.78591471535e-10
8.76173145051e-10
5.60276105068e-12
1.61545309908e-10
3.15543238022e-10
4.72590907081e-10
4.90279173622e-10
5.81613598527e-10
6.74182944421e-10
7.88091449363e-10
1.05550120605e-09
1.32533359143e-09
5.60276105068e-12
1.61545309908e-10
3.15543238022e-10
4.72590907081e-10
4.90279173622e-10
5.81613598527e-10
6.74182944421e-10
7.88091449363e-10
1.05550120605e-09
1.32533359143e-09
-1.47950737115e-10
8.54355131218e-11
3.15911411137e-10
5.07726634795e-10
5.52697895133e-10
6.55221110253e-10
7.59130528553e-10
8.82159210245e-10
1.30076411375e-09
1.72316141538e-09
-1.47950737115e-10
8.54355131218e-11
3.15911411137e-10
5.07726634795e-10
5.52697895133e-10
6.55221110253e-10
7.59130528553e-10
8.82159210245e-10
1.30076411375e-09
1.72316141538e-09
-3.36177605834e-10
-7.86036681e-12
3.16362720116e-10
6.47006649424e-10
6.29211166661e-10
7.45449673013e-10
8.63259825231e-10
9.97468078424e-10
1.60140896837e-09
2.21082132859e-09
-3.36177605834e-10
-7.86036681e-12
3.16362720116e-10
6.47006649424e-10
6.29211166661e-10
7.45449673013e-10
8.63259825231e-10
9.97468078424e-10
1.60140896837e-09
2.21082132859e-09
-6.03657892961e-10
-1.40438722503e-10
3.17004053928e-10
7.8350592604e-10
1.24406536383e-09
8.73669209568e-10
1.0112330363e-09
1.14882149618e-09
1.28477185158e-09
2.90381173159e-09
-6.03657892961e-10
-1.40438722503e-10
3.17004053928e-10
7.8350592604e-10
1.24406536383e-09
8.73669209568e-10
1.0112330363e-09
1.14882149618e-09
1.28477185158e-09
2.90381173159e-09
4.86950095557e-10
7.15620058117e-10
9.41438481081e-10
1.1717289622e-09
1.13070373625e-09
1.24344280586e-09
1.35770620592e-09
1.47562814216e-09
1.66498290469e-09
1.85605314794e-09
4.86950095557e-10
7.15620058117e-10
9.41438481081e-10
1.1717289622e-09
1.13070373625e-09
1.24344280586e-09
1.35770620592e-09
1.47562814216e-09
1.66498290469e-09
1.85605314794e-09
4.1005321453e-10
7.20371310912e-10
1.02681970649e-09
1.33933693838e-09
1.31329770064e-09
1.46446995257e-09
1.61768618505e-09
2.1969883956e-09
2.69327380826e-09
3.19405537432e-09
4.1005321453e-10
7.20371310912e-10
1.02681970649e-09
1.33933693838e-09
1.31329770064e-09
1.46446995257e-09
1.61768618505e-09
2.1969883956e-09
2.69327380826e-09
3.19405537432e-09
3.41944548477e-10
7.24579563387e-10
1.10244307756e-09
1.27448978455e-09
1.47502378338e-09
1.66023685394e-09
1.84795416657e-09
2.83590747721e-09
3.60404575142e-09
4.37914306054e-09
3.41944548477e-10
7.24579563387e-10
1.10244307756e-09
1.27448978455e-09
1.47502378338e-09
1.66023685394e-09
1.84795416657e-09
2.83590747721e-09
3.60404575142e-09
4.37914306054e-09
2.58456506219e-10
7.29738066422e-10
1.19514269371e-09
1.66976409142e-09
1.673268659e-09
1.90020918465e-09
2.13021814391e-09
3.61909860951e-09
4.72047587529e-09
5.83183119204e-09
2.58456506219e-10
7.29738066422e-10
1.19514269371e-09
1.66976409142e-09
1.673268659e-09
1.90020918465e-09
2.13021814391e-09
3.61909860951e-09
4.72047587529e-09
5.83183119204e-09
1.39815604063e-10
7.37068570735e-10
1.32687372719e-09
1.92835925466e-09
2.52218288738e-09
2.24122249672e-09
2.53133011171e-09
2.82148967542e-09
3.1081946494e-09
7.89617748417e-09
1.39815604063e-10
7.37068570735e-10
1.32687372719e-09
1.92835925466e-09
2.52218288738e-09
2.24122249672e-09
2.53133011171e-09
2.82148967542e-09
3.1081946494e-09
7.89617748417e-09
7.85020368213e-10
1.16870042229e-09
1.54759594388e-09
1.93399502866e-09
1.8187257649e-09
1.96440673546e-09
2.11205743965e-09
2.24382930012e-09
2.52285199648e-09
2.80440253028e-09
7.85020368213e-10
1.16870042229e-09
1.54759594388e-09
1.93399502866e-09
1.8187257649e-09
1.96440673546e-09
2.11205743965e-09
2.24382930012e-09
2.52285199648e-09
2.80440253028e-09
8.01489244059e-10
1.26121538501e-09
1.7152086904e-09
2.1781927789e-09
2.10983310237e-09
2.31891771719e-09
2.53082933814e-09
3.56054979578e-09
4.27834609379e-09
5.00264534794e-09
8.01489244059e-10
1.26121538501e-09
1.7152086904e-09
2.1781927789e-09
2.10983310237e-09
2.31891771719e-09
2.53082933814e-09
3.56054979578e-09
4.27834609379e-09
5.00264534794e-09
8.16075962665e-10
1.34315720913e-09
1.86366569446e-09
2.39448221483e-09
2.36767102984e-09
2.63291315815e-09
2.9017415911e-09
4.72678794907e-09
5.83321229426e-09
6.949660415e-09
8.16075962665e-10
1.34315720913e-09
1.86366569446e-09
2.39448221483e-09
2.36767102984e-09
2.63291315815e-09
2.9017415911e-09
4.72678794907e-09
5.83321229426e-09
6.949660415e-09
8.33956456441e-10
1.4436020258e-09
2.04564524782e-09
2.6596112008e-09
2.68373042481e-09
3.01781079546e-09
3.35640822375e-09
6.1563702015e-09
7.7391773142e-09
9.3363240456e-09
8.33956456441e-10
1.4436020258e-09
2.04564524782e-09
2.6596112008e-09
2.68373042481e-09
3.01781079546e-09
3.35640822375e-09
6.1563702015e-09
7.7391773142e-09
9.3363240456e-09
8.59365579175e-10
1.58633939685e-09
2.30424777102e-09
3.03637344403e-09
3.75917309073e-09
3.56477059584e-09
4.00251343857e-09
4.44033466662e-09
4.87294327062e-09
1.27278986786e-08
8.59365579175e-10
1.58633939685e-09
2.30424777102e-09
3.03637344403e-09
3.75917309073e-09
3.56477059584e-09
4.00251343857e-09
4.44033466662e-09
4.87294327062e-09
1.27278986786e-08
1.09716408767e-09
1.64317306535e-09
2.18237325101e-09
2.73225163801e-09
2.53923288953e-09
2.71941111939e-09
2.90202551587e-09
3.04830122748e-09
3.42122554689e-09
3.79752841603e-09
1.09716408767e-09
1.64317306535e-09
2.18237325101e-09
2.73225163801e-09
2.53923288953e-09
2.71941111939e-09
2.90202551587e-09
3.04830122748e-09
3.42122554689e-09
3.79752841603e-09
1.21140700304e-09
1.82759551889e-09
2.43610009615e-09
3.05665536362e-09
2.94397708042e-09
3.21370840178e-09
3.48708672557e-09
4.98849201679e-09
5.93825788036e-09
6.89662825439e-09
1.21140700304e-09
1.82759551889e-09
2.43610009615e-09
3.05665536362e-09
2.94397708042e-09
3.21370840178e-09
3.48708672557e-09
4.98849201679e-09
5.93825788036e-09
6.89662825439e-09
1.31259358522e-09
1.9909411206e-09
2.66082958757e-09
3.34398437773e-09
3.30246479236e-09
3.65151456618e-09
4.00528379701e-09
6.70694671589e-09
8.16762937572e-09
9.64154525407e-09
1.31259358522e-09
1.9909411206e-09
2.66082958757e-09
3.34398437773e-09
3.30246479236e-09
3.65151456618e-09
4.00528379701e-09
6.70694671589e-09
8.16762937572e-09
9.64154525407e-09
1.43662875048e-09
2.19117121301e-09
2.93630444801e-09
3.69619413696e-09
3.74190134247e-09
4.18818018706e-09
4.6404931104e-09
8.81343957286e-09
1.09004073378e-08
1.30062822214e-08
1.43662875048e-09
2.19117121301e-09
2.93630444801e-09
3.69619413696e-09
3.74190134247e-09
4.18818018706e-09
4.6404931104e-09
8.81343957286e-09
1.09004073378e-08
1.30062822214e-08
1.61288924849e-09
2.47570871276e-09
3.32776872337e-09
4.19670274219e-09
5.05456803085e-09
4.95081027989e-09
5.54315897679e-09
6.13561374383e-09
6.72101484655e-09
1.77877505435e-08
1.61288924849e-09
2.47570871276e-09
3.32776872337e-09
4.19670274219e-09
5.05456803085e-09
4.95081027989e-09
5.54315897679e-09
6.13561374383e-09
6.72101484655e-09
1.77877505435e-08
1.40900335954e-09
2.11718293426e-09
2.81653143175e-09
3.52972967238e-09
3.25903727169e-09
3.47367911414e-09
3.69122310129e-09
3.85198851779e-09
4.31872287383e-09
4.78968566217e-09
1.40900335954e-09
2.11718293426e-09
2.81653143175e-09
3.52972967238e-09
3.25903727169e-09
3.47367911414e-09
3.69122310129e-09
3.85198851779e-09
4.31872287383e-09
4.78968566217e-09
1.62092495109e-09
2.39342323718e-09
3.15628838463e-09
3.93426114492e-09
3.77730748096e-09
4.10762635743e-09
4.44241143287e-09
6.41504150259e-09
7.59655068154e-09
8.78876387552e-09
1.62092495109e-09
2.39342323718e-09
3.15628838463e-09
3.93426114492e-09
3.77730748096e-09
4.10762635743e-09
4.44241143287e-09
6.41504150259e-09
7.59655068154e-09
8.78876387552e-09
1.80862693218e-09
2.63809321976e-09
3.45721597147e-09
4.29256044918e-09
4.23634680916e-09
4.66912248719e-09
5.1077496694e-09
8.68517414627e-09
1.04997695969e-08
1.23308045788e-08
1.80862693218e-09
2.63809321976e-09
3.45721597147e-09
4.29256044918e-09
4.23634680916e-09
4.66912248719e-09
5.1077496694e-09
8.68517414627e-09
1.04997695969e-08
1.23308045788e-08
2.03871323158e-09
2.93801126293e-09
3.82609494888e-09
4.73176604794e-09
4.79904017922e-09
5.35740806562e-09
5.92332557226e-09
1.14679173869e-08
1.40585540739e-08
1.66726609247e-08
2.03871323158e-09
2.93801126293e-09
3.82609494888e-09
4.73176604794e-09
4.79904017922e-09
5.35740806562e-09
5.92332557226e-09
1.14679173869e-08
1.40585540739e-08
1.66726609247e-08
2.36567797283e-09
3.36421058744e-09
4.35029139047e-09
5.35590031986e-09
6.34869951499e-09
6.33549809812e-09
7.08230185526e-09
7.82923934035e-09
8.56728391653e-09
2.2842667311e-08
2.36567797283e-09
3.36421058744e-09
4.35029139047e-09
5.35590031986e-09
6.34869951499e-09
6.33549809812e-09
7.08230185526e-09
7.82923934035e-09
8.56728391653e-09
2.2842667311e-08
1.72051944423e-09
2.59070154394e-09
3.45003237712e-09
4.32638120827e-09
3.97809565559e-09
4.22716539289e-09
4.47960277001e-09
4.65484287441e-09
5.21529004328e-09
5.78081464619e-09
1.72051944423e-09
2.59070154394e-09
3.45003237712e-09
4.32638120827e-09
3.97809565559e-09
4.22716539289e-09
4.47960277001e-09
4.65484287441e-09
5.21529004328e-09
5.78081464619e-09
2.03001847873e-09
2.95866453712e-09
3.87573027697e-09
4.81095738413e-09
4.60977422597e-09
5.00061786521e-09
5.39674605093e-09
7.84011252638e-09
9.2531248442e-09
1.06789385057e-08
2.03001847873e-09
2.95866453712e-09
3.87573027697e-09
4.81095738413e-09
4.60977422597e-09
5.00061786521e-09
5.39674605093e-09
7.84011252638e-09
9.2531248442e-09
1.06789385057e-08
2.304146195e-09
3.28457461679e-09
4.25277698827e-09
5.24015342561e-09
5.16926095973e-09
5.68567576926e-09
6.20907295689e-09
1.0661351361e-08
1.28294928107e-08
1.50172767813e-08
2.304146195e-09
3.28457461679e-09
4.25277698827e-09
5.24015342561e-09
5.16926095973e-09
5.68567576926e-09
6.20907295689e-09
1.0661351361e-08
1.28294928107e-08
1.50172767813e-08
2.64017371817e-09
3.68407729509e-09
4.71496327953e-09
5.76626470226e-09
5.85508340757e-09
6.52542416778e-09
7.20482851903e-09
1.4119644126e-08
1.72134277374e-08
2.03352398288e-08
2.64017371817e-09
3.68407729509e-09
4.71496327953e-09
5.76626470226e-09
5.85508340757e-09
6.52542416778e-09
7.20482851903e-09
1.4119644126e-08
1.72134277374e-08
2.03352398288e-08
3.11768651426e-09
4.25179162741e-09
5.37175432501e-09
6.51389651644e-09
7.64148977384e-09
7.71875083936e-09
8.61984958102e-09
9.52110967979e-09
1.04116395312e-08
2.7892345212e-08
3.11768651426e-09
4.25179162741e-09
5.37175432501e-09
6.51389651644e-09
7.64148977384e-09
7.71875083936e-09
8.61984958102e-09
9.52110967979e-09
1.04116395312e-08
2.7892345212e-08
-8.95499048814e-10
-1.10245211575e-09
-1.30682445517e-09
-1.51524413925e-09
-1.68725622353e-09
-2.04022338445e-09
-2.39796296887e-09
-2.68514489566e-09
-2.88519696886e-09
-3.08706143627e-09
-8.95499048814e-10
-1.10245211575e-09
-1.30682445517e-09
-1.51524413925e-09
-1.68725622353e-09
-2.04022338445e-09
-2.39796296887e-09
-2.68514489566e-09
-2.88519696886e-09
-3.08706143627e-09
-1.94874926458e-09
-2.4370747391e-09
-2.91931074121e-09
-3.41109683857e-09
-3.12663132937e-09
-3.44965648874e-09
-3.77704922967e-09
-3.84564454917e-09
-5.06498652022e-09
-6.29537525671e-09
-1.94874926458e-09
-2.4370747391e-09
-2.91931074121e-09
-3.41109683857e-09
-3.12663132937e-09
-3.44965648874e-09
-3.77704922967e-09
-3.84564454917e-09
-5.06498652022e-09
-6.29537525671e-09
-2.88162802712e-09
-3.61916906263e-09
-4.34751288027e-09
-5.09028065797e-09
-4.40150642312e-09
-4.69801152398e-09
-4.9985256321e-09
-4.87351567086e-09
-6.9956572657e-09
-9.13702464054e-09
-2.88162802712e-09
-3.61916906263e-09
-4.34751288027e-09
-5.09028065797e-09
-4.40150642312e-09
-4.69801152398e-09
-4.9985256321e-09
-4.87351567086e-09
-6.9956572657e-09
-9.13702464054e-09
-4.0251568328e-09
-5.06818791083e-09
-6.09821227655e-09
-7.14863501723e-09
-5.96425653804e-09
-6.22825318007e-09
-6.49581928668e-09
-6.13348672324e-09
-9.36228592146e-09
-1.26203367885e-08
-4.0251568328e-09
-5.06818791083e-09
-6.09821227655e-09
-7.14863501723e-09
-5.96425653804e-09
-6.22825318007e-09
-6.49581928668e-09
-6.13348672324e-09
-9.36228592146e-09
-1.26203367885e-08
-5.46315354919e-09
-6.39249962653e-09
-7.31025665603e-09
-8.24618874297e-09
-9.17019865921e-09
-9.23506894038e-09
-1.02713017487e-08
-1.13077201121e-08
-1.23317990573e-08
-4.00393454564e-08
-5.46315354919e-09
-6.39249962653e-09
-7.31025665603e-09
-8.24618874297e-09
-9.17019865921e-09
-9.23506894038e-09
-1.02713017487e-08
-1.13077201121e-08
-1.23317990573e-08
-4.00393454564e-08
-1.37680673908e-10
-2.0726971329e-10
-2.75990969693e-10
-3.46073166676e-10
-2.64403987473e-10
-2.32791684828e-10
-2.00751956313e-10
-1.06968114022e-10
-8.15666644524e-11
-5.59350875996e-11
-1.37680673908e-10
-2.0726971329e-10
-2.75990969693e-10
-3.46073166676e-10
-2.64403987473e-10
-2.32791684828e-10
-2.00751956313e-10
-1.06968114022e-10
-8.15666644524e-11
-5.59350875996e-11
-2.61807359389e-10
-1.94740831307e-10
-1.2851063021e-10
-6.23103416018e-11
-9.23397934839e-12
2.40233862985e-11
5.77304205009e-11
1.23579692569e-10
1.9452611039e-10
2.66115275248e-10
-2.61807359389e-10
-1.94740831307e-10
-1.2851063021e-10
-6.23103416018e-11
-9.23397934839e-12
2.40233862985e-11
5.77304205009e-11
1.23579692569e-10
1.9452611039e-10
2.66115275248e-10
-4.98084389855e-10
-3.94944538358e-10
-2.93090852157e-10
-1.86936092602e-10
-9.90466258297e-11
-5.32606820655e-11
-6.85567245547e-12
7.02583670099e-11
1.54545527998e-10
3.3392542252e-10
-4.98084389855e-10
-3.94944538358e-10
-2.93090852157e-10
-1.86936092602e-10
-9.90466258297e-11
-5.32606820655e-11
-6.85567245547e-12
7.02583670099e-11
1.54545527998e-10
3.3392542252e-10
-8.2421725114e-10
-6.73771694718e-10
-5.2520221094e-10
-3.73690489928e-10
-3.3281655866e-10
-3.20089635527e-10
-3.07190633305e-10
-1.26469206817e-09
-1.32436051587e-09
-1.38456953657e-09
-8.2421725114e-10
-6.73771694718e-10
-5.2520221094e-10
-3.73690489928e-10
-3.3281655866e-10
-3.20089635527e-10
-3.07190633305e-10
-1.26469206817e-09
-1.32436051587e-09
-1.38456953657e-09
-1.18068816624e-09
-9.15993877382e-10
-6.54600355433e-10
-3.88030253924e-10
-1.2485579864e-10
-3.6541741762e-10
-3.62456869436e-10
-3.59495791116e-10
-3.56569966883e-10
-2.07443742353e-09
-1.18068816624e-09
-9.15993877382e-10
-6.54600355433e-10
-3.88030253924e-10
-1.2485579864e-10
-3.6541741762e-10
-3.62456869436e-10
-3.59495791116e-10
-3.56569966883e-10
-2.07443742353e-09
1.04435516431e-10
1.56547149453e-10
2.08008944678e-10
2.60489877926e-10
2.88750408284e-10
3.48968320595e-10
4.10000431539e-10
5.00727714159e-10
5.84886743056e-10
6.69808220122e-10
1.04435516431e-10
1.56547149453e-10
2.08008944678e-10
2.60489877926e-10
2.88750408284e-10
3.48968320595e-10
4.10000431539e-10
5.00727714159e-10
5.84886743056e-10
6.69808220122e-10
-7.54413259317e-11
5.29825045091e-11
1.79804875653e-10
2.85585206042e-10
3.35162574586e-10
4.07780490097e-10
4.81380263087e-10
5.62082391186e-10
7.75574280377e-10
9.91000323302e-10
-7.54413259317e-11
5.29825045091e-11
1.79804875653e-10
2.85585206042e-10
3.35162574586e-10
4.07780490097e-10
4.81380263087e-10
5.62082391186e-10
7.75574280377e-10
9.91000323302e-10
-2.34760814881e-10
-3.8746181013e-11
1.54824128802e-10
3.19778134e-10
3.7627049331e-10
4.59871268799e-10
5.446023996e-10
6.16425105124e-10
9.4446895629e-10
1.26124384009e-09
-2.34760814881e-10
-3.8746181013e-11
1.54824128802e-10
3.19778134e-10
3.7627049331e-10
4.59871268799e-10
5.446023996e-10
6.16425105124e-10
9.4446895629e-10
1.26124384009e-09
-4.30055672303e-10
-1.51187795524e-10
1.24202568146e-10
4.05046701736e-10
4.26660845295e-10
5.23724481401e-10
6.22100502423e-10
6.83038754468e-10
1.15150113967e-09
1.62420761243e-09
-4.30055672303e-10
-1.51187795524e-10
1.24202568146e-10
4.05046701736e-10
4.26660845295e-10
5.23724481401e-10
6.22100502423e-10
6.83038754468e-10
1.15150113967e-09
1.62420761243e-09
-7.07579943377e-10
-3.10973247724e-10
8.06877187925e-11
4.8010505256e-10
8.74434494048e-10
6.14463257203e-10
7.32229385382e-10
8.50016601595e-10
9.66401463519e-10
2.11976114305e-09
-7.07579943377e-10
-3.10973247724e-10
8.06877187925e-11
4.8010505256e-10
8.74434494048e-10
6.14463257203e-10
7.32229385382e-10
8.50016601595e-10
9.66401463519e-10
2.11976114305e-09
3.35765113271e-10
5.04155494291e-10
6.70446028731e-10
8.40029744176e-10
8.17261050971e-10
9.04810155559e-10
9.93543000309e-10
1.081349897e-09
1.22164877808e-09
1.36321871262e-09
3.35765113271e-10
5.04155494291e-10
6.70446028731e-10
8.40029744176e-10
8.17261050971e-10
9.04810155559e-10
9.93543000309e-10
1.081349897e-09
1.22164877808e-09
1.36321871262e-09
2.0477774065e-10
4.5164163294e-10
6.95427105328e-10
8.08906344887e-10
9.30015396841e-10
1.04788457518e-09
1.16734744749e-09
1.5735864374e-09
1.99414291056e-09
2.41850946229e-09
2.0477774065e-10
4.5164163294e-10
6.95427105328e-10
8.08906344887e-10
9.30015396841e-10
1.04788457518e-09
1.16734744749e-09
1.5735864374e-09
1.99414291056e-09
2.41850946229e-09
8.8760353471e-11
4.05129355742e-10
7.17553201743e-10
8.75492201593e-10
1.02988353175e-09
1.17460763256e-09
1.32128852928e-09
2.00956737319e-09
2.67835199933e-09
3.32758242419e-09
8.8760353471e-11
4.05129355742e-10
7.17553201743e-10
8.75492201593e-10
1.02988353175e-09
1.17460763256e-09
1.32128852928e-09
2.00956737319e-09
2.67835199933e-09
3.32758242419e-09
-5.34545082321e-11
3.48114306275e-10
7.44675513477e-10
1.14909013121e-09
1.15230253584e-09
1.32994557386e-09
1.5099905005e-09
2.54399561705e-09
3.51705991459e-09
4.49893979736e-09
-5.34545082321e-11
3.48114306275e-10
7.44675513477e-10
1.14909013121e-09
1.15230253584e-09
1.32994557386e-09
1.5099905005e-09
2.54399561705e-09
3.51705991459e-09
4.49893979736e-09
-2.55549311705e-10
2.67092920189e-10
7.83217745941e-10
1.30956379371e-09
1.82920509493e-09
1.55068896413e-09
1.7781459333e-09
2.00564363251e-09
2.23043278335e-09
6.12710266828e-09
-2.55549311705e-10
2.67092920189e-10
7.83217745941e-10
1.30956379371e-09
1.82920509493e-09
1.55068896413e-09
1.7781459333e-09
2.00564363251e-09
2.23043278335e-09
6.12710266828e-09
5.59650976474e-10
8.40578482977e-10
1.11800279256e-09
1.40092115188e-09
1.32876525565e-09
1.44276608824e-09
1.5583083114e-09
1.64328879446e-09
1.83792105717e-09
2.0343166127e-09
5.59650976474e-10
8.40578482977e-10
1.11800279256e-09
1.40092115188e-09
1.32876525565e-09
1.44276608824e-09
1.5583083114e-09
1.64328879446e-09
1.83792105717e-09
2.0343166127e-09
4.7597990615e-10
8.37472690925e-10
1.1944576209e-09
1.55851220155e-09
1.5057270196e-09
1.6673913637e-09
1.83124155056e-09
2.55254226325e-09
3.17350038736e-09
3.80008415129e-09
4.7597990615e-10
8.37472690925e-10
1.1944576209e-09
1.55851220155e-09
1.5057270196e-09
1.6673913637e-09
1.83124155056e-09
2.55254226325e-09
3.17350038736e-09
3.80008415129e-09
4.01871243864e-10
8.34721846536e-10
1.26217475456e-09
1.41332447821e-09
1.66246458196e-09
1.86634517911e-09
2.07298241954e-09
3.3578810499e-09
4.35644207982e-09
5.36404968548e-09
4.01871243864e-10
8.34721846536e-10
1.26217475456e-09
1.41332447821e-09
1.66246458196e-09
1.86634517911e-09
2.07298241954e-09
3.3578810499e-09
4.35644207982e-09
5.36404968548e-09
3.11028367512e-10
8.31349843737e-10
1.3451828539e-09
1.86919169947e-09
1.85459449711e-09
2.1102240496e-09
2.36930993634e-09
4.34507053031e-09
5.80649963832e-09
7.28116872737e-09
3.11028367512e-10
8.31349843737e-10
1.3451828539e-09
1.86919169947e-09
1.85459449711e-09
2.1102240496e-09
2.36930993634e-09
4.34507053031e-09
5.80649963832e-09
7.28116872737e-09
1.81935859013e-10
8.26558050286e-10
1.4631417319e-09
2.1123321761e-09
2.75325304668e-09
2.45678876031e-09
2.79040693391e-09
3.12408484752e-09
3.45379004943e-09
1.00054957869e-08
1.81935859013e-10
8.26558050286e-10
1.4631417319e-09
2.1123321761e-09
2.75325304668e-09
2.45678876031e-09
2.79040693391e-09
3.12408484752e-09
3.45379004943e-09
1.00054957869e-08
7.94107654928e-10
1.19288574952e-09
1.5866910374e-09
1.98829515819e-09
1.86442023238e-09
2.00612171654e-09
2.14973912821e-09
2.23175974795e-09
2.48329075363e-09
2.73710053269e-09
7.94107654928e-10
1.19288574952e-09
1.5866910374e-09
1.98829515819e-09
1.86442023238e-09
2.00612171654e-09
2.14973912821e-09
2.23175974795e-09
2.48329075363e-09
2.73710053269e-09
7.59986935461e-10
1.24152083852e-09
1.71704996082e-09
2.2019963568e-09
2.10862098034e-09
2.3161482876e-09
2.52648154484e-09
3.57771968178e-09
4.40854146037e-09
5.24689016212e-09
7.59986935461e-10
1.24152083852e-09
1.71704996082e-09
2.2019963568e-09
2.10862098034e-09
2.3161482876e-09
2.52648154484e-09
3.57771968178e-09
4.40854146037e-09
5.24689016212e-09
7.29765726791e-10
1.28459763163e-09
1.83251072157e-09
1.97655061199e-09
2.32491307139e-09
2.59074325054e-09
2.86016768529e-09
4.76985562318e-09
6.11376351491e-09
7.46984669105e-09
7.29765726791e-10
1.28459763163e-09
1.83251072157e-09
1.97655061199e-09
2.32491307139e-09
2.59074325054e-09
2.86016768529e-09
4.76985562318e-09
6.11376351491e-09
7.46984669105e-09
6.92720374226e-10
1.33740144255e-09
1.97404326701e-09
2.62329300551e-09
2.59004531204e-09
2.9273435277e-09
3.26920230907e-09
6.23118355133e-09
8.2040357108e-09
1.01947611459e-08
6.92720374226e-10
1.33740144255e-09
1.97404326701e-09
2.62329300551e-09
2.59004531204e-09
2.9273435277e-09
3.26920230907e-09
6.23118355133e-09
8.2040357108e-09
1.01947611459e-08
6.40076978477e-10
1.412438437e-09
2.17516846315e-09
2.95300342623e-09
3.72093010499e-09
3.40567023734e-09
3.85046203759e-09
4.29533348541e-09
4.73490837047e-09
1.40670080027e-08
6.40076978477e-10
1.412438437e-09
2.17516846315e-09
2.95300342623e-09
3.72093010499e-09
3.40567023734e-09
3.85046203759e-09
4.29533348541e-09
4.73490837047e-09
1.40670080027e-08
1.02833565741e-09
1.54484939521e-09
2.05492214985e-09
2.57509627264e-09
2.39955276111e-09
2.56892787917e-09
2.74059309638e-09
2.8196567397e-09
3.12803099249e-09
3.43919899644e-09
1.02833565741e-09
1.54484939521e-09
2.05492214985e-09
2.57509627264e-09
2.39955276111e-09
2.56892787917e-09
2.74059309638e-09
2.8196567397e-09
3.12803099249e-09
3.43919899644e-09
1.04371696015e-09
1.64517490009e-09
2.23913259332e-09
2.84485289349e-09
2.71092691193e-09
2.96427245018e-09
3.2210434408e-09
4.60189719943e-09
5.64237794319e-09
6.69228503905e-09
1.04371696015e-09
1.64517490009e-09
2.23913259332e-09
2.84485289349e-09
2.71092691193e-09
2.96427245018e-09
3.2210434408e-09
4.60189719943e-09
5.64237794319e-09
6.69228503905e-09
1.05734039972e-09
1.73403463298e-09
2.40229041468e-09
3.08378018625e-09
2.98671544551e-09
3.3144347845e-09
3.64658517444e-09
6.18045303519e-09
7.86937095668e-09
9.57358981965e-09
1.05734039972e-09
1.73403463298e-09
2.40229041468e-09
3.08378018625e-09
2.98671544551e-09
3.3144347845e-09
3.64658517444e-09
6.18045303519e-09
7.86937095668e-09
9.57358981965e-09
1.07404009984e-09
1.84295946685e-09
2.60229032474e-09
3.37665880318e-09
3.32477880925e-09
3.74366603302e-09
4.16821697696e-09
8.1154569629e-09
1.05992333603e-08
1.31055118088e-08
1.07404009984e-09
1.84295946685e-09
2.60229032474e-09
3.37665880318e-09
3.32477880925e-09
3.74366603302e-09
4.16821697696e-09
8.1154569629e-09
1.05992333603e-08
1.31055118088e-08
1.09777125264e-09
1.99774738866e-09
2.88650072324e-09
3.79285473249e-09
4.68766334506e-09
4.35362622829e-09
4.90948322265e-09
5.46543975269e-09
6.01477716014e-09
1.81245588459e-08
1.09777125264e-09
1.99774738866e-09
2.88650072324e-09
3.79285473249e-09
4.68766334506e-09
4.35362622829e-09
4.90948322265e-09
5.46543975269e-09
6.01477716014e-09
1.81245588459e-08
1.26232090827e-09
1.89644826919e-09
2.52266799214e-09
3.16128923213e-09
2.9341306837e-09
3.13115075497e-09
3.33083470924e-09
3.40694444072e-09
3.77210302883e-09
4.14056981216e-09
1.26232090827e-09
1.89644826919e-09
2.52266799214e-09
3.16128923213e-09
2.9341306837e-09
3.13115075497e-09
3.33083470924e-09
3.40694444072e-09
3.77210302883e-09
4.14056981216e-09
1.32715292981e-09
2.04841061851e-09
2.76067414446e-09
3.48704317992e-09
3.31260861951e-09
3.61172490318e-09
3.91488549957e-09
5.62501326946e-09
6.87493568989e-09
8.13618192278e-09
1.32715292981e-09
2.04841061851e-09
2.76067414446e-09
3.48704317992e-09
3.31260861951e-09
3.61172490318e-09
3.91488549957e-09
5.62501326946e-09
6.87493568989e-09
8.13618192278e-09
1.38457557745e-09
2.18300584219e-09
2.97147959366e-09
3.77556810512e-09
3.64783193409e-09
4.03737629159e-09
4.43218762815e-09
7.58958851777e-09
9.62315890396e-09
1.16751526493e-08
1.38457557745e-09
2.18300584219e-09
2.97147959366e-09
3.77556810512e-09
3.64783193409e-09
4.03737629159e-09
4.43218762815e-09
7.58958851777e-09
9.62315890396e-09
1.16751526493e-08
1.4549646294e-09
2.34799353573e-09
3.22988627333e-09
4.12924381987e-09
4.05875083582e-09
4.55914250964e-09
5.0662999148e-09
9.99777753183e-09
1.29919486503e-08
1.6013245798e-08
1.4549646294e-09
2.34799353573e-09
3.22988627333e-09
4.12924381987e-09
4.05875083582e-09
4.55914250964e-09
5.0662999148e-09
9.99777753183e-09
1.29919486503e-08
1.6013245798e-08
1.55499117691e-09
2.58244973182e-09
3.59709576549e-09
4.63183562504e-09
5.6533946722e-09
5.30059976687e-09
5.96740684845e-09
6.63433333322e-09
7.29331950624e-09
2.2177904483e-08
1.55499117691e-09
2.58244973182e-09
3.59709576549e-09
4.63183562504e-09
5.6533946722e-09
5.30059976687e-09
5.96740684845e-09
6.63433333322e-09
7.29331950624e-09
2.2177904483e-08
0.0
0.0
0.0
0.0
0.0
0.0
0.0
0.0
0.0
0.0
0.0
0.0
0.0
0.0
0.0
0.0
0.0
0.0
0.0
0.0
-8.97080119059e-10
-1.36245176524e-09
-1.82202017578e-09
-2.2906897776e-09
-2.06763055788e-09
-2.24352947858e-09
-2.42180670592e-09
-2.55822730237e-09
-3.36584892844e-09
-4.18078729327e-09
-8.97080119059e-10
-1.36245176524e-09
-1.82202017578e-09
-2.2906897776e-09
-2.06763055788e-09
-2.24352947858e-09
-2.42180670592e-09
-2.55822730237e-09
-3.36584892844e-09
-4.18078729327e-09
-1.29274557467e-09
-2.01798011847e-09
-2.7341709077e-09
-3.4645449811e-09
-2.9547063927e-09
-3.08298138108e-09
-3.21299075905e-09
-3.19604710907e-09
-4.55879791139e-09
-5.93389470758e-09
-1.29274557467e-09
-2.01798011847e-09
-2.7341709077e-09
-3.4645449811e-09
-2.9547063927e-09
-3.08298138108e-09
-3.21299075905e-09
-3.19604710907e-09
-4.55879791139e-09
-5.93389470758e-09
0.0
0.0
0.0
0.0
0.0
0.0
0.0
0.0
0.0
0.0
0.0
0.0
0.0
0.0
0.0
0.0
0.0
0.0
0.0
0.0
-2.50096038316e-09
-3.41277350057e-09
-4.31321620806e-09
-5.231491084e-09
-6.13806871184e-09
-4.95650706851e-09
-5.56170453286e-09
-6.16701036813e-09
-6.76510953649e-09
-3.04604805951e-08
-2.50096038316e-09
-3.41277350057e-09
-4.31321620806e-09
-5.231491084e-09
-6.13806871184e-09
-4.95650706851e-09
-5.56170453286e-09
-6.16701036813e-09
-6.76510953649e-09
-3.04604805951e-08
-2.34752510083e-11
-2.82289418165e-12
1.20439707159e-11
2.70138602098e-11
3.59458763605e-11
5.06793759318e-11
7.23949146159e-11
1.04912959174e-10
1.51407946273e-10
1.79077827968e-10
-2.34752510083e-11
-2.82289418165e-12
1.20439707159e-11
2.70138602098e-11
3.59458763605e-11
5.06793759318e-11
7.23949146159e-11
1.04912959174e-10
1.51407946273e-10
1.79077827968e-10
-2.30163474559e-10
-1.85594403764e-10
-1.41581114185e-10
-8.37391691409e-11
-4.35641161977e-11
-1.25243947564e-11
1.89350107589e-11
4.81338448336e-11
1.11486411036e-10
1.75412926924e-10
-2.30163474559e-10
-1.85594403764e-10
-1.41581114185e-10
-8.37391691409e-11
-4.35641161977e-11
-1.25243947564e-11
1.89350107589e-11
4.81338448336e-11
1.11486411036e-10
1.75412926924e-10
-4.18188202354e-10
-3.47477740822e-10
-2.77649046527e-10
-1.81834709423e-10
-1.13987252464e-10
-6.85048773659e-11
-2.24075409352e-11
-2.15622786791e-12
7.61273369695e-11
1.32100259803e-10
-4.18188202354e-10
-3.47477740822e-10
-2.77649046527e-10
-1.81834709423e-10
-1.13987252464e-10
-6.85048773659e-11
-2.24075409352e-11
-2.15622786791e-12
7.61273369695e-11
1.32100259803e-10
-6.2664378181e-10
-5.45915379797e-10
-4.44441995848e-10
-3.02080855575e-10
-2.00312387241e-10
-1.37126114113e-10
-9.36625993456e-11
-6.38021234375e-11
3.27839558554e-11
1.05052569041e-10
-6.2664378181e-10
-5.45915379797e-10
-4.44441995848e-10
-3.02080855575e-10
-2.00312387241e-10
-1.37126114113e-10
-9.36625993456e-11
-6.38021234375e-11
3.27839558554e-11
1.05052569041e-10
-9.79577755509e-10
-7.73124733187e-10
-5.69246202771e-10
-3.61330106982e-10
-1.5606250591e-10
-1.73183554509e-10
-1.45169581286e-10
-1.17150591683e-10
-8.94651913396e-11
-1.82753340626e-09
-9.79577755509e-10
-7.73124733187e-10
-5.69246202771e-10
-3.61330106982e-10
-1.5606250591e-10
-1.73183554509e-10
-1.45169581286e-10
-1.17150591683e-10
-8.94651913396e-11
-1.82753340626e-09
-4.25747181243e-12
6.56185732718e-11
1.00890330657e-10
1.27574795516e-10
1.57694393038e-10
1.99428297838e-10
2.5054434017e-10
3.19569515435e-10
3.91182014577e-10
4.7151998603e-10
-4.25747181243e-12
6.56185732718e-11
1.00890330657e-10
1.27574795516e-10
1.57694393038e-10
1.99428297838e-10
2.5054434017e-10
3.19569515435e-10
3.91182014577e-10
4.7151998603e-10
-1.56485412914e-10
-5.55803008902e-11
4.40665132836e-11
1.29831148836e-10
1.80045975549e-10
2.33947381667e-10
2.88577581752e-10
3.36073333009e-10
4.95647354709e-10
6.5666705517e-10
-1.56485412914e-10
-5.55803008902e-11
4.40665132836e-11
1.29831148836e-10
1.80045975549e-10
2.33947381667e-10
2.88577581752e-10
3.36073333009e-10
4.95647354709e-10
6.5666705517e-10
-3.21570892648e-10
-1.62927875148e-10
-6.26315353293e-12
1.31829633204e-10
1.99843091487e-10
2.64521427345e-10
3.30074270647e-10
3.50691000003e-10
5.88173798825e-10
8.40920283179e-10
-3.21570892648e-10
-1.62927875148e-10
-6.26315353293e-12
1.31829633204e-10
1.99843091487e-10
2.64521427345e-10
3.30074270647e-10
3.50691000003e-10
5.88173798825e-10
8.40920283179e-10
-4.82006923672e-10
-2.94515224238e-10
-6.79575838241e-11
1.34279388237e-10
2.24110523928e-10
3.01999289788e-10
3.11981876393e-10
3.68609430512e-10
7.01593310968e-10
1.05360530275e-09
-4.82006923672e-10
-2.94515224238e-10
-6.79575838241e-11
1.34279388237e-10
2.24110523928e-10
3.01999289788e-10
3.11981876393e-10
3.68609430512e-10
7.01593310968e-10
1.05360530275e-09
-8.11501993793e-10
-4.81507772945e-10
-1.55628616343e-10
1.7670417908e-10
5.04803624267e-10
3.55257304839e-10
4.53225734464e-10
5.51211707007e-10
6.48031075455e-10
1.33571055452e-09
-8.11501993793e-10
-4.81507772945e-10
-1.55628616343e-10
1.7670417908e-10
5.04803624267e-10
3.55257304839e-10
4.53225734464e-10
5.51211707007e-10
6.48031075455e-10
1.33571055452e-09
1.15471347349e-10
2.92690930466e-10
3.99453576381e-10
4.47025815099e-10
5.03818365697e-10
5.66177505253e-10
6.25085317583e-10
6.87071651827e-10
7.78314651466e-10
9.34368315911e-10
1.15471347349e-10
2.92690930466e-10
3.99453576381e-10
4.47025815099e-10
5.03818365697e-10
5.66177505253e-10
6.25085317583e-10
6.87071651827e-10
7.78314651466e-10
9.34368315911e-10
-4.97733230061e-13
1.82911954967e-10
3.64034504171e-10
4.62653210916e-10
5.46733093046e-10
6.31299197786e-10
7.1700870993e-10
9.50184479203e-10
1.29501201286e-09
1.64296355026e-09
-4.97733230061e-13
1.82911954967e-10
3.64034504171e-10
4.62653210916e-10
5.46733093046e-10
6.31299197786e-10
7.1700870993e-10
9.50184479203e-10
1.29501201286e-09
1.64296355026e-09
-1.64423841535e-10
8.56791480973e-11
3.32663325928e-10
4.76494618639e-10
5.84743280127e-10
6.88978411172e-10
7.94622891991e-10
1.18322726916e-09
1.75265824724e-09
2.25507572525e-09
-1.64423841535e-10
8.56791480973e-11
3.32663325928e-10
4.76494618639e-10
5.84743280127e-10
6.88978411172e-10
7.94622891991e-10
1.18322726916e-09
1.75265824724e-09
2.25507572525e-09
-2.67620072484e-10
-3.35094538726e-11
2.94208333243e-10
4.93461505526e-10
6.31336412678e-10
7.59681963064e-10
1.00455895597e-09
1.4688926246e-09
2.31364395389e-09
3.01548302154e-09
-2.67620072484e-10
-3.35094538726e-11
2.94208333243e-10
4.93461505526e-10
6.31336412678e-10
7.59681963064e-10
1.00455895597e-09
1.4688926246e-09
2.31364395389e-09
3.01548302154e-09
-6.50914227472e-10
-2.02882730356e-10
2.39561764691e-10
6.90768332768e-10
1.13622730248e-09
8.60155431543e-10
1.02496175488e-09
1.18979758961e-09
1.3526709173e-09
4.35802785238e-09
-6.50914227472e-10
-2.02882730356e-10
2.39561764691e-10
6.90768332768e-10
1.13622730248e-09
8.60155431543e-10
1.02496175488e-09
1.18979758961e-09
1.3526709173e-09
4.35802785238e-09
3.34281584734e-10
5.12456543661e-10
6.88409641245e-10
8.67847275099e-10
8.38804746395e-10
9.21125441023e-10
1.00455918316e-09
1.04274828879e-09
1.15299011785e-09
1.26423069512e-09
3.34281584734e-10
5.12456543661e-10
6.88409641245e-10
8.67847275099e-10
8.38804746395e-10
9.21125441023e-10
1.00455918316e-09
1.04274828879e-09
1.15299011785e-09
1.26423069512e-09
1.50470568241e-10
4.1372999684e-10
6.73706551395e-10
7.84765710481e-10
9.01620936831e-10
1.01586501021e-09
1.13165376298e-09
1.54453473073e-09
2.06865468093e-09
2.59752295465e-09
1.50470568241e-10
4.1372999684e-10
6.73706551395e-10
7.84765710481e-10
9.01620936831e-10
1.01586501021e-09
1.13165376298e-09
1.54453473073e-09
2.06865468093e-09
2.59752295465e-09
-1.23334749382e-11
3.26286483941e-10
6.60683814671e-10
8.10068959466e-10
9.57258134074e-10
1.09977720006e-09
1.24422324798e-09
1.98897415073e-09
2.87967186538e-09
3.62372641317e-09
-1.23334749382e-11
3.26286483941e-10
6.60683814671e-10
8.10068959466e-10
9.57258134074e-10
1.09977720006e-09
1.24422324798e-09
1.98897415073e-09
2.87967186538e-09
3.62372641317e-09
3.10036082908e-10
1.03760592578e-09
1.57576054993e-09
1.7685794074e-09
2.05641792047e-09
2.44964267662e-09
3.23023331068e-09
4.21581998093e-09
5.25697048476e-09
6.46485103979e-09
3.10036082908e-10
1.03760592578e-09
1.57576054993e-09
1.7685794074e-09
2.05641792047e-09
2.44964267662e-09
3.23023331068e-09
4.21581998093e-09
5.25697048476e-09
6.46485103979e-09
-4.95493861149e-10
6.67767037237e-11
6.22035692781e-10
1.18829090818e-09
1.74733300264e-09
1.34880692478e-09
1.57830042924e-09
1.80783502843e-09
2.03463682825e-09
7.28309289527e-09
-4.95493861149e-10
6.67767037237e-11
6.22035692781e-10
1.18829090818e-09
1.74733300264e-09
1.34880692478e-09
1.57830042924e-09
1.80783502843e-09
2.03463682825e-09
7.28309289527e-09
4.91051222191e-10
7.42598433691e-10
9.91008823784e-10
1.24433867836e-09
1.18960757522e-09
1.29283231369e-09
1.39745274054e-09
1.41521826843e-09
1.54535596038e-09
1.67667264936e-09
4.91051222191e-10
7.42598433691e-10
9.91008823784e-10
1.24433867836e-09
1.18960757522e-09
1.29283231369e-09
1.39745274054e-09
1.41521826843e-09
1.54535596038e-09
1.67667264936e-09
3.08566867885e-10
6.55446158149e-10
9.97999825494e-10
1.34733734999e-09
1.27326488026e-09
1.41858817343e-09
1.56587636412e-09
2.16694734678e-09
2.87882504038e-09
3.59715206986e-09
3.08566867885e-10
6.55446158149e-10
9.97999825494e-10
1.34733734999e-09
1.27326488026e-09
1.41858817343e-09
1.56587636412e-09
2.16694734678e-09
2.87882504038e-09
3.59715206986e-09
1.46937868358e-10
5.7825414267e-10
1.00419185558e-09
1.15939307868e-09
1.34736135043e-09
1.52997193491e-09
1.71505157357e-09
2.83276453046e-09
4.0598976541e-09
5.29814812802e-09
1.46937868358e-10
5.7825414267e-10
1.00419185558e-09
1.15939307868e-09
1.34736135043e-09
1.52997193491e-09
1.71505157357e-09
2.83276453046e-09
4.0598976541e-09
5.29814812802e-09
1.68915416741e-09
2.92795036766e-09
4.14245554247e-09
4.33921974902e-09
5.09533301042e-09
6.11081566195e-09
7.28461727818e-09
8.32681364639e-09
9.6976935607e-09
1.23820246298e-08
1.68915416741e-09
2.92795036766e-09
4.14245554247e-09
4.33921974902e-09
5.09533301042e-09
6.11081566195e-09
7.28461727818e-09
8.32681364639e-09
9.6976935607e-09
1.23820246298e-08
-3.32735291531e-10
3.49168161246e-10
1.02256820293e-09
1.70930411027e-09
2.38729217913e-09
1.86053019479e-09
2.1577650984e-09
2.455053227e-09
2.74880189438e-09
1.03462654619e-08
-3.32735291531e-10
3.49168161246e-10
1.02256820293e-09
1.70930411027e-09
2.38729217913e-09
1.86053019479e-09
2.1577650984e-09
2.455053227e-09
2.74880189438e-09
1.03462654619e-08
6.47667955285e-10
9.72515856155e-10
1.29331286796e-09
1.6204628729e-09
1.54006825053e-09
1.6641766442e-09
1.78996309146e-09
1.78732496161e-09
1.93733911114e-09
2.0887123307e-09
6.47667955285e-10
9.72515856155e-10
1.29331286796e-09
1.6204628729e-09
1.54006825053e-09
1.6641766442e-09
1.78996309146e-09
1.78732496161e-09
1.93733911114e-09
2.0887123307e-09
4.66508969215e-10
8.96926562994e-10
1.32197680202e-09
1.75544464207e-09
1.6445463429e-09
1.82091854293e-09
1.99967544874e-09
2.78875289627e-09
3.68820520484e-09
4.59580620257e-09
4.66508969215e-10
8.96926562994e-10
1.32197680202e-09
1.75544464207e-09
1.6445463429e-09
1.82091854293e-09
1.99967544874e-09
2.78875289627e-09
3.68820520484e-09
4.59580620257e-09
3.06053867267e-10
8.29976046195e-10
1.3473648579e-09
1.87499992333e-09
1.73708408186e-09
1.9597470818e-09
2.18542067947e-09
3.67573192411e-09
5.23897231641e-09
6.81637506051e-09
3.06053867267e-10
8.29976046195e-10
1.3473648579e-09
1.87499992333e-09
1.73708408186e-09
1.9597470818e-09
2.18542067947e-09
3.67573192411e-09
5.23897231641e-09
6.81637506051e-09
4.52444716719e-09
5.92080134782e-09
8.83218411764e-09
9.66217267399e-09
1.11556658617e-08
1.33996845191e-08
1.52798118077e-08
1.7484292076e-08
2.11078971638e-08
2.7116086652e-08
4.52444716719e-09
5.92080134782e-09
8.83218411764e-09
9.66217267399e-09
1.11556658617e-08
1.33996845191e-08
1.52798118077e-08
1.7484292076e-08
2.11078971638e-08
2.7116086652e-08
-1.70135467546e-10
6.31284189887e-10
1.42271005601e-09
2.22980914513e-09
3.02662717512e-09
2.37175435846e-09
2.73666459004e-09
3.10164016502e-09
3.46227040374e-09
1.34064503809e-08
-1.70135467546e-10
6.31284189887e-10
1.42271005601e-09
2.22980914513e-09
3.02662717512e-09
2.37175435846e-09
2.73666459004e-09
3.10164016502e-09
3.46227040374e-09
1.34064503809e-08
8.04122372321e-10
1.20219499444e-09
1.59530360716e-09
1.99619725599e-09
1.89016571181e-09
2.03513611706e-09
2.18206664847e-09
2.15904600704e-09
2.32891601439e-09
2.50032497814e-09
8.04122372321e-10
1.20219499444e-09
1.59530360716e-09
1.99619725599e-09
1.89016571181e-09
2.03513611706e-09
2.18206664847e-09
2.15904600704e-09
2.32891601439e-09
2.50032497814e-09
6.24287380887e-10
1.1381566999e-09
1.64561801195e-09
2.16312897572e-09
2.01544301305e-09
2.22283194115e-09
2.43302494821e-09
3.40991401254e-09
4.49674653558e-09
5.59342533986e-09
6.24287380887e-10
1.1381566999e-09
1.64561801195e-09
2.16312897572e-09
2.01544301305e-09
2.22283194115e-09
2.43302494821e-09
3.40991401254e-09
4.49674653558e-09
5.59342533986e-09
4.65004959903e-10
1.08143706759e-09
1.69018219906e-09
2.31098278463e-09
2.12640290844e-09
2.38907681391e-09
2.65530229941e-09
4.51782567455e-09
6.4168249972e-09
8.33302851738e-09
4.65004959903e-10
1.08143706759e-09
1.69018219906e-09
2.31098278463e-09
2.12640290844e-09
2.38907681391e-09
2.65530229941e-09
4.51782567455e-09
6.4168249972e-09
8.33302851738e-09
1.13175238968e-08
1.24657179655e-08
1.64401132431e-08
1.8091323726e-08
2.0522594879e-08
2.58614450157e-08
3.03518418681e-08
3.49268336235e-08
4.19652624737e-08
5.41466338241e-08
1.13175238968e-08
1.24657179655e-08
1.64401132431e-08
1.8091323726e-08
2.0522594879e-08
2.58614450157e-08
3.03518418681e-08
3.49268336235e-08
4.19652624737e-08
5.41466338241e-08
-7.70416043674e-12
9.13107836221e-10
1.82243720596e-09
2.74977473363e-09
3.66529957055e-09
2.88244869438e-09
3.31496411588e-09
3.74755698664e-09
4.17499948127e-09
1.64634637539e-08
-7.70416043674e-12
9.13107836221e-10
1.82243720596e-09
2.74977473363e-09
3.66529957055e-09
2.88244869438e-09
3.31496411588e-09
3.74755698664e-09
4.17499948127e-09
1.64634637539e-08
0.0
0.0
0.0
0.0
0.0
0.0
0.0
0.0
0.0
0.0
0.0
0.0
0.0
0.0
0.0
0.0
0.0
0.0
0.0
0.0
1.54589026461e-10
-2.87828791382e-10
-7.24729610354e-10
-1.17028271662e-09
-1.00862978639e-09
-1.03740246842e-09
-1.06656418217e-09
-1.27081005557e-09
-1.66671133666e-09
-2.06619932983e-09
1.54589026461e-10
-2.87828791382e-10
-7.24729610354e-10
-1.17028271662e-09
-1.00862978639e-09
-1.03740246842e-09
-1.06656418217e-09
-1.27081005557e-09
-1.66671133666e-09
-2.06619932983e-09
2.96136877769e-10
-4.1679117431e-10
-1.12082893513e-09
-1.83880930422e-09
-1.50790636227e-09
-1.46795123818e-09
-1.427455886e-09
-1.51857854729e-09
-2.12193855708e-09
-2.73076477461e-09
2.96136877769e-10
-4.1679117431e-10
-1.12082893513e-09
-1.83880930422e-09
-1.50790636227e-09
-1.46795123818e-09
-1.427455886e-09
-1.51857854729e-09
-2.12193855708e-09
-2.73076477461e-09
0.0
0.0
0.0
0.0
0.0
0.0
0.0
0.0
0.0
0.0
0.0
0.0
0.0
0.0
0.0
0.0
0.0
0.0
0.0
0.0
4.61232782865e-10
-4.330473746e-10
-1.3161757601e-09
-2.21679342503e-09
-3.10593876446e-09
-6.77945196644e-10
-8.52107317033e-10
-1.02630062412e-09
-1.19842001573e-09
-2.08816157339e-08
4.61232782865e-10
-4.330473746e-10
-1.3161757601e-09
-2.21679342503e-09
-3.10593876446e-09
-6.77945196644e-10
-8.52107317033e-10
-1.02630062412e-09
-1.19842001573e-09
-2.08816157339e-08
-4.45542570336e-11
-3.69414005007e-11
-3.32178079765e-11
-2.43684310432e-11
-2.02756429902e-11
-9.92084065232e-12
-9.95425713597e-13
2.604472918e-11
6.31504149382e-11
7.64929402491e-11
-4.45542570336e-11
-3.69414005007e-11
-3.32178079765e-11
-2.43684310432e-11
-2.02756429902e-11
-9.92084065232e-12
-9.95425713597e-13
2.604472918e-11
6.31504149382e-11
7.64929402491e-11
-1.98519589729e-10
-1.76447976221e-10
-1.54651598161e-10
-1.0516799668e-10
-7.7894253047e-11
-4.90721758112e-11
-1.9860398983e-11
-2.73120029018e-11
2.84467116822e-11
8.47105785999e-11
-1.98519589729e-10
-1.76447976221e-10
-1.54651598161e-10
-1.0516799668e-10
-7.7894253047e-11
-4.90721758112e-11
-1.9860398983e-11
-2.73120029018e-11
2.84467116822e-11
8.47105785999e-11
-3.38292014852e-10
-3.00010943287e-10
-2.62207240896e-10
-1.76733326244e-10
-1.28927879097e-10
-8.37490726662e-11
-3.79594094149e-11
-7.45708227457e-11
-2.29085405879e-12
-6.97249029139e-11
-3.38292014852e-10
-3.00010943287e-10
-2.62207240896e-10
-1.76733326244e-10
-1.28927879097e-10
-8.37490726662e-11
-3.79594094149e-11
-7.45708227457e-11
-2.29085405879e-12
-6.97249029139e-11
-4.91538778093e-10
-4.51475225497e-10
-3.94049641668e-10
-2.64458568935e-10
-1.91485227159e-10
-1.26256236553e-10
-1.04404196702e-10
-1.32500989006e-10
-3.9969160451e-11
-1.53910933826e-10
-4.91538778093e-10
-4.51475225497e-10
-3.94049641668e-10
-2.64458568935e-10
-1.91485227159e-10
-1.26256236553e-10
-1.04404196702e-10
-1.32500989006e-10
-3.9969160451e-11
-1.53910933826e-10
-7.78467344779e-10
-6.30255588992e-10
-4.8389205011e-10
-3.34629960039e-10
-1.87269213179e-10
1.90503086029e-11
7.21177068649e-11
1.2519460775e-10
1.77639584204e-10
-1.580629389e-09
-7.78467344779e-10
-6.30255588992e-10
-4.8389205011e-10
-3.34629960039e-10
-1.87269213179e-10
1.90503086029e-11
7.21177068649e-11
1.2519460775e-10
1.77639584204e-10
-1.580629389e-09
-4.71505044085e-11
-2.53100029098e-11
-6.22828336414e-12
8.16930365112e-12
2.6638377792e-11
4.98882750808e-11
8.78455116868e-11
1.38411316711e-10
1.97477286098e-10
2.47726763736e-10
-4.71505044085e-11
-2.53100029098e-11
-6.22828336414e-12
8.16930365112e-12
2.6638377792e-11
4.98882750808e-11
8.78455116868e-11
1.38411316711e-10
1.97477286098e-10
2.47726763736e-10
-2.37529499897e-10
-1.64143106289e-10
-9.16718490857e-11
-2.59229083712e-11
2.49293765124e-11
6.01142732376e-11
9.57749004176e-11
1.10064274832e-10
2.1572042904e-10
3.22333787037e-10
-2.37529499897e-10
-1.64143106289e-10
-9.16718490857e-11
-2.59229083712e-11
2.49293765124e-11
6.01142732376e-11
9.57749004176e-11
1.10064274832e-10
2.1572042904e-10
3.22333787037e-10
-4.08380970414e-10
-2.87109569283e-10
-1.67350435868e-10
-5.61188675909e-11
2.34156896648e-11
6.91715858908e-11
1.15546141694e-10
8.4956894882e-11
2.3187864136e-10
4.20596726265e-10
-4.08380970414e-10
-2.87109569283e-10
-1.67350435868e-10
-5.61188675909e-11
2.34156896648e-11
6.91715858908e-11
1.15546141694e-10
8.4956894882e-11
2.3187864136e-10
4.20596726265e-10
-5.6578274582e-10
-4.37842652952e-10
-2.60117735794e-10
-9.31332692151e-11
2.15602025613e-11
8.02740981754e-11
1.18836502262e-10
5.41801065562e-11
2.51685482269e-10
5.20127916812e-10
-5.6578274582e-10
-4.37842652952e-10
-2.60117735794e-10
-9.31332692151e-11
2.15602025613e-11
8.02740981754e-11
1.18836502262e-10
5.41801065562e-11
2.51685482269e-10
5.20127916812e-10
-9.15424044209e-10
-6.52042298166e-10
-3.91944951479e-10
-1.26696694401e-10
1.35172754485e-10
9.60513524745e-11
1.74222083545e-10
2.52406812419e-10
3.29660687391e-10
5.5165996598e-10
-9.15424044209e-10
-6.52042298166e-10
-3.91944951479e-10
-1.26696694401e-10
1.35172754485e-10
9.60513524745e-11
1.74222083545e-10
2.52406812419e-10
3.29660687391e-10
5.5165996598e-10
-4.89344902856e-12
8.12263666407e-11
1.28461124031e-10
1.60322865462e-10
1.90375680423e-10
2.27544854947e-10
2.59017691472e-10
2.92793406659e-10
3.34980524855e-10
4.11554957126e-10
-4.89344902856e-12
8.12263666407e-11
1.28461124031e-10
1.60322865462e-10
1.90375680423e-10
2.27544854947e-10
2.59017691472e-10
2.92793406659e-10
3.34980524855e-10
4.11554957126e-10
-2.0577320711e-10
-8.58177230047e-11
3.2641903014e-11
1.16400076944e-10
1.63450789252e-10
2.14713820392e-10
2.6666997237e-10
3.26782521006e-10
5.9588111516e-10
8.67417638234e-10
-2.0577320711e-10
-8.58177230047e-11
3.2641903014e-11
1.16400076944e-10
1.63450789252e-10
2.14713820392e-10
2.6666997237e-10
3.26782521006e-10
5.9588111516e-10
8.67417638234e-10
-4.17608036541e-10
-2.33771059548e-10
-5.22265498868e-11
7.74970356855e-11
1.39603028501e-10
2.03349189786e-10
2.67957254704e-10
3.56887165142e-10
8.26964495145e-10
1.18256902632e-09
-4.17608036541e-10
-2.33771059548e-10
-5.22265498868e-11
7.74970356855e-11
1.39603028501e-10
2.03349189786e-10
2.67957254704e-10
3.56887165142e-10
8.26964495145e-10
1.18256902632e-09
-5.6106131623e-10
-4.1513321402e-10
-1.56258846991e-10
2.98094367232e-11
1.10370289515e-10
1.89418352269e-10
2.31830047245e-10
3.93789632147e-10
1.11022799319e-09
1.62648621767e-09
-5.6106131623e-10
-4.1513321402e-10
-1.56258846991e-10
2.98094367232e-11
1.10370289515e-10
1.89418352269e-10
2.31830047245e-10
3.93789632147e-10
1.11022799319e-09
1.62648621767e-09
-1.04627914324e-09
-6.72858380902e-10
-3.0409421656e-10
7.19728718208e-11
4.43249510029e-10
1.69621898955e-10
2.71777576468e-10
3.73951546698e-10
4.74909051255e-10
2.58895303648e-09
-1.04627914324e-09
-6.72858380902e-10
-3.0409421656e-10
7.19728718208e-11
4.43249510029e-10
1.69621898955e-10
2.71777576468e-10
3.73951546698e-10
4.74909051255e-10
2.58895303648e-09
1.08912192995e-10
1.84334604346e-10
2.58816489928e-10
3.34773398317e-10
3.48844237143e-10
3.99484793806e-10
4.5081005491e-10
4.42207783129e-10
4.68059178528e-10
4.94144777545e-10
1.08912192995e-10
1.84334604346e-10
2.58816489928e-10
3.34773398317e-10
3.48844237143e-10
3.99484793806e-10
4.5081005491e-10
4.42207783129e-10
4.68059178528e-10
4.94144777545e-10
-1.75038769667e-10
-1.00126972455e-11
1.52955481894e-10
2.54143387165e-10
2.97514854062e-10
3.64338656721e-10
4.32065975406e-10
5.36527198207e-10
9.63808974501e-10
1.39496175801e-09
-1.75038769667e-10
-1.00126972455e-11
1.52955481894e-10
2.54143387165e-10
2.97514854062e-10
3.64338656721e-10
4.32065975406e-10
5.36527198207e-10
9.63808974501e-10
1.39496175801e-09
-4.2653819374e-10
-1.82148878655e-10
5.91928747788e-11
2.06813440725e-10
2.5205168619e-10
3.33209221018e-10
4.15464076416e-10
6.20067251562e-10
1.40290165093e-09
1.92002254919e-09
-4.2653819374e-10
-1.82148878655e-10
5.91928747788e-11
2.06813440725e-10
2.5205168619e-10
3.33209221018e-10
4.15464076416e-10
6.20067251562e-10
1.40290165093e-09
1.92002254919e-09
-3.50250211267e-10
-1.9360034091e-10
1.36617870723e-10
2.78549075726e-10
3.86408731408e-10
5.41891762331e-10
8.69536153536e-10
1.38835126724e-09
2.22279214836e-09
3.04466910083e-09
-3.50250211267e-10
-1.9360034091e-10
1.36617870723e-10
2.78549075726e-10
3.86408731408e-10
5.41891762331e-10
8.69536153536e-10
1.38835126724e-09
2.22279214836e-09
3.04466910083e-09
-1.17292358131e-09
-6.93004642838e-10
-2.19070346338e-10
2.64249640263e-10
7.41412958587e-10
2.40825089252e-10
3.66193924578e-10
4.91585209332e-10
6.15483607068e-10
4.56069000364e-09
-1.17292358131e-09
-6.93004642838e-10
-2.19070346338e-10
2.64249640263e-10
7.41412958587e-10
2.40825089252e-10
3.66193924578e-10
4.91585209332e-10
6.15483607068e-10
4.56069000364e-09
1.87994789453e-10
2.9231111786e-10
3.95326610173e-10
5.00382198536e-10
5.14794918069e-10
5.79542910839e-10
6.45166352875e-10
5.98676788896e-10
6.0742116712e-10
6.16244766019e-10
1.87994789453e-10
2.9231111786e-10
3.95326610173e-10
5.00382198536e-10
5.14794918069e-10
5.79542910839e-10
6.45166352875e-10
5.98676788896e-10
6.0742116712e-10
6.16244766019e-10
-1.42853199691e-10
6.93714777777e-11
2.78949690165e-10
4.92678343169e-10
4.37908780172e-10
5.21028059251e-10
6.05271183393e-10
7.56175011771e-10
1.34910862039e-09
1.9474139776e-09
-1.42853199691e-10
6.93714777777e-11
2.78949690165e-10
4.92678343169e-10
4.37908780172e-10
5.21028059251e-10
6.05271183393e-10
7.56175011771e-10
1.34910862039e-09
1.9474139776e-09
-4.35889990075e-10
-1.28089346295e-10
1.75872989587e-10
3.4223554537e-10
3.69809629462e-10
4.69200619274e-10
5.69935461851e-10
8.95673437745e-10
2.00603179329e-09
3.12644956499e-09
-4.35889990075e-10
-1.28089346295e-10
1.75872989587e-10
3.4223554537e-10
3.69809629462e-10
4.69200619274e-10
5.69935461851e-10
8.95673437745e-10
2.00603179329e-09
3.12644956499e-09
-6.29171238854e-11
4.75393383577e-10
9.41087603575e-10
9.41847243506e-10
1.02459250744e-09
1.57085353737e-09
2.23514973081e-09
3.13156537549e-09
3.81010511725e-09
5.42070329899e-09
-6.29171238854e-11
4.75393383577e-10
9.41087603575e-10
9.41847243506e-10
1.02459250744e-09
1.57085353737e-09
2.23514973081e-09
3.13156537549e-09
3.81010511725e-09
5.42070329899e-09
-1.30554756154e-09
-7.14102114512e-10
-1.3003205729e-10
4.65604794306e-10
1.05365425326e-09
3.15390152243e-10
4.65068159211e-10
6.1477296858e-10
7.626954183e-10
6.62552292114e-09
-1.30554756154e-09
-7.14102114512e-10
-1.3003205729e-10
4.65604794306e-10
1.05365425326e-09
3.15390152243e-10
4.65068159211e-10
6.1477296858e-10
7.626954183e-10
6.62552292114e-09
2.67000253157e-10
4.00182317104e-10
5.31703586059e-10
6.65829473167e-10
6.80583739955e-10
7.59425409225e-10
8.39333086546e-10
7.54993183521e-10
7.46647229799e-10
7.38225664972e-10
2.67000253157e-10
4.00182317104e-10
5.31703586059e-10
6.65829473167e-10
6.80583739955e-10
7.59425409225e-10
8.39333086546e-10
7.54993183521e-10
7.46647229799e-10
7.38225664972e-10
-1.10699021724e-10
1.48678225903e-10
4.04821010711e-10
6.6603639064e-10
5.78165773875e-10
6.77564635675e-10
7.78307456678e-10
9.75608593105e-10
1.73403246649e-09
2.4993273661e-09
-1.10699021724e-10
1.48678225903e-10
4.04821010711e-10
6.6603639064e-10
5.78165773875e-10
6.77564635675e-10
7.78307456678e-10
9.75608593105e-10
1.73403246649e-09
2.4993273661e-09
-4.4523266519e-10
-7.40825405887e-11
2.92439301118e-10
6.66219660402e-10
4.87452718203e-10
6.05059379103e-10
7.2425618451e-10
1.17101081302e-09
2.60857367614e-09
4.05916030138e-09
-4.4523266519e-10
-7.40825405887e-11
2.92439301118e-10
6.66219660402e-10
4.87452718203e-10
6.05059379103e-10
7.2425618451e-10
1.17101081302e-09
2.60857367614e-09
4.05916030138e-09
5.69726947025e-10
1.64340632797e-09
2.70348304408e-09
3.09481607042e-09
3.42277249243e-09
3.99542934533e-09
4.67140943831e-09
5.10497199428e-09
6.32948300839e-09
8.72831087223e-09
5.69726947025e-10
1.64340632797e-09
2.70348304408e-09
3.09481607042e-09
3.42277249243e-09
3.99542934533e-09
4.67140943831e-09
5.10497199428e-09
6.32948300839e-09
8.72831087223e-09
-1.43804218773e-09
-7.35179008888e-10
-4.10806112242e-11
6.66763557759e-10
1.36559100519e-09
3.89882488629e-10
5.6384595743e-10
7.37840577358e-10
9.0976364734e-10
8.68834191576e-09
-1.43804218773e-09
-7.35179008888e-10
-4.10806112242e-11
6.66763557759e-10
1.36559100519e-09
3.89882488629e-10
5.6384595743e-10
7.37840577358e-10
9.0976364734e-10
8.68834191576e-09
3.45923836366e-10
5.07941719687e-10
6.67939222174e-10
8.31105279852e-10
8.46200739919e-10
9.3912147914e-10
1.0332985877e-09
9.11147573354e-10
8.85728999941e-10
8.60080144109e-10
3.45923836366e-10
5.07941719687e-10
6.67939222174e-10
8.31105279852e-10
8.46200739919e-10
9.3912147914e-10
1.0332985877e-09
9.11147573354e-10
8.85728999941e-10
8.60080144109e-10
-7.85781680345e-11
2.27902781287e-10
5.30561879446e-10
8.39214771518e-10
7.18277406594e-10
8.33938979115e-10
9.51164396854e-10
1.19481475561e-09
2.11855738127e-09
3.05066875693e-09
-7.85781680345e-11
2.27902781287e-10
5.30561879446e-10
8.39214771518e-10
7.18277406594e-10
8.33938979115e-10
9.51164396854e-10
1.19481475561e-09
2.11855738127e-09
3.05066875693e-09
-4.54565657647e-10
-2.01317070102e-11
4.08884804458e-10
8.46397464136e-10
6.04973882792e-10
7.40777336235e-10
8.78416970674e-10
1.44606283132e-09
3.21049109044e-09
4.99090438543e-09
-4.54565657647e-10
-2.01317070102e-11
4.08884804458e-10
8.46397464136e-10
6.04973882792e-10
7.40777336235e-10
8.78416970674e-10
1.44606283132e-09
3.21049109044e-09
4.99090438543e-09
1.9044109973e-09
2.72605659795e-09
4.47017996315e-09
5.23497046558e-09
6.13187601494e-09
7.11033192709e-09
7.91301540969e-09
9.09806080161e-09
1.16370491844e-08
1.59596987279e-08
1.9044109973e-09
2.72605659795e-09
4.47017996315e-09
5.23497046558e-09
6.13187601494e-09
7.11033192709e-09
7.91301540969e-09
9.09806080161e-09
1.16370491844e-08
1.59596987279e-08
-1.57039949779e-09
-7.56234059375e-10
4.77786464285e-11
8.67713842227e-10
1.6772044689e-09
4.64297621883e-10
6.625213833e-10
8.60780640064e-10
1.0566794563e-09
1.07490230248e-08
-1.57039949779e-09
-7.56234059375e-10
4.77786464285e-11
8.67713842227e-10
1.6772044689e-09
4.64297621883e-10
6.625213833e-10
8.60780640064e-10
1.0566794563e-09
1.07490230248e-08
0.0
0.0
0.0
0.0
0.0
0.0
0.0
0.0
0.0
0.0
0.0
0.0
0.0
0.0
0.0
0.0
0.0
0.0
0.0
0.0
-1.28051088495e-10
-4.71304081832e-10
-8.1027667257e-10
-1.15596220161e-09
-1.16025859287e-09
-1.19584102218e-09
-1.23190455693e-09
-1.19108505161e-09
-1.64667662763e-09
-2.10639568668e-09
-1.28051088495e-10
-4.71304081832e-10
-8.1027667257e-10
-1.15596220161e-09
-1.16025859287e-09
-1.19584102218e-09
-1.23190455693e-09
-1.19108505161e-09
-1.64667662763e-09
-2.10639568668e-09
-1.9198336445e-10
-7.76857069666e-10
-1.35443733542e-09
-1.94345587315e-09
-1.91644775948e-09
-1.92142182353e-09
-1.92646314127e-09
-1.59243780549e-09
-2.28657034242e-09
-2.98699145097e-09
-1.9198336445e-10
-7.76857069666e-10
-1.35443733542e-09
-1.94345587315e-09
-1.91644775948e-09
-1.92142182353e-09
-1.92646314127e-09
-1.59243780549e-09
-2.28657034242e-09
-2.98699145097e-09
0.0
0.0
0.0
0.0
0.0
0.0
0.0
0.0
0.0
0.0
0.0
0.0
0.0
0.0
0.0
0.0
0.0
0.0
0.0
0.0
8.35813852176e-10
-5.42673140497e-10
-1.90397024869e-09
-3.29222618405e-09
-4.66279811811e-09
-2.50284895932e-10
8.23838180165e-10
1.89815359632e-09
2.95967839836e-09
-1.03059208809e-08
8.35813852176e-10
-5.42673140497e-10
-1.90397024869e-09
-3.29222618405e-09
-4.66279811811e-09
-2.50284895932e-10
8.23838180165e-10
1.89815359632e-09
2.95967839836e-09
-1.03059208809e-08
-5.45085509243e-11
-5.18326990829e-11
-4.90290637019e-11
-4.25938218531e-11
-4.25175078142e-11
-3.9586478845e-11
-3.80131867985e-11
-2.05272422271e-11
7.01359027546e-12
3.04855460935e-11
-5.45085509243e-11
-5.18326990829e-11
-4.90290637019e-11
-4.25938218531e-11
-4.25175078142e-11
-3.9586478845e-11
-3.80131867985e-11
-2.05272422271e-11
7.01359027546e-12
3.04855460935e-11
-2.22451044347e-10
-2.23000811467e-10
-2.2354372293e-10
-1.94645349159e-10
-1.80946761231e-10
-1.60493052466e-10
-1.39762791741e-10
-1.25898885673e-10
-8.71256827581e-11
-4.80012096587e-11
-2.22451044347e-10
-2.23000811467e-10
-2.2354372293e-10
-1.94645349159e-10
-1.80946761231e-10
-1.60493052466e-10
-1.39762791741e-10
-1.25898885673e-10
-8.71256827581e-11
-4.80012096587e-11
-3.71055573193e-10
-3.74606853864e-10
-3.78113849675e-10
-3.29319559058e-10
-3.03555528543e-10
-2.6758173196e-10
-2.31121538308e-10
-2.19228055583e-10
-1.70506181731e-10
-1.56213244156e-10
-3.71055573193e-10
-3.74606853864e-10
-3.78113849675e-10
-3.29319559058e-10
-3.03555528543e-10
-2.6758173196e-10
-2.31121538308e-10
-2.19228055583e-10
-1.70506181731e-10
-1.56213244156e-10
-5.84753784642e-10
-5.60446518738e-10
-5.67586908265e-10
-4.94404074418e-10
-4.53850146538e-10
-3.98851726177e-10
-3.67345965279e-10
-3.33631554182e-10
-2.7271453531e-10
-2.63706487027e-10
-5.84753784642e-10
-5.60446518738e-10
-5.67586908265e-10
-4.94404074418e-10
-4.53850146538e-10
-3.98851726177e-10
-3.67345965279e-10
-3.33631554182e-10
-2.7271453531e-10
-2.63706487027e-10
-6.90949327213e-10
-7.11023441212e-10
-7.308472288e-10
-7.51063602298e-10
-7.71022453846e-10
-2.04915564743e-10
-2.35715028571e-11
1.57805031777e-10
3.37022128662e-10
-8.07133606828e-10
-6.90949327213e-10
-7.11023441212e-10
-7.308472288e-10
-7.51063602298e-10
-7.71022453846e-10
-2.04915564743e-10
-2.35715028571e-11
1.57805031777e-10
3.37022128662e-10
-8.07133606828e-10
-5.44304700361e-11
-4.36031232203e-11
-3.28032077451e-11
-2.2025897546e-11
-1.33542379523e-11
-2.35060942414e-12
1.77801286838e-11
5.87299465725e-11
1.09891799105e-10
1.5102725672e-10
-5.44304700361e-11
-4.36031232203e-11
-3.28032077451e-11
-2.2025897546e-11
-1.33542379523e-11
-2.35060942414e-12
1.77801286838e-11
5.87299465725e-11
1.09891799105e-10
1.5102725672e-10
-2.32879942507e-10
-1.95569341865e-10
-1.58724008518e-10
-1.04813255435e-10
-7.27566326805e-11
-4.61122941431e-11
-1.91077009377e-11
-8.22173269767e-12
8.51667492908e-11
1.79401294715e-10
-2.32879942507e-10
-1.95569341865e-10
-1.58724008518e-10
-1.04813255435e-10
-7.27566326805e-11
-4.61122941431e-11
-1.91077009377e-11
-8.22173269767e-12
8.51667492908e-11
1.79401294715e-10
-3.90838695032e-10
-3.30167992665e-10
-2.70253860632e-10
-1.78139200993e-10
-1.25370182297e-10
-8.48726434657e-11
-4.38275426302e-11
-6.75217914798e-11
6.32674194554e-11
2.17507293318e-10
-3.90838695032e-10
-3.30167992665e-10
-2.70253860632e-10
-1.78139200993e-10
-1.25370182297e-10
-8.48726434657e-11
-4.38275426302e-11
-6.75217914798e-11
6.32674194554e-11
2.17507293318e-10
-5.73742589475e-10
-4.95159887193e-10
-4.069678729e-10
-2.68022618129e-10
-1.89864210859e-10
-1.32385329732e-10
-1.04762354479e-10
-1.40212186116e-10
3.64230796571e-11
2.55783678026e-10
-5.73742589475e-10
-4.95159887193e-10
-4.069678729e-10
-2.68022618129e-10
-1.89864210859e-10
-1.32385329732e-10
-1.04762354479e-10
-1.40212186116e-10
3.64230796571e-11
2.55783678026e-10
-8.59619508976e-10
-7.29622053102e-10
-6.01245679807e-10
-4.70326969178e-10
-3.41075938544e-10
-1.99903357584e-10
-1.1718965346e-10
-3.44611380355e-11
4.72824259475e-11
2.42251260239e-10
-8.59619508976e-10
-7.29622053102e-10
-6.01245679807e-10
-4.70326969178e-10
-3.41075938544e-10
-1.99903357584e-10
-1.1718965346e-10
-3.44611380355e-11
4.72824259475e-11
2.42251260239e-10
-4.977097473e-11
-1.44217396896e-11
1.04640595135e-11
2.93038437501e-11
4.47123138057e-11
7.68874533876e-11
1.20686303048e-10
1.57144222742e-10
1.99608929991e-10
2.60144211982e-10
-4.977097473e-11
-1.44217396896e-11
1.04640595135e-11
2.93038437501e-11
4.47123138057e-11
7.68874533876e-11
1.20686303048e-10
1.57144222742e-10
1.99608929991e-10
2.60144211982e-10
-2.56965899801e-10
-1.76788585557e-10
-9.76110912451e-11
-3.62588336325e-11
-5.89545750896e-12
1.66338670123e-11
3.94678076274e-11
7.36321809587e-11
2.68192176975e-10
4.64514811114e-10
-2.56965899801e-10
-1.76788585557e-10
-9.76110912451e-11
-3.62588336325e-11
-5.89545750896e-12
1.66338670123e-11
3.94678076274e-11
7.36321809587e-11
2.68192176975e-10
4.64514811114e-10
-4.49470686092e-10
-3.20599220469e-10
-1.93334796203e-10
-9.43286336e-11
-5.07194835305e-11
-3.67335952058e-11
-2.25586054873e-11
-3.35627477915e-13
3.28937338589e-10
6.734728181e-10
-4.49470686092e-10
-3.20599220469e-10
-1.93334796203e-10
-9.43286336e-11
-5.07194835305e-11
-3.67335952058e-11
-2.25586054873e-11
-3.35627477915e-13
3.28937338589e-10
6.734728181e-10
-6.10295285272e-10
-4.96883224554e-10
-3.10673531312e-10
-1.65510969044e-10
-1.05665063815e-10
-1.02151774699e-10
-1.3711110637e-10
-9.10058442712e-11
4.033991496e-10
9.1144989435e-10
-6.10295285272e-10
-4.96883224554e-10
-3.10673531312e-10
-1.65510969044e-10
-1.05665063815e-10
-1.02151774699e-10
-1.3711110637e-10
-9.10058442712e-11
4.033991496e-10
9.1144989435e-10
-1.02077521315e-09
-7.47392072464e-10
-4.77418049625e-10
-2.02097520883e-10
6.97158961885e-11
-1.95114450821e-10
-2.06636992795e-10
-2.18161598077e-10
-2.29548993396e-10
1.24488465658e-09
-1.02077521315e-09
-7.47392072464e-10
-4.77418049625e-10
-2.02097520883e-10
6.97158961885e-11
-1.95114450821e-10
-2.06636992795e-10
-2.18161598077e-10
-2.29548993396e-10
1.24488465658e-09
-2.51841771387e-11
1.38206440367e-11
5.23390708001e-11
9.16203079772e-11
1.00910397584e-10
1.53575790433e-10
2.06953265273e-10
2.52391720134e-10
2.86439139211e-10
3.20795014704e-10
-2.51841771387e-11
1.38206440367e-11
5.23390708001e-11
9.16203079772e-11
1.00910397584e-10
1.53575790433e-10
2.06953265273e-10
2.52391720134e-10
2.86439139211e-10
3.20795014704e-10
-2.80276818133e-10
-1.58612157228e-10
-3.84646680314e-11
3.00896410596e-11
5.8814255915e-11
7.73609795168e-11
9.61584709784e-11
1.52852195889e-10
4.45328204637e-10
7.40453932617e-10
-2.80276818133e-10
-1.58612157228e-10
-3.84646680314e-11
3.00896410596e-11
5.8814255915e-11
7.73609795168e-11
9.61584709784e-11
1.52852195889e-10
4.45328204637e-10
7.40453932617e-10
-5.06216014443e-10
-3.11338352633e-10
-1.18890836711e-10
-1.32149262208e-11
2.15291018657e-11
9.85643270508e-12
-1.9740611112e-12
6.4688617272e-11
5.86058519729e-10
1.11476626477e-09
-5.06216014443e-10
-3.11338352633e-10
-1.18890836711e-10
-1.32149262208e-11
2.15291018657e-11
9.85643270508e-12
-1.9740611112e-12
6.4688617272e-11
5.86058519729e-10
1.11476626477e-09
-5.55696073335e-10
-5.02950954037e-10
-2.40053311621e-10
-3.16921035715e-11
1.25622907732e-10
2.07319427269e-10
3.85623614831e-10
6.24225537392e-10
1.32245143176e-09
1.90568436928e-09
-5.55696073335e-10
-5.02950954037e-10
-2.40053311621e-10
-3.16921035715e-11
1.25622907732e-10
2.07319427269e-10
3.85623614831e-10
6.24225537392e-10
1.32245143176e-09
1.90568436928e-09
-1.1767452422e-09
-7.64590287386e-10
-3.57574950211e-10
5.75008287795e-11
4.67289253735e-10
-1.90479641704e-10
-2.93206091829e-10
-3.95950936877e-10
-4.97472519515e-10
2.21525527271e-09
-1.1767452422e-09
-7.64590287386e-10
-3.57574950211e-10
5.75008287795e-11
4.67289253735e-10
-1.90479641704e-10
-2.93206091829e-10
-3.95950936877e-10
-4.97472519515e-10
2.21525527271e-09
-1.00648934656e-11
4.3396497489e-11
9.61912190155e-11
1.50031475543e-10
1.59761884987e-10
2.3388498246e-10
3.09010288782e-10
3.52136346928e-10
3.7736905391e-10
4.02830359434e-10
-1.00648934656e-11
4.3396497489e-11
9.61912190155e-11
1.50031475543e-10
1.59761884987e-10
2.3388498246e-10
3.09010288782e-10
3.52136346928e-10
3.7736905391e-10
4.02830359434e-10
-3.04688366079e-10
-1.39577525244e-10
2.34743652366e-11
1.89755299334e-10
1.2657925124e-10
1.40955334633e-10
1.55525795197e-10
2.35812599471e-10
6.30827744833e-10
1.02942157424e-09
-3.04688366079e-10
-1.39577525244e-10
2.34743652366e-11
1.89755299334e-10
1.2657925124e-10
1.40955334633e-10
1.55525795197e-10
2.35812599471e-10
6.30827744833e-10
1.02942157424e-09
-5.65640584679e-10
-3.01640231094e-10
-4.09319909676e-11
7.17285808736e-11
9.71889184917e-11
5.86462179861e-11
1.95823865934e-11
1.32782994581e-10
8.55319728222e-10
1.5844023645e-09
-5.65640584679e-10
-3.01640231094e-10
-4.09319909676e-11
7.17285808736e-11
9.71889184917e-11
5.86462179861e-11
1.95823865934e-11
1.32782994581e-10
8.55319728222e-10
1.5844023645e-09
-3.84639375617e-10
-1.48775211054e-10
2.06240846883e-10
3.20891908427e-10
4.77629755371e-10
7.04270599576e-10
1.2391762459e-09
1.9043057641e-09
2.45207204119e-09
3.23755414939e-09
-3.84639375617e-10
-1.48775211054e-10
2.06240846883e-10
3.20891908427e-10
4.77629755371e-10
7.04270599576e-10
1.2391762459e-09
1.9043057641e-09
2.45207204119e-09
3.23755414939e-09
-1.34007942698e-09
-7.82600519421e-10
-2.32073435186e-10
3.29356165796e-10
8.83634115885e-10
-1.85625999159e-10
-3.83862567972e-10
-5.82134634425e-10
-7.78046107839e-10
3.23144212915e-09
-1.34007942698e-09
-7.82600519421e-10
-2.32073435186e-10
3.29356165796e-10
8.83634115885e-10
-1.85625999159e-10
-3.83862567972e-10
-5.82134634425e-10
-7.78046107839e-10
3.23144212915e-09
5.03964370141e-12
7.29435043031e-11
1.40000596291e-10
2.08385672114e-10
2.18555971932e-10
3.14115845378e-10
4.10967771561e-10
4.51783688375e-10
4.68210280641e-10
4.84785691463e-10
5.03964370141e-12
7.29435043031e-11
1.40000596291e-10
2.08385672114e-10
2.18555971932e-10
3.14115845378e-10
4.10967771561e-10
4.51783688375e-10
4.68210280641e-10
4.84785691463e-10
-3.29076104362e-10
-1.20561458579e-10
8.53529866256e-11
2.95345316011e-10
1.94278152366e-10
2.04487663361e-10
2.14835215838e-10
3.18692088102e-10
8.16146359121e-10
1.31810737295e-09
-3.29076104362e-10
-1.20561458579e-10
8.53529866256e-11
2.95345316011e-10
1.94278152366e-10
2.04487663361e-10
2.14835215838e-10
3.18692088102e-10
8.16146359121e-10
1.31810737295e-09
-6.25007195504e-10
-2.91951568561e-10
3.69508180648e-11
3.72366714891e-10
1.72774940752e-10
1.07388416431e-10
4.11178093409e-11
2.00810956432e-10
1.12431831435e-09
2.05619229083e-09
-6.25007195504e-10
-2.91951568561e-10
3.69508180648e-11
3.72366714891e-10
1.72774940752e-10
1.07388416431e-10
4.11178093409e-11
2.00810956432e-10
1.12431831435e-09
2.05619229083e-09
-1.66187209394e-10
3.38434781119e-10
6.31218578766e-10
5.70697762302e-10
6.48031811165e-10
1.09187699049e-09
1.67819129477e-09
1.97778844885e-09
2.46030512688e-09
3.98374753529e-09
-1.66187209394e-10
3.38434781119e-10
6.31218578766e-10
5.70697762302e-10
6.48031811165e-10
1.09187699049e-09
1.67819129477e-09
1.97778844885e-09
2.46030512688e-09
3.98374753529e-09
-1.5032543047e-09
-8.00593185281e-10
-1.06694327341e-10
6.00946350277e-10
1.29957289847e-09
-1.80777090586e-10
-4.74430622844e-10
-7.68136738777e-10
-1.05834604033e-09
4.24663785359e-09
-1.5032543047e-09
-8.00593185281e-10
-1.06694327341e-10
6.00946350277e-10
1.29957289847e-09
-1.80777090586e-10
-4.74430622844e-10
-7.68136738777e-10
-1.05834604033e-09
4.24663785359e-09
2.0128526673e-11
1.02459888887e-10
1.83764569954e-10
2.66679390963e-10
2.77289125256e-10
3.94263557811e-10
5.12819586596e-10
5.51327756287e-10
5.58957360408e-10
5.66656085784e-10
2.0128526673e-11
1.02459888887e-10
1.83764569954e-10
2.66679390963e-10
2.77289125256e-10
3.94263557811e-10
5.12819586596e-10
5.51327756287e-10
5.58957360408e-10
5.66656085784e-10
-3.5343856743e-10
-1.01565099981e-10
1.47167477613e-10
4.00825900222e-10
2.61906891011e-10
2.67954147802e-10
2.74083168772e-10
4.01485681237e-10
1.001272911e-09
1.6064939805e-09
-3.5343856743e-10
-1.01565099981e-10
1.47167477613e-10
4.00825900222e-10
2.61906891011e-10
2.67954147802e-10
2.74083168772e-10
4.01485681237e-10
1.001272911e-09
1.6064939805e-09
-6.8431227935e-10
-2.82272947264e-10
1.14752910112e-10
5.19641379852e-10
2.48282626393e-10
1.56080098936e-10
6.26309129858e-11
2.68768414765e-10
1.39303811295e-09
2.52749325867e-09
-6.8431227935e-10
-2.82272947264e-10
1.14752910112e-10
5.19641379852e-10
2.48282626393e-10
1.56080098936e-10
6.26309129858e-11
2.68768414765e-10
1.39303811295e-09
2.52749325867e-09
1.72294134354e-10
9.47902862983e-10
2.01726433926e-09
2.45920577875e-09
2.94040969243e-09
3.35854116515e-09
3.89857631483e-09
3.95711542992e-09
4.66852323054e-09
6.7405881583e-09
1.72294134354e-10
9.47902862983e-10
2.01726433926e-09
2.45920577875e-09
2.94040969243e-09
3.35854116515e-09
3.89857631483e-09
3.95711542992e-09
4.66852323054e-09
6.7405881583e-09
-1.66626006956e-09
-8.18567203717e-10
1.8554838816e-11
8.72255061333e-10
1.71508060615e-09
-1.75933207375e-10
-5.64904813865e-10
-9.53946072357e-10
-1.3383554727e-09
5.26078143906e-09
-1.66626006956e-09
-8.18567203717e-10
1.8554838816e-11
8.72255061333e-10
1.71508060615e-09
-1.75933207375e-10
-5.64904813865e-10
-9.53946072357e-10
-1.3383554727e-09
5.26078143906e-09
0.0
0.0
0.0
0.0
0.0
0.0
0.0
0.0
0.0
0.0
0.0
0.0
0.0
0.0
0.0
0.0
0.0
0.0
0.0
0.0
2.76901177494e-10
1.42388470205e-10
9.55315117755e-12
-1.25912809161e-10
-3.89793727682e-10
-4.92924711049e-10
-5.97450115152e-10
-6.14256090564e-10
-8.43173448632e-10
-1.0741647092e-09
2.76901177494e-10
1.42388470205e-10
9.55315117755e-12
-1.25912809161e-10
-3.89793727682e-10
-4.92924711049e-10
-5.97450115152e-10
-6.14256090564e-10
-8.43173448632e-10
-1.0741647092e-09
4.66801173806e-10
2.08000632674e-10
-4.75726372319e-11
-3.08207223711e-10
-7.21865304984e-10
-8.41144384232e-10
-9.62036220541e-10
-8.23537666606e-10
-1.15327039405e-09
-1.48599037216e-09
4.66801173806e-10
2.08000632674e-10
-4.75726372319e-11
-3.08207223711e-10
-7.21865304984e-10
-8.41144384232e-10
-9.62036220541e-10
-8.23537666606e-10
-1.15327039405e-09
-1.48599037216e-09
0.0
0.0
0.0
0.0
0.0
0.0
0.0
0.0
0.0
0.0
0.0
0.0
0.0
0.0
0.0
0.0
0.0
0.0
0.0
0.0
2.84201921303e-10
-1.31717135618e-09
-2.89857533269e-09
-4.51129708416e-09
-6.10347552453e-09
-1.7926248047e-09
-9.05650620376e-10
-1.85176081895e-11
8.58053351305e-10
-1.03756039786e-08
2.84201921303e-10
-1.31717135618e-09
-2.89857533269e-09
-4.51129708416e-09
-6.10347552453e-09
-1.7926248047e-09
-9.05650620376e-10
-1.85176081895e-11
8.58053351305e-10
-1.03756039786e-08
-4.29492381287e-11
-4.10925345192e-11
-4.20519757891e-11
-3.97328433309e-11
-3.94239475424e-11
-4.00925345036e-11
-4.11695687054e-11
-2.89870588482e-11
-4.94025768688e-13
5.15401997463e-12
-4.29492381287e-11
-4.10925345192e-11
-4.20519757891e-11
-3.97328433309e-11
-3.94239475424e-11
-4.00925345036e-11
-4.11695687054e-11
-2.89870588482e-11
-4.94025768688e-13
5.15401997463e-12
-1.79490931047e-10
-1.80429832595e-10
-1.81357025937e-10
-1.6761582799e-10
-1.5607912597e-10
-1.39112592252e-10
-1.21916656218e-10
-1.27389976608e-10
-9.35078359931e-11
-5.9318736322e-11
-1.79490931047e-10
-1.80429832595e-10
-1.81357025937e-10
-1.6761582799e-10
-1.5607912597e-10
-1.39112592252e-10
-1.21916656218e-10
-1.27389976608e-10
-9.35078359931e-11
-5.9318736322e-11
-3.02932889611e-10
-3.03842868033e-10
-3.04741498925e-10
-2.80883614403e-10
-2.59402284006e-10
-2.26816071973e-10
-1.93789265965e-10
-2.14546846624e-10
-1.75891496478e-10
-2.23662669159e-10
-3.02932889611e-10
-3.03842868033e-10
-3.04741498925e-10
-2.80883614403e-10
-2.59402284006e-10
-2.26816071973e-10
-1.93789265965e-10
-2.14546846624e-10
-1.75891496478e-10
-2.23662669159e-10
-4.70030606195e-10
-4.55123363087e-10
-4.55986981942e-10
-4.19727997747e-10
-3.86056477728e-10
-3.34323563243e-10
-2.97965773205e-10
-3.21384300192e-10
-2.76877919007e-10
-3.55405611387e-10
-4.70030606195e-10
-4.55123363087e-10
-4.55986981942e-10
-4.19727997747e-10
-3.86056477728e-10
-3.34323563243e-10
-2.97965773205e-10
-3.21384300192e-10
-2.76877919007e-10
-3.55405611387e-10
-7.43509828114e-10
-8.41204353561e-10
-9.37680617527e-10
-1.03606747611e-09
-1.13320105474e-09
-4.78944998324e-10
-2.93836587929e-10
-1.08695030715e-10
7.42422630398e-11
-1.12987878019e-09
-7.43509828114e-10
-8.41204353561e-10
-9.37680617527e-10
-1.03606747611e-09
-1.13320105474e-09
-4.78944998324e-10
-2.93836587929e-10
-1.08695030715e-10
7.42422630398e-11
-1.12987878019e-09
-5.46757188969e-11
-5.31788771294e-11
-5.48784200941e-11
-4.92415882344e-11
-4.21360967519e-11
-3.34992436186e-11
-2.46499355821e-11
9.56711324507e-12
5.39229704067e-11
7.99477205026e-11
-5.46757188969e-11
-5.31788771294e-11
-5.48784200941e-11
-4.92415882344e-11
-4.21360967519e-11
-3.34992436186e-11
-2.46499355821e-11
9.56711324507e-12
5.39229704067e-11
7.99477205026e-11
-2.29911154002e-10
-2.16093400164e-10
-2.02447955237e-10
-1.61297258164e-10
-1.3025934928e-10
-1.00024962165e-10
-6.9381779798e-11
-7.36031175565e-11
-1.06880268361e-11
5.27970502108e-11
-2.29911154002e-10
-2.16093400164e-10
-2.02447955237e-10
-1.61297258164e-10
-1.3025934928e-10
-1.00024962165e-10
-6.9381779798e-11
-7.36031175565e-11
-1.06880268361e-11
5.27970502108e-11
-3.87969774269e-10
-3.60389120565e-10
-3.33152400649e-10
-2.60546565816e-10
-2.08311372947e-10
-1.58947741449e-10
-1.0891667065e-10
-1.47268179124e-10
-6.79149101083e-11
2.90117938649e-11
-3.87969774269e-10
-3.60389120565e-10
-3.33152400649e-10
-2.60546565816e-10
-2.08311372947e-10
-1.58947741449e-10
-1.0891667065e-10
-1.47268179124e-10
-6.79149101083e-11
2.90117938649e-11
-5.84849023911e-10
-5.37267745574e-10
-4.93370753089e-10
-3.82207007454e-10
-3.0398804712e-10
-2.31175664442e-10
-1.61796308679e-10
-2.37567286851e-10
-1.38063992829e-10
-3.14951775057e-13
-5.84849023911e-10
-5.37267745574e-10
-4.93370753089e-10
-3.82207007454e-10
-3.0398804712e-10
-2.31175664442e-10
-1.61796308679e-10
-2.37567286851e-10
-1.38063992829e-10
-3.14951775057e-13
-8.57046969901e-10
-7.88621581113e-10
-7.21049464452e-10
-6.52139164521e-10
-5.84106663708e-10
-3.33815344485e-10
-2.26246024146e-10
-1.18657441686e-10
-1.23497903382e-11
-1.0845111492e-10
-8.57046969901e-10
-7.88621581113e-10
-7.21049464452e-10
-6.52139164521e-10
-5.84106663708e-10
-3.33815344485e-10
-2.26246024146e-10
-1.18657441686e-10
-1.23497903382e-11
-1.0845111492e-10
-5.032422451e-11
-3.70472984285e-11
-2.56730704725e-11
-1.56564723903e-11
-1.32904608503e-12
1.92958522941e-11
4.88342520852e-11
9.17332737987e-11
1.32830351023e-10
1.67745837203e-10
-5.032422451e-11
-3.70472984285e-11
-2.56730704725e-11
-1.56564723903e-11
-1.32904608503e-12
1.92958522941e-11
4.88342520852e-11
9.17332737987e-11
1.32830351023e-10
1.67745837203e-10
-2.51689367213e-10
-1.92406127273e-10
-1.33862155859e-10
-8.06308682762e-11
-5.15829225554e-11
-2.82082873946e-11
-4.51760680379e-12
8.06643963813e-12
1.67237335668e-10
3.27850258298e-10
-2.51689367213e-10
-1.92406127273e-10
-1.33862155859e-10
-8.06308682762e-11
-5.15829225554e-11
-2.82082873946e-11
-4.51760680379e-12
8.06643963813e-12
1.67237335668e-10
3.27850258298e-10
-4.31599383454e-10
-3.30009661393e-10
-2.29686774344e-10
-1.38179618918e-10
-9.60934988576e-11
-7.02833825474e-11
-4.41242909804e-11
-6.60384706184e-11
1.97712093497e-10
4.67860596895e-10
-4.31599383454e-10
-3.30009661393e-10
-2.29686774344e-10
-1.38179618918e-10
-9.60934988576e-11
-7.02833825474e-11
-4.41242909804e-11
-6.60384706184e-11
1.97712093497e-10
4.67860596895e-10
-5.7869606486e-10
-4.98684961281e-10
-3.47149209907e-10
-2.08723248737e-10
-1.50654850454e-10
-1.21859305638e-10
-1.14351986692e-10
-1.56876747707e-10
2.35068248255e-10
6.40653943384e-10
-5.7869606486e-10
-4.98684961281e-10
-3.47149209907e-10
-2.08723248737e-10
-1.50654850454e-10
-1.21859305638e-10
-1.14351986692e-10
-1.56876747707e-10
2.35068248255e-10
6.40653943384e-10
-9.65525883266e-10
-7.3838144007e-10
-5.14069513075e-10
-2.85315362235e-10
-5.94751472202e-11
-1.95151406872e-10
-1.61666708537e-10
-1.28176014195e-10
-9.50840542859e-11
8.67470609594e-10
-9.65525883266e-10
-7.3838144007e-10
-5.14069513075e-10
-2.85315362235e-10
-5.94751472202e-11
-1.95151406872e-10
-1.61666708537e-10
-1.28176014195e-10
-9.50840542859e-11
8.67470609594e-10
-4.57655195948e-11
-2.14348023554e-11
2.59250816281e-12
2.70956502301e-11
3.81649135643e-11
7.03921053578e-11
1.03055036859e-10
1.71255488132e-10
2.09198646579e-10
2.47485555329e-10
-4.57655195948e-11
-2.14348023554e-11
2.59250816281e-12
2.70956502301e-11
3.81649135643e-11
7.03921053578e-11
1.03055036859e-10
1.71255488132e-10
2.09198646579e-10
2.47485555329e-10
-2.7276680015e-10
-1.6948106446e-10
-6.74833132605e-11
-2.56016492411e-12
2.45618507527e-11
4.12974673507e-11
5.82593640641e-11
8.71080303366e-11
3.39437408266e-10
5.94052792519e-10
-2.7276680015e-10
-1.6948106446e-10
-6.74833132605e-11
-2.56016492411e-12
2.45618507527e-11
4.12974673507e-11
5.82593640641e-11
8.71080303366e-11
3.39437408266e-10
5.94052792519e-10
-4.73825077212e-10
-3.00607753753e-10
-1.29550469378e-10
-1.97502008585e-11
1.25134236911e-11
1.552793083e-11
1.85831967316e-11
1.25774248606e-11
4.54791740047e-10
8.92588104416e-10
-4.73825077212e-10
-3.00607753753e-10
-1.29550469378e-10
-1.97502008585e-11
1.25134236911e-11
1.552793083e-11
1.85831967316e-11
1.25774248606e-11
4.54791740047e-10
8.92588104416e-10
-4.44973270722e-10
-4.0678702547e-10
-2.69241444537e-10
-1.003781188e-10
-3.4517462489e-11
-6.23628406427e-11
-7.07597028966e-13
2.31607534223e-10
7.0485211822e-10
1.25788611305e-09
-4.44973270722e-10
-4.0678702547e-10
-2.69241444537e-10
-1.003781188e-10
-3.4517462489e-11
-6.23628406427e-11
-7.07597028966e-13
2.31607534223e-10
7.0485211822e-10
1.25788611305e-09
-1.07051415753e-09
-6.89757928429e-10
-3.13749771405e-10
6.97047680891e-11
4.48274753945e-10
-6.09494033602e-11
-9.91654289004e-11
-1.37388297672e-10
-1.75156091558e-10
1.81198908322e-09
-1.07051415753e-09
-6.89757928429e-10
-3.13749771405e-10
6.97047680891e-11
4.48274753945e-10
-6.09494033602e-11
-9.91654289004e-11
-1.37388297672e-10
-1.75156091558e-10
1.81198908322e-09
-4.28336985081e-11
-5.0851591964e-12
3.21926516763e-11
7.02087040797e-11
7.95235883191e-11
1.23900878102e-10
1.68878187502e-10
2.54532359522e-10
2.89172686293e-10
3.24126840994e-10
-4.28336985081e-11
-5.0851591964e-12
3.21926516763e-11
7.02087040797e-11
7.95235883191e-11
1.23900878102e-10
1.68878187502e-10
2.54532359522e-10
2.89172686293e-10
3.24126840994e-10
-2.94839408246e-10
-1.45473590279e-10
2.02961950236e-12
1.52453950262e-10
1.04301814572e-10
1.14084950035e-10
1.24000362011e-10
1.69881585352e-10
5.19767941304e-10
8.72824131972e-10
-2.94839408246e-10
-1.45473590279e-10
2.02961950236e-12
1.52453950262e-10
1.04301814572e-10
1.14084950035e-10
1.24000362011e-10
1.69881585352e-10
5.19767941304e-10
8.72824131972e-10
-5.18044465442e-10
-2.69817629237e-10
-2.46862089946e-11
1.04270885566e-10
1.2624824354e-10
1.05390842318e-10
8.42514308616e-11
9.49051853724e-11
7.24009452885e-10
1.35881316113e-09
-5.18044465442e-10
-2.69817629237e-10
-2.46862089946e-11
1.04270885566e-10
1.2624824354e-10
1.05390842318e-10
8.42514308616e-11
9.49051853724e-11
7.24009452885e-10
1.35881316113e-09
-4.14286202245e-10
-3.17484314668e-10
-7.88576066999e-11
6.34576681845e-11
1.06780840992e-10
1.79092995656e-10
4.74881165148e-10
8.42981618504e-10
1.2778862514e-09
1.84370190515e-09
-4.14286202245e-10
-3.17484314668e-10
-7.88576066999e-11
6.34576681845e-11
1.06780840992e-10
1.79092995656e-10
4.74881165148e-10
8.42981618504e-10
1.2778862514e-09
1.84370190515e-09
-1.1804594739e-09
-6.38838648083e-10
-1.03971893566e-10
4.41487243989e-10
9.79998166982e-10
7.95889742544e-11
-3.37131390011e-11
-1.47035540933e-10
-2.59008745885e-10
2.80110318313e-09
-1.1804594739e-09
-6.38838648083e-10
-1.03971893566e-10
4.41487243989e-10
9.79998166982e-10
7.95889742544e-11
-3.37131390011e-11
-1.47035540933e-10
-2.59008745885e-10
2.80110318313e-09
-3.99047369562e-11
1.12485374323e-11
6.17639248604e-11
1.13279707861e-10
1.20841924129e-10
1.77357461374e-10
2.34637137915e-10
3.37728007296e-10
3.69068723789e-10
4.00693375022e-10
-3.99047369562e-11
1.12485374323e-11
6.17639248604e-11
1.13279707861e-10
1.20841924129e-10
1.77357461374e-10
2.34637137915e-10
3.37728007296e-10
3.69068723789e-10
4.00693375022e-10
-3.16890487951e-10
-1.21489531649e-10
7.14747532269e-11
2.68260460169e-10
1.83964004478e-10
1.86801439867e-10
1.89677239854e-10
2.52574407657e-10
6.99922589996e-10
1.15132357341e-09
-3.16890487951e-10
-1.21489531649e-10
7.14747532269e-11
2.68260460169e-10
1.83964004478e-10
1.86801439867e-10
1.89677239854e-10
2.52574407657e-10
6.99922589996e-10
1.15132357341e-09
-5.62220724547e-10
-2.39057535692e-10
8.00757726372e-11
4.05529126498e-10
2.39872132787e-10
1.95166106533e-10
1.49855615858e-10
1.77152647978e-10
9.92964585779e-10
1.8161674634e-09
-5.62220724547e-10
-2.39057535692e-10
8.00757726372e-11
4.05529126498e-10
2.39872132787e-10
1.95166106533e-10
1.49855615858e-10
1.77152647978e-10
9.92964585779e-10
1.8161674634e-09
-3.32380235878e-10
-2.55101887382e-11
3.98475051919e-10
4.75929756414e-10
5.47411584439e-10
8.26707185998e-10
1.30797370137e-09
1.73751156868e-09
2.03031289167e-09
2.94030306801e-09
-3.32380235878e-10
-2.55101887382e-11
3.98475051919e-10
4.75929756414e-10
5.47411584439e-10
8.26707185998e-10
1.30797370137e-09
1.73751156868e-09
2.03031289167e-09
2.94030306801e-09
-1.29029755573e-09
-5.87969031563e-10
1.05601378629e-10
8.12907103993e-10
1.51120296665e-09
2.19990278573e-10
3.16753123846e-11
-1.56673374811e-10
-3.4277961501e-10
3.7892525563e-09
-1.29029755573e-09
-5.87969031563e-10
1.05601378629e-10
8.12907103993e-10
1.51120296665e-09
2.19990278573e-10
3.16753123846e-11
-1.56673374811e-10
-3.4277961501e-10
3.7892525563e-09
-3.69788109515e-11
2.75653059768e-11
9.13045506647e-11
1.56306073272e-10
1.62117438017e-10
2.30758642762e-10
3.00327936391e-10
4.20837431909e-10
4.48881957809e-10
4.7718055624e-10
-3.69788109515e-11
2.75653059768e-11
9.13045506647e-11
1.56306073272e-10
1.62117438017e-10
2.30758642762e-10
3.00327936391e-10
4.20837431909e-10
4.48881957809e-10
4.7718055624e-10
-3.38918714132e-10
-9.75303298639e-11
1.4084791469e-10
3.83946949335e-10
2.63543633265e-10
2.59442567037e-10
2.55286050821e-10
3.35181527926e-10
8.79890528163e-10
1.42953438073e-09
-3.38918714132e-10
-9.75303298639e-11
1.4084791469e-10
3.83946949335e-10
2.63543633265e-10
2.59442567037e-10
2.55286050821e-10
3.35181527926e-10
8.79890528163e-10
1.42953438073e-09
-6.06351199806e-10
-2.08329321608e-10
1.8472917997e-10
5.85571725276e-10
3.53378263341e-10
2.84848328537e-10
2.15391809315e-10
2.59314870113e-10
1.26164097619e-09
2.27304776814e-09
-6.06351199806e-10
-2.08329321608e-10
1.8472917997e-10
5.85571725276e-10
3.53378263341e-10
2.84848328537e-10
2.15391809315e-10
2.59314870113e-10
1.26164097619e-09
2.27304776814e-09
-2.80134142506e-10
3.86422625257e-10
5.92556406745e-10
3.49581867951e-10
3.17952968412e-10
5.99153853216e-10
1.10554822591e-09
9.23520010787e-10
1.52832985086e-09
3.09582680088e-09
-2.80134142506e-10
3.86422625257e-10
5.92556406745e-10
3.49581867951e-10
3.17952968412e-10
5.99153853216e-10
1.10554822591e-09
9.23520010787e-10
1.52832985086e-09
3.09582680088e-09
-1.40002180245e-09
-5.37152135818e-10
3.14957451124e-10
1.18394202807e-09
2.04185723084e-09
3.60246072345e-10
9.69959958153e-11
-1.66301220131e-10
-4.2646366482e-10
4.77637782108e-09
-1.40002180245e-09
-5.37152135818e-10
3.14957451124e-10
1.18394202807e-09
2.04185723084e-09
3.60246072345e-10
9.69959958153e-11
-1.66301220131e-10
-4.2646366482e-10
4.77637782108e-09
