114.30229604
49.4357670012
-14.6218692832
-79.9480888443
15.8450246892
15.5486027414
15.2481729107
1.31297926228
1.60351779157
1.89668848728
114.30229604
49.4357670012
-14.6218692832
-79.9480888443
15.8450246892
15.5486027414
15.2481729107
1.31297926228
1.60351779157
1.89668848728
79.2460980421
32.187388758
-14.284493243
-61.6766941282
-16.0856576509
3.07025667828
22.4851756568
8.08030970748
-41.511733925
-91.5530622434
79.2460980421
32.187388758
-14.284493243
-61.6766941282
-16.0856576509
3.07025667828
22.4851756568
8.08030970748
-41.511733925
-91.5530622434
48.1963226722
16.9102537427
-13.9856744646
-45.4934588082
-44.3671191522
-7.98199269191
28.8950923747
14.0742309589
-79.6995283025
-174.322841462
48.1963226722
16.9102537427
-13.9856744646
-45.4934588082
-44.3671191522
-7.98199269191
28.8950923747
14.0742309589
-79.6995283025
-174.322841462
10.1353077025
-1.81655692129
-13.6193804781
-25.6559445451
-79.0347171214
-21.5299112747
36.7524096419
21.4216182994
-126.510373023
-275.782570827
10.1353077025
-1.81655692129
-13.6193804781
-25.6559445451
-79.0347171214
-21.5299112747
36.7524096419
21.4216182994
-126.510373023
-275.782570827
167.306629084
88.1682462017
10.0167276623
-69.6824862842
-148.36646884
54.6328769282
-65.0958069072
-184.845930206
-303.170329183
-12.8495692585
167.306629084
88.1682462017
10.0167276623
-69.6824862842
-148.36646884
54.6328769282
-65.0958069072
-184.845930206
-303.170329183
-12.8495692585
-3.0710397406
-0.602754395958
1.83475115883
4.3205285351
-1.71364625944
-0.873420986731
-0.0218351363784
-0.062063493878
0.255451004356
0.575842060828
-3.0710397406
-0.602754395958
1.83475115883
4.3205285351
-1.71364625944
-0.873420986731
-0.0218351363784
-0.062063493878
0.255451004356
0.575842060828
6.81201199814
3.24513354439
-0.277265542544
-3.86942144279
0.733880352074
0.915106875958
1.09878374032
1.10133248939
-3.86922699334
-8.88481781764
6.81201199814
3.24513354439
-0.277265542544
-3.86942144279
0.733880352074
0.915106875958
1.09878374032
1.10133248939
-3.86922699334
-8.88481781764
3.86907759013
1.93262944653
0.0203290243714
0.233386015168
0.617643367387
0.63051310399
0.643556850643
1.91200630206
-7.56811828199
-17.1341291188
3.86907759013
1.93262944653
0.0203290243714
0.233386015168
0.617643367387
0.63051310399
0.643556850643
1.91200630206
-7.56811828199
-17.1341291188
9.58223973322
6.13738120517
2.73548044202
-0.733790812251
19.3085921058
5.80871293257
-7.87369636747
2.28485643057
0.880442269996
-0.536695338311
9.58223973322
6.13738120517
2.73548044202
-0.733790812251
19.3085921058
5.80871293257
-7.87369636747
2.28485643057
0.880442269996
-0.536695338311
16.1522117677
9.63706699806
3.20316680061
-3.35814893491
-9.83588475326
9.27828246759
-11.9506243144
-33.1833324943
-54.1632477113
-1.11435898786
16.1522117677
9.63706699806
3.20316680061
-3.35814893491
-9.83588475326
9.27828246759
-11.9506243144
-33.1833324943
-54.1632477113
-1.11435898786
-1.3733070769
-0.212238651959
0.934351121965
2.10364770646
-0.789799795986
-0.344725252683
0.106367086168
0.0615579604635
0.163700358546
0.26676812715
-1.3733070769
-0.212238651959
0.934351121965
2.10364770646
-0.789799795986
-0.344725252683
0.106367086168
0.0615579604635
0.163700358546
0.26676812715
-1.19019202654
0.0477185730294
1.27019229121
2.51687560882
2.59203004446
0.677015262412
-1.26389218774
0.330325320905
0.289354096302
0.24801168829
-1.19019202654
0.0477185730294
1.27019229121
2.51687560882
2.59203004446
0.677015262412
-1.26389218774
0.330325320905
0.289354096302
0.24801168829
-1.02800441051
0.277966400877
1.56765161254
-2.34460935765
5.587365046
1.58198543292
-2.47755040178
0.568376411582
0.400647406885
0.231398842442
-1.02800441051
0.277966400877
1.56765161254
-2.34460935765
5.587365046
1.58198543292
-2.47755040178
0.568376411582
0.400647406885
0.231398842442
-0.829193784402
0.560205673722
1.93227916772
3.33152490205
9.25906601563
2.69130370646
-3.9652604706
0.860180974348
0.537071465019
0.211034708823
-0.829193784402
0.560205673722
1.93227916772
3.33152490205
9.25906601563
2.69130370646
-3.9652604706
0.860180974348
0.537071465019
0.211034708823
-0.546673420987
0.961282535133
2.45043411455
3.96907652284
5.46837402963
4.26770335832
-6.07937477892
-16.428305737
-26.6540241074
0.182096203153
-0.546673420987
0.961282535133
2.45043411455
3.96907652284
5.46837402963
4.26770335832
-6.07937477892
-16.428305737
-26.6540241074
0.182096203153
0.248789372262
0.160879103993
0.0740650864422
-0.0144681767318
0.0928880971037
0.160416393719
0.228857731731
0.179671917046
0.0760373242181
-0.0285361578365
0.248789372262
0.160879103993
0.0740650864422
-0.0144681767318
0.0928880971037
0.160416393719
0.228857731731
0.179671917046
0.0760373242181
-0.0285361578365
-3.46174022825
-1.49804634756
0.441160054356
2.41877007143
-0.0537176876485
0.00976924296979
0.0741145721963
-0.0494082120516
0.120783799481
0.292517684647
-3.46174022825
-1.49804634756
0.441160054356
2.41877007143
-0.0537176876485
0.00976924296979
0.0741145721963
-0.0494082120516
0.120783799481
0.292517684647
-6.74820930298
-2.96738031893
0.766301311651
-1.5546093046
-0.183568525572
-0.123661090551
-0.0629436548202
-0.252307754967
0.160416391858
0.576879659418
-6.74820930298
-2.96738031893
0.766301311651
-1.5546093046
-0.183568525572
-0.123661090551
-0.0629436548202
-0.252307754967
0.160416391858
0.576879659418
-10.7767842978
-4.76849938062
1.16486156253
7.21572547493
-0.342740520446
-0.287220854221
-0.230950513744
-0.501023323701
0.208998279286
0.925452402685
-10.7767842978
-4.76849938062
1.16486156253
7.21572547493
-0.342740520446
-0.287220854221
-0.230950513744
-0.501023323701
0.208998279286
0.925452402685
-16.5016013957
-7.32798436301
1.73123665588
10.9698644864
20.0908080322
-0.519647886805
-0.46969710274
-0.419737374135
-0.370372457445
1.4207926168
-16.5016013957
-7.32798436301
1.73123665588
10.9698644864
20.0908080322
-0.519647886805
-0.46969710274
-0.419737374135
-0.370372457445
1.4207926168
1.81868993267
0.521990660873
-0.758538628322
-2.06442723665
0.947172821506
0.649303570669
0.347406868074
0.293985197694
-0.00880488525101
-0.31433812894
1.81868993267
0.521990660873
-0.758538628322
-2.06442723665
0.947172821506
0.649303570669
0.347406868074
0.293985197694
-0.00880488525101
-0.31433812894
-5.66019445499
-2.99407157858
-0.361195547805
2.3238213782
-2.61433043634
-0.636006105588
1.36906689352
-0.416922663182
-0.042362235135
0.335591565154
-5.66019445499
-2.99407157858
-0.361195547805
2.3238213782
-2.61433043634
-0.636006105588
1.36906689352
-0.416922663182
-0.042362235135
0.335591565154
-12.2843491984
-6.10829813352
-0.00926310506143
6.21055586564
-5.76880475044
-1.77442324742
2.27396577321
-1.04658391139
-0.0720844593179
0.911243579923
-12.2843491984
-6.10829813352
-0.00926310506143
6.21055586564
-5.76880475044
-1.77442324742
2.27396577321
-1.04658391139
-0.0720844593179
0.911243579923
-20.4042808192
-9.92573713635
0.422137953786
10.974940076
-9.6355797161
-3.16990232449
3.38319665798
-1.81842673177
-0.108518153478
1.61688153351
-20.4042808192
-9.92573713635
0.422137953786
10.974940076
-9.6355797161
-3.16990232449
3.38319665798
-1.81842673177
-0.108518153478
1.61688153351
-31.9431310174
-15.3505188772
1.03518156373
17.7453807961
34.2427207295
-5.15295153929
4.95947212582
15.0737065929
25.0675227282
2.6196302044
-31.9431310174
-15.3505188772
1.03518156373
17.7453807961
34.2427207295
-5.15295153929
4.95947212582
15.0737065929
25.0675227282
2.6196302044
3.46271365813
0.900152171237
-1.63045389193
-4.21117551849
1.84179276791
1.16127365224
0.471553325305
0.413695802466
-0.0976529363979
-0.61363429656
3.46271365813
0.900152171237
-1.63045389193
-4.21117551849
1.84179276791
1.16127365224
0.471553325305
0.413695802466
-0.0976529363979
-0.61363429656
-7.96244913228
-4.56073193637
-1.2014345282
2.22438966367
-5.29584302173
-1.31227186478
2.72516064448
-0.801789381713
-0.213211242
0.380699187437
-7.96244913228
-4.56073193637
-1.2014345282
2.22438966367
-5.29584302173
-1.31227186478
2.72516064448
-0.801789381713
-0.213211242
0.380699187437
-18.0818790324
-9.3975150031
-0.821445948895
7.92446168215
-11.6177490068
-3.50312646557
4.72121284146
-1.87836197341
-0.315562884104
1.26139455898
-18.0818790324
-9.3975150031
-0.821445948895
7.92446168215
-11.6177490068
-3.50312646557
4.72121284146
-1.87836197341
-0.315562884104
1.26139455898
-30.4863414905
-15.3264748914
-0.355653496844
14.9116467371
-19.3671821499
-6.18869016976
7.16798650227
-3.19803160195
-0.441026187329
2.34095662732
-30.4863414905
-15.3264748914
-0.355653496844
14.9116467371
-19.3671821499
-6.18869016976
7.16798650227
-3.19803160195
-0.441026187329
2.34095662732
-48.11373551
-23.7518389431
0.306262092913
24.8408044467
49.0628187801
-10.0050175389
10.6449806518
31.2986765771
51.7064731595
3.87507114548
-48.11373551
-23.7518389431
0.306262092913
24.8408044467
49.0628187801
-10.0050175389
10.6449806518
31.2986765771
51.7064731595
3.87507114548
5.10513389451
1.27794484395
-2.50151873801
-6.35582998176
2.7355401519
1.67274438675
0.595578697005
0.53328964819
-0.18641433011
-0.912638547388
5.10513389451
1.27794484395
-2.50151873801
-6.35582998176
2.7355401519
1.67274438675
0.595578697005
0.53328964819
-0.18641433011
-0.912638547388
-10.2624583187
-6.12586426101
-2.04085398635
2.12505492929
-7.97474020927
-1.98787803206
4.07993173721
-1.18628072271
-0.38389361227
0.425762814261
-10.2624583187
-6.12586426101
-2.04085398635
2.12505492929
-7.97474020927
-1.98787803206
4.07993173721
-1.18628072271
-0.38389361227
0.425762814261
-23.8737542791
-12.683523754
-1.63283663487
9.6366958505
-17.4609885292
-5.230143603
7.16607300138
-2.7093287655
-0.558803833612
1.61120402029
-23.8737542791
-12.683523754
-1.63283663487
9.6366958505
-17.4609885292
-5.230143603
7.16607300138
-2.7093287655
-0.558803833612
1.61120402029
-40.558568682
-20.7219450679
-1.13268633307
18.8445137539
-29.0892929213
-9.20453365771
10.9490848736
-4.57629088248
-0.773209911386
3.06432549865
-40.558568682
-20.7219450679
-1.13268633307
18.8445137539
-29.0892929213
-9.20453365771
10.9490848736
-4.57629088248
-0.773209911386
3.06432549865
-64.2685680968
-32.1449648299
-0.421946430496
31.9293076167
63.8684621334
-14.8523511039
16.3249438499
47.5078216303
78.319441444
5.12928759948
-64.2685680968
-32.1449648299
-0.421946430496
31.9293076167
63.8684621334
-14.8523511039
16.3249438499
47.5078216303
78.319441444
5.12928759948
6.74585194255
1.65534597601
-3.37168082096
-8.49826174601
3.6283612648
2.18368503796
0.719475530015
0.652759548016
-0.275083732378
-1.21133291312
6.74585194255
1.65534597601
-3.37168082096
-8.49826174601
3.6283612648
2.18368503796
0.719475530015
0.652759548016
-0.275083732378
-1.21133291312
-12.5600837981
-7.68937449773
-2.87940347834
2.02582314446
-10.6508610138
-2.66278400768
5.43329875835
-1.57037358062
-0.554399088993
0.47077973758
-12.5600837981
-7.68937449773
-2.87940347834
2.02582314446
-10.6508610138
-2.66278400768
5.43329875835
-1.57037358062
-0.554399088993
0.47077973758
-29.6596268826
-15.9661269173
-2.44338640344
11.347155476
-23.2981721749
-6.95537087668
9.60839933202
-3.53943435169
-0.801792690567
1.96065094249
-29.6596268826
-15.9661269173
-2.44338640344
11.347155476
-23.2981721749
-6.95537087668
9.60839933202
-3.53943435169
-0.801792690567
1.96065094249
-50.6203571153
-26.1118234317
-1.90891386001
22.7733047857
-38.8013277917
-12.2172515548
14.7262645514
-5.9531217485
-1.10504936346
3.78694467753
-50.6203571153
-26.1118234317
-1.90891386001
22.7733047857
-38.8013277917
-12.2172515548
14.7262645514
-5.9531217485
-1.10504936346
3.78694467753
-80.4066579722
-40.5293921626
-1.14940024568
39.0104643309
78.658761062
-19.6946609395
21.9990203894
63.7001676832
104.904828307
6.38220419575
-80.4066579722
-40.5293921626
-1.14940024568
39.0104643309
78.658761062
-19.6946609395
21.9990203894
63.7001676832
104.904828307
6.38220419575
75.3475251731
33.3125432551
-8.19825781286
-50.5311296142
8.68974498474
8.46784654601
8.24294784708
1.08115263718
0.762664982218
0.441291952593
75.3475251731
33.3125432551
-8.19825781286
-50.5311296142
8.68974498474
8.46784654601
8.24294784708
1.08115263718
0.762664982218
0.441291952593
52.3456599277
21.5519330626
-8.85779264008
-39.8697458321
-7.15851257915
2.17491343721
11.6345355041
5.55887868163
-26.3577010152
-58.5634325484
52.3456599277
21.5519330626
-8.85779264008
-39.8697458321
-7.15851257915
2.17491343721
11.6345355041
5.55887868163
-26.3577010152
-58.5634325484
31.9725792819
11.1353926063
-9.44195205848
-30.4268059109
-21.1955407072
-3.39882731629
14.6385131431
9.52486460672
-50.3785966129
-110.824759964
31.9725792819
11.1353926063
-9.44195205848
-30.4268059109
-21.1955407072
-3.39882731629
14.6385131431
9.52486460672
-50.3785966129
-110.824759964
6.99912558692
-1.63326988843
-10.1580184423
-18.8515892332
-38.402220348
-10.2311546916
18.3208083136
14.3863957407
-79.8235654101
-174.887032279
6.99912558692
-1.63326988843
-10.1580184423
-18.8515892332
-38.402220348
-10.2311546916
18.3208083136
14.3863957407
-79.8235654101
-174.887032279
109.551790065
59.1647024753
9.40594741243
-41.3382190425
-91.4359917861
26.1670385879
-31.7501014934
-89.6776126267
-146.9154488
-6.36713983712
109.551790065
59.1647024753
9.40594741243
-41.3382190425
-91.4359917861
26.1670385879
-31.7501014934
-89.6776126267
-146.9154488
-6.36713983712
-1.48087214983
-0.174030458514
1.11651477311
2.43261767738
-0.603013481997
-0.211126554985
0.186059024671
0.125047425293
0.275555393204
0.427426904945
-1.48087214983
-0.174030458514
1.11651477311
2.43261767738
-0.603013481997
-0.211126554985
0.186059024671
0.125047425293
0.275555393204
0.427426904945
4.67438024626
2.29241884988
-0.0598392257787
0.284257143003
0.598829588336
0.68526848031
0.772876101403
0.871535110894
-2.35853798126
-5.61787428316
4.67438024626
2.29241884988
-0.0598392257787
0.284257143003
0.598829588336
0.68526848031
0.772876101403
0.871535110894
-2.35853798126
-5.61787428316
2.69719141948
1.40336361724
0.125669990072
0.293729559492
0.540381629841
0.556878821162
0.57359906888
1.42133518438
-4.67669566212
-0.689128529526
2.69719141948
1.40336361724
0.125669990072
0.293729559492
0.540381629841
0.556878821162
0.57359906888
1.42133518438
-4.67669566212
-0.689128529526
6.44637071878
4.29701055044
2.17445313991
0.00986107135384
9.60688785896
3.06287347629
-3.56962168161
1.54842598206
0.694388661903
-0.167385905217
6.44637071878
4.29701055044
2.17445313991
0.00986107135384
9.60688785896
3.06287347629
-3.56962168161
1.54842598206
0.694388661903
-0.167385905217
10.5624391313
6.61851261277
2.72376729189
-1.24810870485
-5.16938980871
4.76283503099
-5.51968666372
-15.8040496194
-25.9659687228
-0.476231018186
10.5624391313
6.61851261277
2.72376729189
-1.24810870485
-5.16938980871
4.76283503099
-5.51968666372
-15.8040496194
-25.9659687228
-0.476231018186
-0.654356732757
-0.0198856850445
0.606673438887
1.24564080128
-0.221739813854
-0.0135468433806
0.19746107742
0.159058567252
0.20306501945
0.247470153042
-0.654356732757
-0.0198856850445
0.606673438887
1.24564080128
-0.221739813854
-0.0135468433806
0.19746107742
0.159058567252
0.20306501945
0.247470153042
-0.592136209776
0.164711156399
0.912120552635
-0.925670697478
1.45582714437
0.520698958962
-0.427072974147
0.353697699871
0.292785580724
0.231321621397
-0.592136209776
0.164711156399
0.912120552635
-0.925670697478
1.45582714437
0.520698958962
-0.427072974147
0.353697699871
0.292785580724
0.231321621397
-0.537026603708
0.328211215963
1.18265942481
-1.09888419955
2.94167216452
0.99388809818
-0.980231705535
0.52609236019
0.372252363567
0.269905146345
-0.537026603708
0.328211215963
1.18265942481
-1.09888419955
2.94167216452
0.99388809818
-0.980231705535
0.52609236019
0.372252363567
0.269905146345
-0.469472893043
0.528630643815
1.51428771974
2.51946453063
4.76303057631
1.57392639787
-1.65829724724
0.737414847033
0.469663258664
0.199485944726
-0.469472893043
0.528630643815
1.51428771974
2.51946453063
4.76303057631
1.57392639787
-1.65829724724
0.737414847033
0.469663258664
0.199485944726
-0.373475514729
0.813437199184
1.98554898095
3.18087300549
4.36097065059
2.39819135005
-2.62186406965
-7.64281841593
-12.6039941454
0.174571067331
-0.373475514729
0.813437199184
1.98554898095
3.18087300549
4.36097065059
2.39819135005
-2.62186406965
-7.64281841593
-12.6039941454
0.174571067331
0.13533633959
0.127391736807
0.119546204094
0.111545300185
0.14254761283
0.175230433204
0.20835515378
0.191554468276
0.133804186824
0.0755307102146
0.13533633959
0.127391736807
0.119546204094
0.111545300185
0.14254761283
0.175230433204
0.20835515378
0.191554468276
0.133804186824
0.0755307102146
-2.29196176873
-0.949280530609
0.376657324731
-0.225541790188
0.13999862649
0.167181587327
0.194732085474
0.114480716673
0.174574300201
0.235212308295
-2.29196176873
-0.949280530609
0.376657324731
-0.225541790188
0.13999862649
0.167181587327
0.194732085474
0.114480716673
0.174574300201
0.235212308295
-4.44185437897
-1.90290453889
0.604384317295
-0.550154106759
0.137740952875
0.16005260955
0.18266593926
0.0462153938246
0.21068497205
0.252206029151
-4.44185437897
-1.90290453889
0.604384317295
-0.550154106759
0.137740952875
0.16005260955
0.18266593926
0.0462153938246
0.21068497205
0.252206029151
-7.07720661086
-3.07186300066
0.883533533986
4.91726186774
0.134973481992
0.151313862598
0.167875179385
-0.0374646793445
0.254949666573
0.550013173081
-7.07720661086
-3.07186300066
0.883533533986
4.91726186774
0.134973481992
0.151313862598
0.167875179385
-0.0374646793445
0.254949666573
0.550013173081
-10.8221808351
-4.73301449896
1.28021926297
7.41253777781
13.4667410648
0.138895643245
0.146856731141
0.154819244606
0.162686957758
0.796379067262
-10.8221808351
-4.73301449896
1.28021926297
7.41253777781
13.4667410648
0.138895643245
0.146856731141
0.154819244606
0.162686957758
0.796379067262
0.89961863456
0.269930059494
-0.351906229752
-0.986057227487
0.495112983155
0.357933226527
0.218898680087
0.223004714811
0.0667720322252
-0.0908760578851
0.89961863456
0.269930059494
-0.351906229752
-0.986057227487
0.495112983155
0.357933226527
0.218898680087
0.223004714811
0.0667720322252
-0.0908760578851
-3.93709026833
-2.02742614558
-0.141575744578
1.78162162112
-1.1334891052
-0.17496028724
0.796528675355
-0.117038732232
0.0601668273067
0.238977800503
-3.93709026833
-2.02742614558
-0.141575744578
1.78162162112
-1.1334891052
-0.17496028724
0.796528675355
-0.117038732232
0.0601668273067
0.238977800503
-8.22103243946
-4.06222735579
0.0447169708609
-0.0190810743072
-2.5759652406
-0.646951685148
1.30814381402
-0.418220071041
0.0543165029504
0.531134075075
-8.22103243946
-4.06222735579
0.0447169708609
-0.0190810743072
-2.5759652406
-0.646951685148
1.30814381402
-0.418220071041
0.0543165029504
0.531134075075
-13.4723163912
-6.55649980701
0.273075783335
7.23790277981
-4.34416179367
-1.22552178581
1.93528495174
-0.787410099259
0.0471451376104
0.889261121325
-13.4723163912
-6.55649980701
0.273075783335
7.23790277981
-4.34416179367
-1.22552178581
1.93528495174
-0.787410099259
0.0471451376104
0.889261121325
-20.9346672699
-10.1009922377
0.597585674745
11.5080358605
22.2795056101
-2.04770034991
2.82648551587
7.70154418778
12.5185612517
1.39817850284
-20.9346672699
-10.1009922377
0.597585674745
11.5080358605
22.2795056101
-2.04770034991
2.82648551587
7.70154418778
12.5185612517
1.39817850284
1.69998666905
0.41919835724
-0.845618383382
-2.1354832753
0.864324797077
0.549262368324
0.22994002107
0.255939890947
-0.00342505879297
-0.265139754408
1.69998666905
0.41919835724
-0.845618383382
-2.1354832753
0.864324797077
0.549262368324
0.22994002107
0.255939890947
-0.00342505879297
-0.265139754408
-5.65989383497
-3.15647661871
-0.684277290614
1.83688092679
-2.46710481168
-0.533256457993
1.42673921009
-0.359489417646
-0.0596424170177
0.24292108117
-5.65989383497
-3.15647661871
-0.684277290614
1.83688092679
-2.46710481168
-0.533256457993
1.42673921009
-0.359489417646
-0.0596424170177
0.24292108117
-12.1786451385
-6.32350302598
-0.541375179878
0.537066676267
-5.417799608
-1.49205884702
2.48676134894
-0.904583948114
-0.109434934302
0.692917821254
-12.1786451385
-6.32350302598
-0.541375179878
0.537066676267
-5.417799608
-1.49205884702
2.48676134894
-0.904583948114
-0.109434934302
0.692917821254
-20.1693725429
-10.2056644284
-0.366204850588
9.66811321092
-9.03478032608
-2.6673650013
3.78614332559
-1.5727643403
-0.170470923232
1.24452672845
-20.1693725429
-10.2056644284
-0.366204850588
9.66811321092
-9.03478032608
-2.6673650013
3.78614332559
-1.5727643403
-0.170470923232
1.24452672845
-31.5246167491
-15.7224201056
-0.117278593176
15.7969036941
31.5083665741
-4.33753690476
5.63263350294
15.6045892398
25.4578205908
2.02839201763
-31.5246167491
-15.7224201056
-0.117278593176
15.7969036941
31.5083665741
-4.33753690476
5.63263350294
15.6045892398
25.4578205908
2.02839201763
2.49957406918
0.568321067013
-1.33884899771
-3.28378823704
1.23317650238
0.740404898346
0.240970592946
0.288842943949
-0.073553683483
-0.43923348384
2.49957406918
0.568321067013
-1.33884899771
-3.28378823704
1.23317650238
0.740404898346
0.240970592946
0.288842943949
-0.073553683483
-0.43923348384
-7.38101707508
-4.28442587897
-1.22644951583
1.89208633562
-3.79941978376
-0.891203166641
2.05633507262
-0.601703630181
-0.179334806086
0.246860515781
-7.38101707508
-4.28442587897
-1.22644951583
1.89208633562
-3.79941978376
-0.891203166641
2.05633507262
-0.601703630181
-0.179334806086
0.246860515781
-16.1323978029
-8.58257317399
-1.12689568902
6.47643238569
-8.25686220863
-2.33634173849
3.66422932604
-1.39047345298
-0.273026657535
0.854543772588
-16.1323978029
-8.58257317399
-1.12689568902
6.47643238569
-8.25686220863
-2.33634173849
3.66422932604
-1.39047345298
-0.273026657535
0.854543772588
-26.8598967595
-13.8512698582
-1.00486196583
12.0959533503
-13.7208238907
-4.10780192333
5.63519647539
-2.35735259061
-0.387874733504
1.59944582932
-26.8598967595
-13.8512698582
-1.00486196583
12.0959533503
-13.7208238907
-4.10780192333
5.63519647539
-2.35735259061
-0.387874733504
1.59944582932
-42.1042373821
-21.3383651463
-0.831445622354
20.0815884052
40.7282262217
-6.62514008074
8.43604452974
23.4999261023
38.384459698
2.6579908573
-42.1042373821
-21.3383651463
-0.831445622354
20.0815884052
40.7282262217
-6.62514008074
8.43604452974
23.4999261023
38.384459698
2.6579908573
3.29833278471
0.717289227459
-1.83156843262
-4.43090310669
1.60164593337
0.931349330108
0.251989732844
0.321711896547
-0.143609627549
-0.613146784224
3.29833278471
0.717289227459
-1.83156843262
-4.43090310669
1.60164593337
0.931349330108
0.251989732844
0.321711896547
-0.143609627549
-0.613146784224
-9.10035655981
-5.41120614359
-1.76805983902
1.9472345301
-5.13035395757
-1.2487789028
2.68527842811
-0.843666814263
-0.298903147127
0.2507958676
-9.10035655981
-5.41120614359
-1.76805983902
1.9472345301
-5.13035395757
-1.2487789028
2.68527842811
-0.843666814263
-0.298903147127
0.2507958676
-20.0820528364
-10.8393020437
-1.71180937039
7.59644215125
-11.0929824324
-3.17974962338
4.84047698678
-1.87585938669
-0.436448835897
1.01600221636
-20.0820528364
-10.8393020437
-1.71180937039
7.59644215125
-11.0929824324
-3.17974962338
4.84047698678
-1.87585938669
-0.436448835897
1.01600221636
-33.5434869819
-17.493097018
-1.64285718305
14.5212772998
-18.4020108854
-5.54674599054
7.4823332845
-3.14112770129
-0.605053228582
1.95399709548
-33.5434869819
-17.493097018
-1.64285718305
14.5212772998
-18.4020108854
-5.54674599054
7.4823332845
-3.14112770129
-0.605053228582
1.95399709548
-52.6728933991
-26.9484898762
-1.54487249577
24.3618325108
49.9385304965
-8.91037240703
11.2365501286
31.3870803145
51.2977017621
3.28693718687
-52.6728933991
-26.9484898762
-1.54487249577
24.3618325108
49.9385304965
-8.91037240703
11.2365501286
31.3870803145
51.2977017621
3.28693718687
36.3927543057
17.1893195091
-1.77464634254
-21.1141703842
1.53446528033
1.38709035063
1.23772278349
0.849326012082
-0.0781878271366
-1.01410458209
36.3927543057
17.1893195091
-1.77464634254
-21.1141703842
1.53446528033
1.38709035063
1.23772278349
0.849326012082
-0.0781878271366
-1.01410458209
25.4452218134
10.9164773671
-3.43109203715
-18.0627975361
1.76863249263
1.27957019615
0.783895351375
3.03744765579
-11.2036681054
-25.5738028533
25.4452218134
10.9164773671
-3.43109203715
-18.0627975361
1.76863249263
1.27957019615
0.783895351375
3.03744765579
-11.2036681054
-25.5738028533
15.7488358916
5.36053146998
-4.89822965238
-15.3601530135
1.97603773781
1.18433805933
0.381933911505
4.9754982545
-21.0576649232
-47.326678465
15.7488358916
5.36053146998
-4.89822965238
-15.3601530135
1.97603773781
1.18433805933
0.381933911505
4.9754982545
-21.0576649232
-47.326678465
3.8629434713
-1.44998285557
-6.69665640653
-12.0472339213
2.23027642545
1.06760189161
-0.110793014788
7.35117318195
-33.1367577968
-73.9914937309
3.8629434713
-1.44998285557
-6.69665640653
-12.0472339213
2.23027642545
1.06760189161
-0.110793014788
7.35117318195
-33.1367577968
-73.9914937309
51.796951046
30.1611587489
8.79516716255
-12.9939518008
-34.5055147325
-2.29879975247
1.59560392047
5.49070495283
9.33943158386
0.115289584261
51.796951046
30.1611587489
8.79516716255
-12.9939518008
-34.5055147325
-2.29879975247
1.59560392047
5.49070495283
9.33943158386
0.115289584261
0.53483970748
1.86538876375
0.0746891791309
0.34585961458
0.464522780425
0.424026669226
0.399417335201
0.315530580766
0.210533048789
0.188666988829
0.53483970748
1.86538876375
0.0746891791309
0.34585961458
0.464522780425
0.424026669226
0.399417335201
0.315530580766
0.210533048789
0.188666988829
2.53674849439
1.33970415537
0.157587090986
0.350215252811
0.463778824599
0.455430084662
0.446968462488
0.641737732395
-0.847848969182
-2.35093074869
2.53674849439
1.33970415537
0.157587090986
0.350215252811
0.463778824599
0.455430084662
0.446968462488
0.641737732395
-0.847848969182
-2.35093074869
1.52530524883
0.874097787955
0.231010955772
0.354073103816
0.463119892295
0.483244538333
0.503641287117
0.930664066695
-1.78527304224
-0.278767872356
1.52530524883
0.874097787955
0.231010955772
0.354073103816
0.463119892295
0.483244538333
0.503641287117
0.930664066695
-1.78527304224
-0.278767872356
0.264279066566
0.303354498859
0.32101440293
0.358802082468
0.462312168826
0.517339675092
1.07538432902
1.28483183132
-2.93437351889
-0.547897034856
0.264279066566
0.303354498859
0.32101440293
0.358802082468
0.462312168826
0.517339675092
1.07538432902
1.28483183132
-2.93437351889
-0.547897034856
4.97266649494
3.59995822749
2.24436778318
0.86193152521
-0.502894864166
0.247387594388
0.911250986932
1.57523325554
2.23131026574
0.161896951492
4.97266649494
3.59995822749
2.24436778318
0.86193152521
-0.502894864166
0.247387594388
0.911250986932
1.57523325554
2.23131026574
0.161896951492
2.52675573602
0.17246728187
0.278995755809
0.332207537022
0.346320168277
0.317631565922
0.291724626535
0.256559174041
0.242429680354
0.23821882272
2.52675573602
0.17246728187
0.278995755809
0.332207537022
0.346320168277
0.317631565922
0.291724626535
0.256559174041
0.242429680354
0.23821882272
0.00591960699065
0.281703739768
0.554048814063
0.233907078743
0.319624244287
0.364382655513
0.40974623945
0.377070078836
0.296217065147
0.214631554505
0.00591960699065
0.281703739768
0.554048814063
0.233907078743
0.319624244287
0.364382655513
0.40974623945
0.377070078836
0.296217065147
0.214631554505
-0.0460487969063
0.378456031048
0.797667237087
0.146840958553
0.295979283038
0.405790763436
0.51708699071
0.483808308797
0.343857320249
0.255032231228
-0.0460487969063
0.378456031048
0.797667237087
0.146840958553
0.295979283038
0.405790763436
0.51708699071
0.483808308797
0.343857320249
0.255032231228
0.391933030092
0.497055613908
1.09629627176
0.0401147467066
0.266995136991
0.456549089277
0.543034686812
0.614648719718
0.402255052309
0.264712678551
0.391933030092
0.497055613908
1.09629627176
0.0401147467066
0.266995136991
0.456549089277
0.543034686812
0.614648719718
0.402255052309
0.264712678551
-0.200277608471
0.665591863236
1.52066384735
2.39266948813
3.25356727156
0.528679341788
0.835646639613
1.14266890517
1.44603581657
0.16704593151
-0.200277608471
0.665591863236
1.52066384735
2.39266948813
3.25356727156
0.528679341788
0.835646639613
1.14266890517
1.44603581657
0.16704593151
-0.0748869864877
0.0939043696214
0.165027321747
0.192855651833
0.192207128556
0.190044472689
0.195567335476
0.203437019506
0.19157104943
0.183035073404
-0.0748869864877
0.0939043696214
0.165027321747
0.192855651833
0.192207128556
0.190044472689
0.195567335476
0.203437019506
0.19157104943
0.183035073404
-1.12218330922
-0.40051471366
0.312154595106
0.331500960528
0.333714940629
0.324593931684
0.315349598752
0.278369645398
0.228364800921
0.177906931943
-1.12218330922
-0.40051471366
0.312154595106
0.331500960528
0.333714940629
0.324593931684
0.315349598752
0.278369645398
0.228364800921
0.177906931943
-2.13549945495
-0.838428758851
0.442467322938
0.454301091087
0.459050431322
0.443766309651
0.428275533341
0.344738542616
0.260953552241
0.268931114332
-2.13549945495
-0.838428758851
0.442467322938
0.454301091087
0.459050431322
0.443766309651
0.428275533341
0.344738542616
0.260953552241
0.268931114332
0.208449813699
-1.3752266207
0.602205505443
0.604830283385
0.612687484429
0.589848579417
0.557399828301
0.426093965012
0.30090105386
0.318386410623
0.208449813699
-1.3752266207
0.602205505443
0.604830283385
0.612687484429
0.589848579417
0.557399828301
0.426093965012
0.30090105386
0.318386410623
-5.14276027452
-2.1380446349
0.829201870054
3.85521106924
6.84267409744
0.797439173295
0.763410565022
0.729375863346
0.695746372961
0.171965517722
-5.14276027452
-2.1380446349
0.829201870054
3.85521106924
6.84267409744
0.797439173295
0.763410565022
0.729375863346
0.695746372961
0.171965517722
-0.0194526635526
0.0178694581149
0.0547261688183
0.0923127816777
0.0430531448031
0.0665628823852
0.0903904920996
0.152024231927
0.142348949701
0.13258601317
-0.0194526635526
0.0178694581149
0.0547261688183
0.0923127816777
0.0430531448031
0.0665628823852
0.0903904920996
0.152024231927
0.142348949701
0.13258601317
-2.21398608166
-1.06078071258
0.0780440586482
0.425954462221
0.347352225943
0.286085531108
0.223990457187
0.182845198718
0.162695889748
0.142364035852
-2.21398608166
-1.06078071258
0.0780440586482
0.425954462221
0.347352225943
0.286085531108
0.223990457187
0.182845198718
0.162695889748
0.142364035852
-4.15771568056
-2.01615657806
0.0986970467832
0.751867758358
0.616874269238
0.480519877119
0.342321854836
0.210143769305
0.180717465219
0.282382758582
-4.15771568056
-2.01615657806
0.0986970467832
0.751867758358
0.616874269238
0.480519877119
0.342321854836
0.210143769305
0.180717465219
0.282382758582
-0.31122653497
0.0901909973455
0.184216448887
0.211075091484
0.237803430798
0.221200065048
0.204998843646
0.181671483362
0.206491915737
0.235434728921
-0.31122653497
0.0901909973455
0.184216448887
0.211075091484
0.237803430798
0.221200065048
0.204998843646
0.181671483362
0.206491915737
0.235434728921
-9.92620352245
-4.85146559818
0.159989785765
5.27069092495
10.3162904907
1.05755083948
0.693498905922
0.329381782659
-0.0304002249133
0.176726801278
-9.92620352245
-4.85146559818
0.159989785765
5.27069092495
10.3162904907
1.05755083948
0.693498905922
0.329381782659
-0.0304002249133
0.176726801278
-0.0627403200345
-0.0617554567565
-0.0607828748319
-0.0597910321097
-0.113143173753
-0.0627489155941
-0.0116732831642
0.0981839794278
0.0908028188119
0.083354787743
-0.0627403200345
-0.0617554567565
-0.0607828748319
-0.0597910321097
-0.113143173753
-0.0627489155941
-0.0116732831642
0.0981839794278
0.0908028188119
0.083354787743
-3.35733853765
-1.75222130106
-0.167120053029
1.44937218992
0.361633398376
0.245758948793
0.128317775708
0.0828105464213
0.0939264079643
0.105142974903
-3.35733853765
-1.75222130106
-0.167120053029
1.44937218992
0.361633398376
0.245758948793
0.128317775708
0.0828105464213
0.0939264079643
0.105142974903
-6.27541124469
-3.24949104887
-0.261304410861
1.0634840946
0.782149790833
0.519008771535
0.252309856423
0.069194077187
0.0966930154993
0.12444108353
-6.27541124469
-3.24949104887
-0.261304410861
1.0634840946
0.782149790833
0.519008771535
0.252309856423
0.069194077187
0.0966930154993
0.12444108353
-0.0200577947282
0.103973667233
0.15335096623
0.176753343133
0.184758160981
0.172001297837
0.159438062664
0.189942709142
0.234455004486
0.258815432267
-0.0200577947282
0.103973667233
0.15335096623
0.176753343133
0.184758160981
0.172001297837
0.159438062664
0.189942709142
0.234455004486
0.258815432267
-14.9354979881
-7.69300126818
-0.540819279264
6.75300294163
13.9539143681
1.32994372935
0.620286354029
-0.0894980975543
-0.790831977832
0.181712889778
-14.9354979881
-7.69300126818
-0.540819279264
6.75300294163
13.9539143681
1.32994372935
0.620286354029
-0.0894980975543
-0.790831977832
0.181712889778
-0.10598575615
-0.141302709926
-0.176179257402
-0.211746492319
-0.26918714713
-0.191934590057
-0.113637511113
0.0443962397082
0.0393069631442
0.0341715797079
-0.10598575615
-0.141302709926
-0.176179257402
-0.211746492319
-0.26918714713
-0.191934590057
-0.113637511113
0.0443962397082
0.0393069631442
0.0341715797079
-4.49957583142
-2.44298749694
-0.412045045303
1.65911774195
0.37590064175
0.205471698777
0.032738408027
-0.0171265376542
0.0252240000979
0.0679582173005
-4.49957583142
-2.44298749694
-0.412045045303
1.65911774195
0.37590064175
0.205471698777
0.032738408027
-0.0171265376542
0.0252240000979
0.0679582173005
-8.39104132665
-4.48162259401
-0.620954743158
3.31616892088
0.947264111902
0.55746012603
0.162385650694
-0.0716181404609
0.0127505185426
0.0978835248825
-8.39104132665
-4.48162259401
-0.620954743158
3.31616892088
0.947264111902
0.55746012603
0.162385650694
-0.0716181404609
0.0127505185426
0.0978835248825
-0.0566199115421
-0.0829542195596
-0.0195666361071
-0.0179970519846
-0.00163413847317
0.0131261726342
0.0415935012086
0.077848144032
0.120636507962
0.165413100585
-0.0566199115421
-0.0829542195596
-0.0195666361071
-0.0179970519846
-0.00163413847317
0.0131261726342
0.0415935012086
0.077848144032
0.120636507962
0.165413100585
-19.9399066673
-10.5317654627
-1.24094481421
8.23386919382
17.5879903101
1.60207094239
0.547145209577
-0.50796942569
-1.55052204802
0.186694115126
-19.9399066673
-10.5317654627
-1.24094481421
8.23386919382
17.5879903101
1.60207094239
0.547145209577
-0.50796942569
-1.55052204802
0.186694115126
-0.149186373117
-0.220767521096
-0.291456044284
-0.363544467368
-0.425069398052
-0.320986377743
-0.215496064328
-0.00933575492112
-0.0121355227197
-0.0149606553289
-0.149186373117
-0.220767521096
-0.291456044284
-0.363544467368
-0.425069398052
-0.320986377743
-0.215496064328
-0.00933575492112
-0.0121355227197
-0.0149606553289
-5.64062932156
-3.13303778946
-0.656716199698
1.86864591573
0.390153098693
0.165226202076
-0.0627419021269
-0.116960047908
-0.0434072052614
0.0308119976193
-5.64062932156
-3.13303778946
-0.656716199698
1.86864591573
0.390153098693
0.165226202076
-0.0627419021269
-0.116960047908
-0.0434072052614
0.0308119976193
-10.5044787902
-5.71247717001
-0.980232337349
3.84572882648
1.11220731009
0.595871629915
0.072554641537
-0.212284421696
-0.071104981227
0.0713534902305
-10.5044787902
-5.71247717001
-0.980232337349
3.84572882648
1.11220731009
0.595871629915
0.072554641537
-0.212284421696
-0.071104981227
0.0713534902305
-0.0617470217735
-0.117993093345
-0.0512340425123
-0.0498691273058
-0.0486614536827
-0.0222654524655
-0.00293739176519
0.0287512082811
0.0627743566051
0.0915672364564
-0.0617470217735
-0.117993093345
-0.0512340425123
-0.0498691273058
-0.0486614536827
-0.0222654524655
-0.00293739176519
0.0287512082811
0.0627743566051
0.0915672364564
-24.9391288261
-13.3675875897
-1.94034474586
9.71320069064
21.218299931
1.87391612544
0.474079867895
-0.926007054213
-2.30942478282
0.19167017798
-24.9391288261
-13.3675875897
-1.94034474586
9.71320069064
21.218299931
1.87391612544
0.474079867895
-0.926007054213
-2.30942478282
0.19167017798
-2.56201656161
1.06609576305
4.64896512779
8.30278884587
-5.62081442408
-5.69366584476
-5.76750228011
0.617499386981
-0.919040636491
-2.46950111678
-2.56201656161
1.06609576305
4.64896512779
8.30278884587
-5.62081442408
-5.69366584476
-5.76750228011
0.617499386981
-0.919040636491
-2.46950111678
-1.45521630099
0.281021671685
1.99560856579
3.74415075994
10.6957775644
0.384226955084
-10.0667448013
0.516016629946
3.95036480444
7.41582684172
-1.45521630099
0.281021671685
1.99560856579
3.74415075994
10.6957775644
0.384226955084
-10.0667448013
0.516016629946
3.95036480444
7.41582684172
-0.474907498721
-0.414329666379
-0.354507246272
-0.293500116173
25.1476161828
5.76750343494
-13.8746453201
0.426131902286
8.26326676641
16.1714030335
-0.474907498721
-0.414329666379
-0.354507246272
-0.293500116173
25.1476161828
5.76750343494
-13.8746453201
0.426131902286
8.26326676641
16.1714030335
0.726761355672
-1.26669582272
-3.23529437073
-5.24287860947
42.8627731989
12.3663584748
-18.5423943432
0.315950623219
13.5500498166
26.904044817
0.726761355672
-1.26669582272
-3.23529437073
-5.24287860947
42.8627731989
12.3663584748
-18.5423943432
0.315950623219
13.5500498166
26.904044817
-5.95788797292
1.15761502254
8.18438691267
15.3503154409
22.4249623212
-30.7646380928
34.9413093343
100.659022532
165.594311967
6.59771900564
-5.95788797292
1.15761502254
8.18438691267
15.3503154409
22.4249623212
-30.7646380928
34.9413093343
100.659022532
165.594311967
6.59771900564
0.430868506817
0.434586640769
0.418663472904
0.418156749933
0.264226341955
0.0178287913617
-6.08915085197
0.380268069088
0.162329277868
0.196041454055
0.430868506817
0.434586640769
0.418663472904
0.418156749933
0.264226341955
0.0178287913617
-6.08915085197
0.380268069088
0.162329277868
0.196041454055
0.399116742517
0.386989460866
0.375013407751
0.416173362619
0.328728060861
0.225591689014
0.121060823572
0.411940353896
0.662840042896
0.916012785792
0.399116742517
0.386989460866
0.375013407751
0.416173362619
0.328728060861
0.225591689014
0.121060823572
0.411940353896
0.662840042896
0.916012785792
0.353419078184
0.344831958666
0.336351921473
0.414416648141
0.385858154749
0.409610255505
0.433683505355
0.439992949012
1.10614957763
0.131592784814
0.353419078184
0.344831958666
0.336351921473
0.414416648141
0.385858154749
0.409610255505
0.433683505355
0.439992949012
1.10614957763
0.131592784814
0.277866635613
0.293155020485
0.288960422164
0.412263256199
0.455888592419
0.635181401527
0.767434621424
0.474380001089
1.64956126538
0.0944859752501
0.277866635613
0.293155020485
0.288960422164
0.412263256199
0.455888592419
0.635181401527
0.767434621424
0.474380001089
1.64956126538
0.0944859752501
-0.617106141435
0.581403842208
1.76496827447
2.97197175527
4.16360008038
-4.26805984221
7.34218863759
18.9545161305
30.4285892543
0.80002492117
-0.617106141435
0.581403842208
1.76496827447
2.97197175527
4.16360008038
-4.26805984221
7.34218863759
18.9545161305
30.4285892543
0.80002492117
0.443058797005
0.364820248785
-0.0486819272686
1.39452214015
0.914380150409
0.648809975225
0.463649908756
0.354059780829
0.281794341258
0.244406906917
0.443058797005
0.364820248785
-0.0486819272686
1.39452214015
0.914380150409
0.648809975225
0.463649908756
0.354059780829
0.281794341258
0.244406906917
0.603975423758
0.398696323137
0.19597707549
1.39348485496
-0.816578655801
0.208066352063
1.24656545305
0.400442457801
0.299648549569
0.197941487612
0.603975423758
0.398696323137
0.19597707549
1.39348485496
-0.816578655801
0.208066352063
1.24656545305
0.400442457801
0.299648549569
0.197941487612
0.444929009895
0.428700846134
0.412675049361
1.39256611666
-2.34971359844
-0.182306571309
2.01440568696
0.441524257405
0.31546227693
0.24015931611
0.444929009895
0.428700846134
0.412675049361
1.39256611666
-2.34971359844
-0.182306571309
2.01440568696
0.441524257405
0.31546227693
0.24015931611
0.389203190224
0.465480584002
0.678304823785
1.39143992131
-4.22904030233
-0.660828219313
-0.287123629275
0.491882592402
0.334846845954
0.237713733525
0.389203190224
0.465480584002
0.678304823785
1.39143992131
-4.22904030233
-0.660828219313
-0.287123629275
0.491882592402
0.334846845954
0.237713733525
-0.0270797022133
0.517746527287
1.05577871375
1.60446597077
2.14616389252
-1.34083266648
4.29315734888
9.92815622627
15.4960657786
0.159520795688
-0.0270797022133
0.517746527287
1.05577871375
1.60446597077
2.14616389252
-1.34083266648
4.29315734888
9.92815622627
15.4960657786
0.159520795688
3.73663234093
0.0604170024358
0.210508439399
0.24475531708
0.241866644282
0.204858512174
0.213212729621
0.215319570737
0.249337912036
0.221606905691
3.73663234093
0.0604170024358
0.210508439399
0.24475531708
0.241866644282
0.204858512174
0.213212729621
0.215319570737
0.249337912036
0.221606905691
0.0475951502894
0.14825110329
0.247651865481
0.888543711245
0.527431254767
0.482006276041
0.43596711203
0.442258574122
0.282155301641
0.12060155559
0.0475951502894
0.14825110329
0.247651865481
0.888543711245
0.527431254767
0.482006276041
0.43596711203
0.442258574122
0.282155301641
0.12060155559
0.170855469069
0.22604702119
0.280550328582
1.45875628893
0.780359909768
0.727480009752
0.673885127421
0.643261691407
0.311222132433
0.285656199512
0.170855469069
0.22604702119
0.280550328582
1.45875628893
0.780359909768
0.727480009752
0.673885127421
0.643261691407
0.311222132433
0.285656199512
0.290491446593
0.32140975926
0.3208774769
2.15772654545
1.09040148687
1.02838329624
1.16630184641
0.889652609369
0.346852441147
0.322533065652
0.290491446593
0.32140975926
0.3208774769
2.15772654545
1.09040148687
1.02838329624
1.16630184641
0.889652609369
0.346852441147
0.322533065652
0.536660286093
0.45692522915
0.37818447714
0.297884360674
0.218607130068
1.45598270335
1.3799643989
1.30393248209
1.22880578816
-0.452448031819
0.536660286093
0.45692522915
0.37818447714
0.297884360674
0.218607130068
1.45598270335
1.3799643989
1.30393248209
1.22880578816
-0.452448031819
-0.938523961665
-0.234191143264
0.461358567388
1.17068279084
-0.409006693548
-0.224807461757
-0.0381176958876
0.081043749044
0.217925867178
0.356048084225
-0.938523961665
-0.234191143264
0.461358567388
1.17068279084
-0.409006693548
-0.224807461757
-0.0381176958876
0.081043749044
0.217925867178
0.356048084225
-0.490881894999
-0.0941352795864
0.297663861875
0.399850585194
1.82819355709
0.747131349456
-0.348547760981
0.482729129669
0.26522495219
0.0457502712013
-0.490881894999
-0.0941352795864
0.297663861875
0.399850585194
1.82819355709
0.747131349456
-0.348547760981
0.482729129669
0.26522495219
0.0457502712013
-0.0943989216656
0.0299141996711
0.152677122706
1.52281659102
3.80971377908
1.60799143939
-0.62350010435
0.83850760965
0.307118427487
0.329689082259
-0.0943989216656
0.0299141996711
0.152677122706
1.52281659102
3.80971377908
1.60799143939
-0.62350010435
0.83850760965
0.307118427487
0.329689082259
0.550656789837
0.41491857705
0.237235934084
0.483339046658
0.576294500884
0.499873898531
0.437606086954
0.389961485512
0.320706285643
0.327880868862
0.550656789837
0.41491857705
0.237235934084
0.483339046658
0.576294500884
0.499873898531
0.437606086954
0.389961485512
0.320706285643
0.327880868862
1.082260225
0.398061041338
-0.277606103216
-0.966654010626
-1.64692462864
4.16280202886
-1.43948770403
-7.04278062247
-12.5793617015
-1.04472490028
1.082260225
0.398061041338
-0.277606103216
-0.966654010626
-1.64692462864
4.16280202886
-1.43948770403
-7.04278062247
-12.5793617015
-1.04472490028
-1.82546730911
-0.542709270753
0.724052633718
2.01590121108
-1.09061114458
-0.674760199512
-0.253286587399
-0.0595719320914
0.185030696417
0.431849329894
-1.82546730911
-0.542709270753
0.724052633718
2.01590121108
-1.09061114458
-0.674760199512
-0.253286587399
-0.0595719320914
0.185030696417
0.431849329894
-1.05478324034
-0.347965983406
0.350037184557
1.06186345305
3.19037160843
1.02477435558
-1.17010365868
0.525110510488
0.247495232946
-0.0326351313645
-1.05478324034
-0.347965983406
0.350037184557
1.06186345305
3.19037160843
1.02477435558
-1.17010365868
0.525110510488
0.247495232946
-0.0326351313645
-0.372177350851
-0.175479071755
0.0187663581566
1.58990151293
6.98209918967
2.53007639009
-1.98214163609
1.04297210249
0.302820965301
-0.444035654194
-0.372177350851
-0.175479071755
0.0187663581566
1.58990151293
6.98209918967
2.53007639009
-1.98214163609
1.04297210249
0.302820965301
-0.444035654194
1.88786768593
0.137018972944
0.167826048037
0.105758090992
0.0767744754911
0.0746682414895
0.127531939805
0.162873705314
0.223237992483
0.2580360808
1.88786768593
0.137018972944
0.167826048037
0.105758090992
0.0767744754911
0.0746682414895
0.127531939805
0.162873705314
0.223237992483
0.2580360808
1.65362077279
0.336417569273
-0.964359965353
-2.29089781089
-3.60053783781
6.99742436347
-4.39206079488
-15.7835854349
-27.0394845465
-1.66496623807
1.65362077279
0.336417569273
-0.964359965353
-2.29089781089
-3.60053783781
6.99742436347
-4.39206079488
-15.7835854349
-27.0394845465
-1.66496623807
-2.71154558148
-0.850926486865
0.986490482904
2.8602952524
-1.77155079664
-1.12427407846
-0.468245615172
-0.200050464533
0.152167609771
0.507576643256
-2.71154558148
-0.850926486865
0.986490482904
2.8602952524
-1.77155079664
-1.12427407846
-0.468245615172
-0.200050464533
0.152167609771
0.507576643256
-1.61813458775
-0.601549114911
0.40235942522
1.42614914829
4.55122106726
1.3021465642
-1.99085825656
0.567450554873
0.229782806282
-0.11094408118
-1.61813458775
-0.601549114911
0.40235942522
1.42614914829
4.55122106726
1.3021465642
-1.99085825656
0.567450554873
0.229782806282
-0.11094408118
-0.649684850446
-0.380672014037
-0.1150137973
0.15590545607
10.1513904324
3.45126199055
-3.33945802465
1.24723717206
0.29852769462
-0.658776722823
-0.649684850446
-0.380672014037
-0.1150137973
0.15590545607
10.1513904324
3.45126199055
-3.33945802465
1.24723717206
0.29852769462
-0.658776722823
-0.185627382837
0.0179435877014
0.0592369040866
0.0162762326708
0.0276962244212
0.0282618535515
0.0858358837869
0.173840014523
0.219956828312
0.241595896858
-0.185627382837
0.0179435877014
0.0592369040866
0.0162762326708
0.0276962244212
0.0282618535515
0.0858358837869
0.173840014523
0.219956828312
0.241595896858
2.22442404736
0.274834220813
-1.65044400607
-3.6138500176
-5.55224560159
9.82928196552
-7.34175411059
-24.5158649537
-41.485503794
-2.28460262705
2.22442404736
0.274834220813
-1.65044400607
-3.6138500176
-5.55224560159
9.82928196552
-7.34175411059
-24.5158649537
-41.485503794
-2.28460262705
-3.59670553095
-1.15882426965
1.24865634406
3.70381417195
-2.45178472948
-1.57332208559
-0.6829818615
-0.34038340639
0.119338582109
0.583225473566
-3.59670553095
-1.15882426965
1.24865634406
3.70381417195
-2.45178472948
-1.57332208559
-0.6829818615
-0.34038340639
0.119338582109
0.583225473566
-2.18090208331
-0.854869435326
0.454627439622
1.79005730137
5.91066015495
1.57923130695
-2.81076223237
0.609746718447
0.212088736604
-0.189171872361
-2.18090208331
-0.854869435326
0.454627439622
1.79005730137
5.91066015495
1.57923130695
-2.81076223237
0.609746718447
0.212088736604
-0.189171872361
-0.926904743969
-0.585652296351
-0.248655304305
0.0950155017184
13.3173970526
4.37149288321
-4.69536770371
1.4512905433
0.294238873443
-0.873295235897
-0.926904743969
-0.585652296351
-0.248655304305
0.0950155017184
13.3173970526
4.37149288321
-4.69536770371
1.4512905433
0.294238873443
-0.873295235897
-0.091752839346
-0.156595417083
-0.0102360692407
0.00138240085288
0.0486470847376
0.0847684219846
0.150126461725
0.195861964512
0.23237404366
0.267749423474
-0.091752839346
-0.156595417083
-0.0102360692407
0.00138240085288
0.0486470847376
0.0847684219846
0.150126461725
0.195861964512
0.23237404366
0.267749423474
2.79463574697
0.213314696736
-2.33581699596
-4.93543112952
-7.50193063444
12.6582046579
-10.2883903928
-33.2390944229
-55.9165513278
-2.90359683091
2.79463574697
0.213314696736
-2.33581699596
-4.93543112952
-7.50193063444
12.6582046579
-10.2883903928
-33.2390944229
-55.9165513278
-2.90359683091
-1.30689389686
-0.623232777078
0.051903013308
0.740409043729
6.59072820366
50.9596012408
95.9283800931
-7.04962107557
13.0551755745
33.3421138865
-1.30689389686
-0.623232777078
0.051903013308
0.740409043729
6.59072820366
50.9596012408
95.9283800931
-7.04962107557
13.0551755745
33.3421138865
-0.922969895751
-0.535351496607
-0.152566741554
0.23779859822
4.23610321063
35.0261279005
66.2324605468
-3.10031604978
7.43306655586
18.0618775236
-0.922969895751
-0.535351496607
-0.152566741554
0.23779859822
4.23610321063
35.0261279005
66.2324605468
-3.10031604978
7.43306655586
18.0618775236
-0.582922923343
-0.457513791048
-0.333668524432
-0.207370653517
2.1505782168
20.913622942
39.9303603772
0.397639830208
2.45348428225
4.52795388786
-0.582922923343
-0.457513791048
-0.333668524432
-0.207370653517
2.1505782168
20.913622942
39.9303603772
0.397639830208
2.45348428225
4.52795388786
-0.166091150714
-0.362099829394
-0.555664258282
-0.753061994356
-0.405871775641
3.61442331538
7.68907629829
4.68545671535
-3.65051979509
-12.0620170204
-0.166091150714
-0.362099829394
-0.555664258282
-0.753061994356
-0.405871775641
3.61442331538
7.68907629829
4.68545671535
-3.65051979509
-12.0620170204
1.84232623438
4.20003308037
6.52833906255
8.90275430201
11.2469235608
66.7290511806
102.150175155
137.577641885
172.583315305
-51.0896014226
1.84232623438
4.20003308037
6.52833906255
8.90275430201
11.2469235608
66.7290511806
102.150175155
137.577641885
172.583315305
-51.0896014226
0.253590565743
0.245161327475
0.235659400142
0.187893399375
0.0772864157509
-0.0277634727654
-0.232376732881
-0.429649383894
1.47211414016
0.28509752446
0.253590565743
0.245161327475
0.235659400142
0.187893399375
0.0772864157509
-0.0277634727654
-0.232376732881
-0.429649383894
1.47211414016
0.28509752446
0.273809070759
0.258101056289
0.242588922487
0.212033793036
0.1500056157
0.0687659127758
-0.0135722217038
-0.207029989955
1.09273718092
2.40427973838
0.273809070759
0.258101056289
0.242588922487
0.212033793036
0.1500056157
0.0687659127758
-0.0135722217038
-0.207029989955
1.09273718092
2.40427973838
0.290660519857
0.269561958952
0.248726499422
0.233415284564
0.214414049942
0.154263368541
0.0932993975278
-0.00985281246558
0.756717588452
0.3673617779
0.290660519857
0.269561958952
0.248726499422
0.233415284564
0.214414049942
0.154263368541
0.0932993975278
-0.00985281246558
0.756717588452
0.3673617779
0.265919785289
0.283610807377
0.256249980826
0.259624854824
0.293366324172
0.259066701414
0.348505033357
0.231848243811
0.344822604134
0.414726045032
0.265919785289
0.283610807377
0.256249980826
0.259624854824
0.293366324172
0.259066701414
0.348505033357
0.231848243811
0.344822604134
0.414726045032
0.481549736722
0.743949738642
1.00307758367
1.26733713928
1.52823048107
9.13260322002
14.3659893221
19.6003125513
24.7723168305
-2.60099110894
0.481549736722
0.743949738642
1.00307758367
1.26733713928
1.52823048107
9.13260322002
14.3659893221
19.6003125513
24.7723168305
-2.60099110894
0.409798846815
0.34109774606
0.255960009683
0.108264818212
-0.642290415219
-5.6606266371
0.994839691988
0.301696409332
0.19246769344
0.176305245576
0.409798846815
0.34109774606
0.255960009683
0.108264818212
-0.642290415219
-5.6606266371
0.994839691988
0.301696409332
0.19246769344
0.176305245576
0.406024026251
0.34575825691
0.286244008344
0.194127392492
-0.301408744653
-3.79317199614
-7.33214692861
0.112607719541
0.392285059373
0.674496167458
0.406024026251
0.34575825691
0.286244008344
0.194127392492
-0.301408744653
-3.79317199614
-7.33214692861
0.112607719541
0.392285059373
0.674496167458
0.387170234093
0.349886137949
0.313066978586
0.27017710114
0.000515020704878
-2.13914074272
-4.30772651601
-0.0548708342744
0.569266154913
0.266907617499
0.387170234093
0.349886137949
0.313066978586
0.27017710114
0.000515020704878
-2.13914074272
-4.30772651601
-0.0548708342744
0.569266154913
0.266907617499
0.33013563199
0.354946121158
0.34594674856
0.363399324644
0.370615120176
-0.111618561105
-0.18720110867
-0.260167126048
0.78621072364
0.319072619515
0.33013563199
0.354946121158
0.34594674856
0.363399324644
0.370615120176
-0.111618561105
-0.18720110867
-0.260167126048
0.78621072364
0.319072619515
0.331217044463
0.362136623612
0.392670632207
0.423809329562
0.45455137328
2.76959717066
4.667972773
6.56668831188
8.44279807092
2.75582049448
0.331217044463
0.362136623612
0.392670632207
0.423809329562
0.45455137328
2.76959717066
4.667972773
6.56668831188
8.44279807092
2.75582049448
0.442532201842
0.599658755206
0.637327926957
0.554708321865
0.522411552826
0.402236743431
0.317011656516
0.29781693025
0.297607942205
0.233628878274
0.442532201842
0.599658755206
0.637327926957
0.554708321865
0.522411552826
0.402236743431
0.317011656516
0.29781693025
0.297607942205
0.233628878274
0.478680865695
0.466232337336
0.453939043495
0.209230998757
-0.0450021712166
-0.420078369261
-0.800225924248
-1.02792986021
0.467139618328
1.97575384663
0.478680865695
0.466232337336
0.453939043495
0.209230998757
-0.0450021712166
-0.420078369261
-0.800225924248
-1.02792986021
0.467139618328
1.97575384663
0.4053144523
0.348054652936
0.291508889572
-0.0967632017089
-0.547568612512
-1.14841461193
-1.75738457269
-2.20216273177
0.617296245751
0.343563088826
0.4053144523
0.348054652936
0.291508889572
-0.0967632017089
-0.547568612512
-1.14841461193
-1.75738457269
-2.20216273177
0.617296245751
0.343563088826
0.239978214919
0.203191684963
0.0924009589567
-0.471852866797
-1.16361779862
-2.04121387714
-1.95124696176
-3.64154496141
0.801359208398
0.406858543386
0.239978214919
0.203191684963
0.0924009589567
-0.471852866797
-1.16361779862
-2.04121387714
-1.95124696176
-3.64154496141
0.801359208398
0.406858543386
0.18758187061
-0.00266621689385
-0.190541889812
-0.38213821105
-0.571293923528
-3.30992862244
-4.59798443256
-5.88627089106
-7.15921923309
7.87397912251
0.18758187061
-0.00266621689385
-0.190541889812
-0.38213821105
-0.571293923528
-3.30992862244
-4.59798443256
-5.88627089106
-7.15921923309
7.87397912251
0.691398859333
0.849899777168
1.00642417112
1.16604833958
1.64963569125
6.2700090474
10.9528538763
0.294062285212
0.399364983559
0.505621683523
0.691398859333
0.849899777168
1.00642417112
1.16604833958
1.64963569125
6.2700090474
10.9528538763
0.294062285212
0.399364983559
0.505621683523
0.548999750259
0.582829797661
0.61623798065
0.223848600536
0.20315374056
2.84447570696
5.52151064732
-2.13176717306
0.539585504091
3.23513960068
0.548999750259
0.582829797661
0.61623798065
0.223848600536
0.20315374056
2.84447570696
5.52151064732
-2.13176717306
0.539585504091
3.23513960068
0.422874825078
0.346282101527
0.270644497667
-0.451896083836
-1.07801598719
-0.189568108854
0.710892358765
-4.28035897896
0.663780822276
0.417751937126
0.422874825078
0.346282101527
0.270644497667
-0.451896083836
-1.07801598719
-0.189568108854
0.710892358765
-4.28035897896
0.663780822276
0.417751937126
0.1632224687
0.165949076331
-0.137394949689
-4.58563027396
1.21823424479
0.758935798544
0.567144403233
0.439219239954
0.358070400955
0.348964802171
0.1632224687
0.165949076331
-0.137394949689
-4.58563027396
1.21823424479
0.758935798544
0.567144403233
0.439219239954
0.358070400955
0.348964802171
0.0485685955104
-0.355730416033
-0.754987774413
-1.16215193731
-1.5641295266
-9.19382717515
-13.5657812718
-17.9385182414
-22.2591941586
12.8274454238
0.0485685955104
-0.355730416033
-0.754987774413
-1.16215193731
-1.5641295266
-9.19382717515
-13.5657812718
-17.9385182414
-22.2591941586
12.8274454238
0.827416348982
1.11195597841
1.39294736734
1.67950344767
2.83008194001
12.4148293797
22.1291709544
0.290130363866
0.50592650372
0.723677672925
0.827416348982
1.11195597841
1.39294736734
1.67950344767
2.83008194001
12.4148293797
22.1291709544
0.290130363866
0.50592650372
0.723677672925
0.622638754846
0.704932430106
0.78619989418
0.869076761157
0.463026382725
6.2631663487
12.1417292598
-3.28772238266
0.61545193666
4.55398750185
0.622638754846
0.704932430106
0.78619989418
0.869076761157
0.463026382725
6.2631663487
12.1417292598
-3.28772238266
0.61545193666
4.55398750185
0.441264314326
0.344425858753
0.248794989376
-0.823796635136
-1.63350853944
0.814550521253
3.29570947306
-6.45667767244
0.712460177264
7.94654763604
0.441264314326
0.344425858753
0.248794989376
-0.823796635136
-1.63350853944
0.814550521253
3.29570947306
-6.45667767244
0.712460177264
7.94654763604
0.491314924107
0.391040789767
0.17825606549
0.128981088643
0.104343487106
0.159705103974
0.133561412187
0.163675624792
0.256943862545
0.287175863568
0.491314924107
0.391040789767
0.17825606549
0.128981088643
0.104343487106
0.159705103974
0.133561412187
0.163675624792
0.256943862545
0.287175863568
-0.0970082188308
-0.725464611069
-1.34608408294
-1.97899416572
-2.60384205878
-15.3555351602
-22.9569944101
-30.5598148309
-38.0721173826
18.0147906149
-0.0970082188308
-0.725464611069
-1.34608408294
-1.97899416572
-2.60384205878
-15.3555351602
-22.9569944101
-30.5598148309
-38.0721173826
18.0147906149
0.963301174756
1.37375658464
1.7790935704
2.19245776028
4.00937684733
18.5536563969
33.2945872761
0.286202277497
0.612384089716
0.941520982676
0.963301174756
1.37375658464
1.7790935704
2.19245776028
4.00937684733
18.5536563969
33.2945872761
0.286202277497
0.612384089716
0.941520982676
0.696205936055
0.826915970452
0.955996036336
1.08763237533
0.722645559607
9.67852259022
18.7554908801
-4.44255013801
0.691244373341
5.87154907233
0.696205936055
0.826915970452
0.955996036336
1.08763237533
0.722645559607
9.67852259022
18.7554908801
-4.44255013801
0.691244373341
5.87154907233
0.459635867491
0.342571426454
0.226966791878
0.10907274866
-2.18845929523
1.81768979004
5.87800550088
-8.63087370603
0.761092053123
10.2381453803
0.459635867491
0.342571426454
0.226966791878
0.10907274866
-2.18845929523
1.81768979004
5.87800550088
-8.63087370603
0.761092053123
10.2381453803
1.47786811027
0.190529326957
0.348951464785
0.449648696107
0.292015100956
0.166482992226
0.100450913872
0.215040255644
0.322838183569
0.352935929781
1.47786811027
0.190529326957
0.348951464785
0.449648696107
0.292015100956
0.166482992226
0.100450913872
0.215040255644
0.322838183569
0.352935929781
-0.242443045665
-1.09483818799
-1.93660386909
-2.79503969178
-3.64254051333
-21.5112333589
-32.3390478828
-43.1688013116
-53.8696175632
23.1970763588
-0.242443045665
-1.09483818799
-1.93660386909
-2.79503969178
-3.64254051333
-21.5112333589
-32.3390478828
-43.1688013116
-53.8696175632
23.1970763588
1.09904517082
1.63528586328
2.16483957529
2.70488045203
5.18744954487
24.6861211935
44.4484318689
0.282278262159
0.718731344105
1.15913852174
1.09904517082
1.63528586328
2.16483957529
2.70488045203
5.18744954487
24.6861211935
44.4484318689
0.282278262159
0.718731344105
1.15913852174
0.769696872953
0.948773088243
1.12561620342
1.30596148059
0.9819956697
13.0903391898
25.3623980623
-5.59618104111
0.766958259478
7.18774513481
0.769696872953
0.948773088243
1.12561620342
1.30596148059
0.9819956697
13.0903391898
25.3623980623
-5.59618104111
0.766958259478
7.18774513481
0.477988380558
0.340718916071
0.205161216911
0.0669189630263
-2.74283490546
2.81978941505
8.45762526222
-10.802816424
0.809673527379
12.527368135
0.477988380558
0.340718916071
0.205161216911
0.0669189630263
-2.74283490546
2.81978941505
8.45762526222
-10.802816424
0.809673527379
12.527368135
-0.782995737805
-0.0537726476387
0.092439959266
0.111523629746
0.101519083325
0.182381216092
0.195383459975
0.339268808329
0.426293944951
0.423766696343
-0.782995737805
-0.0537726476387
0.092439959266
0.111523629746
0.101519083325
0.182381216092
0.195383459975
0.339268808329
0.426293944951
0.423766696343
-0.38772714526
-1.46382894973
-2.52651164628
-3.61023947618
-4.68016247091
-27.6605518518
-41.7113778865
-55.7647199613
-69.6507453682
28.3739912322
-0.38772714526
-1.46382894973
-2.52651164628
-3.61023947618
-4.68016247091
-27.6605518518
-41.7113778865
-55.7647199613
-69.6507453682
28.3739912322
0.886548673274
1.23777989732
1.58463122935
1.93835152853
2.41334325628
2.2521964981
2.08887089536
-11.0600601578
72.768593532
157.356702319
0.886548673274
1.23777989732
1.58463122935
1.93835152853
2.41334325628
2.2521964981
2.08887089536
-11.0600601578
72.768593532
157.356702319
1.26384459853
1.41669760354
1.56764451476
1.72158074526
2.20702776237
2.19130370483
2.17536704434
-6.35546324025
50.109987713
107.086993757
1.26384459853
1.41669760354
1.56764451476
1.72158074526
2.20702776237
2.19130370483
2.17536704434
-6.35546324025
50.109987713
107.086993757
1.59802098947
1.57516757191
1.55259913899
1.5295837658
2.02429118205
2.13737008794
2.25197791915
-2.18853454188
30.0409368447
62.562394745
1.59802098947
1.57516757191
1.55259913899
1.5295837658
2.02429118205
2.13737008794
2.25197791915
-2.18853454188
30.0409368447
62.562394745
2.00765656546
1.76942108153
1.5341564203
1.29423262969
1.80029150294
2.07125791239
2.34588802375
2.91931353999
5.44016481265
7.98385402037
2.00765656546
1.76942108153
1.5341564203
1.29423262969
1.80029150294
2.07125791239
2.34588802375
2.91931353999
5.44016481265
7.98385402037
-1.08857925401
-1.00717661989
-0.926789085573
-0.844809574286
-0.763874341469
19.3771001244
68.5324740551
117.696650094
166.27548593
-40.9307485414
-1.08857925401
-1.00717661989
-0.926789085573
-0.844809574286
-0.763874341469
19.3771001244
68.5324740551
117.696650094
166.27548593
-40.9307485414
0.450175660047
0.423816912268
0.386789106949
0.348899031344
0.326824027666
0.217988528842
0.0633226506166
-0.0732827059953
7.40978832706
-0.125089133955
0.450175660047
0.423816912268
0.386789106949
0.348899031344
0.326824027666
0.217988528842
0.0633226506166
-0.0732827059953
7.40978832706
-0.125089133955
0.434405151205
0.408854068869
0.383621611341
0.365974109823
0.369277270247
0.28853402836
0.206699067503
0.0809194600478
5.06315021138
10.0905180415
0.434405151205
0.408854068869
0.383621611341
0.365974109823
0.369277270247
0.28853402836
0.206699067503
0.0809194600478
5.06315021138
10.0905180415
0.410573114817
0.395601264715
0.380816115232
0.381097750761
0.406878713676
0.351017185076
0.294400359945
0.2174985214
2.98469930893
0.0318632325223
0.410573114817
0.395601264715
0.380816115232
0.381097750761
0.406878713676
0.351017185076
0.294400359945
0.2174985214
2.98469930893
0.0318632325223
0.348575894913
0.379355891882
0.377377120001
0.399636407396
0.452970805622
0.427609441696
0.486363365759
0.384918015961
0.436920783336
0.122229746555
0.348575894913
0.379355891882
0.377377120001
0.399636407396
0.452970805622
0.427609441696
0.486363365759
0.384918015961
0.436920783336
0.122229746555
-0.0260948088536
0.0525782676453
0.130270282223
0.209500892293
0.287722240183
2.26746922308
7.12597104145
11.9853428575
16.7868598304
-4.17484228033
-0.0260948088536
0.0525782676453
0.130270282223
0.209500892293
0.287722240183
2.26746922308
7.12597104145
11.9853428575
16.7868598304
-4.17484228033
0.430760136888
0.333893807959
0.254456698599
0.153502455723
0.0963144225794
-0.00674195493547
-0.301941766073
1.14048886958
0.189230677699
0.210335973287
0.430760136888
0.333893807959
0.254456698599
0.153502455723
0.0963144225794
-0.00674195493547
-0.301941766073
1.14048886958
0.189230677699
0.210335973287
0.34277227439
0.297511881373
0.252815890436
0.194940194883
0.166250557444
0.0783242777478
-0.0107908418461
0.791983136857
0.0865707576769
-0.625232384134
0.34277227439
0.297511881373
0.252815890436
0.194940194883
0.166250557444
0.0783242777478
-0.0107908418461
0.791983136857
0.0865707576769
-0.625232384134
0.279389017928
0.265287889254
0.251362603206
0.231642192425
0.228193991181
0.153668655267
0.0781356718898
0.483306630732
-0.00435660005697
-117.318373174
0.279389017928
0.265287889254
0.251362603206
0.231642192425
0.228193991181
0.153668655267
0.0781356718898
0.483306630732
-0.00435660005697
-117.318373174
0.205605421751
0.225787511818
0.249581154343
0.276631737799
0.304124651891
0.246026279323
0.219035597239
0.104928978063
-0.115815941795
-184.986417835
0.205605421751
0.225787511818
0.249581154343
0.276631737799
0.304124651891
0.246026279323
0.219035597239
0.104928978063
-0.115815941795
-184.986417835
0.091283869716
0.169655396514
0.247049621748
0.325976545121
0.40389807476
0.377271324035
0.34204661588
0.306815600141
0.272004038801
-0.114208991823
0.091283869716
0.169655396514
0.247049621748
0.325976545121
0.40389807476
0.377271324035
0.34204661588
0.306815600141
0.272004038801
-0.114208991823
0.357357018885
0.256962567922
0.167206807188
-0.38259214847
-6.36725961564
0.627520117492
0.405405199262
0.27769762743
0.224900709788
0.172109632109
0.357357018885
0.256962567922
0.167206807188
-0.38259214847
-6.36725961564
0.627520117492
0.405405199262
0.27769762743
0.224900709788
0.172109632109
0.31586027505
0.262401749119
0.209609856888
-0.188160647236
-4.24363970922
0.172024823282
4.64739298694
-0.205847581951
0.378300557926
0.967740853446
0.31586027505
0.262401749119
0.209609856888
-0.188160647236
-4.24363970922
0.172024823282
4.64739298694
-0.205847581951
0.378300557926
0.967740853446
0.287524989512
0.267219309608
0.247166843766
-0.0159498890007
-2.36271922068
-0.231413865875
1.928708594
-0.634130481689
0.514168994847
0.373286151182
0.287524989512
0.267219309608
0.247166843766
-0.0159498890007
-2.36271922068
-0.231413865875
1.928708594
-0.634130481689
0.514168994847
0.373286151182
0.284695822927
0.273124706336
0.293204440584
0.195147169481
-0.057074750856
-0.725951613873
-1.32021793424
-1.1591224233
0.680717401397
0.489115056103
0.284695822927
0.273124706336
0.293204440584
0.195147169481
-0.057074750856
-0.725951613873
-1.32021793424
-1.1591224233
0.680717401397
0.489115056103
0.203433174366
0.281516585897
0.358626288694
0.437263055009
0.514898123695
-1.42871578208
-6.13964508828
-10.8514179667
-15.5070932897
3.76551776347
0.203433174366
0.281516585897
0.358626288694
0.437263055009
0.514898123695
-1.42871578208
-6.13964508828
-10.8514179667
-15.5070932897
3.76551776347
0.283508707305
0.182506824609
0.0827644465045
-0.0189532076202
-12.6228484927
1.24137287789
15.2930505991
-0.557330681314
0.259422950063
1.08357605264
0.283508707305
0.182506824609
0.0827644465045
-0.0189532076202
-12.6228484927
1.24137287789
15.2930505991
-0.557330681314
0.259422950063
1.08357605264
0.289814251173
0.228421392199
0.167794108932
-0.558934054111
-8.51162833872
0.262710268665
9.15568557772
-1.17157006131
0.660643064214
2.50945533022
0.289814251173
0.228421392199
0.167794108932
-0.558934054111
-8.51162833872
0.262710268665
9.15568557772
-1.17157006131
0.660643064214
2.50945533022
0.295399161455
0.269088580635
0.243106095653
-0.255574941866
-4.87026191666
-0.60410518522
3.71973370166
-1.71561065503
1.01600945103
114.277858241
0.295399161455
0.269088580635
0.243106095653
-0.255574941866
-4.87026191666
-0.60410518522
3.71973370166
-1.71561065503
1.01600945103
114.277858241
0.294075026816
0.287123312446
0.222103999795
-0.231473998291
-0.711500686718
-1.1331729541
-197.896637532
0.848545103061
0.511774169111
0.373718478514
0.294075026816
0.287123312446
0.222103999795
-0.231473998291
-0.711500686718
-1.1331729541
-197.896637532
0.848545103061
0.511774169111
0.373718478514
0.311973733907
0.389778301156
0.46661263689
0.544968582833
0.622326408319
-3.17658975804
-12.4127686402
-21.6506014178
-30.778450151
7.52040250569
0.311973733907
0.389778301156
0.46661263689
0.544968582833
0.622326408319
-3.17658975804
-12.4127686402
-21.6506014178
-30.778450151
7.52040250569
0.216127719788
0.10453563867
-0.00566487691697
-0.118047779168
-19.1737962341
1.88420881761
23.2269364422
-1.43178501659
0.295575164731
2.03858455951
0.216127719788
0.10453563867
-0.00566487691697
-0.118047779168
-19.1737962341
1.88420881761
23.2269364422
-1.43178501659
0.295575164731
2.03858455951
0.262538459133
0.192836646015
0.124004022176
0.0538082522613
-12.9811308944
0.357677445262
13.8768380936
-2.18288931828
0.956316427705
4.12396216052
0.262538459133
0.192836646015
0.124004022176
0.0538082522613
-12.9811308944
0.357677445262
13.8768380936
-2.18288931828
0.956316427705
4.12396216052
0.303645113982
0.271046109663
0.238853618515
-0.506513938932
-7.4961987363
-0.994393198821
5.59532241353
-2.84815312836
1.54154440348
5.97101089285
0.303645113982
0.271046109663
0.238853618515
-0.506513938932
-7.4961987363
-0.994393198821
5.59532241353
-2.84815312836
1.54154440348
5.97101089285
0.441124360193
0.727673694162
1.822177152
-1.60978757651
-0.98093135937
-0.68080187285
-0.101180767335
0.142282335686
0.275776864845
0.318844885074
0.441124360193
0.727673694162
1.822177152
-1.60978757651
-0.98093135937
-0.68080187285
-0.101180767335
0.142282335686
0.275776864845
0.318844885074
0.425639057404
0.503151614683
0.579697581844
0.657759448428
0.734826940619
-5.006989949
-18.9820789597
-32.9596704485
-46.7708471429
11.4525748727
0.425639057404
0.503151614683
0.579697581844
0.657759448428
0.734826940619
-5.006989949
-18.9820789597
-32.9596704485
-46.7708471429
11.4525748727
0.148812451929
0.0266405014778
-0.0940079513076
-0.217045699397
-25.7183545464
2.52641777101
31.1530840154
-2.30538645786
0.331692118545
2.99266160433
0.148812451929
0.0266405014778
-0.0940079513076
-0.217045699397
-25.7183545464
2.52641777101
31.1530840154
-2.30538645786
0.331692118545
2.99266160433
0.235289270381
0.157286607208
0.0802566458286
0.00170120011211
-17.4462741464
0.452551996172
18.5933858607
-3.19322219085
1.25170140788
5.73689429089
0.235289270381
0.157286607208
0.0802566458286
0.00170120011211
-17.4462741464
0.452551996172
18.5933858607
-3.19322219085
1.25170140788
5.73689429089
0.311883023867
0.273001729427
0.234605289006
0.195448453963
-10.1195743636
-1.38430054726
7.46908178077
-3.97959098292
2.06656677844
8.16750038471
0.311883023867
0.273001729427
0.234605289006
0.195448453963
-10.1195743636
-1.38430054726
7.46908178077
-3.97959098292
2.06656677844
8.16750038471
0.286915183534
2.29176027799
0.0640179168792
0.026078983063
-0.0431378912783
-0.0657463875934
-0.0156545269479
0.0507542236621
0.197024105887
0.282067736544
0.286915183534
2.29176027799
0.0640179168792
0.026078983063
-0.0431378912783
-0.0657463875934
-0.0156545269479
0.0507542236621
0.197024105887
0.282067736544
0.539193518083
0.616414350204
0.69267223005
0.770440304102
0.847217746175
-6.83560486969
-25.5449819402
-44.2577092439
-62.7476460426
15.380912018
0.539193518083
0.616414350204
0.69267223005
0.770440304102
0.847217746175
-6.83560486969
-25.5449819402
-44.2577092439
-62.7476460426
15.380912018
0.0815669489584
-0.0511739059521
-0.182259467795
-0.315941019145
-32.2561301421
3.1679611453
39.0710170064
-3.17808250711
0.367771641099
3.94574985298
0.0815669489584
-0.0511739059521
-0.182259467795
-0.315941019145
-32.2561301421
3.1679611453
39.0710170064
-3.17808250711
0.367771641099
3.94574985298
0.208068322422
0.121773412116
0.0365546088367
-0.0503518487951
-21.9067897675
0.54732822002
23.3050454435
-4.20250796425
1.54678025394
7.3481547941
0.208068322422
0.121773412116
0.0365546088367
-0.0503518487951
-21.9067897675
0.54732822002
23.3050454435
-4.20250796425
1.54678025394
7.3481547941
0.320112396062
0.274955322405
0.230361362425
0.184884273514
-12.7402311499
-1.77380379951
9.34089920203
-5.10985622629
2.59104502532
10.3617134562
0.320112396062
0.274955322405
0.230361362425
0.184884273514
-12.7402311499
-1.77380379951
9.34089920203
-5.10985622629
2.59104502532
10.3617134562
1.04873026544
-0.0324105031807
0.0132452098652
0.0591986716296
0.0196824322218
0.207157904076
0.104275442487
0.514591025903
0.575130168585
0.482789575207
1.04873026544
-0.0324105031807
0.0132452098652
0.0591986716296
0.0196824322218
0.207157904076
0.104275442487
0.514591025903
0.575130168585
0.482789575207
0.652630292024
0.729559701326
0.805529792429
0.883004378433
0.959492070992
-8.66232463167
-32.1010831919
-55.5440388618
-78.7078867433
19.3051778729
0.652630292024
0.729559701326
0.805529792429
0.883004378433
0.959492070992
-8.66232463167
-32.1010831919
-55.5440388618
-78.7078867433
19.3051778729
