-1.77690437551e-09
-2.27757290601e-09
-2.77199804484e-09
-3.27621466989e-09
-3.29544874113e-09
-3.67002346011e-09
-4.0496627556e-09
-4.39911743567e-09
-5.10678774928e-09
-5.82086928153e-09
-1.77690437551e-09
-2.27757290601e-09
-2.77199804484e-09
-3.27621466989e-09
-3.29544874113e-09
-3.67002346011e-09
-4.0496627556e-09
-4.39911743567e-09
-5.10678774928e-09
-5.82086928153e-09
-9.17492655737e-09
-9.92450304886e-09
-1.0664732239e-08
-1.14196207645e-08
-1.16847207032e-08
-1.2451056914e-08
-1.3227754658e-08
-1.47046405758e-08
-1.70930952397e-08
-1.95031883768e-08
-9.17492655737e-09
-9.92450304886e-09
-1.0664732239e-08
-1.14196207645e-08
-1.16847207032e-08
-1.2451056914e-08
-1.3227754658e-08
-1.47046405758e-08
-1.70930952397e-08
-1.95031883768e-08
-1.57274604899e-08
-1.66974983182e-08
-1.76554396681e-08
-1.86323518769e-08
-1.91152187267e-08
-2.02285436875e-08
-2.13569217716e-08
-2.38323896427e-08
-2.7709539017e-08
-3.16218138613e-08
-1.57274604899e-08
-1.66974983182e-08
-1.76554396681e-08
-1.86323518769e-08
-1.91152187267e-08
-2.02285436875e-08
-2.13569217716e-08
-2.38323896427e-08
-2.7709539017e-08
-3.16218138613e-08
-2.37595988587e-08
-2.49998796162e-08
-2.62246939361e-08
-2.74737642082e-08
-2.82235711426e-08
-2.97622371518e-08
-3.13217072657e-08
-3.50212433376e-08
-4.07232442924e-08
-4.64769031648e-08
-2.37595988587e-08
-2.49998796162e-08
-2.62246939361e-08
-2.74737642082e-08
-2.82235711426e-08
-2.97622371518e-08
-3.13217072657e-08
-3.50212433376e-08
-4.07232442924e-08
-4.64769031648e-08
-7.77548944499e-10
-1.36431455906e-09
-1.94376314184e-09
-2.53468699633e-09
-3.11808349369e-09
-1.64656741253e-09
-1.61355554612e-09
-1.58053776838e-09
-1.5479130946e-09
3.86615322528e-09
-7.77548944499e-10
-1.36431455906e-09
-1.94376314184e-09
-2.53468699633e-09
-3.11808349369e-09
-1.64656741253e-09
-1.61355554612e-09
-1.58053776838e-09
-1.5479130946e-09
3.86615322528e-09
5.02775441653e-11
-1.46828660715e-11
-7.88332128445e-11
-1.44253978912e-10
-1.08568366789e-10
-1.4391064144e-10
-1.79730774433e-10
-2.00046156472e-10
-1.83683530317e-10
-1.67172665114e-10
5.02775441653e-11
-1.46828660715e-11
-7.88332128445e-11
-1.44253978912e-10
-1.08568366789e-10
-1.4391064144e-10
-1.79730774433e-10
-2.00046156472e-10
-1.83683530317e-10
-1.67172665114e-10
1.77494011695e-10
2.69602132533e-10
3.60561654969e-10
4.53322519692e-10
5.36378527464e-10
6.35786479662e-10
7.36538513973e-10
8.64162062394e-10
8.93212863222e-10
9.22526853041e-10
1.77494011695e-10
2.69602132533e-10
3.60561654969e-10
4.53322519692e-10
5.36378527464e-10
6.35786479662e-10
7.36538513973e-10
8.64162062394e-10
8.93212863222e-10
9.22526853041e-10
9.63115182491e-11
2.43092216001e-10
3.880425423e-10
5.47588789676e-10
6.54605257702e-10
7.92523834506e-10
9.32307190615e-10
1.09671536518e-09
1.10971067443e-09
1.12282371614e-09
9.63115182491e-11
2.43092216001e-10
3.880425423e-10
5.47588789676e-10
6.54605257702e-10
7.92523834506e-10
9.32307190615e-10
1.09671536518e-09
1.10971067443e-09
1.12282371614e-09
2.17438228145e-09
2.42353828755e-09
2.66958729084e-09
2.92050899424e-09
3.21054008764e-09
3.50694262046e-09
3.80735277373e-09
4.2946148695e-09
5.02012961435e-09
5.75221724147e-09
2.17438228145e-09
2.42353828755e-09
2.66958729084e-09
2.92050899424e-09
3.21054008764e-09
3.50694262046e-09
3.80735277373e-09
4.2946148695e-09
5.02012961435e-09
5.75221724147e-09
3.27728281811e-09
3.6895377327e-09
4.09665178314e-09
4.5118282303e-09
4.92171604108e-09
5.40257796799e-09
5.87756923143e-09
6.35264555016e-09
6.82206569215e-09
8.82574661605e-09
3.27728281811e-09
3.6895377327e-09
4.09665178314e-09
4.5118282303e-09
4.92171604108e-09
5.40257796799e-09
5.87756923143e-09
6.35264555016e-09
6.82206569215e-09
8.82574661605e-09
4.95191073011e-10
5.84240144355e-10
6.72178763981e-10
7.61858900602e-10
8.1147392139e-10
9.14962235209e-10
1.01984980118e-09
1.15405968773e-09
1.28463002453e-09
1.41638327795e-09
4.95191073011e-10
5.84240144355e-10
6.72178763981e-10
7.61858900602e-10
8.1147392139e-10
9.14962235209e-10
1.01984980118e-09
1.15405968773e-09
1.28463002453e-09
1.41638327795e-09
1.21070891928e-09
1.39580270972e-09
1.57858836022e-09
1.76499385736e-09
1.88651262579e-09
2.08156424252e-09
2.27925312702e-09
2.58413593015e-09
2.88026226153e-09
3.17907138265e-09
1.21070891928e-09
1.39580270972e-09
1.57858836022e-09
1.76499385736e-09
1.88651262579e-09
2.08156424252e-09
2.27925312702e-09
2.58413593015e-09
2.88026226153e-09
3.17907138265e-09
1.84445329741e-09
2.11461526761e-09
2.38140828831e-09
2.5401452403e-09
2.83868976398e-09
3.11484030614e-09
3.3947246442e-09
3.85077488772e-09
4.29353652859e-09
4.74030941824e-09
1.84445329741e-09
2.11461526761e-09
2.38140828831e-09
2.5401452403e-09
2.83868976398e-09
3.11484030614e-09
3.3947246442e-09
3.85077488772e-09
4.29353652859e-09
4.74030941824e-09
2.6213012448e-09
2.99574033858e-09
3.36551013565e-09
3.7426027721e-09
4.00587464305e-09
4.38143677122e-09
4.76207682654e-09
5.40342909378e-09
6.02593724305e-09
6.65408507477e-09
2.6213012448e-09
2.99574033858e-09
3.36551013565e-09
3.7426027721e-09
4.00587464305e-09
4.38143677122e-09
4.76207682654e-09
5.40342909378e-09
6.02593724305e-09
6.65408507477e-09
3.72524306476e-09
4.24786543942e-09
4.76397065556e-09
5.29029670538e-09
5.80991826338e-09
6.18133701107e-09
6.70515624354e-09
7.22906927478e-09
7.7467446878e-09
9.37366100773e-09
3.72524306476e-09
4.24786543942e-09
4.76397065556e-09
5.29029670538e-09
5.80991826338e-09
6.18133701107e-09
6.70515624354e-09
7.22906927478e-09
7.7467446878e-09
9.37366100773e-09
9.20283121223e-10
1.15648034996e-09
1.38973217327e-09
1.62760326415e-09
1.6905271202e-09
1.92666093787e-09
2.16598749047e-09
2.44783834244e-09
2.68752828673e-09
2.92938972899e-09
9.20283121223e-10
1.15648034996e-09
1.38973217327e-09
1.62760326415e-09
1.6905271202e-09
1.92666093787e-09
2.16598749047e-09
2.44783834244e-09
2.68752828673e-09
2.92938972899e-09
1.6364458054e-09
1.95945091823e-09
2.27842812176e-09
2.60372227936e-09
2.72546664772e-09
3.03397684497e-09
3.34665836884e-09
3.79904223398e-09
4.13444394834e-09
4.47288427218e-09
1.6364458054e-09
1.95945091823e-09
2.27842812176e-09
2.60372227936e-09
2.72546664772e-09
3.03397684497e-09
3.34665836884e-09
3.79904223398e-09
4.13444394834e-09
4.47288427218e-09
2.27076132567e-09
2.67065342155e-09
3.065558819e-09
3.29276645166e-09
3.64212737209e-09
4.01474236268e-09
4.39239543254e-09
4.99582282364e-09
5.41599782005e-09
5.83997943901e-09
2.27076132567e-09
2.67065342155e-09
3.065558819e-09
3.29276645166e-09
3.64212737209e-09
4.01474236268e-09
4.39239543254e-09
4.99582282364e-09
5.41599782005e-09
5.83997943901e-09
3.04830938278e-09
3.54245003853e-09
4.03042870593e-09
4.52807119506e-09
4.76577600197e-09
5.21697106181e-09
5.67426667191e-09
6.4628441916e-09
6.98693482408e-09
7.51577351447e-09
3.04830938278e-09
3.54245003853e-09
4.03042870593e-09
4.52807119506e-09
4.76577600197e-09
5.21697106181e-09
5.67426667191e-09
6.4628441916e-09
6.98693482408e-09
7.51577351447e-09
4.15324609551e-09
4.78131891529e-09
5.4015595979e-09
6.03408338995e-09
6.65854991296e-09
6.92540131847e-09
7.49587316997e-09
8.06644717419e-09
8.63022802269e-09
9.8971650954e-09
4.15324609551e-09
4.78131891529e-09
5.4015595979e-09
6.03408338995e-09
6.65854991296e-09
6.92540131847e-09
7.49587316997e-09
8.06644717419e-09
8.63022802269e-09
9.8971650954e-09
1.33169653937e-09
1.71030698582e-09
2.08419611833e-09
2.46548966863e-09
2.54129410766e-09
2.90580515652e-09
3.27524471229e-09
3.69998573239e-09
4.0452840288e-09
4.39371059388e-09
1.33169653937e-09
1.71030698582e-09
2.08419611833e-09
2.46548966863e-09
2.54129410766e-09
2.90580515652e-09
3.27524471229e-09
3.69998573239e-09
4.0452840288e-09
4.39371059388e-09
2.04848331183e-09
2.50496203064e-09
2.9557484096e-09
3.41546206241e-09
3.53742477132e-09
3.95574267406e-09
4.37971659925e-09
4.97485523093e-09
5.34826852332e-09
5.72506479534e-09
2.04848331183e-09
2.50496203064e-09
2.9557484096e-09
3.41546206241e-09
3.53742477132e-09
3.95574267406e-09
4.37971659925e-09
4.97485523093e-09
5.34826852332e-09
5.72506479534e-09
2.68335159601e-09
3.20879935606e-09
3.72769472472e-09
4.25686618262e-09
4.41971193057e-09
4.88568733245e-09
5.35796312769e-09
6.10402535821e-09
6.50234050418e-09
6.90426423092e-09
2.68335159601e-09
3.20879935606e-09
3.72769472472e-09
4.25686618262e-09
4.41971193057e-09
4.88568733245e-09
5.35796312769e-09
6.10402535821e-09
6.50234050418e-09
6.90426423092e-09
3.46157723468e-09
4.07156769044e-09
4.67395149809e-09
5.28826478158e-09
5.50122522254e-09
6.02561949434e-09
6.55710403353e-09
7.4881693852e-09
7.91700938395e-09
8.3497345068e-09
3.46157723468e-09
4.07156769044e-09
4.67395149809e-09
5.28826478158e-09
5.50122522254e-09
6.02561949434e-09
6.55710403353e-09
7.4881693852e-09
7.91700938395e-09
8.3497345068e-09
4.56747682647e-09
5.29760690245e-09
6.01863217604e-09
6.75393647485e-09
7.47987425711e-09
7.64552309283e-09
8.2611463734e-09
8.87687989182e-09
9.48528259312e-09
1.04038238462e-08
4.56747682647e-09
5.29760690245e-09
6.01863217604e-09
6.75393647485e-09
7.47987425711e-09
7.64552309283e-09
8.2611463734e-09
8.87687989182e-09
9.48528259312e-09
1.04038238462e-08
1.76253492332e-09
2.29028265567e-09
2.81144931573e-09
3.34293704519e-09
3.43223022649e-09
3.93117986284e-09
4.43687573294e-09
5.01125350867e-09
5.4671464764e-09
5.92716965764e-09
1.76253492332e-09
2.29028265567e-09
2.81144931573e-09
3.34293704519e-09
3.43223022649e-09
3.93117986284e-09
4.43687573294e-09
5.01125350867e-09
5.4671464764e-09
5.92716965764e-09
2.47997525051e-09
3.07622955797e-09
3.6650485086e-09
4.26552829965e-09
4.38771965811e-09
4.92102985883e-09
5.46155087805e-09
6.20618447077e-09
6.61940406535e-09
7.03636726923e-09
2.47997525051e-09
3.07622955797e-09
3.6650485086e-09
4.26552829965e-09
4.38771965811e-09
4.92102985883e-09
5.46155087805e-09
6.20618447077e-09
6.61940406535e-09
7.03636726923e-09
3.11542239745e-09
3.77235395715e-09
4.42109350801e-09
5.0826805536e-09
5.23401029755e-09
5.79775414099e-09
6.36912029228e-09
7.26455189435e-09
7.63997507271e-09
8.0187994395e-09
3.11542239745e-09
3.77235395715e-09
4.42109350801e-09
5.0826805536e-09
5.23401029755e-09
5.79775414099e-09
6.36912029228e-09
7.26455189435e-09
7.63997507271e-09
8.0187994395e-09
3.89435760983e-09
4.62566773678e-09
5.34785834598e-09
6.08435105845e-09
6.27139882332e-09
6.87244842234e-09
7.48162473554e-09
8.56190551034e-09
8.89099759786e-09
9.22307113209e-09
3.89435760983e-09
4.62566773678e-09
5.34785834598e-09
6.08435105845e-09
6.27139882332e-09
6.87244842234e-09
7.48162473554e-09
8.56190551034e-09
8.89099759786e-09
9.22307113209e-09
5.00126554321e-09
5.8382715289e-09
6.66483995784e-09
7.50777756533e-09
8.3399775924e-09
8.399645559e-09
9.06255210228e-09
9.72557735028e-09
1.0380708734e-08
1.093440459e-08
5.00126554321e-09
5.8382715289e-09
6.66483995784e-09
7.50777756533e-09
8.3399775924e-09
8.399645559e-09
9.06255210228e-09
9.72557735028e-09
1.0380708734e-08
1.093440459e-08
2.19295309153e-09
2.8696926496e-09
3.53799319092e-09
4.21952860851e-09
4.3222973759e-09
4.95555447586e-09
5.59737376346e-09
6.32124234749e-09
6.88762211866e-09
7.45913307094e-09
2.19295309153e-09
2.8696926496e-09
3.53799319092e-09
4.21952860851e-09
4.3222973759e-09
4.95555447586e-09
5.59737376346e-09
6.32124234749e-09
6.88762211866e-09
7.45913307094e-09
2.91104633601e-09
3.64693990281e-09
4.37365679585e-09
5.11476542969e-09
5.23718521468e-09
5.88537555631e-09
6.54232999602e-09
7.43631274074e-09
7.88929981266e-09
8.34639077182e-09
2.91104633601e-09
3.64693990281e-09
4.37365679585e-09
5.11476542969e-09
5.23718521468e-09
5.88537555631e-09
6.54232999602e-09
7.43631274074e-09
7.88929981266e-09
8.34639077182e-09
3.54707178113e-09
4.3353588985e-09
5.11381598879e-09
5.9076894713e-09
6.04751444332e-09
6.70893137042e-09
7.37929123056e-09
8.42394651761e-09
8.77650005592e-09
9.13224759259e-09
3.54707178113e-09
4.3353588985e-09
5.11381598879e-09
5.9076894713e-09
6.04751444332e-09
6.70893137042e-09
7.37929123056e-09
8.42394651761e-09
8.77650005592e-09
9.13224759259e-09
4.32671587514e-09
5.17922734484e-09
6.02110790271e-09
6.87966087715e-09
7.04082123972e-09
7.71845140062e-09
8.40524371162e-09
9.63459437313e-09
9.86403583799e-09
1.00955559535e-08
4.32671587514e-09
5.17922734484e-09
6.02110790271e-09
6.87966087715e-09
7.04082123972e-09
7.71845140062e-09
8.40524371162e-09
9.63459437313e-09
9.86403583799e-09
1.00955559535e-08
5.43463116663e-09
6.37840882122e-09
7.3104174646e-09
8.26088340125e-09
9.19924203085e-09
9.15303249618e-09
9.8631761847e-09
1.05734470366e-08
1.12752615261e-08
1.14644678349e-08
5.43463116663e-09
6.37840882122e-09
7.3104174646e-09
8.26088340125e-09
9.19924203085e-09
9.15303249618e-09
9.8631761847e-09
1.05734470366e-08
1.12752615261e-08
1.14644678349e-08
2.62292517853e-09
3.44850214865e-09
4.2637840831e-09
5.09521168086e-09
5.21144206838e-09
5.97886743699e-09
6.75666906512e-09
7.62987352662e-09
8.30662559378e-09
8.98950877226e-09
2.62292517853e-09
3.44850214865e-09
4.2637840831e-09
5.09521168086e-09
5.21144206838e-09
5.97886743699e-09
6.75666906512e-09
7.62987352662e-09
8.30662559378e-09
8.98950877226e-09
3.34167066363e-09
4.217058769e-09
5.08153068836e-09
5.96312241862e-09
6.08577039342e-09
6.84872181529e-09
7.62198900502e-09
8.66516611773e-09
9.15787945238e-09
9.65505657878e-09
3.34167066363e-09
4.217058769e-09
5.08153068836e-09
5.96312241862e-09
6.08577039342e-09
6.84872181529e-09
7.62198900502e-09
8.66516611773e-09
9.15787945238e-09
9.65505657878e-09
3.97827380758e-09
4.89778034702e-09
5.80582053873e-09
6.73184335778e-09
6.86017548131e-09
7.61916426464e-09
8.38841523751e-09
9.58213955557e-09
9.9118471557e-09
1.02445417788e-08
3.97827380758e-09
4.89778034702e-09
5.80582053873e-09
6.73184335778e-09
6.86017548131e-09
7.61916426464e-09
8.38841523751e-09
9.58213955557e-09
9.9118471557e-09
1.02445417788e-08
4.75862604855e-09
5.73221324911e-09
6.69365971015e-09
7.6741464445e-09
7.80944623421e-09
8.56357758965e-09
9.32790545798e-09
1.07061715116e-08
1.08360656307e-08
1.09671365402e-08
4.75862604855e-09
5.73221324911e-09
6.69365971015e-09
7.6741464445e-09
7.80944623421e-09
8.56357758965e-09
9.32790545798e-09
1.07061715116e-08
1.08360656307e-08
1.09671365402e-08
5.86754765413e-09
6.91798632051e-09
7.95532590112e-09
9.01320872561e-09
1.0057615936e-08
9.90563863046e-09
1.06629705081e-08
1.1420437999e-08
1.21688872125e-08
1.19939817274e-08
5.86754765413e-09
6.91798632051e-09
7.95532590112e-09
9.01320872561e-09
1.0057615936e-08
9.90563863046e-09
1.06629705081e-08
1.1420437999e-08
1.21688872125e-08
1.19939817274e-08
-1.29427715375e-09
-1.66220081691e-09
-2.0255364315e-09
-2.39606746434e-09
-2.41220726423e-09
-2.68431243299e-09
-2.96009670068e-09
-3.26574065897e-09
-3.77367053299e-09
-4.28620205471e-09
-1.29427715375e-09
-1.66220081691e-09
-2.0255364315e-09
-2.39606746434e-09
-2.41220726423e-09
-2.68431243299e-09
-2.96009670068e-09
-3.26574065897e-09
-3.77367053299e-09
-4.28620205471e-09
-6.28026485374e-09
-6.86646569804e-09
-7.44535655331e-09
-8.03571163518e-09
-8.32873304869e-09
-8.94874331303e-09
-9.57713665627e-09
-1.05936133391e-08
-1.22271388846e-08
-1.38754635381e-08
-6.28026485374e-09
-6.86646569804e-09
-7.44535655331e-09
-8.03571163518e-09
-8.32873304869e-09
-8.94874331303e-09
-9.57713665627e-09
-1.05936133391e-08
-1.22271388846e-08
-1.38754635381e-08
-1.0696425388e-08
-1.14759574499e-08
-1.22457686612e-08
-1.30308250436e-08
-1.35690844578e-08
-1.44972392353e-08
-1.54379434741e-08
-1.70840148558e-08
-1.97144965674e-08
-2.23688094233e-08
-1.0696425388e-08
-1.14759574499e-08
-1.22457686612e-08
-1.30308250436e-08
-1.35690844578e-08
-1.44972392353e-08
-1.54379434741e-08
-1.70840148558e-08
-1.97144965674e-08
-2.23688094233e-08
-1.61097834623e-08
-1.7126302178e-08
-1.81301447934e-08
-1.91538672863e-08
-1.99927410238e-08
-2.12986213337e-08
-2.2622158283e-08
-2.50399909086e-08
-2.88925479206e-08
-3.27800076052e-08
-1.61097834623e-08
-1.7126302178e-08
-1.81301447934e-08
-1.91538672863e-08
-1.99927410238e-08
-2.12986213337e-08
-2.2622158283e-08
-2.50399909086e-08
-2.88925479206e-08
-3.27800076052e-08
-2.24905814703e-09
-2.99753320874e-09
-3.73667470408e-09
-4.49045399429e-09
-5.23463142823e-09
-3.80860870525e-09
-3.87922117665e-09
-3.94984629241e-09
-4.01963055771e-09
-2.95553755496e-09
-2.24905814703e-09
-2.99753320874e-09
-3.73667470408e-09
-4.49045399429e-09
-5.23463142823e-09
-3.80860870525e-09
-3.87922117665e-09
-3.94984629241e-09
-4.01963055771e-09
-2.95553755496e-09
3.78456327803e-11
-4.06741882663e-12
-4.5457810068e-11
-8.76678874732e-11
-5.7060030239e-11
-7.93730500901e-11
-1.01987761407e-10
-1.15340894604e-10
-1.05035418322e-10
-9.46365784211e-11
3.78456327803e-11
-4.06741882663e-12
-4.5457810068e-11
-8.76678874732e-11
-5.7060030239e-11
-7.93730500901e-11
-1.01987761407e-10
-1.15340894604e-10
-1.05035418322e-10
-9.46365784211e-11
1.27507543195e-10
1.98179254244e-10
2.67969681281e-10
3.37843411646e-10
4.02136113421e-10
4.75231936144e-10
5.49316078066e-10
6.37962865329e-10
6.65198121744e-10
6.92680119022e-10
1.27507543195e-10
1.98179254244e-10
2.67969681281e-10
3.37843411646e-10
4.02136113421e-10
4.75231936144e-10
5.49316078066e-10
6.37962865329e-10
6.65198121744e-10
6.92680119022e-10
6.93312218224e-11
1.8005483972e-10
2.89397721919e-10
4.03730881624e-10
4.91201118041e-10
5.91988140751e-10
6.94137891808e-10
8.08780908262e-10
8.291257511e-10
1.01728936572e-09
6.93312218224e-11
1.8005483972e-10
2.89397721919e-10
4.03730881624e-10
4.91201118041e-10
5.91988140751e-10
6.94137891808e-10
8.08780908262e-10
8.291257511e-10
1.01728936572e-09
1.35632367502e-09
1.53272526954e-09
1.70692711676e-09
1.88457881887e-09
2.1399247512e-09
2.36883430157e-09
2.60083890847e-09
2.84938376532e-09
3.30035305225e-09
3.75540794604e-09
1.35632367502e-09
1.53272526954e-09
1.70692711676e-09
1.88457881887e-09
2.1399247512e-09
2.36883430157e-09
2.60083890847e-09
2.84938376532e-09
3.30035305225e-09
3.75540794604e-09
2.04091804311e-09
2.33067531927e-09
2.6168192903e-09
2.90862999332e-09
3.19672352811e-09
3.64001888801e-09
4.00422967937e-09
4.36850568889e-09
4.72844469105e-09
5.75446952605e-09
2.04091804311e-09
2.33067531927e-09
2.6168192903e-09
2.90862999332e-09
3.19672352811e-09
3.64001888801e-09
4.00422967937e-09
4.36850568889e-09
4.72844469105e-09
5.75446952605e-09
3.57519467535e-10
4.26429702523e-10
4.94480619298e-10
5.63879201394e-10
6.01386183299e-10
6.77900118233e-10
7.55448588222e-10
8.55061802475e-10
9.50058728609e-10
1.04591629006e-09
3.57519467535e-10
4.26429702523e-10
4.94480619298e-10
5.63879201394e-10
6.01386183299e-10
6.77900118233e-10
7.55448588222e-10
8.55061802475e-10
9.50058728609e-10
1.04591629006e-09
8.35410477635e-10
9.78650622873e-10
1.12010454774e-09
1.21234974098e-09
1.36668471428e-09
1.5163518948e-09
1.66804270599e-09
1.87877874657e-09
2.08948766157e-09
2.30210551764e-09
8.35410477635e-10
9.78650622873e-10
1.12010454774e-09
1.21234974098e-09
1.36668471428e-09
1.5163518948e-09
1.66804270599e-09
1.87877874657e-09
2.08948766157e-09
2.30210551764e-09
1.2586853723e-09
1.4677605809e-09
1.67422859864e-09
1.81599971044e-09
2.044520556e-09
2.25898061119e-09
2.47634035315e-09
2.78549946849e-09
3.09869614506e-09
3.42765769427e-09
1.2586853723e-09
1.4677605809e-09
1.67422859864e-09
1.81599971044e-09
2.044520556e-09
2.25898061119e-09
2.47634035315e-09
2.78549946849e-09
3.09869614506e-09
3.42765769427e-09
1.77753846898e-09
2.06731472299e-09
2.35347743524e-09
2.64530725061e-09
2.87541610392e-09
3.16929968289e-09
3.46715682386e-09
3.89696357923e-09
4.33579041513e-09
4.77859285202e-09
1.77753846898e-09
2.06731472299e-09
2.35347743524e-09
2.64530725061e-09
2.87541610392e-09
3.16929968289e-09
3.46715682386e-09
3.89696357923e-09
4.33579041513e-09
4.77859285202e-09
2.51485602742e-09
2.91931271439e-09
3.31872578197e-09
3.72604873771e-09
4.12818309708e-09
4.46291099531e-09
4.87515917699e-09
5.28748117873e-09
5.69489414582e-09
6.71671337457e-09
2.51485602742e-09
2.91931271439e-09
3.31872578197e-09
3.72604873771e-09
4.12818309708e-09
4.46291099531e-09
4.87515917699e-09
5.28748117873e-09
5.69489414582e-09
6.71671337457e-09
6.62951414117e-10
8.37747613082e-10
1.01036408421e-09
1.1863990138e-09
1.23049775533e-09
1.40143577473e-09
1.57468502507e-09
1.78223178798e-09
1.95814704892e-09
2.1356560339e-09
6.62951414117e-10
8.37747613082e-10
1.01036408421e-09
1.1863990138e-09
1.23049775533e-09
1.40143577473e-09
1.57468502507e-09
1.78223178798e-09
1.95814704892e-09
2.1356560339e-09
1.17349243551e-09
1.42343892652e-09
1.67026855729e-09
1.80843368006e-09
2.02056978347e-09
2.25377580146e-09
2.49013496796e-09
2.83076466603e-09
3.09125543669e-09
3.35410615273e-09
1.17349243551e-09
1.42343892652e-09
1.67026855729e-09
1.80843368006e-09
2.02056978347e-09
2.25377580146e-09
2.49013496796e-09
2.83076466603e-09
3.09125543669e-09
3.35410615273e-09
1.62568591161e-09
1.94219408986e-09
2.2547553763e-09
2.44315282302e-09
2.72034786554e-09
3.00870553941e-09
3.30096206023e-09
3.75946521516e-09
4.09486572301e-09
4.77166992348e-09
1.62568591161e-09
1.94219408986e-09
2.2547553763e-09
2.44315282302e-09
2.72034786554e-09
3.00870553941e-09
3.30096206023e-09
3.75946521516e-09
4.09486572301e-09
4.77166992348e-09
2.17998759198e-09
2.57808751588e-09
2.97122308992e-09
3.37214423402e-09
3.57814035324e-09
3.93410328271e-09
4.29487914108e-09
4.89787233989e-09
5.32509768688e-09
5.75619352986e-09
2.17998759198e-09
2.57808751588e-09
2.97122308992e-09
3.37214423402e-09
3.57814035324e-09
3.93410328271e-09
4.29487914108e-09
4.89787233989e-09
5.32509768688e-09
5.75619352986e-09
2.96767945357e-09
3.48172554233e-09
3.98936141981e-09
4.50705040605e-09
5.01814492186e-09
5.24914218108e-09
5.7072876244e-09
6.16551510647e-09
6.61828701114e-09
7.63608799891e-09
2.96767945357e-09
3.48172554233e-09
3.98936141981e-09
4.50705040605e-09
5.01814492186e-09
5.24914218108e-09
5.7072876244e-09
6.16551510647e-09
6.61828701114e-09
7.63608799891e-09
9.58555158489e-10
1.23583011836e-09
1.50964742898e-09
1.78888735712e-09
1.83936574836e-09
2.10168947001e-09
2.36756003689e-09
2.67956725814e-09
2.93379706024e-09
3.19033008577e-09
9.58555158489e-10
1.23583011836e-09
1.50964742898e-09
1.78888735712e-09
1.83936574836e-09
2.10168947001e-09
2.36756003689e-09
2.67956725814e-09
2.93379706024e-09
3.19033008577e-09
1.50069557773e-09
1.85391481316e-09
2.20272936586e-09
2.5584517649e-09
2.65341411101e-09
2.96747085018e-09
3.28577391004e-09
3.75211754195e-09
4.0607882856e-09
4.3722554665e-09
1.50069557773e-09
1.85391481316e-09
2.20272936586e-09
2.5584517649e-09
2.65341411101e-09
2.96747085018e-09
3.28577391004e-09
3.75211754195e-09
4.0607882856e-09
4.3722554665e-09
1.98087709191e-09
2.40136125712e-09
2.81660193853e-09
3.05012537598e-09
3.37442837508e-09
3.7343057869e-09
4.09904905484e-09
4.70209065046e-09
5.05898051378e-09
5.41910366086e-09
1.98087709191e-09
2.40136125712e-09
2.81660193853e-09
3.05012537598e-09
3.37442837508e-09
3.7343057869e-09
4.09904905484e-09
4.70209065046e-09
5.05898051378e-09
5.41910366086e-09
2.56948668994e-09
3.07242464005e-09
3.56909089857e-09
4.07559302595e-09
4.25825231168e-09
4.67429699966e-09
5.09596697426e-09
5.86657381574e-09
6.28257098702e-09
6.70233693137e-09
2.56948668994e-09
3.07242464005e-09
3.56909089857e-09
4.07559302595e-09
4.25825231168e-09
4.67429699966e-09
5.09596697426e-09
5.86657381574e-09
6.28257098702e-09
6.70233693137e-09
3.40593190819e-09
4.0260410263e-09
4.63841731548e-09
5.26292096939e-09
5.87946951707e-09
6.01007398621e-09
6.51263980712e-09
7.01529562101e-09
7.51196690144e-09
8.52587894736e-09
3.40593190819e-09
4.0260410263e-09
4.63841731548e-09
5.26292096939e-09
5.87946951707e-09
6.01007398621e-09
6.51263980712e-09
7.01529562101e-09
7.51196690144e-09
8.52587894736e-09
1.26811589204e-09
1.65270816776e-09
2.03250453549e-09
2.41982230657e-09
2.47698156393e-09
2.83500578181e-09
3.19787079901e-09
3.61927059975e-09
3.95551257955e-09
4.29480078131e-09
1.26811589204e-09
1.65270816776e-09
2.03250453549e-09
2.41982230657e-09
2.47698156393e-09
2.83500578181e-09
3.19787079901e-09
3.61927059975e-09
3.95551257955e-09
4.29480078131e-09
1.84334768093e-09
2.30471570381e-09
2.76033041668e-09
3.22496802267e-09
3.31613830848e-09
3.71486315159e-09
4.11897910193e-09
4.71697227588e-09
5.07609781947e-09
5.43847690122e-09
1.84334768093e-09
2.30471570381e-09
2.76033041668e-09
3.22496802267e-09
3.31613830848e-09
3.71486315159e-09
4.11897910193e-09
4.71697227588e-09
5.07609781947e-09
5.43847690122e-09
2.35283869394e-09
2.88220809288e-09
3.40497619717e-09
3.68575625792e-09
4.05939142507e-09
4.4941653934e-09
4.93481788453e-09
5.68922233189e-09
6.06861617482e-09
6.45144717886e-09
2.35283869394e-09
2.88220809288e-09
3.40497619717e-09
3.68575625792e-09
4.05939142507e-09
4.4941653934e-09
4.93481788453e-09
5.68922233189e-09
6.06861617482e-09
6.45144717886e-09
2.97737606474e-09
3.59010198917e-09
4.1951871539e-09
4.81225529155e-09
4.97047589057e-09
5.44943910916e-09
5.9348783277e-09
6.88101272311e-09
7.28525157815e-09
7.69315268047e-09
2.97737606474e-09
3.59010198917e-09
4.1951871539e-09
4.81225529155e-09
4.97047589057e-09
5.44943910916e-09
5.9348783277e-09
6.88101272311e-09
7.28525157815e-09
7.69315268047e-09
3.86487653902e-09
4.59605647336e-09
5.31811851345e-09
6.05448011067e-09
6.78146172317e-09
6.80693333682e-09
7.35601685222e-09
7.90519869039e-09
8.44784206428e-09
9.45768155119e-09
3.86487653902e-09
4.59605647336e-09
5.31811851345e-09
6.05448011067e-09
6.78146172317e-09
6.80693333682e-09
7.35601685222e-09
7.90519869039e-09
8.44784206428e-09
9.45768155119e-09
1.57737469731e-09
2.06917961756e-09
2.55485167633e-09
3.05014187726e-09
3.1139754846e-09
3.56760685778e-09
4.0273717223e-09
4.55805740713e-09
4.97623157453e-09
5.39819423773e-09
1.57737469731e-09
2.06917961756e-09
2.55485167633e-09
3.05014187726e-09
3.1139754846e-09
3.56760685778e-09
4.0273717223e-09
4.55805740713e-09
4.97623157453e-09
5.39819423773e-09
2.18566558037e-09
2.75507690841e-09
3.31738761453e-09
3.89083419765e-09
3.97821612171e-09
4.46152648823e-09
4.95137163194e-09
5.68088594432e-09
6.09041707703e-09
6.50365840301e-09
2.18566558037e-09
2.75507690841e-09
3.31738761453e-09
3.89083419765e-09
3.97821612171e-09
4.46152648823e-09
4.95137163194e-09
5.68088594432e-09
6.09041707703e-09
6.50365840301e-09
2.72443750537e-09
3.36258593745e-09
3.99277658837e-09
4.63544739571e-09
4.74368640029e-09
5.2532838752e-09
5.7697715519e-09
6.67539122011e-09
7.07726709354e-09
7.48278380655e-09
2.72443750537e-09
3.36258593745e-09
3.99277658837e-09
4.63544739571e-09
4.74368640029e-09
5.2532838752e-09
5.7697715519e-09
6.67539122011e-09
7.07726709354e-09
7.48278380655e-09
3.38486760698e-09
4.10727442467e-09
4.82067274985e-09
5.54819905784e-09
5.6820048063e-09
6.22382518827e-09
6.7729714538e-09
7.89446220334e-09
8.28695421054e-09
8.68300204314e-09
3.38486760698e-09
4.10727442467e-09
4.82067274985e-09
5.54819905784e-09
5.6820048063e-09
6.22382518827e-09
6.7729714538e-09
7.89446220334e-09
8.28695421054e-09
8.68300204314e-09
4.32337354085e-09
5.16551595913e-09
5.99715676879e-09
6.8452672093e-09
7.68257417636e-09
7.60301547525e-09
8.19857131438e-09
8.79423379794e-09
9.38280442667e-09
1.03885753267e-08
4.32337354085e-09
5.16551595913e-09
5.99715676879e-09
6.8452672093e-09
7.68257417636e-09
7.60301547525e-09
8.19857131438e-09
8.79423379794e-09
9.38280442667e-09
1.03885753267e-08
1.88631298976e-09
2.48521944039e-09
3.07665746168e-09
3.67980819087e-09
3.75030923096e-09
4.29944867312e-09
4.85601295892e-09
5.49587126499e-09
5.99589270626e-09
6.5004441479e-09
1.88631298976e-09
2.48521944039e-09
3.07665746168e-09
3.67980819087e-09
3.75030923096e-09
4.29944867312e-09
4.85601295892e-09
5.49587126499e-09
5.99589270626e-09
6.5004441479e-09
2.52762870488e-09
3.20497136304e-09
3.87386748372e-09
4.5560102754e-09
4.63960776394e-09
5.20741599025e-09
5.78290147843e-09
6.643800622e-09
7.10368510399e-09
7.56773596105e-09
2.52762870488e-09
3.20497136304e-09
3.87386748372e-09
4.5560102754e-09
4.63960776394e-09
5.20741599025e-09
5.78290147843e-09
6.643800622e-09
7.10368510399e-09
7.56773596105e-09
3.09565119541e-09
3.8424659231e-09
4.57996778896e-09
5.33207497884e-09
5.42727217886e-09
6.011615614e-09
6.60385988143e-09
7.6605380525e-09
8.08487265626e-09
8.51305156699e-09
3.09565119541e-09
3.8424659231e-09
4.57996778896e-09
5.33207497884e-09
5.42727217886e-09
6.011615614e-09
6.60385988143e-09
7.6605380525e-09
8.08487265626e-09
8.51305156699e-09
3.79193682896e-09
4.62391086769e-09
5.44551009861e-09
6.28338009918e-09
6.39279630038e-09
6.99740870117e-09
7.61019598833e-09
8.90686135439e-09
9.28761868807e-09
9.67182553555e-09
3.79193682896e-09
4.62391086769e-09
5.44551009861e-09
6.28338009918e-09
6.39279630038e-09
6.99740870117e-09
7.61019598833e-09
8.90686135439e-09
9.28761868807e-09
9.67182553555e-09
4.78139536085e-09
5.73438526263e-09
6.67549127548e-09
7.63523474388e-09
8.58275272538e-09
8.39827256189e-09
9.04025256129e-09
9.68234751816e-09
1.03167978032e-08
1.1318504333e-08
4.78139536085e-09
5.73438526263e-09
6.67549127548e-09
7.63523474388e-09
8.58275272538e-09
8.39827256189e-09
9.04025256129e-09
9.68234751816e-09
1.03167978032e-08
1.1318504333e-08
0.0
0.0
0.0
0.0
0.0
0.0
0.0
0.0
0.0
0.0
0.0
0.0
0.0
0.0
0.0
0.0
0.0
0.0
0.0
0.0
-3.38560315012e-09
-3.80842834723e-09
-4.2259808676e-09
-4.65180250583e-09
-4.9727453942e-09
-5.44642971203e-09
-5.92651865449e-09
-6.4825861025e-09
-7.36118252941e-09
-8.24773869928e-09
-3.38560315012e-09
-3.80842834723e-09
-4.2259808676e-09
-4.65180250583e-09
-4.9727453942e-09
-5.44642971203e-09
-5.92651865449e-09
-6.4825861025e-09
-7.36118252941e-09
-8.24773869928e-09
-5.66539028619e-09
-6.25441658157e-09
-6.83609765424e-09
-7.42929821036e-09
-8.02295018886e-09
-8.7659347832e-09
-9.5189651765e-09
-1.0335640069e-08
-1.17194541178e-08
-1.31158049854e-08
-5.66539028619e-09
-6.25441658157e-09
-6.83609765424e-09
-7.42929821036e-09
-8.02295018886e-09
-8.7659347832e-09
-9.5189651765e-09
-1.0335640069e-08
-1.17194541178e-08
-1.31158049854e-08
0.0
0.0
0.0
0.0
0.0
0.0
0.0
0.0
0.0
0.0
0.0
0.0
0.0
0.0
0.0
0.0
0.0
0.0
0.0
0.0
-3.72056734956e-09
-4.63075185843e-09
-5.52958626632e-09
-6.44622099225e-09
-7.35117936277e-09
-5.97064999797e-09
-6.14488680717e-09
-6.31915481643e-09
-6.49134802083e-09
-9.77722833521e-09
-3.72056734956e-09
-4.63075185843e-09
-5.52958626632e-09
-6.44622099225e-09
-7.35117936277e-09
-5.97064999797e-09
-6.14488680717e-09
-6.31915481643e-09
-6.49134802083e-09
-9.77722833521e-09
8.12976365915e-11
1.37751922344e-10
1.58018617652e-10
1.74367188649e-10
2.00260965024e-10
2.27995879626e-10
2.5516864103e-10
2.88605687371e-10
3.1145722986e-10
3.65217433426e-10
8.12976365915e-11
1.37751922344e-10
1.58018617652e-10
1.74367188649e-10
2.00260965024e-10
2.27995879626e-10
2.5516864103e-10
2.88605687371e-10
3.1145722986e-10
3.65217433426e-10
7.75210746946e-11
1.26756375956e-10
1.75377707592e-10
2.19711165502e-10
2.67893699379e-10
3.14677392625e-10
3.62093642159e-10
4.11763668264e-10
4.37183380266e-10
4.62833385002e-10
7.75210746946e-11
1.26756375956e-10
1.75377707592e-10
2.19711165502e-10
2.67893699379e-10
3.14677392625e-10
3.62093642159e-10
4.11763668264e-10
4.37183380266e-10
4.62833385002e-10
4.23509253957e-11
1.1701746344e-10
1.90752901539e-10
2.59872973572e-10
3.27796978379e-10
3.91452446996e-10
4.55968593001e-10
5.20846451341e-10
5.48540827769e-10
6.75191014908e-10
4.23509253957e-11
1.1701746344e-10
1.90752901539e-10
2.59872973572e-10
3.27796978379e-10
3.91452446996e-10
4.55968593001e-10
5.20846451341e-10
5.48540827769e-10
6.75191014908e-10
-2.64165901983e-11
1.05079441647e-10
2.09599913474e-10
3.09103577012e-10
4.0122680425e-10
4.85563803966e-10
5.77582571738e-10
6.54560830597e-10
6.85043505353e-10
8.53660652731e-10
-2.64165901983e-11
1.05079441647e-10
2.09599913474e-10
3.09103577012e-10
4.0122680425e-10
4.85563803966e-10
5.77582571738e-10
6.54560830597e-10
6.85043505353e-10
8.53660652731e-10
8.04553268112e-10
9.7181290583e-10
1.13698679746e-09
1.30543175635e-09
1.47173101515e-09
1.87745980803e-09
2.13089012731e-09
2.38436582762e-09
2.63482368994e-09
2.68319243606e-09
8.04553268112e-10
9.7181290583e-10
1.13698679746e-09
1.30543175635e-09
1.47173101515e-09
1.87745980803e-09
2.13089012731e-09
2.38436582762e-09
2.63482368994e-09
2.68319243606e-09
1.81008258523e-10
2.68619260691e-10
3.16782474615e-10
3.44399056497e-10
3.91298445208e-10
4.40838001257e-10
4.93497732331e-10
5.56063917217e-10
6.15487432688e-10
7.19309066519e-10
1.81008258523e-10
2.68619260691e-10
3.16782474615e-10
3.44399056497e-10
3.91298445208e-10
4.40838001257e-10
4.93497732331e-10
5.56063917217e-10
6.15487432688e-10
7.19309066519e-10
4.60112035985e-10
5.61498536029e-10
6.61620735261e-10
7.40776773821e-10
8.4685680276e-10
9.5113954708e-10
1.05683228495e-09
1.173421563e-09
1.29871306162e-09
1.42513965263e-09
4.60112035985e-10
5.61498536029e-10
6.61620735261e-10
7.40776773821e-10
8.4685680276e-10
9.5113954708e-10
1.05683228495e-09
1.173421563e-09
1.29871306162e-09
1.42513965263e-09
6.72917447177e-10
8.20905894186e-10
9.67048908976e-10
1.09185418059e-09
1.25035134802e-09
1.40312091624e-09
1.5579560621e-09
1.72022404926e-09
1.90385576153e-09
2.11882988915e-09
6.72917447177e-10
8.20905894186e-10
9.67048908976e-10
1.09185418059e-09
1.25035134802e-09
1.40312091624e-09
1.5579560621e-09
1.72022404926e-09
1.90385576153e-09
2.11882988915e-09
6.63415503093e-10
1.13888910741e-09
1.34144473482e-09
1.52220713083e-09
1.74495756479e-09
1.95716259456e-09
2.19906668791e-09
2.39049806468e-09
2.64564358722e-09
2.92461460521e-09
6.63415503093e-10
1.13888910741e-09
1.34144473482e-09
1.52220713083e-09
1.74495756479e-09
1.95716259456e-09
2.19906668791e-09
2.39049806468e-09
2.64564358722e-09
2.92461460521e-09
1.30446899007e-09
1.59075998936e-09
1.87348090839e-09
2.16180077003e-09
2.44644793079e-09
2.74448497954e-09
3.04516211043e-09
3.34589308268e-09
3.64304360383e-09
4.05976574141e-09
1.30446899007e-09
1.59075998936e-09
1.87348090839e-09
2.16180077003e-09
2.44644793079e-09
2.74448497954e-09
3.04516211043e-09
3.34589308268e-09
3.64304360383e-09
4.05976574141e-09
4.00778377054e-10
5.19014876202e-10
6.30995995156e-10
6.83507787272e-10
7.70468390467e-10
8.76210611591e-10
9.90339025955e-10
1.11662523353e-09
1.2287658111e-09
1.46864036042e-09
4.00778377054e-10
5.19014876202e-10
6.30995995156e-10
6.83507787272e-10
7.70468390467e-10
8.76210611591e-10
9.90339025955e-10
1.11662523353e-09
1.2287658111e-09
1.46864036042e-09
7.10539065628e-10
8.87426934817e-10
1.06210899281e-09
1.16610020014e-09
1.31567291923e-09
1.47357475794e-09
1.63361156707e-09
1.86248709808e-09
2.04806692505e-09
2.23532803329e-09
7.10539065628e-10
8.87426934817e-10
1.06210899281e-09
1.16610020014e-09
1.31567291923e-09
1.47357475794e-09
1.63361156707e-09
1.86248709808e-09
2.04806692505e-09
2.23532803329e-09
9.80610497546e-10
1.21373475816e-09
1.4439519336e-09
1.59353919439e-09
1.79856835899e-09
2.00266871614e-09
2.20952868792e-09
2.52310760667e-09
2.77373362597e-09
3.23905279682e-09
9.80610497546e-10
1.21373475816e-09
1.4439519336e-09
1.59353919439e-09
1.79856835899e-09
2.00266871614e-09
2.20952868792e-09
2.52310760667e-09
2.77373362597e-09
3.23905279682e-09
1.08469625088e-09
1.61372499323e-09
1.91201747391e-09
2.11749667121e-09
2.39050470451e-09
2.65123550361e-09
2.98543619467e-09
3.33290048818e-09
3.66326054968e-09
4.25838116929e-09
1.08469625088e-09
1.61372499323e-09
1.91201747391e-09
2.11749667121e-09
2.39050470451e-09
2.65123550361e-09
2.98543619467e-09
3.33290048818e-09
3.66326054968e-09
4.25838116929e-09
1.78211281163e-09
2.18213216938e-09
2.57716324172e-09
2.98001742215e-09
3.37773993076e-09
3.5728830437e-09
3.91870207882e-09
4.26458303874e-09
4.60634599959e-09
5.37501090242e-09
1.78211281163e-09
2.18213216938e-09
2.57716324172e-09
2.98001742215e-09
3.37773993076e-09
3.5728830437e-09
3.91870207882e-09
4.26458303874e-09
4.60634599959e-09
5.37501090242e-09
5.85413777608e-10
7.61353250913e-10
9.35098739626e-10
1.11228504561e-09
1.13743738905e-09
1.29757378349e-09
1.45987536149e-09
1.65914878389e-09
1.82231009168e-09
1.98694957766e-09
5.85413777608e-10
7.61353250913e-10
9.35098739626e-10
1.11228504561e-09
1.13743738905e-09
1.29757378349e-09
1.45987536149e-09
1.65914878389e-09
1.82231009168e-09
1.98694957766e-09
9.52907843625e-10
1.20286759568e-09
1.44971032213e-09
1.57773755109e-09
1.7694034507e-09
1.9791990263e-09
2.19183122084e-09
2.52937985296e-09
2.77330804788e-09
3.01944613766e-09
9.52907843625e-10
1.20286759568e-09
1.44971032213e-09
1.57773755109e-09
1.7694034507e-09
1.9791990263e-09
2.19183122084e-09
2.52937985296e-09
2.77330804788e-09
3.01944613766e-09
1.27840258781e-09
1.59392315819e-09
1.90550915234e-09
2.0790809664e-09
2.3291448196e-09
2.58292424136e-09
2.84013498198e-09
3.30015594272e-09
3.61562052337e-09
4.32322912396e-09
1.27840258781e-09
1.59392315819e-09
1.90550915234e-09
2.0790809664e-09
2.3291448196e-09
2.58292424136e-09
2.84013498198e-09
3.30015594272e-09
3.61562052337e-09
4.32322912396e-09
2.59370996975e-09
3.01057293646e-09
3.46604139711e-09
3.62527380968e-09
4.1957963527e-09
4.9009971939e-09
5.69075978764e-09
6.53486682202e-09
7.31567936435e-09
8.64866871338e-09
2.59370996975e-09
3.01057293646e-09
3.46604139711e-09
3.62527380968e-09
4.1957963527e-09
4.9009971939e-09
5.69075978764e-09
6.53486682202e-09
7.31567936435e-09
8.64866871338e-09
2.24438698991e-09
2.75447515016e-09
3.25820245491e-09
3.77190546393e-09
4.27906477703e-09
4.37462487959e-09
4.76413324084e-09
5.1537113502e-09
5.53865120976e-09
6.64793404852e-09
2.24438698991e-09
2.75447515016e-09
3.25820245491e-09
3.77190546393e-09
4.27906477703e-09
4.37462487959e-09
4.76413324084e-09
5.1537113502e-09
5.53865120976e-09
6.64793404852e-09
7.73696860761e-10
1.01513367985e-09
1.25355975524e-09
1.49670756795e-09
1.52173290138e-09
1.73883170078e-09
1.95886586508e-09
2.22728769083e-09
2.44387868271e-09
2.66243190499e-09
7.73696860761e-10
1.01513367985e-09
1.25355975524e-09
1.49670756795e-09
1.52173290138e-09
1.73883170078e-09
1.95886586508e-09
2.22728769083e-09
2.44387868271e-09
2.66243190499e-09
1.20672011135e-09
1.53320184965e-09
1.85561232476e-09
2.18440774568e-09
2.24455695884e-09
2.50869644436e-09
2.77640732582e-09
3.227760081e-09
3.53279157358e-09
3.84058653321e-09
1.20672011135e-09
1.53320184965e-09
1.85561232476e-09
2.18440774568e-09
2.24455695884e-09
2.50869644436e-09
2.77640732582e-09
3.227760081e-09
3.53279157358e-09
3.84058653321e-09
1.59025499044e-09
1.99206222862e-09
2.38885888633e-09
2.58754768908e-09
2.88477255259e-09
3.19057664581e-09
3.50051547677e-09
4.11389276943e-09
4.49725727692e-09
4.88409491821e-09
1.59025499044e-09
1.99206222862e-09
2.38885888633e-09
2.58754768908e-09
2.88477255259e-09
3.19057664581e-09
3.50051547677e-09
4.11389276943e-09
4.49725727692e-09
4.88409491821e-09
5.43830169472e-09
5.51003882515e-09
6.33914794015e-09
6.42062051238e-09
7.56080395602e-09
9.34046252895e-09
1.11020589859e-08
1.32547737771e-08
1.54947166459e-08
1.88015824291e-08
5.43830169472e-09
5.51003882515e-09
6.33914794015e-09
6.42062051238e-09
7.56080395602e-09
9.34046252895e-09
1.11020589859e-08
1.32547737771e-08
1.54947166459e-08
1.88015824291e-08
2.72848753483e-09
3.35384141782e-09
3.97139706907e-09
4.601182656e-09
5.22294585393e-09
5.21422111463e-09
5.64948160216e-09
6.0848200305e-09
6.51497539457e-09
7.98095851239e-09
2.72848753483e-09
3.35384141782e-09
3.97139706907e-09
4.601182656e-09
5.22294585393e-09
5.21422111463e-09
5.64948160216e-09
6.0848200305e-09
6.51497539457e-09
7.98095851239e-09
9.61796303094e-10
1.26866658551e-09
1.57171016174e-09
1.880755146e-09
1.9056535933e-09
2.1796592397e-09
2.45736968115e-09
2.79487246677e-09
3.06484103039e-09
3.33725540452e-09
9.61796303094e-10
1.26866658551e-09
1.57171016174e-09
1.880755146e-09
1.9056535933e-09
2.1796592397e-09
2.45736968115e-09
2.79487246677e-09
3.06484103039e-09
3.33725540452e-09
1.46028482474e-09
1.86321391402e-09
2.26111843322e-09
2.6669029656e-09
2.71924702874e-09
3.03767742016e-09
3.36041326787e-09
3.9254591479e-09
4.2915343414e-09
4.66092603421e-09
1.46028482474e-09
1.86321391402e-09
2.26111843322e-09
2.6669029656e-09
2.71924702874e-09
3.03767742016e-09
3.36041326787e-09
3.9254591479e-09
4.2915343414e-09
4.66092603421e-09
1.90180322962e-09
2.38981297641e-09
2.87173718795e-09
3.36320532011e-09
3.43985835727e-09
3.79763637999e-09
4.16025187325e-09
4.92683592261e-09
5.37803413115e-09
5.8333200205e-09
1.90180322962e-09
2.38981297641e-09
2.87173718795e-09
3.36320532011e-09
3.43985835727e-09
3.79763637999e-09
4.16025187325e-09
4.92683592261e-09
5.37803413115e-09
5.8333200205e-09
1.05952665275e-08
1.04790655461e-08
1.16688024518e-08
1.16991654383e-08
1.35558893761e-08
1.81258512921e-08
2.24659385472e-08
2.75733010339e-08
3.26535265083e-08
4.07004660555e-08
1.05952665275e-08
1.04790655461e-08
1.16688024518e-08
1.16991654383e-08
1.35558893761e-08
1.81258512921e-08
2.24659385472e-08
2.75733010339e-08
3.26535265083e-08
4.07004660555e-08
3.21211591508e-09
3.95262309704e-09
4.68389607297e-09
5.42965101735e-09
6.16590632187e-09
6.05299845432e-09
6.53396644405e-09
7.01502055931e-09
7.49034732722e-09
9.31268281853e-09
3.21211591508e-09
3.95262309704e-09
4.68389607297e-09
5.42965101735e-09
6.16590632187e-09
6.05299845432e-09
6.53396644405e-09
7.01502055931e-09
7.49034732722e-09
9.31268281853e-09
1.149700801e-09
1.52193673213e-09
1.88953084025e-09
2.26440470088e-09
2.28917639355e-09
2.62002990925e-09
2.95535685271e-09
3.36186900337e-09
3.68515981874e-09
4.01137952354e-09
1.149700801e-09
1.52193673213e-09
1.88953084025e-09
2.26440470088e-09
2.28917639355e-09
2.62002990925e-09
2.95535685271e-09
3.36186900337e-09
3.68515981874e-09
4.01137952354e-09
1.71358674612e-09
2.19288395708e-09
2.66620427908e-09
3.14889813217e-09
3.19344513447e-09
3.56611016522e-09
3.94381395184e-09
4.62243512628e-09
5.04949075559e-09
5.48041534332e-09
1.71358674612e-09
2.19288395708e-09
2.66620427908e-09
3.14889813217e-09
3.19344513447e-09
3.56611016522e-09
3.94381395184e-09
4.62243512628e-09
5.04949075559e-09
5.48041534332e-09
2.21302858324e-09
2.78715149918e-09
3.35411503919e-09
3.93230659989e-09
3.99436887642e-09
4.40406696336e-09
4.81930452534e-09
5.73893654942e-09
6.25789815681e-09
6.78156135513e-09
2.21302858324e-09
2.78715149918e-09
3.35411503919e-09
3.93230659989e-09
3.99436887642e-09
4.40406696336e-09
4.81930452534e-09
5.73893654942e-09
6.25789815681e-09
6.78156135513e-09
1.96304667357e-08
2.00876861241e-08
2.28008174905e-08
2.52476190092e-08
2.81704311537e-08
3.37707302524e-08
3.93255277312e-08
4.50147708687e-08
5.10571345051e-08
6.08753469481e-08
1.96304667357e-08
2.00876861241e-08
2.28008174905e-08
2.52476190092e-08
2.81704311537e-08
3.37707302524e-08
3.93255277312e-08
4.50147708687e-08
5.10571345051e-08
6.08753469481e-08
3.69524306757e-09
4.55078420476e-09
5.39565664983e-09
6.25726076215e-09
7.10788951475e-09
6.89090649333e-09
7.41753461447e-09
7.94425703735e-09
8.46470839388e-09
1.06430269386e-08
3.69524306757e-09
4.55078420476e-09
5.39565664983e-09
6.25726076215e-09
7.10788951475e-09
6.89090649333e-09
7.41753461447e-09
7.94425703735e-09
8.46470839388e-09
1.06430269386e-08
0.0
0.0
0.0
0.0
0.0
0.0
0.0
0.0
0.0
0.0
0.0
0.0
0.0
0.0
0.0
0.0
0.0
0.0
0.0
0.0
-4.90941446496e-10
-7.50390996409e-10
-1.00660518189e-09
-1.26789337648e-09
-1.61675773972e-09
-1.94411611104e-09
-2.27590065271e-09
-2.37155886587e-09
-2.49522617425e-09
-2.62001386049e-09
-4.90941446496e-10
-7.50390996409e-10
-1.00660518189e-09
-1.26789337648e-09
-1.61675773972e-09
-1.94411611104e-09
-2.27590065271e-09
-2.37155886587e-09
-2.49522617425e-09
-2.62001386049e-09
-6.34355184345e-10
-1.03287571324e-09
-1.42642664728e-09
-1.82777137708e-09
-2.47681591995e-09
-3.03463033105e-09
-3.59998687893e-09
-3.58726528214e-09
-3.72441166823e-09
-3.86280054741e-09
-6.34355184345e-10
-1.03287571324e-09
-1.42642664728e-09
-1.82777137708e-09
-2.47681591995e-09
-3.03463033105e-09
-3.59998687893e-09
-3.58726528214e-09
-3.72441166823e-09
-3.86280054741e-09
0.0
0.0
0.0
0.0
0.0
0.0
0.0
0.0
0.0
0.0
0.0
0.0
0.0
0.0
0.0
0.0
0.0
0.0
0.0
0.0
-5.19207655209e-09
-6.26397050812e-09
-7.32249782857e-09
-8.40198799021e-09
-9.46772729731e-09
-8.13269129069e-09
-8.41055243769e-09
-8.68846334046e-09
-8.96306548394e-09
-1.65989191155e-08
-5.19207655209e-09
-6.26397050812e-09
-7.32249782857e-09
-8.40198799021e-09
-9.46772729731e-09
-8.13269129069e-09
-8.41055243769e-09
-8.68846334046e-09
-8.96306548394e-09
-1.65989191155e-08
2.4589981772e-11
5.68615417876e-11
7.22605031317e-11
8.52800446595e-11
9.89430799067e-11
1.12581344439e-10
1.24425344633e-10
1.32107590144e-10
1.42795919506e-10
1.80785099799e-10
2.4589981772e-11
5.68615417876e-11
7.22605031317e-11
8.52800446595e-11
9.89430799067e-11
1.12581344439e-10
1.24425344633e-10
1.32107590144e-10
1.42795919506e-10
1.80785099799e-10
2.75346061945e-11
5.53334976668e-11
8.27857339035e-11
1.01578919358e-10
1.33651285337e-10
1.54122849106e-10
1.74871206252e-10
1.855644712e-10
2.09168638788e-10
2.32986650983e-10
2.75346061945e-11
5.53334976668e-11
8.27857339035e-11
1.01578919358e-10
1.33651285337e-10
1.54122849106e-10
1.74871206252e-10
1.855644712e-10
2.09168638788e-10
2.32986650983e-10
1.53706289689e-11
5.39800871598e-11
9.21080811586e-11
1.1601506552e-10
1.64392838717e-10
1.9091675324e-10
2.17799294194e-10
2.3291199442e-10
2.67955904438e-10
3.33092664099e-10
1.53706289689e-11
5.39800871598e-11
9.21080811586e-11
1.1601506552e-10
1.64392838717e-10
1.9091675324e-10
2.17799294194e-10
2.3291199442e-10
2.67955904438e-10
3.33092664099e-10
-2.74778267292e-11
5.23210678287e-11
1.03535474568e-10
1.33710986621e-10
2.02076033184e-10
2.36018958308e-10
2.6361648734e-10
2.90950893852e-10
3.40017713945e-10
4.2078489809e-10
-2.74778267292e-11
5.23210678287e-11
1.03535474568e-10
1.33710986621e-10
2.02076033184e-10
2.36018958308e-10
2.6361648734e-10
2.90950893852e-10
3.40017713945e-10
4.2078489809e-10
-4.31811506887e-10
-3.87049507606e-10
-3.42845695382e-10
-2.97766480627e-10
-2.53261497807e-10
1.14900728052e-10
2.57550575256e-10
4.00225966349e-10
5.41202688835e-10
-3.88084653929e-10
-4.31811506887e-10
-3.87049507606e-10
-3.42845695382e-10
-2.97766480627e-10
-2.53261497807e-10
1.14900728052e-10
2.57550575256e-10
4.00225966349e-10
5.41202688835e-10
-3.88084653929e-10
5.5663323727e-11
1.10808818859e-10
1.39084329932e-10
1.57988660112e-10
1.81210707117e-10
2.03775884281e-10
2.27416217244e-10
2.57066031959e-10
2.80916136767e-10
3.30201919714e-10
5.5663323727e-11
1.10808818859e-10
1.39084329932e-10
1.57988660112e-10
1.81210707117e-10
2.03775884281e-10
2.27416217244e-10
2.57066031959e-10
2.80916136767e-10
3.30201919714e-10
8.48135943359e-11
1.44346449185e-10
2.03136922783e-10
2.69203806658e-10
3.27028891242e-10
3.8592719936e-10
4.45621863912e-10
4.68064379421e-10
5.0793846166e-10
5.48173787623e-10
8.48135943359e-11
1.44346449185e-10
2.03136922783e-10
2.69203806658e-10
3.27028891242e-10
3.8592719936e-10
4.45621863912e-10
4.68064379421e-10
5.0793846166e-10
5.48173787623e-10
8.71495220592e-11
1.74051207473e-10
2.59869219308e-10
3.67708650741e-10
4.56182140039e-10
5.47261221286e-10
6.39571771056e-10
6.5494863003e-10
7.09015377994e-10
8.10002084033e-10
8.71495220592e-11
1.74051207473e-10
2.59869219308e-10
3.67708650741e-10
4.56182140039e-10
5.47261221286e-10
6.39571771056e-10
6.5494863003e-10
7.09015377994e-10
8.10002084033e-10
1.3752435316e-11
2.10463491827e-10
3.29412034403e-10
4.88456524134e-10
6.1449902566e-10
7.45025506229e-10
8.35638201181e-10
8.84032550132e-10
9.55496759307e-10
1.08625066349e-09
1.3752435316e-11
2.10463491827e-10
3.29412034403e-10
4.88456524134e-10
6.1449902566e-10
7.45025506229e-10
8.35638201181e-10
8.84032550132e-10
9.55496759307e-10
1.08625066349e-09
9.40819527219e-11
2.6220726433e-10
4.28236034801e-10
5.97552802363e-10
7.64712764494e-10
1.02605896378e-09
1.21516504387e-09
1.40430498663e-09
1.59119306184e-09
1.40281810824e-09
9.40819527219e-11
2.6220726433e-10
4.28236034801e-10
5.97552802363e-10
7.64712764494e-10
1.02605896378e-09
1.21516504387e-09
1.40430498663e-09
1.59119306184e-09
1.40281810824e-09
1.22539927908e-10
2.00282139322e-10
2.516279061e-10
2.75200281707e-10
3.10439025602e-10
3.50985448449e-10
3.97564877197e-10
4.51018679076e-10
4.99384573283e-10
5.91360423927e-10
1.22539927908e-10
2.00282139322e-10
2.516279061e-10
2.75200281707e-10
3.10439025602e-10
3.50985448449e-10
3.97564877197e-10
4.51018679076e-10
4.99384573283e-10
5.91360423927e-10
2.47585695741e-10
3.5141494311e-10
4.5394942834e-10
5.23766720216e-10
6.10776054989e-10
6.93373714431e-10
7.77088166183e-10
8.94209530122e-10
1.0048784134e-09
1.11654991384e-09
2.47585695741e-10
3.5141494311e-10
4.5394942834e-10
5.23766720216e-10
6.10776054989e-10
6.93373714431e-10
7.77088166183e-10
8.94209530122e-10
1.0048784134e-09
1.11654991384e-09
3.35535083483e-10
4.85275426466e-10
6.33148490895e-10
7.43925565752e-10
8.76788852446e-10
9.96631892872e-10
1.11809531561e-09
1.28674999819e-09
1.45260152893e-09
1.70643567015e-09
3.35535083483e-10
4.85275426466e-10
6.33148490895e-10
7.43925565752e-10
8.76788852446e-10
9.96631892872e-10
1.11809531561e-09
1.28674999819e-09
1.45260152893e-09
1.70643567015e-09
2.78996612406e-10
6.49362470579e-10
8.52811857898e-10
1.01379769899e-09
1.20286905578e-09
1.36836772451e-09
1.54665950798e-09
1.76792863647e-09
2.00142341248e-09
2.34844869071e-09
2.78996612406e-10
6.49362470579e-10
8.52811857898e-10
1.01379769899e-09
1.20286905578e-09
1.36836772451e-09
1.54665950798e-09
1.76792863647e-09
2.00142341248e-09
2.34844869071e-09
5.96546169683e-10
8.82538796424e-10
1.16496506364e-09
1.45298443825e-09
1.73733493967e-09
1.89662390631e-09
2.13011653325e-09
2.36365097102e-09
2.59440498804e-09
3.11393380593e-09
5.96546169683e-10
8.82538796424e-10
1.16496506364e-09
1.45298443825e-09
1.73733493967e-09
1.89662390631e-09
2.13011653325e-09
2.36365097102e-09
2.59440498804e-09
3.11393380593e-09
2.12272396727e-10
2.86876383461e-10
3.60550050272e-10
4.35682734103e-10
4.35509029741e-10
4.9345809698e-10
5.5219068609e-10
6.38730309638e-10
7.10823123127e-10
7.83569069552e-10
2.12272396727e-10
2.86876383461e-10
3.60550050272e-10
4.35682734103e-10
4.35509029741e-10
4.9345809698e-10
5.5219068609e-10
6.38730309638e-10
7.10823123127e-10
7.83569069552e-10
4.05120109522e-10
5.51820378203e-10
6.96691278391e-10
7.70138297479e-10
8.85392790393e-10
9.90927202422e-10
1.09788853164e-09
1.30664216398e-09
1.48582781016e-09
1.66663680882e-09
4.05120109522e-10
5.51820378203e-10
6.96691278391e-10
7.70138297479e-10
8.85392790393e-10
9.90927202422e-10
1.09788853164e-09
1.30664216398e-09
1.48582781016e-09
1.66663680882e-09
5.75928083712e-10
7.8648505926e-10
9.94416366153e-10
1.10803655682e-09
1.28386126411e-09
1.43154269581e-09
1.58122090912e-09
1.89822123497e-09
2.17226053297e-09
2.57402377809e-09
5.75928083712e-10
7.8648505926e-10
9.94416366153e-10
1.10803655682e-09
1.28386126411e-09
1.43154269581e-09
1.58122090912e-09
1.89822123497e-09
2.17226053297e-09
2.57402377809e-09
8.37653624862e-10
1.28045563229e-09
1.62044515733e-09
1.74500251631e-09
1.96196869198e-09
2.20529434434e-09
2.52458566141e-09
2.96396963553e-09
3.2659967224e-09
3.81292121827e-09
8.37653624862e-10
1.28045563229e-09
1.62044515733e-09
1.74500251631e-09
1.96196869198e-09
2.20529434434e-09
2.52458566141e-09
2.96396963553e-09
3.2659967224e-09
3.81292121827e-09
1.08284207163e-09
1.48290927401e-09
1.87798759435e-09
2.28088995847e-09
2.67866003699e-09
2.73917577298e-09
3.01562667456e-09
3.29212707939e-09
3.56533551808e-09
4.76998914968e-09
1.08284207163e-09
1.48290927401e-09
1.87798759435e-09
2.28088995847e-09
2.67866003699e-09
2.73917577298e-09
3.01562667456e-09
3.29212707939e-09
3.56533551808e-09
4.76998914968e-09
2.79277829484e-10
3.77559191942e-10
4.74614974995e-10
5.73592829333e-10
5.66484238828e-10
6.42657619752e-10
7.19860931143e-10
8.35304781914e-10
9.32244785864e-10
1.03006302866e-09
2.79277829484e-10
3.77559191942e-10
4.74614974995e-10
5.73592829333e-10
5.66484238828e-10
6.42657619752e-10
7.19860931143e-10
8.35304781914e-10
9.32244785864e-10
1.03006302866e-09
5.70092541766e-10
7.61687995497e-10
9.50894232838e-10
1.1438474687e-09
1.1729756092e-09
1.30252973712e-09
1.43383554971e-09
1.73854788611e-09
1.98948532769e-09
2.2426961652e-09
5.70092541766e-10
7.61687995497e-10
9.50894232838e-10
1.1438474687e-09
1.1729756092e-09
1.30252973712e-09
1.43383554971e-09
1.73854788611e-09
1.98948532769e-09
2.2426961652e-09
8.27671286929e-10
1.10191636436e-09
1.3727415755e-09
1.48933912025e-09
1.7101536801e-09
1.88698789822e-09
2.06621306901e-09
2.53856320697e-09
2.92589837903e-09
3.31674265756e-09
8.27671286929e-10
1.10191636436e-09
1.3727415755e-09
1.48933912025e-09
1.7101536801e-09
1.88698789822e-09
2.06621306901e-09
2.53856320697e-09
2.92589837903e-09
3.31674265756e-09
1.45462033857e-09
1.81267093094e-09
2.1672426887e-09
2.25173282009e-09
2.44108291821e-09
2.8029724138e-09
3.37678974751e-09
4.10474827639e-09
4.81969699664e-09
6.01279240146e-09
1.45462033857e-09
1.81267093094e-09
2.1672426887e-09
2.25173282009e-09
2.44108291821e-09
2.8029724138e-09
3.37678974751e-09
4.10474827639e-09
4.81969699664e-09
6.01279240146e-09
1.59209853064e-09
2.11162636228e-09
2.62467562469e-09
3.14788520134e-09
3.6644299847e-09
3.62150889244e-09
3.9429463521e-09
4.26444137061e-09
4.58210872486e-09
6.50423547359e-09
1.59209853064e-09
2.11162636228e-09
2.62467562469e-09
3.14788520134e-09
3.6644299847e-09
3.62150889244e-09
3.9429463521e-09
4.26444137061e-09
4.58210872486e-09
6.50423547359e-09
3.46217908878e-10
4.68153553467e-10
5.88568647151e-10
7.11368414746e-10
6.97331702e-10
7.91711621629e-10
8.8736763999e-10
1.03168752641e-09
1.15345048626e-09
1.27631657131e-09
3.46217908878e-10
4.68153553467e-10
5.88568647151e-10
7.11368414746e-10
6.97331702e-10
7.91711621629e-10
8.8736763999e-10
1.03168752641e-09
1.15345048626e-09
1.27631657131e-09
7.34904069098e-10
9.7135091962e-10
1.2048492519e-09
1.44297173356e-09
1.46027793576e-09
1.61382835208e-09
1.76945490379e-09
2.17003235148e-09
2.49265160577e-09
2.8181936654e-09
7.34904069098e-10
9.7135091962e-10
1.2048492519e-09
1.44297173356e-09
1.46027793576e-09
1.61382835208e-09
1.76945490379e-09
2.17003235148e-09
2.49265160577e-09
2.8181936654e-09
1.07916895386e-09
1.41704001536e-09
1.75069778753e-09
2.09096324451e-09
2.13603031424e-09
2.34198888477e-09
2.55073219459e-09
3.17828062511e-09
3.67880116876e-09
4.18385623445e-09
1.07916895386e-09
1.41704001536e-09
1.75069778753e-09
2.09096324451e-09
2.13603031424e-09
2.34198888477e-09
2.55073219459e-09
3.17828062511e-09
3.67880116876e-09
4.18385623445e-09
3.03144302923e-09
2.94806838125e-09
3.47790968818e-09
3.72458836442e-09
4.51806630465e-09
5.5951141704e-09
6.93177361847e-09
8.65148440386e-09
1.02086446548e-08
1.23762322784e-08
3.03144302923e-09
2.94806838125e-09
3.47790968818e-09
3.72458836442e-09
4.51806630465e-09
5.5951141704e-09
6.93177361847e-09
8.65148440386e-09
1.02086446548e-08
1.23762322784e-08
2.1008582893e-09
2.73973023496e-09
3.37063537715e-09
4.0140348254e-09
4.64923846738e-09
4.50298143339e-09
4.86936157373e-09
5.23580732069e-09
5.59789022776e-09
8.23679031034e-09
2.1008582893e-09
2.73973023496e-09
3.37063537715e-09
4.0140348254e-09
4.64923846738e-09
4.50298143339e-09
4.86936157373e-09
5.23580732069e-09
5.59789022776e-09
8.23679031034e-09
4.13088612225e-10
5.58654023878e-10
7.0240421883e-10
8.49001210883e-10
8.28043556135e-10
9.40611145389e-10
1.05470074651e-09
1.22786674174e-09
1.37442693122e-09
1.52231489918e-09
4.13088612225e-10
5.58654023878e-10
7.0240421883e-10
8.49001210883e-10
8.28043556135e-10
9.40611145389e-10
1.05470074651e-09
1.22786674174e-09
1.37442693122e-09
1.52231489918e-09
8.99544787367e-10
1.18079655113e-09
1.45854107445e-09
1.74178598894e-09
1.74728250499e-09
1.92480434019e-09
2.10472642524e-09
2.60106963055e-09
2.9952964072e-09
3.39309472559e-09
8.99544787367e-10
1.18079655113e-09
1.45854107445e-09
1.74178598894e-09
1.74728250499e-09
1.92480434019e-09
2.10472642524e-09
2.60106963055e-09
2.9952964072e-09
3.39309472559e-09
1.33040597106e-09
1.73183707526e-09
2.12826228942e-09
2.53253822094e-09
2.56146557398e-09
2.79651831272e-09
3.03474916926e-09
3.81733504635e-09
4.43092365736e-09
5.05007114327e-09
1.33040597106e-09
1.73183707526e-09
2.12826228942e-09
2.53253822094e-09
2.56146557398e-09
2.79651831272e-09
3.03474916926e-09
3.81733504635e-09
4.43092365736e-09
5.05007114327e-09
5.76393295819e-09
4.98497387474e-09
5.40808651308e-09
5.32785578518e-09
6.3819963803e-09
8.24178323946e-09
1.04716707705e-08
1.30379492105e-08
1.60534045266e-08
2.06297133078e-08
5.76393295819e-09
4.98497387474e-09
5.40808651308e-09
5.32785578518e-09
6.3819963803e-09
8.24178323946e-09
1.04716707705e-08
1.30379492105e-08
1.60534045266e-08
2.06297133078e-08
2.60909077429e-09
3.36718314689e-09
4.11582202419e-09
4.87928678041e-09
5.63302630413e-09
5.38354042477e-09
5.79481666764e-09
6.20616655654e-09
6.61261898459e-09
9.96754954412e-09
2.60909077429e-09
3.36718314689e-09
4.11582202419e-09
4.87928678041e-09
5.63302630413e-09
5.38354042477e-09
5.79481666764e-09
6.20616655654e-09
6.61261898459e-09
9.96754954412e-09
0.0
0.0
0.0
0.0
0.0
0.0
0.0
0.0
0.0
0.0
0.0
0.0
0.0
0.0
0.0
0.0
0.0
0.0
0.0
0.0
-5.24090718154e-10
-8.05783263767e-10
-1.08396307234e-09
-1.36765189238e-09
-1.41429696464e-09
-1.56929551127e-09
-1.72638977327e-09
-1.5164831292e-09
-1.44474817069e-09
-1.37236332127e-09
-5.24090718154e-10
-8.05783263767e-10
-1.08396307234e-09
-1.36765189238e-09
-1.41429696464e-09
-1.56929551127e-09
-1.72638977327e-09
-1.5164831292e-09
-1.44474817069e-09
-1.37236332127e-09
-7.87686937719e-10
-1.24566649103e-09
-1.69793498892e-09
-2.15916011222e-09
-2.31379627437e-09
-2.59009374775e-09
-2.87012700367e-09
-2.37922221157e-09
-2.19970435565e-09
-2.01856013756e-09
-7.87686937719e-10
-1.24566649103e-09
-1.69793498892e-09
-2.15916011222e-09
-2.31379627437e-09
-2.59009374775e-09
-2.87012700367e-09
-2.37922221157e-09
-2.19970435565e-09
-2.01856013756e-09
0.0
0.0
0.0
0.0
0.0
0.0
0.0
0.0
0.0
0.0
0.0
0.0
0.0
0.0
0.0
0.0
0.0
0.0
0.0
0.0
-4.9581504955e-09
-6.09656752692e-09
-7.22078837268e-09
-8.3672730397e-09
-9.499153457e-09
-8.31693699258e-09
-8.24159061628e-09
-8.16623074792e-09
-8.09176810117e-09
-1.62992258238e-08
-4.9581504955e-09
-6.09656752692e-09
-7.22078837268e-09
-8.3672730397e-09
-9.499153457e-09
-8.31693699258e-09
-8.24159061628e-09
-8.16623074792e-09
-8.09176810117e-09
-1.62992258238e-08
-5.49435671518e-12
1.36443841281e-11
2.45502036353e-11
3.66822190312e-11
5.06945104848e-11
6.20342327817e-11
7.05200441399e-11
7.97428453513e-11
8.36345675952e-11
1.08037277697e-10
-5.49435671518e-12
1.36443841281e-11
2.45502036353e-11
3.66822190312e-11
5.06945104848e-11
6.20342327817e-11
7.05200441399e-11
7.97428453513e-11
8.36345675952e-11
1.08037277697e-10
-7.43672178623e-11
-6.7648365809e-11
-6.10132985801e-11
-4.47527678411e-11
-2.85228381522e-11
-7.32088779911e-12
1.41677313927e-11
4.7699245544e-11
6.35543341166e-11
7.95530636438e-11
-7.43672178623e-11
-6.7648365809e-11
-6.10132985801e-11
-4.47527678411e-11
-2.85228381522e-11
-7.32088779911e-12
1.41677313927e-11
4.7699245544e-11
6.35543341166e-11
7.95530636438e-11
-1.42538935592e-10
-1.39650515753e-10
-1.36798114828e-10
-1.16880899071e-10
-9.86867755164e-11
-6.8749708885e-11
-3.84078670332e-11
1.9317771429e-11
4.57689844641e-11
8.39639580544e-11
-1.42538935592e-10
-1.39650515753e-10
-1.36798114828e-10
-1.16880899071e-10
-9.86867755164e-11
-6.8749708885e-11
-3.84078670332e-11
1.9317771429e-11
4.57689844641e-11
8.39639580544e-11
-2.53969559763e-10
-2.27911215685e-10
-2.29695631519e-10
-2.05296027675e-10
-1.84694182608e-10
-1.44049554087e-10
-7.02594272183e-11
-1.54724226474e-11
2.39675881159e-11
7.01035618966e-11
-2.53969559763e-10
-2.27911215685e-10
-2.29695631519e-10
-2.05296027675e-10
-1.84694182608e-10
-1.44049554087e-10
-7.02594272183e-11
-1.54724226474e-11
2.39675881159e-11
7.01035618966e-11
-6.81927877401e-10
-7.06052514058e-10
-7.29876313841e-10
-7.54171914892e-10
-7.78158031625e-10
-5.19403189107e-10
-3.91135104612e-10
-2.62844051528e-10
-1.36080409603e-10
-1.17851611682e-09
-6.81927877401e-10
-7.06052514058e-10
-7.29876313841e-10
-7.54171914892e-10
-7.78158031625e-10
-5.19403189107e-10
-3.91135104612e-10
-2.62844051528e-10
-1.36080409603e-10
-1.17851611682e-09
1.60032944187e-11
4.9304305086e-11
7.04328670063e-11
8.51995671608e-11
1.00345339989e-10
1.149317066e-10
1.29615169949e-10
1.48477018758e-10
1.58317538843e-10
1.89495067263e-10
1.60032944187e-11
4.9304305086e-11
7.04328670063e-11
8.51995671608e-11
1.00345339989e-10
1.149317066e-10
1.29615169949e-10
1.48477018758e-10
1.58317538843e-10
1.89495067263e-10
-2.46837138578e-11
1.38975799438e-11
5.19977607663e-11
8.48952572159e-11
1.24571483843e-10
1.65239301761e-10
2.06456984004e-10
2.20503337901e-10
2.30185060527e-10
2.39954495807e-10
-2.46837138578e-11
1.38975799438e-11
5.19977607663e-11
8.48952572159e-11
1.24571483843e-10
1.65239301761e-10
2.06456984004e-10
2.20503337901e-10
2.30185060527e-10
2.39954495807e-10
-7.12657792493e-11
-1.7462662325e-11
3.56695238108e-11
8.46257255504e-11
1.46028925543e-10
2.09797457475e-10
2.7442819551e-10
2.84298077713e-10
2.93839151162e-10
3.51769662694e-10
-7.12657792493e-11
-1.7462662325e-11
3.56695238108e-11
8.46257255504e-11
1.46028925543e-10
2.09797457475e-10
2.7442819551e-10
2.84298077713e-10
2.93839151162e-10
3.51769662694e-10
-1.48874110683e-10
-5.59042496223e-11
1.56542656073e-11
8.4295331896e-11
1.72331596013e-10
2.64417132221e-10
3.18875994677e-10
3.62498081354e-10
3.71866746134e-10
4.45200490367e-10
-1.48874110683e-10
-5.59042496223e-11
1.56542656073e-11
8.4295331896e-11
1.72331596013e-10
2.64417132221e-10
3.18875994677e-10
3.62498081354e-10
3.71866746134e-10
4.45200490367e-10
-2.09509328153e-10
-1.10531768413e-10
-1.27884697345e-11
8.68905156368e-11
1.85299761572e-10
3.42034564755e-10
4.76149210302e-10
6.10287871365e-10
7.42829500656e-10
4.9195438514e-10
-2.09509328153e-10
-1.10531768413e-10
-1.27884697345e-11
8.68905156368e-11
1.85299761572e-10
3.42034564755e-10
4.76149210302e-10
6.10287871365e-10
7.42829500656e-10
4.9195438514e-10
3.88904399425e-11
8.75514582171e-11
1.19254662608e-10
1.37509520004e-10
1.56584892268e-10
1.78105158812e-10
2.03661880451e-10
2.30429146176e-10
2.59389425831e-10
3.04795280034e-10
3.88904399425e-11
8.75514582171e-11
1.19254662608e-10
1.37509520004e-10
1.56584892268e-10
1.78105158812e-10
2.03661880451e-10
2.30429146176e-10
2.59389425831e-10
3.04795280034e-10
9.67422563842e-11
1.69714243877e-10
2.41776262655e-10
2.94993559855e-10
3.49455313708e-10
3.96741958006e-10
4.44667958929e-10
5.23004400073e-10
6.04737655584e-10
6.87211382696e-10
9.67422563842e-11
1.69714243877e-10
2.41776262655e-10
2.94993559855e-10
3.49455313708e-10
3.96741958006e-10
4.44667958929e-10
5.23004400073e-10
6.04737655584e-10
6.87211382696e-10
1.33317240781e-10
2.42486996889e-10
3.50295394126e-10
4.34479423723e-10
5.20283401269e-10
5.90391694436e-10
6.61447912801e-10
7.82142482097e-10
9.10617516222e-10
1.0751078407e-09
1.33317240781e-10
2.42486996889e-10
3.50295394126e-10
4.34479423723e-10
5.20283401269e-10
5.90391694436e-10
6.61447912801e-10
7.82142482097e-10
9.10617516222e-10
1.0751078407e-09
9.01736204241e-11
3.31692307034e-10
4.83318845606e-10
6.05462095561e-10
7.29685573118e-10
8.27768790704e-10
9.54967578041e-10
1.0997956149e-09
1.28556702281e-09
1.5186211332e-09
9.01736204241e-11
3.31692307034e-10
4.83318845606e-10
6.05462095561e-10
7.29685573118e-10
8.27768790704e-10
9.54967578041e-10
1.0997956149e-09
1.28556702281e-09
1.5186211332e-09
2.41862355766e-10
4.58457747766e-10
6.72352171393e-10
8.90482512931e-10
1.10583424777e-09
1.16509413803e-09
1.30479487268e-09
1.44452062312e-09
1.58258282287e-09
2.0880032376e-09
2.41862355766e-10
4.58457747766e-10
6.72352171393e-10
8.90482512931e-10
1.10583424777e-09
1.16509413803e-09
1.30479487268e-09
1.44452062312e-09
1.58258282287e-09
2.0880032376e-09
8.210074728e-11
1.24567892823e-10
1.66505468388e-10
2.09273566434e-10
2.11014765834e-10
2.39245812983e-10
2.67858568483e-10
3.09744214541e-10
3.57209017327e-10
4.05103832821e-10
8.210074728e-11
1.24567892823e-10
1.66505468388e-10
2.09273566434e-10
2.11014765834e-10
2.39245812983e-10
2.67858568483e-10
3.09744214541e-10
3.57209017327e-10
4.05103832821e-10
2.14260976575e-10
3.20517032549e-10
4.25448063813e-10
4.98331310347e-10
5.671028221e-10
6.20795311901e-10
6.75213770939e-10
8.1577157016e-10
9.67237881254e-10
1.1200764184e-09
2.14260976575e-10
3.20517032549e-10
4.25448063813e-10
4.98331310347e-10
5.671028221e-10
6.20795311901e-10
6.75213770939e-10
8.1577157016e-10
9.67237881254e-10
1.1200764184e-09
3.31317179664e-10
4.94071984878e-10
6.54797219761e-10
7.73075514668e-10
8.82495100506e-10
9.587391538e-10
1.03601409311e-09
1.26396722799e-09
1.50754916073e-09
1.77517041194e-09
3.31317179664e-10
4.94071984878e-10
6.54797219761e-10
7.73075514668e-10
8.82495100506e-10
9.587391538e-10
1.03601409311e-09
1.26396722799e-09
1.50754916073e-09
1.77517041194e-09
2.85048225909e-10
7.26266291861e-10
9.78388535695e-10
1.11873157585e-09
1.27984564261e-09
1.36798990436e-09
1.48227419416e-09
1.70117380116e-09
1.97404417899e-09
2.27531769248e-09
2.85048225909e-10
7.26266291861e-10
9.78388535695e-10
1.11873157585e-09
1.27984564261e-09
1.36798990436e-09
1.48227419416e-09
1.70117380116e-09
1.97404417899e-09
2.27531769248e-09
6.78709782381e-10
1.00913829502e-09
1.33544632774e-09
1.66821649265e-09
1.99674773598e-09
1.96166926524e-09
2.10677633957e-09
2.25190939779e-09
2.39531452685e-09
3.63269436198e-09
6.78709782381e-10
1.00913829502e-09
1.33544632774e-09
1.66821649265e-09
1.99674773598e-09
1.96166926524e-09
2.10677633957e-09
2.25190939779e-09
2.39531452685e-09
3.63269436198e-09
1.10011993942e-10
1.633320657e-10
2.15987230295e-10
2.69685166137e-10
2.68014556631e-10
3.03273235217e-10
3.39008641853e-10
3.92804159525e-10
4.59647180156e-10
5.27095772636e-10
1.10011993942e-10
1.633320657e-10
2.15987230295e-10
2.69685166137e-10
2.68014556631e-10
3.03273235217e-10
3.39008641853e-10
3.92804159525e-10
4.59647180156e-10
5.27095772636e-10
3.37328366351e-10
4.78440004674e-10
6.17791965341e-10
7.59903621449e-10
7.95026600589e-10
8.55427389154e-10
9.16644848999e-10
1.12236180001e-09
1.34685362668e-09
1.57337926225e-09
3.37328366351e-10
4.78440004674e-10
6.17791965341e-10
7.59903621449e-10
7.95026600589e-10
8.55427389154e-10
9.16644848999e-10
1.12236180001e-09
1.34685362668e-09
1.57337926225e-09
5.38665724769e-10
7.57535607766e-10
9.73676159238e-10
1.12765848692e-09
1.26180869667e-09
1.34447821121e-09
1.42826548961e-09
1.76854142444e-09
2.13266505074e-09
2.50008749591e-09
5.38665724769e-10
7.57535607766e-10
9.73676159238e-10
1.12765848692e-09
1.26180869667e-09
1.34447821121e-09
1.42826548961e-09
1.76854142444e-09
2.13266505074e-09
2.50008749591e-09
5.18509164376e-10
8.5337590768e-10
1.10518637338e-09
1.16876813211e-09
1.28241297736e-09
1.4784707493e-09
1.74614523354e-09
2.10347345055e-09
2.48853936748e-09
3.0824229905e-09
5.18509164376e-10
8.5337590768e-10
1.10518637338e-09
1.16876813211e-09
1.28241297736e-09
1.4784707493e-09
1.74614523354e-09
2.10347345055e-09
2.48853936748e-09
3.0824229905e-09
1.13618304653e-09
1.58581933307e-09
2.02984860564e-09
2.48267133583e-09
2.92972588052e-09
2.79585484442e-09
2.94662351983e-09
3.09741919294e-09
3.24641951876e-09
5.25031838291e-09
1.13618304653e-09
1.58581933307e-09
2.02984860564e-09
2.48267133583e-09
2.92972588052e-09
2.79585484442e-09
2.94662351983e-09
3.09741919294e-09
3.24641951876e-09
5.25031838291e-09
1.37896017531e-10
2.02058430164e-10
2.65420730451e-10
3.30037843734e-10
3.24958753011e-10
3.67238208674e-10
4.10089319409e-10
4.75783092471e-10
5.61985430514e-10
6.48968728315e-10
1.37896017531e-10
2.02058430164e-10
2.65420730451e-10
3.30037843734e-10
3.24958753011e-10
3.67238208674e-10
4.10089319409e-10
4.75783092471e-10
5.61985430514e-10
6.48968728315e-10
4.60275723057e-10
6.36208947539e-10
8.09948265352e-10
9.87128278231e-10
1.02272807493e-09
1.08983061936e-09
1.15784044865e-09
1.42865299884e-09
1.72609911608e-09
2.02623997979e-09
4.60275723057e-10
6.36208947539e-10
8.09948265352e-10
9.87128278231e-10
1.02272807493e-09
1.08983061936e-09
1.15784044865e-09
1.42865299884e-09
1.72609911608e-09
2.02623997979e-09
7.45812033666e-10
1.02074226293e-09
1.29224408198e-09
1.56912266307e-09
1.6407523315e-09
1.72984104026e-09
1.82013430598e-09
2.27262348735e-09
2.75717123757e-09
3.24610880253e-09
7.45812033666e-10
1.02074226293e-09
1.29224408198e-09
1.56912266307e-09
1.6407523315e-09
1.72984104026e-09
1.82013430598e-09
2.27262348735e-09
2.75717123757e-09
3.24610880253e-09
9.49565457303e-10
1.05575748979e-09
1.14091602281e-09
9.92301413264e-10
1.10045761232e-09
1.31272300806e-09
1.70419916957e-09
2.40130227817e-09
3.07539319568e-09
4.19365846406e-09
9.49565457303e-10
1.05575748979e-09
1.14091602281e-09
9.92301413264e-10
1.10045761232e-09
1.31272300806e-09
1.70419916957e-09
2.40130227817e-09
3.07539319568e-09
4.19365846406e-09
1.59321011676e-09
2.1619379086e-09
2.72357360229e-09
3.29633180518e-09
3.8617940502e-09
3.6292268055e-09
3.78565155998e-09
3.94210432497e-09
4.09669439033e-09
6.86636466357e-09
1.59321011676e-09
2.1619379086e-09
2.72357360229e-09
3.29633180518e-09
3.8617940502e-09
3.6292268055e-09
3.78565155998e-09
3.94210432497e-09
4.09669439033e-09
6.86636466357e-09
1.65751142389e-10
2.40744659001e-10
3.14802998208e-10
3.90327972404e-10
3.8184393298e-10
4.31136889455e-10
4.81096329643e-10
5.58676026857e-10
6.64217618504e-10
7.70715376048e-10
1.65751142389e-10
2.40744659001e-10
3.14802998208e-10
3.90327972404e-10
3.8184393298e-10
4.31136889455e-10
4.81096329643e-10
5.58676026857e-10
6.64217618504e-10
7.70715376048e-10
5.8309565832e-10
7.93814380206e-10
1.00190541644e-09
1.21411744159e-09
1.25019356169e-09
1.32399091634e-09
1.39878607553e-09
1.73462676046e-09
2.10495155914e-09
2.47863135689e-09
5.8309565832e-10
7.93814380206e-10
1.00190541644e-09
1.21411744159e-09
1.25019356169e-09
1.32399091634e-09
1.39878607553e-09
1.73462676046e-09
2.10495155914e-09
2.47863135689e-09
9.52743658144e-10
1.28367613327e-09
1.61048184402e-09
1.94375954287e-09
2.01930323283e-09
2.11480448302e-09
2.21159699331e-09
2.77618312451e-09
3.38103019227e-09
3.99135693993e-09
9.52743658144e-10
1.28367613327e-09
1.61048184402e-09
1.94375954287e-09
2.01930323283e-09
2.11480448302e-09
2.21159699331e-09
2.77618312451e-09
3.38103019227e-09
3.99135693993e-09
1.63840514678e-09
1.53757082095e-09
1.81525414126e-09
1.84584761912e-09
2.26729930872e-09
2.59385546823e-09
3.46974662154e-09
4.6990612576e-09
5.67103706692e-09
7.36190884758e-09
1.63840514678e-09
1.53757082095e-09
1.81525414126e-09
1.84584761912e-09
2.26729930872e-09
2.59385546823e-09
3.46974662154e-09
4.6990612576e-09
5.67103706692e-09
7.36190884758e-09
2.04976352859e-09
2.73745940044e-09
3.4165796291e-09
4.10914900473e-09
4.79289623349e-09
4.46173506799e-09
4.62381003963e-09
4.78591403356e-09
4.94608804528e-09
8.48073608958e-09
2.04976352859e-09
2.73745940044e-09
3.4165796291e-09
4.10914900473e-09
4.79289623349e-09
4.46173506799e-09
4.62381003963e-09
4.78591403356e-09
4.94608804528e-09
8.48073608958e-09
0.0
0.0
0.0
0.0
0.0
0.0
0.0
0.0
0.0
0.0
0.0
0.0
0.0
0.0
0.0
0.0
0.0
0.0
0.0
0.0
-3.18655366626e-10
-4.80702978903e-10
-6.40729839625e-10
-8.03925836941e-10
-7.5042212735e-10
-8.18591259229e-10
-8.87682097155e-10
-8.76841166597e-10
-8.67357761201e-10
-8.57788439829e-10
-3.18655366626e-10
-4.80702978903e-10
-6.40729839625e-10
-8.03925836941e-10
-7.5042212735e-10
-8.18591259229e-10
-8.87682097155e-10
-8.76841166597e-10
-8.67357761201e-10
-8.57788439829e-10
-5.73182526475e-10
-7.96752238449e-10
-1.01753401151e-09
-1.24268809803e-09
-1.17461677308e-09
-1.33043295577e-09
-1.488355909e-09
-1.32948322871e-09
-1.29071850924e-09
-1.25160259645e-09
-5.73182526475e-10
-7.96752238449e-10
-1.01753401151e-09
-1.24268809803e-09
-1.17461677308e-09
-1.33043295577e-09
-1.488355909e-09
-1.32948322871e-09
-1.29071850924e-09
-1.25160259645e-09
0.0
0.0
0.0
0.0
0.0
0.0
0.0
0.0
0.0
0.0
0.0
0.0
0.0
0.0
0.0
0.0
0.0
0.0
0.0
0.0
2.2001007665e-09
1.19887968271e-09
2.10143936001e-10
-7.98172514992e-10
-1.79364474253e-09
-2.65406007895e-09
-3.14279372009e-09
-3.63161487733e-09
-4.11461621415e-09
-4.7404922914e-09
2.2001007665e-09
1.19887968271e-09
2.10143936001e-10
-7.98172514992e-10
-1.79364474253e-09
-2.65406007895e-09
-3.14279372009e-09
-3.63161487733e-09
-4.11461621415e-09
-4.7404922914e-09
-1.34726167878e-11
-2.61241994919e-14
5.4003055273e-12
1.50981918959e-11
2.49983049001e-11
3.61681337625e-11
4.21932776209e-11
4.05770180966e-11
4.00107956571e-11
6.30257138645e-11
-1.34726167878e-11
-2.61241994919e-14
5.4003055273e-12
1.50981918959e-11
2.49983049001e-11
3.61681337625e-11
4.21932776209e-11
4.05770180966e-11
4.00107956571e-11
6.30257138645e-11
-7.34427767277e-11
-6.979538439e-11
-6.61934754361e-11
-5.50320561954e-11
-3.1989262908e-11
-1.63135252445e-11
-4.258379521e-13
-3.68753340264e-12
2.47481365047e-13
4.21814584072e-12
-7.34427767277e-11
-6.979538439e-11
-6.61934754361e-11
-5.50320561954e-11
-3.1989262908e-11
-1.63135252445e-11
-4.258379521e-13
-3.68753340264e-12
2.47481365047e-13
4.21814584072e-12
-1.33601996852e-10
-1.31591014844e-10
-1.29605110004e-10
-1.17147418791e-10
-8.24639658237e-11
-6.27972803651e-11
-4.28646841866e-11
-4.28932790162e-11
-3.49714541508e-11
9.75108933779e-12
-1.33601996852e-10
-1.31591014844e-10
-1.29605110004e-10
-1.17147418791e-10
-8.24639658237e-11
-6.27972803651e-11
-4.28646841866e-11
-4.28932790162e-11
-3.49714541508e-11
9.75108933779e-12
-2.36553524949e-10
-2.07340497337e-10
-2.07335500764e-10
-1.93288831004e-10
-1.44336182301e-10
-1.19777367287e-10
-8.92964934577e-11
-9.09519349297e-11
-7.8143052525e-11
-2.09221793291e-11
-2.36553524949e-10
-2.07340497337e-10
-2.07335500764e-10
-1.93288831004e-10
-1.44336182301e-10
-1.19777367287e-10
-8.92964934577e-11
-9.09519349297e-11
-7.8143052525e-11
-2.09221793291e-11
3.8909114909e-11
-2.31368492633e-11
-8.4409093435e-11
-1.46894759593e-10
-2.08584465458e-10
-1.81311000343e-10
-1.56057549962e-10
-1.30799577519e-10
-1.05842322141e-10
-3.5037976182e-10
3.8909114909e-11
-2.31368492633e-11
-8.4409093435e-11
-1.46894759593e-10
-2.08584465458e-10
-1.81311000343e-10
-1.56057549962e-10
-1.30799577519e-10
-1.05842322141e-10
-3.5037976182e-10
-8.02340366822e-12
1.36559608573e-11
2.9782957108e-11
4.39275363768e-11
5.77533453961e-11
6.67559303347e-11
7.82942585145e-11
8.54710920107e-11
8.74469058822e-11
1.16283088036e-10
-8.02340366822e-12
1.36559608573e-11
2.9782957108e-11
4.39275363768e-11
5.77533453961e-11
6.67559303347e-11
7.82942585145e-11
8.54710920107e-11
8.74469058822e-11
1.16283088036e-10
-4.63527521142e-11
-2.44000934963e-11
-2.72118694691e-12
1.20585863681e-11
4.73800875359e-11
7.23186431506e-11
9.75943897623e-11
9.27746972863e-11
9.60967498942e-11
9.94488990107e-11
-4.63527521142e-11
-2.44000934963e-11
-2.72118694691e-12
1.20585863681e-11
4.73800875359e-11
7.23186431506e-11
9.75943897623e-11
9.27746972863e-11
9.60967498942e-11
9.94488990107e-11
-8.50390443054e-11
-5.81068844951e-11
-3.15105716813e-11
-1.61681979253e-11
3.81923448597e-11
7.7245617359e-11
1.16826924124e-10
9.92436048161e-11
1.03758040305e-10
9.57588019392e-11
-8.50390443054e-11
-5.81068844951e-11
-3.15105716813e-11
-1.61681979253e-11
3.81923448597e-11
7.7245617359e-11
1.16826924124e-10
9.92436048161e-11
1.03758040305e-10
9.57588019392e-11
-1.50442534477e-10
-9.94248863647e-11
-6.68007852266e-11
-5.07687722205e-11
2.69299506115e-11
8.32851341306e-11
1.2512954712e-10
1.07173233401e-10
1.13149299518e-10
8.3941788732e-11
-1.50442534477e-10
-9.94248863647e-11
-6.68007852266e-11
-5.07687722205e-11
2.69299506115e-11
8.32851341306e-11
1.2512954712e-10
1.07173233401e-10
1.13149299518e-10
8.3941788732e-11
-1.9984997597e-10
-1.58139941653e-10
-1.16950036054e-10
-7.49444146649e-11
-3.34738728996e-11
9.18676053323e-11
1.73904122873e-10
2.55955330451e-10
3.37029650499e-10
1.3462085145e-10
-1.9984997597e-10
-1.58139941653e-10
-1.16950036054e-10
-7.49444146649e-11
-3.34738728996e-11
9.18676053323e-11
1.73904122873e-10
2.55955330451e-10
3.37029650499e-10
1.3462085145e-10
6.12828808204e-12
4.17134727607e-11
6.79836244643e-11
8.31870381102e-11
9.58299729766e-11
1.12032836902e-10
1.25898752715e-10
1.39443258905e-10
1.47808727207e-10
1.80956940108e-10
6.12828808204e-12
4.17134727607e-11
6.79836244643e-11
8.31870381102e-11
9.58299729766e-11
1.12032836902e-10
1.25898752715e-10
1.39443258905e-10
1.47808727207e-10
1.80956940108e-10
-8.30398441659e-11
-3.11312612615e-11
2.01300159022e-11
7.26095307719e-11
1.22982468452e-10
1.6538411428e-10
2.08359067297e-10
2.310231142e-10
2.42514061595e-10
2.54109112517e-10
-8.30398441659e-11
-3.11312612615e-11
2.01300159022e-11
7.26095307719e-11
1.22982468452e-10
1.6538411428e-10
2.08359067297e-10
2.310231142e-10
2.42514061595e-10
2.54109112517e-10
-1.69973973948e-10
-9.5650882824e-11
-2.22546088243e-11
6.32408814152e-11
1.47031821588e-10
2.12638102815e-10
2.79131438116e-10
3.12136700319e-10
3.26395929195e-10
3.97529234726e-10
-1.69973973948e-10
-9.5650882824e-11
-2.22546088243e-11
6.32408814152e-11
1.47031821588e-10
2.12638102815e-10
2.79131438116e-10
3.12136700319e-10
3.26395929195e-10
3.97529234726e-10
-2.77714364729e-10
-1.74739451191e-10
-7.42099552632e-11
5.17567305908e-11
1.76511673819e-10
2.70562346825e-10
3.36665686509e-10
4.11566257497e-10
4.29218863673e-10
5.22222374051e-10
-2.77714364729e-10
-1.74739451191e-10
-7.42099552632e-11
5.17567305908e-11
1.76511673819e-10
2.70562346825e-10
3.36665686509e-10
4.11566257497e-10
4.29218863673e-10
5.22222374051e-10
-4.27972036529e-10
-2.87128469397e-10
-1.48041237045e-10
-6.19955187196e-12
1.33835313331e-10
3.52875746208e-10
4.89165570869e-10
6.25479800548e-10
7.6017109651e-10
5.98014051955e-10
-4.27972036529e-10
-2.87128469397e-10
-1.48041237045e-10
-6.19955187196e-12
1.33835313331e-10
3.52875746208e-10
4.89165570869e-10
6.25479800548e-10
7.6017109651e-10
5.98014051955e-10
3.23255382056e-11
6.88681488489e-11
1.04955069116e-10
1.4175664678e-10
1.3268136921e-10
1.55852821238e-10
1.79337571483e-10
1.9167870711e-10
2.0622822327e-10
2.20909552404e-10
3.23255382056e-11
6.88681488489e-11
1.04955069116e-10
1.4175664678e-10
1.3268136921e-10
1.55852821238e-10
1.79337571483e-10
1.9167870711e-10
2.0622822327e-10
2.20909552404e-10
-1.18546417404e-10
-3.76458332232e-11
4.22459117709e-11
1.31212064303e-10
1.9615211273e-10
2.55454920708e-10
3.15559554312e-10
3.64822967656e-10
3.84219950792e-10
4.03792663073e-10
-1.18546417404e-10
-3.76458332232e-11
4.22459117709e-11
1.31212064303e-10
1.9615211273e-10
2.55454920708e-10
3.15559554312e-10
3.64822967656e-10
3.84219950792e-10
4.03792663073e-10
-2.52175863801e-10
-1.31986788773e-10
-1.32964847351e-11
1.40094732012e-10
2.5236905699e-10
3.43673923096e-10
4.36213310532e-10
5.18179312711e-10
5.41869766597e-10
6.8958928565e-10
-2.52175863801e-10
-1.31986788773e-10
-1.32964847351e-11
1.40094732012e-10
2.5236905699e-10
3.43673923096e-10
4.36213310532e-10
5.18179312711e-10
5.41869766597e-10
6.8958928565e-10
2.29470208357e-11
2.55911247267e-10
3.56360444052e-10
4.45523772715e-10
5.58637419956e-10
6.41908356676e-10
8.16959488985e-10
9.46105526534e-10
1.05989044463e-09
1.28995171348e-09
2.29470208357e-11
2.55911247267e-10
3.56360444052e-10
4.45523772715e-10
5.58637419956e-10
6.41908356676e-10
8.16959488985e-10
9.46105526534e-10
1.05989044463e-09
1.28995171348e-09
-6.4875357569e-10
-4.11966398791e-10
-1.78131984043e-10
6.03332357928e-11
2.95760817429e-10
6.0548515599e-10
7.94282522539e-10
9.83113696478e-10
1.16969667902e-09
1.04649616628e-09
-6.4875357569e-10
-4.11966398791e-10
-1.78131984043e-10
6.03332357928e-11
2.95760817429e-10
6.0548515599e-10
7.94282522539e-10
9.83113696478e-10
1.16969667902e-09
1.04649616628e-09
5.03522435635e-11
9.73049383321e-11
1.4367212783e-10
1.90957562905e-10
1.71272711396e-10
2.01741774789e-10
2.32622806463e-10
2.46380462319e-10
2.67406007378e-10
2.88622035721e-10
5.03522435635e-11
9.73049383321e-11
1.4367212783e-10
1.90957562905e-10
1.71272711396e-10
2.01741774789e-10
2.32622806463e-10
2.46380462319e-10
2.67406007378e-10
2.88622035721e-10
-1.55729440511e-10
-4.44679919868e-11
6.54060140314e-11
1.7745594059e-10
2.72776476214e-10
3.49778438052e-10
4.27821533495e-10
5.0494020762e-10
5.32616511536e-10
5.60543552034e-10
-1.55729440511e-10
-4.44679919868e-11
6.54060140314e-11
1.7745594059e-10
2.72776476214e-10
3.49778438052e-10
4.27821533495e-10
5.0494020762e-10
5.32616511536e-10
5.60543552034e-10
-3.3825893212e-10
-1.70038301698e-10
-3.91540104765e-12
2.20577252345e-10
3.62679810768e-10
4.80896625514e-10
6.0071183458e-10
7.33950267744e-10
7.67517243791e-10
8.01388323625e-10
-3.3825893212e-10
-1.70038301698e-10
-3.91540104765e-12
2.20577252345e-10
3.62679810768e-10
4.80896625514e-10
6.0071183458e-10
7.33950267744e-10
7.67517243791e-10
8.01388323625e-10
1.73424116747e-10
4.68564774736e-10
6.41909673498e-10
7.22404464777e-10
7.846446598e-10
8.72265657172e-10
1.06310033392e-09
1.31778008212e-09
1.6012681187e-09
1.83438887875e-09
1.73424116747e-10
4.68564774736e-10
6.41909673498e-10
7.22404464777e-10
7.846446598e-10
8.72265657172e-10
1.06310033392e-09
1.31778008212e-09
1.6012681187e-09
1.83438887875e-09
-8.7995935883e-10
-5.42698575679e-10
-2.09643471605e-10
1.30007382168e-10
4.65331666185e-10
8.70021568949e-10
1.11380563135e-09
1.35763334744e-09
1.59855809279e-09
1.51615345222e-09
-8.7995935883e-10
-5.42698575679e-10
-2.09643471605e-10
1.30007382168e-10
4.65331666185e-10
8.70021568949e-10
1.11380563135e-09
1.35763334744e-09
1.59855809279e-09
1.51615345222e-09
6.83613666783e-11
1.25713992157e-10
1.82351424084e-10
2.40110491201e-10
2.09826413738e-10
2.47585970814e-10
2.85856069997e-10
3.01028864487e-10
3.28524122087e-10
3.56268476059e-10
6.83613666783e-11
1.25713992157e-10
1.82351424084e-10
2.40110491201e-10
2.09826413738e-10
2.47585970814e-10
2.85856069997e-10
3.01028864487e-10
3.28524122087e-10
3.56268476059e-10
-1.92876197371e-10
-5.12834967971e-11
8.85435272196e-11
2.31139654728e-10
3.49326104567e-10
4.44009957498e-10
5.39974018603e-10
6.44920785042e-10
6.80868334551e-10
7.17141554919e-10
-1.92876197371e-10
-5.12834967971e-11
8.85435272196e-11
2.31139654728e-10
3.49326104567e-10
4.44009957498e-10
5.39974018603e-10
6.44920785042e-10
6.80868334551e-10
7.17141554919e-10
-4.24258039814e-10
-2.08052701299e-10
5.4565328539e-12
2.23194056709e-10
4.72882973587e-10
6.1798548856e-10
7.6504991594e-10
9.4951077182e-10
9.92944637019e-10
1.0367719962e-09
-4.24258039814e-10
-2.08052701299e-10
5.4565328539e-12
2.23194056709e-10
4.72882973587e-10
6.1798548856e-10
7.6504991594e-10
9.4951077182e-10
9.92944637019e-10
1.0367719962e-09
4.4159269327e-10
6.95977946562e-10
8.78276641527e-10
8.48665889678e-10
8.99282966854e-10
1.06098058258e-09
1.449388738e-09
1.95847616371e-09
2.36325053623e-09
3.02053221973e-09
4.4159269327e-10
6.95977946562e-10
8.78276641527e-10
8.48665889678e-10
8.99282966854e-10
1.06098058258e-09
1.449388738e-09
1.95847616371e-09
2.36325053623e-09
3.02053221973e-09
-1.11093963674e-09
-6.73303243691e-10
-2.41124224618e-10
1.99613572267e-10
6.34737124991e-10
1.13429996784e-09
1.43301709513e-09
1.73178771283e-09
2.02700121905e-09
1.98535266063e-09
-1.11093963674e-09
-6.73303243691e-10
-2.41124224618e-10
1.99613572267e-10
6.34737124991e-10
1.13429996784e-09
1.43301709513e-09
1.73178771283e-09
2.02700121905e-09
1.98535266063e-09
8.63518253132e-11
1.54093603114e-10
2.20990633491e-10
2.89212477879e-10
2.48340159398e-10
2.93382654361e-10
3.39034163094e-10
3.55620629583e-10
3.89578894576e-10
4.23844808283e-10
8.63518253132e-11
1.54093603114e-10
2.20990633491e-10
2.89212477879e-10
2.48340159398e-10
2.93382654361e-10
3.39034163094e-10
3.55620629583e-10
3.89578894576e-10
4.23844808283e-10
-2.29984455693e-10
-5.80919380846e-11
1.11657060914e-10
2.84767731586e-10
4.2579639763e-10
5.38143816313e-10
6.52010269967e-10
7.84756287955e-10
8.28966510818e-10
8.73577261157e-10
-2.29984455693e-10
-5.80919380846e-11
1.11657060914e-10
2.84767731586e-10
4.2579639763e-10
5.38143816313e-10
6.52010269967e-10
7.84756287955e-10
8.28966510818e-10
8.73577261157e-10
-5.10168018869e-10
-2.46027703146e-10
1.48187537743e-11
2.80830956299e-10
5.82971922921e-10
7.54932274042e-10
9.29217678912e-10
1.16484787109e-09
1.21813839949e-09
1.27191171942e-09
-5.10168018869e-10
-2.46027703146e-10
1.48187537743e-11
2.80830956299e-10
5.82971922921e-10
7.54932274042e-10
9.29217678912e-10
1.16484787109e-09
1.21813839949e-09
1.27191171942e-09
6.69721386393e-10
6.35646227579e-10
7.38867737641e-10
6.22521431572e-10
6.86885925106e-10
7.90131276225e-10
1.13704459563e-09
1.72113700359e-09
2.36342440541e-09
3.19388999567e-09
6.69721386393e-10
6.35646227579e-10
7.38867737641e-10
6.22521431572e-10
6.86885925106e-10
7.90131276225e-10
1.13704459563e-09
1.72113700359e-09
2.36342440541e-09
3.19388999567e-09
-1.34168052894e-09
-8.03772554297e-10
-2.72572351286e-10
2.69147623187e-10
8.03967013628e-10
1.39830447117e-09
1.75189773127e-09
2.10555430826e-09
2.45500031103e-09
2.45406559554e-09
-1.34168052894e-09
-8.03772554297e-10
-2.72572351286e-10
2.69147623187e-10
8.03967013628e-10
1.39830447117e-09
1.75189773127e-09
2.10555430826e-09
2.45500031103e-09
2.45406559554e-09
