2.74806008685e-09
-1.10784745031e-09
-4.91567139618e-09
-8.79890464622e-09
-1.06184748183e-08
-1.26734804356e-08
-1.4756271519e-08
-1.62686814817e-08
-1.62331756346e-08
-1.61973481182e-08
2.74806008685e-09
-1.10784745031e-09
-4.91567139618e-09
-8.79890464622e-09
-1.06184748183e-08
-1.26734804356e-08
-1.4756271519e-08
-1.62686814817e-08
-1.62331756346e-08
-1.61973481182e-08
2.04738127343e-08
1.48027836674e-08
9.20247295712e-09
3.49125493076e-09
1.91480515943e-09
-8.27942062852e-10
-3.60777361691e-09
-2.23789411449e-09
-1.63486625913e-09
-1.02637520522e-09
2.04738127343e-08
1.48027836674e-08
9.20247295712e-09
3.49125493076e-09
1.91480515943e-09
-8.27942062852e-10
-3.60777361691e-09
-2.23789411449e-09
-1.63486625913e-09
-1.02637520522e-09
3.61737650791e-08
2.88950569432e-08
2.17071150986e-08
1.43768248418e-08
1.30157102826e-08
9.66382049585e-09
6.26661023924e-09
1.01893746965e-08
1.1295064902e-08
1.2410772232e-08
3.61737650791e-08
2.88950569432e-08
2.17071150986e-08
1.43768248418e-08
1.30157102826e-08
9.66382049585e-09
6.26661023924e-09
1.01893746965e-08
1.1295064902e-08
1.2410772232e-08
5.54188679535e-08
4.61694564425e-08
3.70353861108e-08
2.77204266682e-08
2.66232714012e-08
2.25246907291e-08
1.83706936758e-08
2.54228009809e-08
2.71446579382e-08
2.88821142518e-08
5.54188679535e-08
4.61694564425e-08
3.70353861108e-08
2.77204266682e-08
2.66232714012e-08
2.25246907291e-08
1.83706936758e-08
2.54228009809e-08
2.71446579382e-08
2.88821142518e-08
6.76532297927e-08
-2.50393623055e-08
-1.1657606758e-07
-2.09925545544e-07
-3.02085911147e-07
-3.07215032923e-07
-3.5803254587e-07
-4.08859158561e-07
-4.59080638364e-07
-3.99326097272e-07
6.76532297927e-08
-2.50393623055e-08
-1.1657606758e-07
-2.09925545544e-07
-3.02085911147e-07
-3.07215032923e-07
-3.5803254587e-07
-4.08859158561e-07
-4.59080638364e-07
-3.99326097272e-07
6.75152409156e-09
5.7939824548e-09
4.84838146762e-09
3.8840540074e-09
3.55846208693e-09
3.20018807306e-09
2.83706988242e-09
3.33513439895e-09
3.54262431587e-09
3.75199401099e-09
6.75152409156e-09
5.7939824548e-09
4.84838146762e-09
3.8840540074e-09
3.55846208693e-09
3.20018807306e-09
2.83706988242e-09
3.33513439895e-09
3.54262431587e-09
3.75199401099e-09
2.67868246028e-08
2.78600427586e-08
2.89198777658e-08
3.00007015114e-08
3.21068613114e-08
3.40774527692e-08
3.60746883402e-08
3.90189625304e-08
4.18275796683e-08
4.46616417884e-08
2.67868246028e-08
2.78600427586e-08
2.89198777658e-08
3.00007015114e-08
3.21068613114e-08
3.40774527692e-08
3.60746883402e-08
3.90189625304e-08
4.18275796683e-08
4.46616417884e-08
4.34362736043e-08
4.51669876723e-08
4.68761195454e-08
4.91640383675e-08
5.20257791245e-08
5.52057565216e-08
5.84287299834e-08
6.32839144183e-08
6.7834677144e-08
7.24266680154e-08
4.34362736043e-08
4.51669876723e-08
4.68761195454e-08
4.91640383675e-08
5.20257791245e-08
5.52057565216e-08
5.84287299834e-08
6.32839144183e-08
6.7834677144e-08
7.24266680154e-08
6.24326021353e-08
5.92481403875e-08
5.61033892282e-08
5.28963601117e-08
5.45276845158e-08
5.59154060497e-08
5.73218907877e-08
6.22035082755e-08
6.78858758682e-08
7.36197235079e-08
6.24326021353e-08
5.92481403875e-08
5.61033892282e-08
5.28963601117e-08
5.45276845158e-08
5.59154060497e-08
5.73218907877e-08
6.22035082755e-08
6.78858758682e-08
7.36197235079e-08
9.13439311195e-08
8.70031839295e-08
8.27165663347e-08
7.8345057512e-08
7.40292342194e-08
8.32867692299e-08
8.56120862578e-08
8.79378196733e-08
9.02358633078e-08
1.09897198439e-07
9.13439311195e-08
8.70031839295e-08
8.27165663347e-08
7.8345057512e-08
7.40292342194e-08
8.32867692299e-08
8.56120862578e-08
8.79378196733e-08
9.02358633078e-08
1.09897198439e-07
8.56806252226e-09
9.36148518114e-09
1.01450137722e-08
1.09440591903e-08
1.18533721707e-08
1.27524109906e-08
1.36636055985e-08
1.47044066707e-08
1.56351477117e-08
1.65743209056e-08
8.56806252226e-09
9.36148518114e-09
1.01450137722e-08
1.09440591903e-08
1.18533721707e-08
1.27524109906e-08
1.36636055985e-08
1.47044066707e-08
1.56351477117e-08
1.65743209056e-08
2.74842588046e-08
2.93025521759e-08
3.10981712286e-08
3.29293503245e-08
3.5442348876e-08
3.79336495719e-08
4.04586348235e-08
4.35768413181e-08
4.66291224048e-08
4.97090559746e-08
2.74842588046e-08
2.93025521759e-08
3.10981712286e-08
3.29293503245e-08
3.5442348876e-08
3.79336495719e-08
4.04586348235e-08
4.35768413181e-08
4.66291224048e-08
4.97090559746e-08
4.42386040833e-08
4.69646400855e-08
4.96566821187e-08
5.28869630391e-08
5.63354425293e-08
6.02370323154e-08
6.41913749942e-08
6.91495691487e-08
7.40809285616e-08
7.90569641786e-08
4.42386040833e-08
4.69646400855e-08
4.96566821187e-08
5.28869630391e-08
5.63354425293e-08
6.02370323154e-08
6.41913749942e-08
6.91495691487e-08
7.40809285616e-08
7.90569641786e-08
6.47761886185e-08
6.8614941394e-08
7.24058245e-08
7.62717814175e-08
8.19463315237e-08
8.75766627751e-08
9.32831210098e-08
1.00496783909e-07
1.07731529657e-07
1.15031819396e-07
6.47761886185e-08
6.8614941394e-08
7.24058245e-08
7.62717814175e-08
8.19463315237e-08
8.75766627751e-08
9.32831210098e-08
1.00496783909e-07
1.07731529657e-07
1.15031819396e-07
9.39611771684e-08
9.9381159043e-08
1.04733553147e-07
1.10191944882e-07
1.1558080606e-07
1.26427716586e-07
1.34624023243e-07
1.42821797588e-07
1.50921970644e-07
1.66153982074e-07
9.39611771684e-08
9.9381159043e-08
1.04733553147e-07
1.10191944882e-07
1.1558080606e-07
1.26427716586e-07
1.34624023243e-07
1.42821797588e-07
1.50921970644e-07
1.66153982074e-07
1.03036717858e-08
1.27700509869e-08
1.52056741679e-08
1.76895318923e-08
1.97787331423e-08
2.18790698619e-08
2.40078049636e-08
2.55671629668e-08
2.71889333467e-08
2.88253963374e-08
1.03036717858e-08
1.27700509869e-08
1.52056741679e-08
1.76895318923e-08
1.97787331423e-08
2.18790698619e-08
2.40078049636e-08
2.55671629668e-08
2.71889333467e-08
2.88253963374e-08
2.93893378566e-08
3.45758546934e-08
3.96976950945e-08
4.49209672913e-08
4.95168562764e-08
5.41693628515e-08
5.88847753685e-08
6.30968825254e-08
6.71067947948e-08
7.11530353145e-08
2.93893378566e-08
3.45758546934e-08
3.96976950945e-08
4.49209672913e-08
4.95168562764e-08
5.41693628515e-08
5.88847753685e-08
6.30968825254e-08
6.71067947948e-08
7.11530353145e-08
4.62937849479e-08
5.38895665477e-08
6.13906279151e-08
6.84424084424e-08
7.58563367667e-08
8.27693366423e-08
8.97758062985e-08
9.63374912774e-08
1.02462614935e-07
1.08643229837e-07
4.62937849479e-08
5.38895665477e-08
6.13906279151e-08
6.84424084424e-08
7.58563367667e-08
8.27693366423e-08
8.97758062985e-08
9.63374912774e-08
1.02462614935e-07
1.08643229837e-07
6.70153652533e-08
7.75644391433e-08
8.79819649211e-08
9.86057970779e-08
1.08143441884e-07
1.17827369031e-07
1.27642231309e-07
1.37084043941e-07
1.45802007364e-07
1.54598952155e-07
6.70153652533e-08
7.75644391433e-08
8.79819649211e-08
9.86057970779e-08
1.08143441884e-07
1.17827369031e-07
1.27642231309e-07
1.37084043941e-07
1.45802007364e-07
1.54598952155e-07
9.64618214768e-08
1.11207679148e-07
1.25769654351e-07
1.40620011693e-07
1.55281200935e-07
1.67646678215e-07
1.8145241422e-07
1.95260622377e-07
2.08904432389e-07
2.19904452291e-07
9.64618214768e-08
1.11207679148e-07
1.25769654351e-07
1.40620011693e-07
1.55281200935e-07
1.67646678215e-07
1.8145241422e-07
1.95260622377e-07
2.08904432389e-07
2.19904452291e-07
1.19834325405e-08
1.60689358167e-08
2.01034924175e-08
2.42179484859e-08
2.74490715104e-08
3.07120507146e-08
3.40191482402e-08
3.60803770273e-08
3.83709407745e-08
4.06822561412e-08
1.19834325405e-08
1.60689358167e-08
2.01034924175e-08
2.42179484859e-08
2.74490715104e-08
3.07120507146e-08
3.40191482402e-08
3.60803770273e-08
3.83709407745e-08
4.06822561412e-08
3.12331151936e-08
3.96794726575e-08
4.80205031144e-08
5.65267174957e-08
6.31384735771e-08
6.98826426564e-08
7.67179987768e-08
8.19888070138e-08
8.69255357689e-08
9.19069893723e-08
3.12331151936e-08
3.96794726575e-08
4.80205031144e-08
5.65267174957e-08
6.31384735771e-08
6.98826426564e-08
7.67179987768e-08
8.19888070138e-08
8.69255357689e-08
9.19069893723e-08
4.82828341149e-08
6.05916624307e-08
7.27469983031e-08
8.51430557615e-08
9.47490868363e-08
1.04576595519e-07
1.14536980681e-07
1.22650559288e-07
1.29931034192e-07
1.37277467377e-07
4.82828341149e-08
6.05916624307e-08
7.27469983031e-08
8.51430557615e-08
9.47490868363e-08
1.04576595519e-07
1.14536980681e-07
1.22650559288e-07
1.29931034192e-07
1.37277467377e-07
6.91824895668e-08
8.62259595722e-08
1.03056895631e-07
1.20221147829e-07
1.33497580509e-07
1.4710466677e-07
1.60895732692e-07
1.72493997559e-07
1.82647451615e-07
1.92892892028e-07
6.91824895668e-08
8.62259595722e-08
1.03056895631e-07
1.20221147829e-07
1.33497580509e-07
1.4710466677e-07
1.60895732692e-07
1.72493997559e-07
1.82647451615e-07
1.92892892028e-07
9.88819999459e-08
1.22653644984e-07
1.46128854992e-07
1.70068962873e-07
1.9370411481e-07
2.07539294338e-07
2.26773959234e-07
2.46012068425e-07
2.65021132005e-07
2.71925337584e-07
9.88819999459e-08
1.22653644984e-07
1.46128854992e-07
1.70068962873e-07
1.9370411481e-07
2.07539294338e-07
2.26773959234e-07
2.46012068425e-07
2.65021132005e-07
2.71925337584e-07
1.3742503531e-08
1.95235781454e-08
2.52325621232e-08
3.10546055584e-08
3.54815664195e-08
3.99620825029e-08
4.4503179067e-08
4.70899745662e-08
5.00809088917e-08
5.30989399225e-08
1.3742503531e-08
1.95235781454e-08
2.52325621232e-08
3.10546055584e-08
3.54815664195e-08
3.99620825029e-08
4.4503179067e-08
4.70899745662e-08
5.00809088917e-08
5.30989399225e-08
3.31639468417e-08
4.50240589518e-08
5.67362741589e-08
6.86804354883e-08
7.74032382292e-08
8.63378280709e-08
9.53932213506e-08
1.01772717448e-07
1.07680022513e-07
1.1364084547e-07
3.31639468417e-08
4.50240589518e-08
5.67362741589e-08
6.86804354883e-08
7.74032382292e-08
8.63378280709e-08
9.53932213506e-08
1.01772717448e-07
1.07680022513e-07
1.1364084547e-07
5.03657966312e-08
6.76101990947e-08
8.46395619619e-08
1.02006170569e-07
1.14533861832e-07
1.27413488431e-07
1.40467258802e-07
1.50206004001e-07
1.58696380291e-07
1.67263676098e-07
5.03657966312e-08
6.76101990947e-08
8.46395619619e-08
1.02006170569e-07
1.14533861832e-07
1.27413488431e-07
1.40467258802e-07
1.50206004001e-07
1.58696380291e-07
1.67263676098e-07
7.14519350828e-08
9.52964353989e-08
1.18843592172e-07
1.42857071636e-07
1.60048819797e-07
1.77764297905e-07
1.9571930471e-07
2.09575839131e-07
2.21232560794e-07
2.32994887835e-07
7.14519350828e-08
9.52964353989e-08
1.18843592172e-07
1.42857071636e-07
1.60048819797e-07
1.77764297905e-07
1.9571930471e-07
2.09575839131e-07
2.21232560794e-07
2.32994887835e-07
1.01416447619e-07
1.34640034357e-07
1.67449319313e-07
2.00908352099e-07
2.33941174152e-07
2.4931544821e-07
2.74235369948e-07
2.99159754022e-07
3.23787392678e-07
3.26402399251e-07
1.01416447619e-07
1.34640034357e-07
1.67449319313e-07
2.00908352099e-07
2.33941174152e-07
2.4931544821e-07
2.74235369948e-07
2.99159754022e-07
3.23787392678e-07
3.26402399251e-07
1.54998588217e-08
2.29748510085e-08
3.03566292203e-08
3.78845945369e-08
4.35062268811e-08
4.92030923261e-08
5.49769843547e-08
5.80888339576e-08
6.1779455759e-08
6.55035131629e-08
1.54998588217e-08
2.29748510085e-08
3.03566292203e-08
3.78845945369e-08
4.35062268811e-08
4.92030923261e-08
5.49769843547e-08
5.80888339576e-08
6.1779455759e-08
6.55035131629e-08
3.50928952643e-08
5.03634324347e-08
6.54435443263e-08
8.08222994222e-08
9.16540898253e-08
1.02776964015e-07
1.14050229154e-07
1.2153733176e-07
1.28414266487e-07
1.35353503577e-07
3.50928952643e-08
5.03634324347e-08
6.54435443263e-08
8.08222994222e-08
9.16540898253e-08
1.02776964015e-07
1.14050229154e-07
1.2153733176e-07
1.28414266487e-07
1.35353503577e-07
5.2446727542e-08
7.46218902694e-08
9.65205262774e-08
1.18852838035e-07
1.34299339862e-07
1.50228107511e-07
1.66372245976e-07
1.77734572671e-07
1.87433670275e-07
1.97220637943e-07
5.2446727542e-08
7.46218902694e-08
9.65205262774e-08
1.18852838035e-07
1.34299339862e-07
1.50228107511e-07
1.66372245976e-07
1.77734572671e-07
1.87433670275e-07
1.97220637943e-07
7.37191671082e-08
1.04358064389e-07
1.3461489125e-07
1.65470917625e-07
1.86574162487e-07
2.08394025345e-07
2.30508911758e-07
2.46621513142e-07
2.59780036209e-07
2.73057770392e-07
7.37191671082e-08
1.04358064389e-07
1.3461489125e-07
1.65470917625e-07
1.86574162487e-07
2.08394025345e-07
2.30508911758e-07
2.46621513142e-07
2.59780036209e-07
2.73057770392e-07
1.03948423334e-07
1.46614732875e-07
1.88748988842e-07
2.31717662305e-07
2.74138988511e-07
2.91050855951e-07
3.21650489448e-07
3.52255602331e-07
3.82496336017e-07
3.8082632703e-07
1.03948423334e-07
1.46614732875e-07
1.88748988842e-07
2.31717662305e-07
2.74138988511e-07
2.91050855951e-07
3.21650489448e-07
3.52255602331e-07
3.82496336017e-07
3.8082632703e-07
1.72553928064e-08
2.64225470061e-08
3.54753857841e-08
4.47075049812e-08
5.15225706626e-08
5.84345248565e-08
6.54399346925e-08
6.90762942381e-08
7.34658783661e-08
7.78952304242e-08
1.72553928064e-08
2.64225470061e-08
3.54753857841e-08
4.47075049812e-08
5.15225706626e-08
5.84345248565e-08
6.54399346925e-08
6.90762942381e-08
7.34658783661e-08
7.78952304242e-08
3.70198445435e-08
5.56972722429e-08
7.41417903637e-08
9.29515796464e-08
1.05890171977e-07
1.19199062599e-07
1.32687901016e-07
1.41281462218e-07
1.49127021693e-07
1.57043658895e-07
3.70198445435e-08
5.56972722429e-08
7.41417903637e-08
9.29515796464e-08
1.05890171977e-07
1.19199062599e-07
1.32687901016e-07
1.41281462218e-07
1.49127021693e-07
1.57043658895e-07
5.45255017963e-08
8.16263145955e-08
1.08389177277e-07
1.35682045778e-07
1.54044333142e-07
1.73019081742e-07
1.92250385473e-07
2.05234610999e-07
2.16141177211e-07
2.27146552684e-07
5.45255017963e-08
8.16263145955e-08
1.08389177277e-07
1.35682045778e-07
1.54044333142e-07
1.73019081742e-07
1.92250385473e-07
2.05234610999e-07
2.16141177211e-07
2.27146552684e-07
7.59840493964e-08
1.13410301995e-07
1.50369845106e-07
1.88061326843e-07
2.13072014569e-07
2.38992008434e-07
2.65262463195e-07
2.83628793377e-07
2.98287561395e-07
3.13079132167e-07
7.59840493964e-08
1.13410301995e-07
1.50369845106e-07
1.88061326843e-07
2.13072014569e-07
2.38992008434e-07
2.65262463195e-07
2.83628793377e-07
2.98287561395e-07
3.13079132167e-07
1.06477774934e-07
1.58577020932e-07
2.10026583601e-07
2.62495042041e-07
3.14295142246e-07
3.32743009522e-07
3.6901646838e-07
4.05296422619e-07
4.41144433978e-07
4.3519385038e-07
1.06477774934e-07
1.58577020932e-07
2.10026583601e-07
2.62495042041e-07
3.14295142246e-07
3.32743009522e-07
3.6901646838e-07
4.05296422619e-07
4.41144433978e-07
4.3519385038e-07
3.59100655325e-09
5.94667719607e-10
-2.36430643907e-09
-5.38187946826e-09
-6.86049371011e-09
-8.55646886304e-09
-1.02753750775e-08
-1.14758541234e-08
-1.1697731153e-08
-1.19216183024e-08
3.59100655325e-09
5.94667719607e-10
-2.36430643907e-09
-5.38187946826e-09
-6.86049371011e-09
-8.55646886304e-09
-1.02753750775e-08
-1.14758541234e-08
-1.1697731153e-08
-1.19216183024e-08
2.15420557595e-08
1.72670546644e-08
1.30453633033e-08
8.74006649926e-09
7.79214892269e-09
5.89997809368e-09
3.98222346671e-09
5.12810261796e-09
5.7725333898e-09
6.42280245456e-09
2.15420557595e-08
1.72670546644e-08
1.30453633033e-08
8.74006649926e-09
7.79214892269e-09
5.89997809368e-09
3.98222346671e-09
5.12810261796e-09
5.7725333898e-09
6.42280245456e-09
3.74415564851e-08
3.20340259584e-08
2.66939279323e-08
2.12480757848e-08
2.0770203826e-08
1.87042596839e-08
1.66103821773e-08
1.98344643032e-08
2.12461962705e-08
2.26707179821e-08
3.74415564851e-08
3.20340259584e-08
2.66939279323e-08
2.12480757848e-08
2.0770203826e-08
1.87042596839e-08
1.66103821773e-08
1.98344643032e-08
2.12461962705e-08
2.26707179821e-08
5.69312670519e-08
5.01354746413e-08
4.34244265098e-08
3.65804742638e-08
3.66787872559e-08
3.43998306655e-08
3.20900605967e-08
3.78616173366e-08
4.02139120598e-08
4.25875176611e-08
5.69312670519e-08
5.01354746413e-08
4.34244265098e-08
3.65804742638e-08
3.66787872559e-08
3.43998306655e-08
3.20900605967e-08
3.78616173366e-08
4.02139120598e-08
4.25875176611e-08
6.92213442079e-08
-1.93461365427e-09
-7.2203248892e-08
-1.43863468658e-07
-2.1461086004e-07
-2.23848755007e-07
-2.66207455161e-07
-3.08573740362e-07
-3.50435619877e-07
-3.09694556277e-07
6.92213442079e-08
-1.93461365427e-09
-7.2203248892e-08
-1.43863468658e-07
-2.1461086004e-07
-2.23848755007e-07
-2.66207455161e-07
-3.08573740362e-07
-3.50435619877e-07
-3.09694556277e-07
7.17615086085e-09
6.57344177411e-09
5.978248536e-09
5.3712682225e-09
5.28731578658e-09
5.18123075331e-09
5.07371135798e-09
5.63383248447e-09
5.96458044681e-09
6.29832485744e-09
7.17615086085e-09
6.57344177411e-09
5.978248536e-09
5.3712682225e-09
5.28731578658e-09
5.18123075331e-09
5.07371135798e-09
5.63383248447e-09
5.96458044681e-09
6.29832485744e-09
2.68886579618e-08
2.78675707081e-08
2.88342763048e-08
3.01899838729e-08
3.19151525965e-08
3.38860565456e-08
3.5883608833e-08
3.87759650079e-08
4.15621127164e-08
4.43735018429e-08
2.68886579618e-08
2.78675707081e-08
2.88342763048e-08
3.01899838729e-08
3.19151525965e-08
3.38860565456e-08
3.5883608833e-08
3.87759650079e-08
4.15621127164e-08
4.43735018429e-08
4.36529563066e-08
4.52335655725e-08
4.6794464467e-08
4.89803889526e-08
5.17895720321e-08
5.49841350184e-08
5.82218912792e-08
6.29598447911e-08
6.74920948246e-08
7.23857599669e-08
4.36529563066e-08
4.52335655725e-08
4.6794464467e-08
4.89803889526e-08
5.17895720321e-08
5.49841350184e-08
5.82218912792e-08
6.29598447911e-08
6.74920948246e-08
7.23857599669e-08
6.29255930798e-08
6.08500273342e-08
5.8800344122e-08
5.67100694362e-08
5.89161726184e-08
6.0805275585e-08
6.27199208693e-08
6.76295490214e-08
7.31700097804e-08
7.87606649655e-08
6.29255930798e-08
6.08500273342e-08
5.8800344122e-08
5.67100694362e-08
5.89161726184e-08
6.0805275585e-08
6.27199208693e-08
6.76295490214e-08
7.31700097804e-08
7.87606649655e-08
9.18724188473e-08
8.90321006058e-08
8.62272014454e-08
8.33667546817e-08
8.05427451074e-08
8.96869911706e-08
9.26516065771e-08
9.56167528485e-08
9.85465965996e-08
1.1638534156e-07
9.18724188473e-08
8.90321006058e-08
8.62272014454e-08
8.33667546817e-08
8.05427451074e-08
8.96869911706e-08
9.26516065771e-08
9.56167528485e-08
9.85465965996e-08
1.1638534156e-07
8.44402707564e-09
9.10772365114e-09
9.76314385731e-09
1.04315438604e-08
1.12811092477e-08
1.21229358714e-08
1.29761447244e-08
1.40067182248e-08
1.49359812464e-08
1.58736630307e-08
8.44402707564e-09
9.10772365114e-09
9.76314385731e-09
1.04315438604e-08
1.12811092477e-08
1.21229358714e-08
1.29761447244e-08
1.40067182248e-08
1.49359812464e-08
1.58736630307e-08
2.74793274103e-08
2.90386697967e-08
3.05785670119e-08
3.24684935429e-08
3.45801575359e-08
3.69778372507e-08
3.9407935684e-08
4.24932350743e-08
4.55159903916e-08
4.85661307e-08
2.74793274103e-08
2.90386697967e-08
3.05785670119e-08
3.24684935429e-08
3.45801575359e-08
3.69778372507e-08
3.9407935684e-08
4.24932350743e-08
4.55159903916e-08
4.85661307e-08
4.43391648496e-08
4.66917935256e-08
4.90150846631e-08
5.19309636639e-08
5.52164574483e-08
5.89921784724e-08
6.28189505339e-08
6.77241499982e-08
7.26011413488e-08
7.74836153448e-08
4.43391648496e-08
4.66917935256e-08
4.90150846631e-08
5.19309636639e-08
5.52164574483e-08
5.89921784724e-08
6.28189505339e-08
6.77241499982e-08
7.26011413488e-08
7.74836153448e-08
6.50060623558e-08
6.83311064836e-08
7.16146869452e-08
7.49632947088e-08
8.05125670183e-08
8.59774999699e-08
9.15163235757e-08
9.86523682919e-08
1.05802294135e-07
1.13016995534e-07
6.50060623558e-08
6.83311064836e-08
7.16146869452e-08
7.49632947088e-08
8.05125670183e-08
8.59774999699e-08
9.15163235757e-08
9.86523682919e-08
1.05802294135e-07
1.13016995534e-07
9.43748114436e-08
9.90817091081e-08
1.03729911241e-07
1.08470165342e-07
1.13150036729e-07
1.24325062098e-07
1.32296801056e-07
1.4026996749e-07
1.4814820678e-07
1.63456802795e-07
9.43748114436e-08
9.90817091081e-08
1.03729911241e-07
1.08470165342e-07
1.13150036729e-07
1.24325062098e-07
1.32296801056e-07
1.4026996749e-07
1.4814820678e-07
1.63456802795e-07
9.6554177439e-09
1.15290999502e-08
1.33794171331e-08
1.52663775888e-08
1.70078713571e-08
1.87553789315e-08
2.05265143306e-08
2.20065809353e-08
2.35076943861e-08
2.50224073427e-08
9.6554177439e-09
1.15290999502e-08
1.33794171331e-08
1.52663775888e-08
1.70078713571e-08
1.87553789315e-08
2.05265143306e-08
2.20065809353e-08
2.35076943861e-08
2.50224073427e-08
2.89520035031e-08
3.3050665173e-08
3.70982160809e-08
4.10959496438e-08
4.53238615862e-08
4.94722168606e-08
5.36766615121e-08
5.77760759199e-08
6.16957478268e-08
6.56509304413e-08
2.89520035031e-08
3.3050665173e-08
3.70982160809e-08
4.10959496438e-08
4.53238615862e-08
4.94722168606e-08
5.36766615121e-08
5.77760759199e-08
6.16957478268e-08
6.56509304413e-08
4.60432651756e-08
5.21126229418e-08
5.81062951489e-08
6.40303475048e-08
7.04037386463e-08
7.66785590264e-08
8.30382204443e-08
8.94576286205e-08
9.55194523028e-08
1.01372407211e-07
4.60432651756e-08
5.21126229418e-08
5.81062951489e-08
6.40303475048e-08
7.04037386463e-08
7.66785590264e-08
8.30382204443e-08
8.94576286205e-08
9.55194523028e-08
1.01372407211e-07
6.69938439999e-08
7.54788937552e-08
8.38581340064e-08
9.24033148803e-08
1.01146813752e-07
1.10028268778e-07
1.19029808813e-07
1.28293080318e-07
1.36980767467e-07
1.45747161693e-07
6.69938439999e-08
7.54788937552e-08
8.38581340064e-08
9.24033148803e-08
1.01146813752e-07
1.10028268778e-07
1.19029808813e-07
1.28293080318e-07
1.36980767467e-07
1.45747161693e-07
9.67657191712e-08
1.08683594385e-07
1.20452852383e-07
1.32455186166e-07
1.44304630788e-07
1.57419961583e-07
1.70175750178e-07
1.82933822916e-07
1.95540000238e-07
2.08431168759e-07
9.67657191712e-08
1.08683594385e-07
1.20452852383e-07
1.32455186166e-07
1.44304630788e-07
1.57419961583e-07
1.70175750178e-07
1.82933822916e-07
1.95540000238e-07
2.08431168759e-07
1.08278282316e-08
1.38725610993e-08
1.68793258131e-08
1.99456358311e-08
2.2550357471e-08
2.51744029558e-08
2.78339278215e-08
2.97490237222e-08
3.18035865746e-08
3.38767629699e-08
1.08278282316e-08
1.38725610993e-08
1.68793258131e-08
1.99456358311e-08
2.2550357471e-08
2.51744029558e-08
2.78339278215e-08
2.97490237222e-08
3.18035865746e-08
3.38767629699e-08
3.03772917618e-08
3.69335623909e-08
4.34080756039e-08
5.00108086461e-08
5.57218542692e-08
6.15645517903e-08
6.74862476717e-08
7.25671448606e-08
7.73548723368e-08
8.21859747676e-08
3.03772917618e-08
3.69335623909e-08
4.34080756039e-08
5.00108086461e-08
5.57218542692e-08
6.15645517903e-08
6.74862476717e-08
7.25671448606e-08
7.73548723368e-08
8.21859747676e-08
4.76925308885e-08
5.73590206778e-08
6.69049682757e-08
7.57403968561e-08
8.51023228619e-08
9.37958264723e-08
1.02606873825e-07
1.1049176644e-07
1.17700296869e-07
1.24974133788e-07
4.76925308885e-08
5.73590206778e-08
6.69049682757e-08
7.57403968561e-08
8.51023228619e-08
9.37958264723e-08
1.02606873825e-07
1.1049176644e-07
1.17700296869e-07
1.24974133788e-07
6.89176627213e-08
8.2396679223e-08
9.57076109056e-08
1.09282149339e-07
1.21117090814e-07
1.33305130921e-07
1.45657963948e-07
1.56980012248e-07
1.67155978554e-07
1.77424135169e-07
6.89176627213e-08
8.2396679223e-08
9.57076109056e-08
1.09282149339e-07
1.21117090814e-07
1.33305130921e-07
1.45657963948e-07
1.56980012248e-07
1.67155978554e-07
1.77424135169e-07
9.9079692168e-08
1.17976509787e-07
1.36637682011e-07
1.55668415967e-07
1.74456730989e-07
1.8944993198e-07
2.0683582886e-07
2.24224838981e-07
2.41406818545e-07
2.51958347657e-07
9.9079692168e-08
1.17976509787e-07
1.36637682011e-07
1.55668415967e-07
1.74456730989e-07
1.8944993198e-07
2.0683582886e-07
2.24224838981e-07
2.41406818545e-07
2.51958347657e-07
1.20555943119e-08
1.63266692295e-08
2.05444833728e-08
2.48458261756e-08
2.83545331615e-08
3.18965024673e-08
3.54863622837e-08
3.78570274744e-08
4.04911709514e-08
4.31491787469e-08
1.20555943119e-08
1.63266692295e-08
2.05444833728e-08
2.48458261756e-08
2.83545331615e-08
3.18965024673e-08
3.54863622837e-08
3.78570274744e-08
4.04911709514e-08
4.31491787469e-08
3.18698752871e-08
4.09997913679e-08
5.00158563906e-08
5.92104735731e-08
6.66107902305e-08
7.42278287021e-08
8.19478561695e-08
8.80565770428e-08
9.37533455036e-08
9.95017244777e-08
3.18698752871e-08
4.09997913679e-08
5.00158563906e-08
5.92104735731e-08
6.66107902305e-08
7.42278287021e-08
8.19478561695e-08
8.80565770428e-08
9.37533455036e-08
9.95017244777e-08
4.94196670079e-08
6.28531281191e-08
7.61190724921e-08
8.80033385005e-08
1.00494903634e-07
1.11721289082e-07
1.2309946504e-07
1.32519035232e-07
1.40928414393e-07
1.49413979268e-07
4.94196670079e-08
6.28531281191e-08
7.61190724921e-08
8.80033385005e-08
1.00494903634e-07
1.11721289082e-07
1.2309946504e-07
1.32519035232e-07
1.40928414393e-07
1.49413979268e-07
7.09323149237e-08
8.9641089298e-08
1.08116563197e-07
1.269579213e-07
1.42030268452e-07
1.57681014708e-07
1.73543372687e-07
1.87021403335e-07
1.98755918192e-07
2.10596743204e-07
7.09323149237e-08
8.9641089298e-08
1.08116563197e-07
1.269579213e-07
1.42030268452e-07
1.57681014708e-07
1.73543372687e-07
1.87021403335e-07
1.98755918192e-07
2.10596743204e-07
1.01502919857e-07
1.27708192026e-07
1.53586681568e-07
1.79977662999e-07
2.06032468557e-07
2.22992203756e-07
2.45226820397e-07
2.67465418525e-07
2.89439247738e-07
2.97540670903e-07
1.01502919857e-07
1.27708192026e-07
1.53586681568e-07
1.79977662999e-07
2.06032468557e-07
2.22992203756e-07
2.45226820397e-07
2.67465418525e-07
2.89439247738e-07
2.97540670903e-07
1.32821628978e-08
1.87783837594e-08
2.42060661421e-08
2.97412371476e-08
3.41530477827e-08
3.86120456178e-08
4.3131332988e-08
4.5957123132e-08
4.91702819429e-08
5.24125507267e-08
1.32821628978e-08
1.87783837594e-08
2.42060661421e-08
2.97412371476e-08
3.41530477827e-08
3.86120456178e-08
4.3131332988e-08
4.5957123132e-08
4.91702819429e-08
5.24125507267e-08
3.33610030296e-08
4.50620543719e-08
5.66171923164e-08
6.84011656599e-08
7.74891057308e-08
8.68787545598e-08
9.63953596207e-08
1.03530901697e-07
1.10135824514e-07
1.16800585371e-07
3.33610030296e-08
4.50620543719e-08
5.66171923164e-08
6.84011656599e-08
7.74891057308e-08
8.68787545598e-08
9.63953596207e-08
1.03530901697e-07
1.10135824514e-07
1.16800585371e-07
5.1145118575e-08
6.83418769144e-08
8.53241897851e-08
1.02642816628e-07
1.15872471342e-07
1.29629268194e-07
1.43572068924e-07
1.54524819854e-07
1.64133876506e-07
1.73829987485e-07
5.1145118575e-08
6.83418769144e-08
8.53241897851e-08
1.02642816628e-07
1.15872471342e-07
1.29629268194e-07
1.43572068924e-07
1.54524819854e-07
1.64133876506e-07
1.73829987485e-07
7.29450021467e-08
9.68784335794e-08
1.20513412489e-07
1.44616453298e-07
1.62923048543e-07
1.82033123617e-07
2.01401583554e-07
2.17033493724e-07
2.30325037011e-07
2.43736996527e-07
7.29450021467e-08
9.68784335794e-08
1.20513412489e-07
1.44616453298e-07
1.62923048543e-07
1.82033123617e-07
2.01401583554e-07
2.17033493724e-07
2.30325037011e-07
2.43736996527e-07
1.03923784064e-07
1.37430382524e-07
1.70519150015e-07
2.04263200146e-07
2.37577408912e-07
2.56501760271e-07
2.83580367501e-07
3.10663823619e-07
3.37424828777e-07
3.43078535693e-07
1.03923784064e-07
1.37430382524e-07
1.70519150015e-07
2.04263200146e-07
2.37577408912e-07
2.56501760271e-07
2.83580367501e-07
3.10663823619e-07
3.37424828777e-07
3.43078535693e-07
1.45074602798e-08
2.12275573563e-08
2.78638540827e-08
3.46315745634e-08
3.99455528797e-08
4.53206288446e-08
5.07683805191e-08
5.40488239292e-08
5.78403979881e-08
6.16663222378e-08
1.45074602798e-08
2.12275573563e-08
2.78638540827e-08
3.46315745634e-08
3.99455528797e-08
4.53206288446e-08
5.07683805191e-08
5.40488239292e-08
5.78403979881e-08
6.16663222378e-08
3.48505853819e-08
4.91201072861e-08
6.32116866819e-08
7.75823326028e-08
8.83561470508e-08
9.9516569121e-08
1.1082788982e-07
1.18989188911e-07
1.26501324883e-07
1.34081517893e-07
3.48505853819e-08
4.91201072861e-08
6.32116866819e-08
7.75823326028e-08
8.83561470508e-08
9.9516569121e-08
1.1082788982e-07
1.18989188911e-07
1.26501324883e-07
1.34081517893e-07
5.28687819009e-08
7.38249372239e-08
9.4519766984e-08
1.15624432581e-07
1.31234101888e-07
1.47518687652e-07
1.64023455201e-07
1.76507797895e-07
1.87315288703e-07
1.98220691188e-07
5.28687819009e-08
7.38249372239e-08
9.4519766984e-08
1.15624432581e-07
1.31234101888e-07
1.47518687652e-07
1.64023455201e-07
1.76507797895e-07
1.87315288703e-07
1.98220691188e-07
7.49556034402e-08
1.04108277148e-07
1.32897413806e-07
1.62256684166e-07
1.8379417556e-07
2.06359994237e-07
2.29230922442e-07
2.47014479875e-07
2.61861437903e-07
2.76842903614e-07
7.49556034402e-08
1.04108277148e-07
1.32897413806e-07
1.62256684166e-07
1.8379417556e-07
2.06359994237e-07
2.29230922442e-07
2.47014479875e-07
2.61861437903e-07
2.76842903614e-07
1.06342139312e-07
1.47142497039e-07
1.87434069816e-07
2.28523567999e-07
2.69089656397e-07
2.89976587807e-07
3.21894165363e-07
3.53817458306e-07
3.85360678027e-07
3.88569205483e-07
1.06342139312e-07
1.47142497039e-07
1.87434069816e-07
2.28523567999e-07
2.69089656397e-07
2.89976587807e-07
3.21894165363e-07
3.53817458306e-07
3.85360678027e-07
3.88569205483e-07
7.94094324288e-09
8.00575480419e-09
8.19634029208e-09
8.51472507814e-09
8.94038199989e-09
9.46155631553e-09
1.00775430881e-08
1.0770984764e-08
1.15199202302e-08
1.23309013175e-08
7.94094324288e-09
8.00575480419e-09
8.19634029208e-09
8.51472507814e-09
8.94038199989e-09
9.46155631553e-09
1.00775430881e-08
1.0770984764e-08
1.15199202302e-08
1.23309013175e-08
2.26102987848e-08
1.97313256613e-08
1.68882536496e-08
1.39888780678e-08
1.36694926859e-08
1.26278982502e-08
1.15722205503e-08
1.24940993504e-08
1.31799330387e-08
1.38719801143e-08
2.26102987848e-08
1.97313256613e-08
1.68882536496e-08
1.39888780678e-08
1.36694926859e-08
1.26278982502e-08
1.15722205503e-08
1.24940993504e-08
1.31799330387e-08
1.38719801143e-08
3.8709347891e-08
3.51729949735e-08
3.1680740766e-08
2.81193267278e-08
2.85246973695e-08
2.7744698872e-08
2.69541541153e-08
2.94795539098e-08
3.11973276391e-08
3.29306637323e-08
3.8709347891e-08
3.51729949735e-08
3.1680740766e-08
2.81193267278e-08
2.85246973695e-08
2.7744698872e-08
2.69541541153e-08
2.94795539098e-08
3.11973276391e-08
3.29306637323e-08
6.64709611438e-08
6.7044676217e-08
6.8715517421e-08
7.14949842216e-08
7.52118403472e-08
7.97467467862e-08
8.50872533614e-08
9.10832595126e-08
9.75738399663e-08
1.0459034608e-07
6.64709611438e-08
6.7044676217e-08
6.8715517421e-08
7.14949842216e-08
7.52118403472e-08
7.97467467862e-08
8.50872533614e-08
9.10832595126e-08
9.75738399663e-08
1.0459034608e-07
7.07894586231e-08
2.11701349969e-08
-2.78304302036e-08
-7.78013917716e-08
-1.27135808933e-07
-1.40482477092e-07
-1.74382364451e-07
-2.08288322164e-07
-2.4179060139e-07
-2.20063015283e-07
7.07894586231e-08
2.11701349969e-08
-2.78304302036e-08
-7.78013917716e-08
-1.27135808933e-07
-1.40482477092e-07
-1.74382364451e-07
-2.08288322164e-07
-2.4179060139e-07
-2.20063015283e-07
8.0730640631e-09
8.20166096315e-09
8.46658745443e-09
8.8532093483e-09
9.33482333216e-09
9.90837445872e-09
1.05699825055e-08
1.13201201064e-08
1.2107925251e-08
1.29389591143e-08
8.0730640631e-09
8.20166096315e-09
8.46658745443e-09
8.8532093483e-09
9.33482333216e-09
9.90837445872e-09
1.05699825055e-08
1.13201201064e-08
1.2107925251e-08
1.29389591143e-08
2.69904913207e-08
2.78750986576e-08
2.87486748437e-08
3.00353844487e-08
3.17234438816e-08
3.3694660322e-08
3.56925293258e-08
3.85329674854e-08
4.12966457646e-08
4.40853618974e-08
2.69904913207e-08
2.78750986576e-08
2.87486748437e-08
3.00353844487e-08
3.17234438816e-08
3.3694660322e-08
3.56925293258e-08
3.85329674854e-08
4.12966457646e-08
4.40853618974e-08
4.38696390088e-08
4.53001434727e-08
4.67128093885e-08
4.87967395377e-08
5.15533649397e-08
5.47625135151e-08
5.80150525749e-08
6.2635775164e-08
6.71495125052e-08
7.20251864979e-08
4.38696390088e-08
4.53001434727e-08
4.67128093885e-08
4.87967395377e-08
5.15533649397e-08
5.47625135151e-08
5.80150525749e-08
6.2635775164e-08
6.71495125052e-08
7.20251864979e-08
6.58637871716e-08
6.66598758267e-08
6.87333614112e-08
7.17945296467e-08
7.58610101076e-08
8.05876238809e-08
8.60019346271e-08
9.21811523183e-08
9.88401233486e-08
1.06044529537e-07
6.58637871716e-08
6.66598758267e-08
6.87333614112e-08
7.17945296467e-08
7.58610101076e-08
8.05876238809e-08
8.60019346271e-08
9.21811523183e-08
9.88401233486e-08
1.06044529537e-07
9.2400906575e-08
9.10610172821e-08
8.97378365562e-08
8.83884518515e-08
8.70562559953e-08
9.60872131114e-08
9.96911268964e-08
1.03295686024e-07
1.06857329891e-07
1.22873484681e-07
9.2400906575e-08
9.10610172821e-08
8.97378365562e-08
8.83884518515e-08
8.70562559953e-08
9.60872131114e-08
9.96911268964e-08
1.03295686024e-07
1.06857329891e-07
1.22873484681e-07
8.45998478583e-09
8.85396212114e-09
9.38127394246e-09
1.00064497875e-08
1.07088463247e-08
1.14934607522e-08
1.23638855779e-08
1.33090297789e-08
1.42368147811e-08
1.51354094184e-08
8.45998478583e-09
8.85396212114e-09
9.38127394246e-09
1.00064497875e-08
1.07088463247e-08
1.14934607522e-08
1.23638855779e-08
1.33090297789e-08
1.42368147811e-08
1.51354094184e-08
2.7474396016e-08
2.87747874175e-08
3.00589627951e-08
3.17321771745e-08
3.37179661957e-08
3.60220249295e-08
3.83572365445e-08
4.14096288305e-08
4.44028583784e-08
4.74232054254e-08
2.7474396016e-08
2.87747874175e-08
3.00589627951e-08
3.17321771745e-08
3.37179661957e-08
3.60220249295e-08
3.83572365445e-08
4.14096288305e-08
4.44028583784e-08
4.74232054254e-08
4.44397256159e-08
4.64189469657e-08
4.83734872075e-08
5.09749642888e-08
5.40974723672e-08
5.77473246294e-08
6.14465260736e-08
6.62987308476e-08
7.1121354136e-08
7.60308106571e-08
4.44397256159e-08
4.64189469657e-08
4.83734872075e-08
5.09749642888e-08
5.40974723672e-08
5.77473246294e-08
6.14465260736e-08
6.62987308476e-08
7.1121354136e-08
7.60308106571e-08
6.66101391116e-08
6.80472715732e-08
7.08235493904e-08
7.45628968804e-08
7.90788025129e-08
8.43783371647e-08
9.03312345291e-08
9.6807952675e-08
1.03873058613e-07
1.11091799249e-07
6.66101391116e-08
6.80472715732e-08
7.08235493904e-08
7.45628968804e-08
7.90788025129e-08
8.43783371647e-08
9.03312345291e-08
9.6807952675e-08
1.03873058613e-07
1.11091799249e-07
9.47884457188e-08
9.87822591733e-08
1.02726269335e-07
1.06748385802e-07
1.10719267398e-07
1.2222240761e-07
1.2996957887e-07
1.37718137393e-07
1.45374442915e-07
1.60759623516e-07
9.47884457188e-08
9.87822591733e-08
1.02726269335e-07
1.06748385802e-07
1.10719267398e-07
1.2222240761e-07
1.2996957887e-07
1.37718137393e-07
1.45374442915e-07
1.60759623516e-07
9.28340546976e-09
1.02881489134e-08
1.15531600983e-08
1.28735110627e-08
1.42370095719e-08
1.56316880011e-08
1.69950695047e-08
1.84459989038e-08
1.98264554255e-08
2.11348803362e-08
9.28340546976e-09
1.02881489134e-08
1.15531600983e-08
1.28735110627e-08
1.42370095719e-08
1.56316880011e-08
1.69950695047e-08
1.84459989038e-08
1.98264554255e-08
2.11348803362e-08
2.85146691496e-08
3.15254756526e-08
3.44987370672e-08
3.76624071635e-08
4.1130866896e-08
4.47750708697e-08
4.84685476558e-08
5.24552693143e-08
5.62847008587e-08
6.01488255681e-08
2.85146691496e-08
3.15254756526e-08
3.44987370672e-08
3.76624071635e-08
4.1130866896e-08
4.47750708697e-08
4.84685476558e-08
5.24552693143e-08
5.62847008587e-08
6.01488255681e-08
4.57927454033e-08
5.03356793359e-08
5.48219623826e-08
5.96182865671e-08
6.49511405259e-08
7.05877814105e-08
7.63006345901e-08
8.25777659636e-08
8.8576289671e-08
9.43355803902e-08
4.57927454033e-08
5.03356793359e-08
5.48219623826e-08
5.96182865671e-08
6.49511405259e-08
7.05877814105e-08
7.63006345901e-08
8.25777659636e-08
8.8576289671e-08
9.43355803902e-08
6.89035670845e-08
7.33933483671e-08
7.97343030917e-08
8.65319451909e-08
9.41501856207e-08
1.02229168525e-07
1.10871322093e-07
1.19502116695e-07
1.2815952757e-07
1.36481437997e-07
6.89035670845e-08
7.33933483671e-08
7.97343030917e-08
8.65319451909e-08
9.41501856207e-08
1.02229168525e-07
1.10871322093e-07
1.19502116695e-07
1.2815952757e-07
1.36481437997e-07
9.70696168657e-08
1.06159509622e-07
1.15136050415e-07
1.24290360639e-07
1.3332806064e-07
1.47193244951e-07
1.58899086137e-07
1.70607023454e-07
1.82175568088e-07
1.96957885227e-07
9.70696168657e-08
1.06159509622e-07
1.15136050415e-07
1.24290360639e-07
1.3332806064e-07
1.47193244951e-07
1.58899086137e-07
1.70607023454e-07
1.82175568088e-07
1.96957885227e-07
9.6722239226e-09
1.16761863819e-08
1.36551592087e-08
1.56733231763e-08
1.76516434316e-08
1.9636755197e-08
2.16487074028e-08
2.3417670417e-08
2.52362323747e-08
2.70712697987e-08
9.6722239226e-09
1.16761863819e-08
1.36551592087e-08
1.56733231763e-08
1.76516434316e-08
1.9636755197e-08
2.16487074028e-08
2.3417670417e-08
2.52362323747e-08
2.70712697987e-08
2.952146833e-08
3.41876521243e-08
3.87956480934e-08
4.34018139589e-08
4.83052349613e-08
5.32464609242e-08
5.82544965667e-08
6.31454827073e-08
6.77842089048e-08
7.24649601629e-08
2.952146833e-08
3.41876521243e-08
3.87956480934e-08
4.34018139589e-08
4.83052349613e-08
5.32464609242e-08
5.82544965667e-08
6.31454827073e-08
6.77842089048e-08
7.24649601629e-08
4.71022276622e-08
5.41263789248e-08
6.10629382483e-08
6.79834836524e-08
7.54555588876e-08
8.30150574254e-08
9.0676766969e-08
9.8332973593e-08
1.05469559546e-07
1.12051338462e-07
4.71022276622e-08
5.41263789248e-08
6.10629382483e-08
6.79834836524e-08
7.54555588876e-08
8.30150574254e-08
9.0676766969e-08
9.8332973593e-08
1.05469559546e-07
1.12051338462e-07
7.3941635869e-08
8.69319805695e-08
1.0577047757e-07
1.25427853113e-07
1.44878954334e-07
1.63860803909e-07
1.82451368436e-07
2.00324103602e-07
2.1705857672e-07
2.32873320541e-07
7.3941635869e-08
8.69319805695e-08
1.0577047757e-07
1.25427853113e-07
1.44878954334e-07
1.63860803909e-07
1.82451368436e-07
2.00324103602e-07
2.1705857672e-07
2.32873320541e-07
9.92773843901e-08
1.13299374591e-07
1.27146509031e-07
1.41267869062e-07
1.55209347169e-07
1.71360569623e-07
1.86897698485e-07
2.02437609536e-07
2.17792505085e-07
2.31991357729e-07
9.92773843901e-08
1.13299374591e-07
1.27146509031e-07
1.41267869062e-07
1.55209347169e-07
1.71360569623e-07
1.86897698485e-07
2.02437609536e-07
2.17792505085e-07
2.31991357729e-07
1.03686850929e-08
1.31297603136e-08
1.58564046224e-08
1.86370467927e-08
2.12274999034e-08
2.38309224316e-08
2.64695455004e-08
2.86240803827e-08
3.09014330112e-08
3.31994175714e-08
1.03686850929e-08
1.31297603136e-08
1.58564046224e-08
1.86370467927e-08
2.12274999034e-08
2.38309224316e-08
2.64695455004e-08
2.86240803827e-08
3.09014330112e-08
3.31994175714e-08
3.05758037324e-08
3.6975523784e-08
4.32954386223e-08
4.97405116578e-08
5.58183422318e-08
6.21178293334e-08
6.85024909883e-08
7.43404366372e-08
7.98266684946e-08
8.53626034853e-08
3.05758037324e-08
3.6975523784e-08
4.32954386223e-08
4.97405116578e-08
5.58183422318e-08
6.21178293334e-08
6.85024909883e-08
7.43404366372e-08
7.98266684946e-08
8.53626034853e-08
4.84735373846e-08
5.80960571435e-08
6.75985830222e-08
7.67436451704e-08
8.64559454369e-08
9.6029089732e-08
1.05731671278e-07
1.14832066463e-07
1.23160448494e-07
1.31564282438e-07
4.84735373846e-08
5.80960571435e-08
6.75985830222e-08
7.67436451704e-08
8.64559454369e-08
9.6029089732e-08
1.05731671278e-07
1.14832066463e-07
1.23160448494e-07
1.31564282438e-07
8.67458137633e-08
1.19226287563e-07
1.69367912196e-07
2.17544953411e-07
2.60772459545e-07
3.00586535341e-07
3.38726512942e-07
3.74669225745e-07
4.0859560841e-07
4.40888905058e-07
8.67458137633e-08
1.19226287563e-07
1.69367912196e-07
2.17544953411e-07
2.60772459545e-07
3.00586535341e-07
3.38726512942e-07
3.74669225745e-07
4.0859560841e-07
4.40888905058e-07
1.01589392094e-07
1.20776349694e-07
1.39724043822e-07
1.59046973898e-07
1.78123762962e-07
1.96668959302e-07
2.16218270846e-07
2.35771083027e-07
2.55091102798e-07
2.68678942554e-07
1.01589392094e-07
1.20776349694e-07
1.39724043822e-07
1.59046973898e-07
1.78123762962e-07
1.96668959302e-07
2.16218270846e-07
2.35771083027e-07
2.55091102798e-07
2.68678942554e-07
1.10644669739e-08
1.45819165103e-08
1.8055503064e-08
2.15978797583e-08
2.47998686842e-08
2.80209989094e-08
3.12856816214e-08
3.38254123064e-08
3.65611081268e-08
3.93215882905e-08
1.10644669739e-08
1.45819165103e-08
1.8055503064e-08
2.15978797583e-08
2.47998686842e-08
2.80209989094e-08
3.12856816214e-08
3.38254123064e-08
3.65611081268e-08
3.93215882905e-08
3.1629110795e-08
3.97606763091e-08
4.77908403065e-08
5.59800318976e-08
6.33241216364e-08
7.09805451045e-08
7.87404900876e-08
8.55244716333e-08
9.18573825408e-08
9.82476671656e-08
3.1629110795e-08
3.97606763091e-08
4.77908403065e-08
5.59800318976e-08
6.33241216364e-08
7.09805451045e-08
7.87404900876e-08
8.55244716333e-08
9.18573825408e-08
9.82476671656e-08
4.9843509608e-08
6.20618635595e-08
7.41278532927e-08
8.64327952209e-08
9.74456028226e-08
1.09030428877e-07
1.20771891872e-07
1.31315067037e-07
1.40834082736e-07
1.50439337026e-07
4.9843509608e-08
6.20618635595e-08
7.41278532927e-08
8.64327952209e-08
9.74456028226e-08
1.09030428877e-07
1.20771891872e-07
1.31315067037e-07
1.40834082736e-07
1.50439337026e-07
1.24696373465e-07
1.94486857365e-07
2.99247908968e-07
3.95422694141e-07
4.78789121007e-07
5.55124234439e-07
6.27138771386e-07
6.9467406527e-07
7.58294442083e-07
8.19126314393e-07
1.24696373465e-07
1.94486857365e-07
2.99247908968e-07
3.95422694141e-07
4.78789121007e-07
5.55124234439e-07
6.27138771386e-07
6.9467406527e-07
7.58294442083e-07
8.19126314393e-07
1.03899144795e-07
1.28246032173e-07
1.52289311187e-07
1.76808737987e-07
2.01015829312e-07
2.2195266459e-07
2.45510245555e-07
2.69072044907e-07
2.92353321538e-07
3.05330744355e-07
1.03899144795e-07
1.28246032173e-07
1.52289311187e-07
1.76808737987e-07
2.01015829312e-07
2.2195266459e-07
2.45510245555e-07
2.69072044907e-07
2.92353321538e-07
3.05330744355e-07
1.17595277532e-08
1.60325677065e-08
2.02523223813e-08
2.45556441455e-08
2.83685350968e-08
3.22067328327e-08
3.60968263457e-08
3.90213536204e-08
4.22149176102e-08
4.54374140514e-08
1.17595277532e-08
1.60325677065e-08
2.02523223813e-08
2.45556441455e-08
2.83685350968e-08
3.22067328327e-08
3.60968263457e-08
3.90213536204e-08
4.22149176102e-08
4.54374140514e-08
3.26813262203e-08
4.25429423292e-08
5.22815830001e-08
6.22130855593e-08
7.08221221243e-08
7.98340756432e-08
8.89678786243e-08
9.66969156043e-08
1.03875628072e-07
1.11119376891e-07
3.26813262203e-08
4.25429423292e-08
5.22815830001e-08
6.22130855593e-08
7.08221221243e-08
7.98340756432e-08
8.89678786243e-08
9.66969156043e-08
1.03875628072e-07
1.11119376891e-07
5.12120620055e-08
6.60235598522e-08
8.0650356691e-08
9.55668193829e-08
1.08423870634e-07
1.22018293561e-07
1.35796524928e-07
1.4778098479e-07
1.58489400195e-07
1.69294829692e-07
5.12120620055e-08
6.60235598522e-08
8.0650356691e-08
9.55668193829e-08
1.08423870634e-07
1.22018293561e-07
1.35796524928e-07
1.4778098479e-07
1.58489400195e-07
1.69294829692e-07
2.10470562277e-07
3.06601701007e-07
4.61233656089e-07
6.00921394873e-07
7.19439417128e-07
8.23023048681e-07
9.18617161012e-07
1.00787113394e-06
1.09220605627e-06
1.17083673074e-06
2.10470562277e-07
3.06601701007e-07
4.61233656089e-07
6.00921394873e-07
7.19439417128e-07
8.23023048681e-07
9.18617161012e-07
1.00787113394e-06
1.09220605627e-06
1.17083673074e-06
1.0620650369e-07
1.35707973146e-07
1.64841556032e-07
1.94552093956e-07
2.23884170548e-07
2.47210166091e-07
2.74771862346e-07
3.02338493993e-07
3.29576922077e-07
3.41944560585e-07
1.0620650369e-07
1.35707973146e-07
1.64841556032e-07
1.94552093956e-07
2.23884170548e-07
2.47210166091e-07
2.74771862346e-07
3.02338493993e-07
3.29576922077e-07
3.41944560585e-07
7.94094324288e-09
8.00575480419e-09
8.19634029208e-09
8.51472507814e-09
8.94038199989e-09
9.46155631553e-09
1.00775430881e-08
1.0770984764e-08
1.15199202302e-08
1.23309013175e-08
7.94094324288e-09
8.00575480419e-09
8.19634029208e-09
8.51472507814e-09
8.94038199989e-09
9.46155631553e-09
1.00775430881e-08
1.0770984764e-08
1.15199202302e-08
1.23309013175e-08
2.367854181e-08
2.21955966583e-08
2.07311439958e-08
1.92376896363e-08
1.95468364492e-08
1.93558184067e-08
1.91622176339e-08
1.98600960829e-08
2.05873326877e-08
2.13211577741e-08
2.367854181e-08
2.21955966583e-08
2.07311439958e-08
1.92376896363e-08
1.95468364492e-08
1.93558184067e-08
1.91622176339e-08
1.98600960829e-08
2.05873326877e-08
2.13211577741e-08
3.9977139297e-08
3.83119639887e-08
3.66675535998e-08
3.49905776708e-08
3.62791909129e-08
3.678513806e-08
3.72979260533e-08
3.91246435165e-08
4.11484590076e-08
4.31906094824e-08
3.9977139297e-08
3.83119639887e-08
3.66675535998e-08
3.49905776708e-08
3.62791909129e-08
3.678513806e-08
3.72979260533e-08
3.91246435165e-08
4.11484590076e-08
4.31906094824e-08
6.64709611438e-08
6.7044676217e-08
6.8715517421e-08
7.14949842216e-08
7.52118403472e-08
7.97467467862e-08
8.50872533614e-08
9.10832595126e-08
9.75738399663e-08
1.0459034608e-07
6.64709611438e-08
6.7044676217e-08
6.8715517421e-08
7.14949842216e-08
7.52118403472e-08
7.97467467862e-08
8.50872533614e-08
9.10832595126e-08
9.75738399663e-08
1.0459034608e-07
7.23575730382e-08
4.42748836481e-08
1.65423884849e-08
-1.17393148856e-08
-3.96607578266e-08
-5.71161991768e-08
-8.2557273742e-08
-1.08002903966e-07
-1.33145582903e-07
-1.30431474288e-07
7.23575730382e-08
4.42748836481e-08
1.65423884849e-08
-1.17393148856e-08
-3.96607578266e-08
-5.71161991768e-08
-8.2557273742e-08
-1.08002903966e-07
-1.33145582903e-07
-1.30431474288e-07
8.04129361076e-09
8.14251961352e-09
8.37653040014e-09
8.73140830077e-09
9.19335472084e-09
9.75110355077e-09
1.0412856423e-08
1.11686556053e-08
1.19295240367e-08
1.27733160843e-08
8.04129361076e-09
8.14251961352e-09
8.37653040014e-09
8.73140830077e-09
9.19335472084e-09
9.75110355077e-09
1.0412856423e-08
1.11686556053e-08
1.19295240367e-08
1.27733160843e-08
2.70923246796e-08
2.78826266071e-08
2.86630733827e-08
2.98807850245e-08
3.15317351667e-08
3.35032640983e-08
3.55014498186e-08
3.82899699629e-08
4.10311788128e-08
4.37972219519e-08
2.70923246796e-08
2.78826266071e-08
2.86630733827e-08
2.98807850245e-08
3.15317351667e-08
3.35032640983e-08
3.55014498186e-08
3.82899699629e-08
4.10311788128e-08
4.37972219519e-08
4.4086321711e-08
4.53667213729e-08
4.66311543101e-08
4.86130901227e-08
5.13171578472e-08
5.45408920119e-08
5.78082138707e-08
6.23117055368e-08
6.68069301859e-08
7.16646130289e-08
4.4086321711e-08
4.53667213729e-08
4.66311543101e-08
4.86130901227e-08
5.13171578472e-08
5.45408920119e-08
5.78082138707e-08
6.23117055368e-08
6.68069301859e-08
7.16646130289e-08
6.61217496103e-08
6.67988375374e-08
6.8656543834e-08
7.15752705657e-08
7.5570256617e-08
8.03289520349e-08
8.5615214061e-08
9.17577039822e-08
9.84030125142e-08
1.05571723391e-07
6.61217496103e-08
6.67988375374e-08
6.8656543834e-08
7.15752705657e-08
7.5570256617e-08
8.03289520349e-08
8.5615214061e-08
9.17577039822e-08
9.84030125142e-08
1.05571723391e-07
9.29293943027e-08
9.30899339584e-08
9.3248471667e-08
9.34101490213e-08
9.35697668832e-08
1.02487435052e-07
1.06730647216e-07
1.10974619199e-07
1.15168063183e-07
1.29361627802e-07
9.29293943027e-08
9.30899339584e-08
9.3248471667e-08
9.34101490213e-08
9.35697668832e-08
1.02487435052e-07
1.06730647216e-07
1.10974619199e-07
1.15168063183e-07
1.29361627802e-07
8.3265291363e-09
8.60020059114e-09
8.99940402761e-09
9.51816262038e-09
1.01365834017e-08
1.0863985633e-08
1.16858606315e-08
1.2611341333e-08
1.35376483158e-08
1.44356394218e-08
8.3265291363e-09
8.60020059114e-09
8.99940402761e-09
9.51816262038e-09
1.01365834017e-08
1.0863985633e-08
1.16858606315e-08
1.2611341333e-08
1.35376483158e-08
1.44356394218e-08
2.74694646217e-08
2.85109050383e-08
2.95393585784e-08
3.09958608062e-08
3.28557748556e-08
3.50662126083e-08
3.7306537405e-08
4.03260225866e-08
4.32897263651e-08
4.62802801507e-08
2.74694646217e-08
2.85109050383e-08
2.95393585784e-08
3.09958608062e-08
3.28557748556e-08
3.50662126083e-08
3.7306537405e-08
4.03260225866e-08
4.32897263651e-08
4.62802801507e-08
4.45402863822e-08
4.61461004058e-08
4.77318897519e-08
5.00189649136e-08
5.29784872862e-08
5.65024707864e-08
6.00741016134e-08
6.4873311697e-08
6.96415669231e-08
7.45780059693e-08
4.45402863822e-08
4.61461004058e-08
4.77318897519e-08
5.00189649136e-08
5.29784872862e-08
5.65024707864e-08
6.00741016134e-08
6.4873311697e-08
6.96415669231e-08
7.45780059693e-08
6.6751084154e-08
6.77634366628e-08
7.00324118356e-08
7.33376086582e-08
7.76450380075e-08
8.27791743595e-08
8.86123236687e-08
9.49635370581e-08
1.01943823091e-07
1.09205429133e-07
6.6751084154e-08
6.77634366628e-08
7.00324118356e-08
7.33376086582e-08
7.76450380075e-08
8.27791743595e-08
8.86123236687e-08
9.49635370581e-08
1.01943823091e-07
1.09205429133e-07
9.5202079994e-08
9.84828092385e-08
1.01722627428e-07
1.05026606262e-07
1.08288498067e-07
1.20119753121e-07
1.27642356683e-07
1.35166307296e-07
1.4260067905e-07
1.58062444237e-07
9.5202079994e-08
9.84828092385e-08
1.01722627428e-07
1.05026606262e-07
1.08288498067e-07
1.20119753121e-07
1.27642356683e-07
1.35166307296e-07
1.4260067905e-07
1.58062444237e-07
8.55300625611e-09
9.04719787665e-09
9.72690306349e-09
1.05447474859e-08
1.14661477867e-08
1.25079970707e-08
1.36303744396e-08
1.48854168723e-08
1.61452164649e-08
1.73125432583e-08
8.55300625611e-09
9.04719787665e-09
9.72690306349e-09
1.05447474859e-08
1.14661477867e-08
1.25079970707e-08
1.36303744396e-08
1.48854168723e-08
1.61452164649e-08
1.73125432583e-08
2.80773347961e-08
3.00002861322e-08
3.18992580536e-08
3.42288646833e-08
3.69378722058e-08
4.00779248788e-08
4.32604337994e-08
4.71344627087e-08
5.08736538907e-08
5.46467206949e-08
2.80773347961e-08
3.00002861322e-08
3.18992580536e-08
3.42288646833e-08
3.69378722058e-08
4.00779248788e-08
4.32604337994e-08
4.71344627087e-08
5.08736538907e-08
5.46467206949e-08
4.5542225631e-08
4.85587357301e-08
5.15376296163e-08
5.52062256295e-08
5.94985424056e-08
6.44970037946e-08
6.9563048736e-08
7.56979033067e-08
8.16331270393e-08
8.7298753569e-08
4.5542225631e-08
4.85587357301e-08
5.15376296163e-08
5.52062256295e-08
5.94985424056e-08
6.44970037946e-08
6.9563048736e-08
7.56979033067e-08
8.16331270393e-08
8.7298753569e-08
6.84355303435e-08
7.1307802979e-08
7.5610472177e-08
8.09204100152e-08
8.71535574892e-08
9.4430068272e-08
1.02414016343e-07
1.10711153072e-07
1.19338287673e-07
1.27593844354e-07
6.84355303435e-08
7.1307802979e-08
7.5610472177e-08
8.09204100152e-08
8.71535574892e-08
9.4430068272e-08
1.02414016343e-07
1.10711153072e-07
1.19338287673e-07
1.27593844354e-07
9.73735145602e-08
1.03635424859e-07
1.09819248447e-07
1.16125535112e-07
1.22351490493e-07
1.36966528319e-07
1.47622422096e-07
1.58280223993e-07
1.68811135938e-07
1.85484601695e-07
9.73735145602e-08
1.03635424859e-07
1.09819248447e-07
1.16125535112e-07
1.22351490493e-07
1.36966528319e-07
1.47622422096e-07
1.58280223993e-07
1.68811135938e-07
1.85484601695e-07
8.51661961366e-09
9.47981166443e-09
1.04309926044e-08
1.14010105215e-08
1.27529293922e-08
1.40991074382e-08
1.54634869841e-08
1.70863171119e-08
1.86688781748e-08
2.02657766274e-08
8.51661961366e-09
9.47981166443e-09
1.04309926044e-08
1.14010105215e-08
1.27529293922e-08
1.40991074382e-08
1.54634869841e-08
1.70863171119e-08
1.86688781748e-08
2.02657766274e-08
2.86656448981e-08
3.14417418578e-08
3.41832205828e-08
3.73578368236e-08
4.08886156533e-08
4.49283700581e-08
4.90227454616e-08
5.37238205541e-08
5.82135454727e-08
6.27439455583e-08
2.86656448981e-08
3.14417418578e-08
3.41832205828e-08
3.73578368236e-08
4.08886156533e-08
4.49283700581e-08
4.90227454616e-08
5.37238205541e-08
5.82135454727e-08
6.27439455583e-08
4.65119244358e-08
5.08937371719e-08
5.52209082209e-08
6.02265704487e-08
6.58087949132e-08
7.22342883786e-08
7.87466601132e-08
8.61741807458e-08
9.32388222223e-08
9.96101724097e-08
4.65119244358e-08
5.08937371719e-08
5.52209082209e-08
6.02265704487e-08
6.58087949132e-08
7.22342883786e-08
7.87466601132e-08
8.61741807458e-08
9.32388222223e-08
9.96101724097e-08
7.1308875351e-08
7.86373013655e-08
8.9412399772e-08
1.02214726672e-07
1.16608982139e-07
1.31973424925e-07
1.47883712145e-07
1.6361429112e-07
1.78730549518e-07
1.930398478e-07
7.1308875351e-08
7.86373013655e-08
8.9412399772e-08
1.02214726672e-07
1.16608982139e-07
1.31973424925e-07
1.47883712145e-07
1.6361429112e-07
1.78730549518e-07
1.930398478e-07
9.94750766122e-08
1.08622239394e-07
1.1765533605e-07
1.26867322156e-07
1.35961963348e-07
1.53271207265e-07
1.66959568111e-07
1.80650380092e-07
1.94178191625e-07
2.12024367801e-07
9.94750766122e-08
1.08622239394e-07
1.1765533605e-07
1.26867322156e-07
1.35961963348e-07
1.53271207265e-07
1.66959568111e-07
1.80650380092e-07
1.94178191625e-07
2.12024367801e-07
8.68177587391e-09
9.93285139766e-09
1.1168325872e-08
1.24282674098e-08
1.41004666453e-08
1.5765342396e-08
1.74527287171e-08
1.9391133291e-08
2.13116950709e-08
2.32496563958e-08
8.68177587391e-09
9.93285139766e-09
1.1168325872e-08
1.24282674098e-08
1.41004666453e-08
1.5765342396e-08
1.74527287171e-08
1.9391133291e-08
2.13116950709e-08
2.32496563958e-08
2.92817321778e-08
3.29512562001e-08
3.6575020854e-08
4.02705497425e-08
4.50258942331e-08
5.00078299646e-08
5.50571258071e-08
6.06242962316e-08
6.58999914856e-08
7.12234824929e-08
2.92817321778e-08
3.29512562001e-08
3.6575020854e-08
4.02705497425e-08
4.50258942331e-08
5.00078299646e-08
5.50571258071e-08
6.06242962316e-08
6.58999914856e-08
7.12234824929e-08
4.75274077613e-08
5.3338986168e-08
5.90780935524e-08
6.54839518402e-08
7.24169872393e-08
8.03368903824e-08
8.83638775154e-08
9.71450976933e-08
1.05392482596e-07
1.13714585607e-07
4.75274077613e-08
5.3338986168e-08
5.90780935524e-08
6.54839518402e-08
7.24169872393e-08
8.03368903824e-08
8.83638775154e-08
9.71450976933e-08
1.05392482596e-07
1.13714585607e-07
7.56780874542e-08
9.29245831035e-08
1.19834727697e-07
1.50606727409e-07
1.81409902948e-07
2.11313522511e-07
2.40493766356e-07
2.68443147376e-07
2.95150580545e-07
3.21461721879e-07
7.56780874542e-08
9.29245831035e-08
1.19834727697e-07
1.50606727409e-07
1.81409902948e-07
2.11313522511e-07
2.40493766356e-07
2.68443147376e-07
2.95150580545e-07
3.21461721879e-07
1.01675864332e-07
1.13844507363e-07
1.25861406077e-07
1.38116284798e-07
1.50215057367e-07
1.70345714848e-07
1.87209721295e-07
2.04076747529e-07
2.20742957858e-07
2.39817214206e-07
1.01675864332e-07
1.13844507363e-07
1.25861406077e-07
1.38116284798e-07
1.50215057367e-07
1.70345714848e-07
1.87209721295e-07
2.04076747529e-07
2.20742957858e-07
2.39817214206e-07
8.84677104996e-09
1.03854492612e-08
1.19049399858e-08
1.3454522369e-08
1.54466895858e-08
1.74299522011e-08
1.94400302547e-08
2.16937014809e-08
2.39519343107e-08
2.62306258543e-08
8.84677104996e-09
1.03854492612e-08
1.19049399858e-08
1.3454522369e-08
1.54466895858e-08
1.74299522011e-08
1.94400302547e-08
2.16937014809e-08
2.39519343107e-08
2.62306258543e-08
2.98972185603e-08
3.44592982463e-08
3.89644882966e-08
4.35588981353e-08
4.9159137542e-08
5.50823356491e-08
6.10856205546e-08
6.75180415699e-08
7.35789405676e-08
7.96947489601e-08
2.98972185603e-08
3.44592982463e-08
3.89644882966e-08
4.35588981353e-08
4.9159137542e-08
5.50823356491e-08
6.10856205546e-08
6.75180415699e-08
7.35789405676e-08
7.96947489601e-08
4.8541900641e-08
5.57818502045e-08
6.29315168004e-08
7.02227738139e-08
7.90187343032e-08
8.84315895601e-08
9.79717148201e-08
1.0810531422e-07
1.17534288967e-07
1.27048686568e-07
4.8541900641e-08
5.57818502045e-08
6.29315168004e-08
7.02227738139e-08
7.90187343032e-08
8.84315895601e-08
9.79717148201e-08
1.0810531422e-07
1.17534288967e-07
1.27048686568e-07
8.5827738211e-08
1.22895590731e-07
1.80637283353e-07
2.38495531162e-07
2.91604256357e-07
3.41877531411e-07
3.90586520306e-07
4.37614274285e-07
4.82170655659e-07
5.25725680916e-07
8.5827738211e-08
1.22895590731e-07
1.80637283353e-07
2.38495531162e-07
2.91604256357e-07
3.41877531411e-07
3.90586520306e-07
4.37614274285e-07
4.82170655659e-07
5.25725680916e-07
1.03874505525e-07
1.19061681823e-07
1.3405947236e-07
1.49354275828e-07
1.64454249713e-07
1.87403568909e-07
2.07440123608e-07
2.27480266195e-07
2.47281814298e-07
2.67582953017e-07
1.03874505525e-07
1.19061681823e-07
1.3405947236e-07
1.49354275828e-07
1.64454249713e-07
1.87403568909e-07
2.07440123608e-07
2.27480266195e-07
2.47281814298e-07
2.67582953017e-07
9.01159522662e-09
1.08375780567e-08
1.264079068e-08
1.44797137276e-08
1.67915173139e-08
1.90928368208e-08
2.14252721723e-08
2.39938833115e-08
2.65894372322e-08
2.9208505865e-08
9.01159522662e-09
1.08375780567e-08
1.264079068e-08
1.44797137276e-08
1.67915173139e-08
1.90928368208e-08
2.14252721723e-08
2.39938833115e-08
2.65894372322e-08
2.9208505865e-08
3.05120670587e-08
3.59657773724e-08
4.13514793183e-08
4.68438385157e-08
5.32880971977e-08
6.01515821653e-08
6.71078674287e-08
7.44046422977e-08
8.12499312615e-08
8.81572358891e-08
3.05120670587e-08
3.59657773724e-08
4.13514793183e-08
4.68438385157e-08
5.32880971977e-08
6.01515821653e-08
6.71078674287e-08
7.44046422977e-08
8.12499312615e-08
8.81572358891e-08
4.95553421101e-08
5.82221824806e-08
6.6780946398e-08
7.55092061852e-08
8.56136393806e-08
9.65178994704e-08
1.07569594656e-07
1.19054171685e-07
1.29663511687e-07
1.40368968196e-07
4.95553421101e-08
5.82221824806e-08
6.6780946398e-08
7.55092061852e-08
8.56136393806e-08
9.65178994704e-08
1.07569594656e-07
1.19054171685e-07
1.29663511687e-07
1.40368968196e-07
1.12655586841e-07
1.8251166312e-07
2.850663897e-07
3.81277520399e-07
4.69161832446e-07
5.50654349964e-07
6.28508441284e-07
7.03810308591e-07
7.74855472448e-07
8.44507659474e-07
1.12655586841e-07
1.8251166312e-07
2.850663897e-07
3.81277520399e-07
4.69161832446e-07
5.50654349964e-07
6.28508441284e-07
7.03810308591e-07
7.74855472448e-07
8.44507659474e-07
1.06070868069e-07
1.24273449253e-07
1.42249042247e-07
1.60580619914e-07
1.78678684699e-07
2.04443744376e-07
2.2764955933e-07
2.50859529681e-07
2.73793166126e-07
2.95319915688e-07
1.06070868069e-07
1.24273449253e-07
1.42249042247e-07
1.60580619914e-07
1.78678684699e-07
2.04443744376e-07
2.2764955933e-07
2.50859529681e-07
2.73793166126e-07
2.95319915688e-07
7.94094324288e-09
8.00575480419e-09
8.19634029208e-09
8.51472507814e-09
8.94038199989e-09
9.46155631553e-09
1.00775430881e-08
1.0770984764e-08
1.15199202302e-08
1.23309013175e-08
7.94094324288e-09
8.00575480419e-09
8.19634029208e-09
8.51472507814e-09
8.94038199989e-09
9.46155631553e-09
1.00775430881e-08
1.0770984764e-08
1.15199202302e-08
1.23309013175e-08
2.42682331466e-08
2.36479024602e-08
2.30353073657e-08
2.24105805733e-08
2.27590844824e-08
2.27835624341e-08
2.2808371349e-08
2.39146517441e-08
2.50186177087e-08
2.61325851769e-08
2.42682331466e-08
2.36479024602e-08
2.30353073657e-08
2.24105805733e-08
2.27590844824e-08
2.27835624341e-08
2.2808371349e-08
2.39146517441e-08
2.50186177087e-08
2.61325851769e-08
4.07122160643e-08
4.02783341186e-08
3.98498627287e-08
3.94129059859e-08
4.04730124289e-08
4.11433055115e-08
4.18226615405e-08
4.43536900231e-08
4.67636450609e-08
4.91954333568e-08
4.07122160643e-08
4.02783341186e-08
3.98498627287e-08
3.94129059859e-08
4.04730124289e-08
4.11433055115e-08
4.18226615405e-08
4.43536900231e-08
4.67636450609e-08
4.91954333568e-08
6.64709611438e-08
6.7044676217e-08
6.8715517421e-08
7.14949842216e-08
7.52118403472e-08
7.97467467862e-08
8.50872533614e-08
9.10832595126e-08
9.75738399663e-08
1.0459034608e-07
6.64709611438e-08
6.7044676217e-08
6.8715517421e-08
7.14949842216e-08
7.52118403472e-08
7.97467467862e-08
8.50872533614e-08
9.10832595126e-08
9.75738399663e-08
1.0459034608e-07
7.27888992605e-08
5.60685504658e-08
3.95567062604e-08
2.27178651404e-08
6.09352199647e-09
-7.97295495788e-09
-2.65220487338e-08
-4.50744640415e-08
-6.34059974911e-08
-6.4584683889e-08
7.27888992605e-08
5.60685504658e-08
3.95567062604e-08
2.27178651404e-08
6.09352199647e-09
-7.97295495788e-09
-2.65220487338e-08
-4.50744640415e-08
-6.34059974911e-08
-6.4584683889e-08
8.02617307268e-09
8.1144622835e-09
8.33128443273e-09
8.67456488111e-09
9.12939560515e-09
9.67226303756e-09
1.03232622932e-08
1.10663725066e-08
1.18465435515e-08
1.26749970991e-08
8.02617307268e-09
8.1144622835e-09
8.33128443273e-09
8.67456488111e-09
9.12939560515e-09
9.67226303756e-09
1.03232622932e-08
1.10663725066e-08
1.18465435515e-08
1.26749970991e-08
2.7120940343e-08
2.78803627739e-08
2.86303151235e-08
2.98299939978e-08
3.14420805844e-08
3.33663067529e-08
3.53165501354e-08
3.81707421617e-08
4.09254595902e-08
4.37051336905e-08
2.7120940343e-08
2.78803627739e-08
2.86303151235e-08
2.98299939978e-08
3.14420805844e-08
3.33663067529e-08
3.53165501354e-08
3.81707421617e-08
4.09254595902e-08
4.37051336905e-08
4.41497169877e-08
4.53873032083e-08
4.66094565925e-08
4.85676597868e-08
5.12047444231e-08
5.43524597579e-08
5.7542734946e-08
6.21774695706e-08
6.66810709388e-08
7.1574143983e-08
4.41497169877e-08
4.53873032083e-08
4.66094565925e-08
4.85676597868e-08
5.12047444231e-08
5.43524597579e-08
5.7542734946e-08
6.21774695706e-08
6.66810709388e-08
7.1574143983e-08
6.62113884428e-08
6.68474237407e-08
6.86484041996e-08
7.15364113992e-08
7.54299452577e-08
8.00774215059e-08
8.5510488614e-08
9.16050709104e-08
9.82524654951e-08
1.05485774007e-07
6.62113884428e-08
6.68474237407e-08
6.86484041996e-08
7.15364113992e-08
7.54299452577e-08
8.00774215059e-08
8.5510488614e-08
9.16050709104e-08
9.82524654951e-08
1.05485774007e-07
9.30228634369e-08
9.40042090862e-08
9.49733172472e-08
9.59616174121e-08
9.69373283267e-08
1.06326978148e-07
1.11091153185e-07
1.15856181329e-07
1.20564477869e-07
1.34770115287e-07
9.30228634369e-08
9.40042090862e-08
9.49733172472e-08
9.59616174121e-08
9.69373283267e-08
1.06326978148e-07
1.11091153185e-07
1.15856181329e-07
1.20564477869e-07
1.34770115287e-07
8.26425496709e-09
8.47271870388e-09
8.80413713574e-09
9.26851949487e-09
9.83311535573e-09
1.05138051162e-08
1.13041439724e-08
1.21963236357e-08
1.31036200117e-08
1.39934041019e-08
8.26425496709e-09
8.47271870388e-09
8.80413713574e-09
9.26851949487e-09
9.83311535573e-09
1.05138051162e-08
1.13041439724e-08
1.21963236357e-08
1.31036200117e-08
1.39934041019e-08
2.74360950755e-08
2.83479466534e-08
2.92484273417e-08
3.0632185265e-08
3.24013403769e-08
3.45354424983e-08
3.66983995394e-08
3.97456932703e-08
4.26827785691e-08
4.56464727218e-08
2.74360950755e-08
2.83479466534e-08
2.92484273417e-08
3.0632185265e-08
3.24013403769e-08
3.45354424983e-08
3.66983995394e-08
3.97456932703e-08
4.26827785691e-08
4.56464727218e-08
4.45294771977e-08
4.595171998e-08
4.73562272384e-08
4.95542892328e-08
5.23903396815e-08
5.58117498938e-08
5.92794205528e-08
6.41465635182e-08
6.88814618628e-08
7.38330303894e-08
4.45294771977e-08
4.595171998e-08
4.73562272384e-08
4.95542892328e-08
5.23903396815e-08
5.58117498938e-08
5.92794205528e-08
6.41465635182e-08
6.88814618628e-08
7.38330303894e-08
6.66971068692e-08
6.75305388966e-08
6.95528851763e-08
7.27491263547e-08
7.68929839902e-08
8.18923847658e-08
8.76501826056e-08
9.40573076929e-08
1.00995976868e-07
1.08286148555e-07
6.66971068692e-08
6.75305388966e-08
6.95528851763e-08
7.27491263547e-08
7.68929839902e-08
8.18923847658e-08
8.76501826056e-08
9.40573076929e-08
1.00995976868e-07
1.08286148555e-07
9.52582241409e-08
9.81951763044e-08
1.01095504351e-07
1.04053269854e-07
1.06973358493e-07
1.18954339584e-07
1.2629406356e-07
1.3363510184e-07
1.40888738983e-07
1.56793969849e-07
9.52582241409e-08
9.81951763044e-08
1.01095504351e-07
1.04053269854e-07
1.06973358493e-07
1.18954339584e-07
1.2629406356e-07
1.3363510184e-07
1.40888738983e-07
1.56793969849e-07
8.55063124947e-09
8.97659497017e-09
9.56553685369e-09
1.03044365823e-08
1.11876819235e-08
1.2192970168e-08
1.32612511854e-08
1.44353191119e-08
1.56182279223e-08
1.67507798268e-08
8.55063124947e-09
8.97659497017e-09
9.56553685369e-09
1.03044365823e-08
1.11876819235e-08
1.2192970168e-08
1.32612511854e-08
1.44353191119e-08
1.56182279223e-08
1.67507798268e-08
2.80984586754e-08
2.9627223081e-08
3.11369236263e-08
3.31313663731e-08
3.55905832131e-08
3.85152219872e-08
4.14794044252e-08
4.51962143873e-08
4.88226299834e-08
5.24818994987e-08
2.80984586754e-08
2.9627223081e-08
3.11369236263e-08
3.31313663731e-08
3.55905832131e-08
3.85152219872e-08
4.14794044252e-08
4.51962143873e-08
4.88226299834e-08
5.24818994987e-08
4.5563187745e-08
4.79177794078e-08
5.02430090534e-08
5.33495041879e-08
5.72045814982e-08
6.18292164556e-08
6.65163805063e-08
7.24415787741e-08
7.82322432376e-08
8.38075653564e-08
4.5563187745e-08
4.79177794078e-08
5.02430090534e-08
5.33495041879e-08
5.72045814982e-08
6.18292164556e-08
6.65163805063e-08
7.24415787741e-08
7.82322432376e-08
8.38075653564e-08
6.83060997341e-08
7.03384613567e-08
7.36633718351e-08
7.81330279608e-08
8.36991600412e-08
9.04076612878e-08
9.78987616571e-08
1.05839122216e-07
1.14282736904e-07
1.22416017631e-07
6.83060997341e-08
7.03384613567e-08
7.36633718351e-08
7.81330279608e-08
8.36991600412e-08
9.04076612878e-08
9.78987616571e-08
1.05839122216e-07
1.14282736904e-07
1.22416017631e-07
9.73939965967e-08
1.02199430442e-07
1.06944939999e-07
1.11784428578e-07
1.16562270367e-07
1.31019135523e-07
1.4081966436e-07
1.50621948148e-07
1.60307527636e-07
1.77836632834e-07
9.73939965967e-08
1.02199430442e-07
1.06944939999e-07
1.11784428578e-07
1.16562270367e-07
1.31019135523e-07
1.4081966436e-07
1.50621948148e-07
1.60307527636e-07
1.77836632834e-07
8.61549458312e-09
9.46425748446e-09
1.0302436219e-08
1.11572140601e-08
1.24986611905e-08
1.38181029751e-08
1.51553847621e-08
1.66022680961e-08
1.80519206723e-08
1.95147065386e-08
8.61549458312e-09
9.46425748446e-09
1.0302436219e-08
1.11572140601e-08
1.24986611905e-08
1.38181029751e-08
1.51553847621e-08
1.66022680961e-08
1.80519206723e-08
1.95147065386e-08
2.87395087111e-08
3.08653348972e-08
3.29646517968e-08
3.55501287249e-08
3.86772024572e-08
4.23669399618e-08
4.61065659318e-08
5.04713484032e-08
5.4764912997e-08
5.90973756211e-08
2.87395087111e-08
3.08653348972e-08
3.29646517968e-08
3.55501287249e-08
3.86772024572e-08
4.23669399618e-08
4.61065659318e-08
5.04713484032e-08
5.4764912997e-08
5.90973756211e-08
4.65636355102e-08
4.98205748914e-08
5.303689988e-08
5.70225965542e-08
6.18639104363e-08
6.76530527215e-08
7.35204692536e-08
8.04696766752e-08
8.72821347703e-08
9.34611393116e-08
4.65636355102e-08
4.98205748914e-08
5.303689988e-08
5.70225965542e-08
6.18639104363e-08
6.76530527215e-08
7.35204692536e-08
8.04696766752e-08
8.72821347703e-08
9.34611393116e-08
7.05008376323e-08
7.52544777457e-08
8.25877270432e-08
9.1867434421e-08
1.03183138335e-07
1.16077679513e-07
1.30238906954e-07
1.44184818906e-07
1.58401368592e-07
1.71933680925e-07
7.05008376323e-08
7.52544777457e-08
8.25877270432e-08
9.1867434421e-08
1.03183138335e-07
1.16077679513e-07
1.30238906954e-07
1.44184818906e-07
1.58401368592e-07
1.71933680925e-07
9.94610440753e-08
1.06074835519e-07
1.12606152256e-07
1.19266813747e-07
1.25842629825e-07
1.42695709944e-07
1.54877859757e-07
1.67062190992e-07
1.79101457679e-07
1.98202184111e-07
9.94610440753e-08
1.06074835519e-07
1.12606152256e-07
1.19266813747e-07
1.25842629825e-07
1.42695709944e-07
1.54877859757e-07
1.67062190992e-07
1.79101457679e-07
1.98202184111e-07
8.86188170516e-09
9.97494508069e-09
1.10741284334e-08
1.21950797705e-08
1.38715386024e-08
1.55199667487e-08
1.71906830795e-08
1.88715300047e-08
2.06005207061e-08
2.23451753929e-08
8.86188170516e-09
9.97494508069e-09
1.10741284334e-08
1.21950797705e-08
1.38715386024e-08
1.55199667487e-08
1.71906830795e-08
1.88715300047e-08
2.06005207061e-08
2.23451753929e-08
2.94108260509e-08
3.21619044074e-08
3.4878676514e-08
3.76492509752e-08
4.19095570386e-08
4.64005175615e-08
5.09521997829e-08
5.59955489136e-08
6.09877620767e-08
6.60252027553e-08
2.94108260509e-08
3.21619044074e-08
3.4878676514e-08
3.76492509752e-08
4.19095570386e-08
4.64005175615e-08
5.09521997829e-08
5.59955489136e-08
6.09877620767e-08
6.60252027553e-08
4.76113196143e-08
5.18132112395e-08
5.59627048139e-08
6.0869114702e-08
6.67432305106e-08
7.37518625671e-08
8.08552574345e-08
8.88768228044e-08
9.67593187193e-08
1.04713226991e-07
4.76113196143e-08
5.18132112395e-08
5.59627048139e-08
6.0869114702e-08
6.67432305106e-08
7.37518625671e-08
8.08552574345e-08
8.88768228044e-08
9.67593187193e-08
1.04713226991e-07
7.26521650248e-08
8.32727426444e-08
9.97221650772e-08
1.21099116498e-07
1.45202755155e-07
1.69690422091e-07
1.94295807311e-07
2.18161606554e-07
2.41309098691e-07
2.6400914315e-07
7.26521650248e-08
8.32727426444e-08
9.97221650772e-08
1.21099116498e-07
1.45202755155e-07
1.69690422091e-07
1.94295807311e-07
2.18161606554e-07
2.41309098691e-07
2.6400914315e-07
1.01625687609e-07
1.10133218612e-07
1.18534659768e-07
1.27102481209e-07
1.35561163288e-07
1.54923596132e-07
1.69599815626e-07
1.84278663148e-07
1.98782746842e-07
2.19529298915e-07
1.01625687609e-07
1.10133218612e-07
1.18534659768e-07
1.27102481209e-07
1.35561163288e-07
1.54923596132e-07
1.69599815626e-07
1.84278663148e-07
1.98782746842e-07
2.19529298915e-07
9.10802851494e-09
1.04851345807e-08
1.18450679823e-08
1.32319332046e-08
1.52430769863e-08
1.72201706193e-08
1.92239962805e-08
2.11385786017e-08
2.31466349776e-08
2.51728835656e-08
9.10802851494e-09
1.04851345807e-08
1.18450679823e-08
1.32319332046e-08
1.52430769863e-08
1.72201706193e-08
1.92239962805e-08
2.11385786017e-08
2.31466349776e-08
2.51728835656e-08
3.00814886252e-08
3.34572093159e-08
3.67908343981e-08
4.0190477855e-08
4.51387589615e-08
5.04301610344e-08
5.57931074729e-08
6.15143614269e-08
6.72045417365e-08
7.29462728733e-08
3.00814886252e-08
3.34572093159e-08
3.67908343981e-08
4.0190477855e-08
4.51387589615e-08
5.04301610344e-08
5.57931074729e-08
6.15143614269e-08
6.72045417365e-08
7.29462728733e-08
4.86579818657e-08
5.38039040814e-08
5.88856560807e-08
6.4068045974e-08
7.16177915681e-08
7.98447239736e-08
8.8182891672e-08
9.72757690721e-08
1.06227259151e-07
1.1525984626e-07
4.86579818657e-08
5.38039040814e-08
5.88856560807e-08
6.4068045974e-08
7.16177915681e-08
7.98447239736e-08
8.8182891672e-08
9.72757690721e-08
1.06227259151e-07
1.1525984626e-07
7.67271115681e-08
9.81977099612e-08
1.32739863423e-07
1.73556039226e-07
2.13335037453e-07
2.52051766164e-07
2.89925948372e-07
3.26860721746e-07
3.62193338655e-07
3.96782267662e-07
7.67271115681e-08
9.81977099612e-08
1.32739863423e-07
1.73556039226e-07
2.13335037453e-07
2.52051766164e-07
2.89925948372e-07
3.26860721746e-07
3.62193338655e-07
3.96782267662e-07
1.0378821987e-07
1.14187643385e-07
1.24457384945e-07
1.34930506198e-07
1.45270217836e-07
1.67139555922e-07
1.84307412521e-07
2.01478343317e-07
2.18444839972e-07
2.4083561244e-07
1.0378821987e-07
1.14187643385e-07
1.24457384945e-07
1.34930506198e-07
1.45270217836e-07
1.67139555922e-07
1.84307412521e-07
2.01478343317e-07
2.18444839972e-07
2.4083561244e-07
9.35392022055e-09
1.09947953253e-08
1.26152085369e-08
1.42677120538e-08
1.66131939212e-08
1.89186124151e-08
2.12552021754e-08
2.34032776516e-08
2.5690110481e-08
2.79976611292e-08
9.35392022055e-09
1.09947953253e-08
1.26152085369e-08
1.42677120538e-08
1.66131939212e-08
1.89186124151e-08
2.12552021754e-08
2.34032776516e-08
2.5690110481e-08
2.79976611292e-08
3.07514561313e-08
3.4751171783e-08
3.87010105405e-08
4.2729071032e-08
4.8364614171e-08
5.44556282241e-08
6.06289980933e-08
6.70274542966e-08
7.34148783863e-08
7.98601700615e-08
3.07514561313e-08
3.4751171783e-08
3.87010105405e-08
4.2729071032e-08
4.8364614171e-08
5.44556282241e-08
6.06289980933e-08
6.70274542966e-08
7.34148783863e-08
7.98601700615e-08
4.97035593666e-08
5.57925337885e-08
6.18055780293e-08
6.79377032698e-08
7.6487300678e-08
8.59312707978e-08
9.55029316207e-08
1.05666010754e-07
1.15685387102e-07
1.25795535116e-07
4.97035593666e-08
5.57925337885e-08
6.18055780293e-08
6.79377032698e-08
7.6487300678e-08
8.59312707978e-08
9.55029316207e-08
1.05666010754e-07
1.15685387102e-07
1.25795535116e-07
8.58818969292e-08
1.27093908769e-07
1.90949541039e-07
2.55802458794e-07
3.16621632093e-07
3.74448993212e-07
4.32107096543e-07
4.87552979196e-07
5.40856485726e-07
5.93792626915e-07
8.58818969292e-08
1.27093908769e-07
1.90949541039e-07
2.55802458794e-07
3.16621632093e-07
3.74448993212e-07
4.32107096543e-07
4.87552979196e-07
5.40856485726e-07
5.93792626915e-07
1.05948510903e-07
1.18237866192e-07
1.30373971867e-07
1.42750418298e-07
1.54969210013e-07
1.7934285521e-07
1.98999766605e-07
2.18660197905e-07
2.380865555e-07
2.62119844309e-07
1.05948510903e-07
1.18237866192e-07
1.30373971867e-07
1.42750418298e-07
1.54969210013e-07
1.7934285521e-07
1.98999766605e-07
2.18660197905e-07
2.380865555e-07
2.62119844309e-07
7.94094324288e-09
8.00575480419e-09
8.19634029208e-09
8.51472507814e-09
8.94038199989e-09
9.46155631553e-09
1.00775430881e-08
1.0770984764e-08
1.15199202302e-08
1.23309013175e-08
7.94094324288e-09
8.00575480419e-09
8.19634029208e-09
8.51472507814e-09
8.94038199989e-09
9.46155631553e-09
1.00775430881e-08
1.0770984764e-08
1.15199202302e-08
1.23309013175e-08
2.41816178743e-08
2.39662519301e-08
2.3753571623e-08
2.3536679442e-08
2.43583592964e-08
2.48652223809e-08
2.53789386959e-08
2.63482110179e-08
2.78377203883e-08
2.9340724136e-08
2.41816178743e-08
2.39662519301e-08
2.3753571623e-08
2.3536679442e-08
2.43583592964e-08
2.48652223809e-08
2.53789386959e-08
2.63482110179e-08
2.78377203883e-08
2.9340724136e-08
4.03836401173e-08
4.04683781858e-08
4.05520595612e-08
4.06373981441e-08
4.22941528476e-08
4.36517092911e-08
4.50276210804e-08
4.72900978631e-08
5.03139282208e-08
5.3365153309e-08
4.03836401173e-08
4.04683781858e-08
4.05520595612e-08
4.06373981441e-08
4.22941528476e-08
4.36517092911e-08
4.50276210804e-08
4.72900978631e-08
5.03139282208e-08
5.3365153309e-08
6.64709611438e-08
6.7044676217e-08
6.8715517421e-08
7.14949842216e-08
7.52118403472e-08
7.97467467862e-08
8.50872533614e-08
9.10832595126e-08
9.75738399663e-08
1.0459034608e-07
6.64709611438e-08
6.7044676217e-08
6.8715517421e-08
7.14949842216e-08
7.52118403472e-08
7.97467467862e-08
8.50872533614e-08
9.10832595126e-08
9.75738399663e-08
1.0459034608e-07
7.44627895302e-08
6.3350038694e-08
5.23758650836e-08
4.11843613635e-08
3.013541822e-08
2.45849449352e-08
1.43418633824e-08
4.09694763111e-09
-6.02599391959e-09
-2.27564320474e-08
7.44627895302e-08
6.3350038694e-08
5.23758650836e-08
4.11843613635e-08
3.013541822e-08
2.45849449352e-08
1.43418633824e-08
4.09694763111e-09
-6.02599391959e-09
-2.27564320474e-08
8.01480790391e-09
8.09449176552e-09
8.30709215027e-09
8.63955108746e-09
9.0858048636e-09
9.62246036896e-09
1.02820673789e-08
1.10165414654e-08
1.17833029823e-08
1.26182656009e-08
8.01480790391e-09
8.09449176552e-09
8.30709215027e-09
8.63955108746e-09
9.0858048636e-09
9.62246036896e-09
1.02820673789e-08
1.10165414654e-08
1.17833029823e-08
1.26182656009e-08
2.71108876048e-08
2.78574169558e-08
2.85946370037e-08
2.97586761266e-08
3.13758922688e-08
3.33096384388e-08
3.52695305416e-08
3.80721496713e-08
4.08183505365e-08
4.35894309166e-08
2.71108876048e-08
2.78574169558e-08
2.85946370037e-08
2.97586761266e-08
3.13758922688e-08
3.33096384388e-08
3.52695305416e-08
3.80721496713e-08
4.08183505365e-08
4.35894309166e-08
4.41446620736e-08
4.53617221244e-08
4.65636053024e-08
4.84641868755e-08
5.11185411134e-08
5.42897104436e-08
5.75037567456e-08
6.2035688368e-08
6.65351069416e-08
7.14030068176e-08
4.41446620736e-08
4.53617221244e-08
4.65636053024e-08
4.84641868755e-08
5.11185411134e-08
5.42897104436e-08
5.75037567456e-08
6.2035688368e-08
6.65351069416e-08
7.14030068176e-08
6.62058360156e-08
6.6818612331e-08
6.85900825718e-08
7.13935226323e-08
7.53192074391e-08
8.00072180623e-08
8.52657288268e-08
9.14103487059e-08
9.80588728576e-08
1.05248766912e-07
6.62058360156e-08
6.6818612331e-08
6.85900825718e-08
7.13935226323e-08
7.53192074391e-08
8.00072180623e-08
8.52657288268e-08
9.14103487059e-08
9.80588728576e-08
1.05248766912e-07
9.33032939913e-08
9.47141811407e-08
9.61074743722e-08
9.75283600751e-08
9.89311461293e-08
1.09109661684e-07
1.14635238897e-07
1.2016180556e-07
1.25622573872e-07
1.37980153346e-07
9.33032939913e-08
9.47141811407e-08
9.61074743722e-08
9.75283600751e-08
9.89311461293e-08
1.09109661684e-07
1.14635238897e-07
1.2016180556e-07
1.25622573872e-07
1.37980153346e-07
8.2323018373e-09
8.39936845038e-09
8.69591737186e-09
9.11155545876e-09
9.63570137323e-09
1.0281755703e-08
1.10616708579e-08
1.19348589908e-08
1.2813151222e-08
1.37119972741e-08
8.2323018373e-09
8.39936845038e-09
8.69591737186e-09
9.11155545876e-09
9.63570137323e-09
1.0281755703e-08
1.10616708579e-08
1.19348589908e-08
1.2813151222e-08
1.37119972741e-08
2.74345006344e-08
2.82872960104e-08
2.91294569343e-08
3.0429364696e-08
3.215115891e-08
3.42425409417e-08
3.63622002804e-08
3.93673596229e-08
4.22523943201e-08
4.5163566313e-08
2.74345006344e-08
2.82872960104e-08
2.91294569343e-08
3.0429364696e-08
3.215115891e-08
3.42425409417e-08
3.63622002804e-08
3.93673596229e-08
4.22523943201e-08
4.5163566313e-08
4.45601634857e-08
4.59023175636e-08
4.72277348325e-08
4.93108528775e-08
5.20934212997e-08
5.54649507246e-08
5.88820661644e-08
6.36647173256e-08
6.83271524928e-08
7.32522188617e-08
4.45601634857e-08
4.59023175636e-08
4.72277348325e-08
4.93108528775e-08
5.20934212997e-08
5.54649507246e-08
5.88820661644e-08
6.36647173256e-08
6.83271524928e-08
7.32522188617e-08
6.67436350557e-08
6.74949246288e-08
6.94127206431e-08
7.24559029065e-08
7.65387751968e-08
8.14795175552e-08
8.71035974956e-08
9.34485751548e-08
1.00289759285e-07
1.07532952503e-07
6.67436350557e-08
6.74949246288e-08
6.94127206431e-08
7.24559029065e-08
7.65387751968e-08
8.14795175552e-08
8.71035974956e-08
9.34485751548e-08
1.00289759285e-07
1.07532952503e-07
9.53847113026e-08
9.81791557214e-08
1.00938753111e-07
1.03753000957e-07
1.06531400109e-07
1.18447586209e-07
1.2571521653e-07
1.32984148243e-07
1.40166537309e-07
1.55737634952e-07
9.53847113026e-08
9.81791557214e-08
1.00938753111e-07
1.03753000957e-07
1.06531400109e-07
1.18447586209e-07
1.2571521653e-07
1.32984148243e-07
1.40166537309e-07
1.55737634952e-07
8.44983844083e-09
8.77553938289e-09
9.25320434542e-09
9.89245315109e-09
1.06671519195e-08
1.15778327844e-08
1.26325703197e-08
1.37851954748e-08
1.49044905118e-08
1.60234129368e-08
8.44983844083e-09
8.77553938289e-09
9.25320434542e-09
9.89245315109e-09
1.06671519195e-08
1.15778327844e-08
1.26325703197e-08
1.37851954748e-08
1.49044905118e-08
1.60234129368e-08
2.8025098762e-08
2.93134998998e-08
3.05858345335e-08
3.23361025706e-08
3.45667086761e-08
3.72278843112e-08
3.99250413592e-08
4.36805776662e-08
4.71940343187e-08
5.07393215261e-08
2.8025098762e-08
2.93134998998e-08
3.05858345335e-08
3.23361025706e-08
3.45667086761e-08
3.72278843112e-08
3.99250413592e-08
4.36805776662e-08
4.71940343187e-08
5.07393215261e-08
4.55031255872e-08
4.7504264929e-08
4.9480449843e-08
5.22147634849e-08
5.57348875176e-08
5.99465013778e-08
6.42150599263e-08
7.01593447499e-08
7.57933445477e-08
8.13234888306e-08
4.55031255872e-08
4.7504264929e-08
4.9480449843e-08
5.22147634849e-08
5.57348875176e-08
5.99465013778e-08
6.42150599263e-08
7.01593447499e-08
7.57933445477e-08
8.13234888306e-08
6.81887136673e-08
6.98026220616e-08
7.26415911901e-08
7.65821542832e-08
8.16829777105e-08
8.77951287498e-08
9.49260197164e-08
1.02617188272e-07
1.10850563538e-07
1.18920502224e-07
6.81887136673e-08
6.98026220616e-08
7.26415911901e-08
7.65821542832e-08
8.16829777105e-08
8.77951287498e-08
9.49260197164e-08
1.02617188272e-07
1.10850563538e-07
1.18920502224e-07
9.73733987457e-08
1.01489761145e-07
1.05554792052e-07
1.09700325933e-07
1.13793052817e-07
1.27369493963e-07
1.36301566642e-07
1.45235238761e-07
1.5406254812e-07
1.72703997486e-07
9.73733987457e-08
1.01489761145e-07
1.05554792052e-07
1.09700325933e-07
1.13793052817e-07
1.27369493963e-07
1.36301566642e-07
1.45235238761e-07
1.5406254812e-07
1.72703997486e-07
8.47840761215e-09
9.13960587108e-09
9.79255891497e-09
1.04584428967e-08
1.16654124061e-08
1.28322046422e-08
1.40147729257e-08
1.55759917525e-08
1.69285345967e-08
1.82933309546e-08
8.47840761215e-09
9.13960587108e-09
9.79255891497e-09
1.04584428967e-08
1.16654124061e-08
1.28322046422e-08
1.40147729257e-08
1.55759917525e-08
1.69285345967e-08
1.82933309546e-08
2.85966925979e-08
3.03066825566e-08
3.19953487522e-08
3.41814853524e-08
3.69045307787e-08
4.01171651744e-08
4.33732371857e-08
4.78550047952e-08
5.19766620145e-08
5.61356598501e-08
2.85966925979e-08
3.03066825566e-08
3.19953487522e-08
3.41814853524e-08
3.69045307787e-08
4.01171651744e-08
4.33732371857e-08
4.78550047952e-08
5.19766620145e-08
5.61356598501e-08
4.64157450139e-08
4.90546647637e-08
5.16606768938e-08
5.50252319329e-08
5.92591784802e-08
6.42838445029e-08
6.93764483875e-08
7.64449877759e-08
8.3019289156e-08
8.91350411301e-08
4.64157450139e-08
4.90546647637e-08
5.16606768938e-08
5.50252319329e-08
5.92591784802e-08
6.42838445029e-08
6.93764483875e-08
7.64449877759e-08
8.3019289156e-08
8.91350411301e-08
7.0083019166e-08
7.35466995491e-08
7.90186268939e-08
8.64406331391e-08
9.56871056653e-08
1.06784254808e-07
1.1957670721e-07
1.32659578494e-07
1.46160176051e-07
1.58817004416e-07
7.0083019166e-08
7.35466995491e-08
7.90186268939e-08
8.64406331391e-08
9.56871056653e-08
1.06784254808e-07
1.1957670721e-07
1.32659578494e-07
1.46160176051e-07
1.58817004416e-07
9.92980941194e-08
1.04693837766e-07
1.10022295895e-07
1.15456277631e-07
1.20821039754e-07
1.36004312188e-07
1.46547268728e-07
1.57092113165e-07
1.67511412502e-07
1.89124415683e-07
9.92980941194e-08
1.04693837766e-07
1.10022295895e-07
1.15456277631e-07
1.20821039754e-07
1.36004312188e-07
1.46547268728e-07
1.57092113165e-07
1.67511412502e-07
1.89124415683e-07
8.67378125583e-09
9.52086183042e-09
1.0357379217e-08
1.12104628092e-08
1.27108059587e-08
1.4145801915e-08
1.56002002666e-08
1.74513408301e-08
1.90481443228e-08
2.06594142361e-08
8.67378125583e-09
9.52086183042e-09
1.0357379217e-08
1.12104628092e-08
1.27108059587e-08
1.4145801915e-08
1.56002002666e-08
1.74513408301e-08
1.90481443228e-08
2.06594142361e-08
2.91952743497e-08
3.13467585287e-08
3.34714134632e-08
3.56381445946e-08
3.93527336137e-08
4.31428640042e-08
4.69842402593e-08
5.22265283256e-08
5.69851024217e-08
6.17867873539e-08
2.91952743497e-08
3.13467585287e-08
3.34714134632e-08
3.56381445946e-08
3.93527336137e-08
4.31428640042e-08
4.69842402593e-08
5.22265283256e-08
5.69851024217e-08
6.17867873539e-08
4.73714539471e-08
5.06782670328e-08
5.39438437955e-08
5.79683972038e-08
6.29498695367e-08
6.88259761404e-08
7.47815328243e-08
8.30274086788e-08
9.05864081664e-08
9.82138892583e-08
4.73714539471e-08
5.06782670328e-08
5.39438437955e-08
5.79683972038e-08
6.29498695367e-08
6.88259761404e-08
7.47815328243e-08
8.30274086788e-08
9.05864081664e-08
9.82138892583e-08
7.18602420277e-08
7.90979841231e-08
9.02960443728e-08
1.05676770939e-07
1.24846714283e-07
1.45837934481e-07
1.67620534677e-07
1.88882329482e-07
2.09752594527e-07
2.30027463617e-07
7.18602420277e-08
7.90979841231e-08
9.02960443728e-08
1.05676770939e-07
1.24846714283e-07
1.45837934481e-07
1.67620534677e-07
1.88882329482e-07
2.09752594527e-07
2.30027463617e-07
1.01313664365e-07
1.08049195497e-07
1.14700733814e-07
1.21483997726e-07
1.28180854482e-07
1.45046825061e-07
1.57276723662e-07
1.69508812236e-07
1.81595267672e-07
2.06320127168e-07
1.01313664365e-07
1.08049195497e-07
1.14700733814e-07
1.21483997726e-07
1.28180854482e-07
1.45046825061e-07
1.57276723662e-07
1.69508812236e-07
1.81595267672e-07
2.06320127168e-07
8.86896434295e-09
9.90174593396e-09
1.09216486249e-08
1.19617492434e-08
1.37551798928e-08
1.54581179782e-08
1.71840812701e-08
1.93248607968e-08
2.11656866999e-08
2.30231897718e-08
8.86896434295e-09
9.90174593396e-09
1.09216486249e-08
1.19617492434e-08
1.37551798928e-08
1.54581179782e-08
1.71840812701e-08
1.93248607968e-08
2.11656866999e-08
2.30231897718e-08
2.97932722782e-08
3.23858200687e-08
3.49460385029e-08
3.75569589374e-08
4.17985486081e-08
4.61656117361e-08
5.05917213619e-08
5.65937881158e-08
6.19886578753e-08
6.74324030631e-08
2.97932722782e-08
3.23858200687e-08
3.49460385029e-08
3.75569589374e-08
4.17985486081e-08
4.61656117361e-08
5.05917213619e-08
5.65937881158e-08
6.19886578753e-08
6.74324030631e-08
4.83262307352e-08
5.23002857309e-08
5.62247838235e-08
6.02270018092e-08
6.66369608989e-08
7.33636776359e-08
8.01813454431e-08
8.96034094554e-08
9.81461466308e-08
1.06766277692e-07
4.83262307352e-08
5.23002857309e-08
5.62247838235e-08
6.02270018092e-08
6.66369608989e-08
7.33636776359e-08
8.01813454431e-08
8.96034094554e-08
9.81461466308e-08
1.06766277692e-07
7.37484308486e-08
8.74374608995e-08
1.09591979006e-07
1.39614240697e-07
1.71773544109e-07
2.03818346763e-07
2.35768079363e-07
2.66737123651e-07
2.96985651937e-07
3.2651004868e-07
7.37484308486e-08
8.74374608995e-08
1.09591979006e-07
1.39614240697e-07
1.71773544109e-07
2.03818346763e-07
2.35768079363e-07
2.66737123651e-07
2.96985651937e-07
3.2651004868e-07
1.03327268736e-07
1.11401280599e-07
1.19374608646e-07
1.27505838719e-07
1.35533490858e-07
1.54080518371e-07
1.67995713684e-07
1.81913400751e-07
1.95665386235e-07
2.23499066915e-07
1.03327268736e-07
1.11401280599e-07
1.19374608646e-07
1.27505838719e-07
1.35533490858e-07
1.54080518371e-07
1.67995713684e-07
1.81913400751e-07
1.95665386235e-07
2.23499066915e-07
9.06394514421e-09
1.02822352929e-08
1.14853332294e-08
1.27122570517e-08
1.47984714478e-08
1.67690739699e-08
1.87663207548e-08
2.11964390657e-08
2.32810344766e-08
2.53845155136e-08
9.06394514421e-09
1.02822352929e-08
1.14853332294e-08
1.27122570517e-08
1.47984714478e-08
1.67690739699e-08
1.87663207548e-08
2.11964390657e-08
2.32810344766e-08
2.53845155136e-08
3.03906504475e-08
3.34238047354e-08
3.64191352556e-08
3.94737846397e-08
4.42418287837e-08
4.91852267216e-08
5.41954637061e-08
6.09565217203e-08
6.69870276928e-08
7.30721677111e-08
3.03906504475e-08
3.34238047354e-08
3.64191352556e-08
3.94737846397e-08
4.42418287837e-08
4.91852267216e-08
5.41954637061e-08
6.09565217203e-08
6.69870276928e-08
7.30721677111e-08
4.92800180018e-08
5.39206233845e-08
5.85033599074e-08
6.31768519319e-08
7.03202309955e-08
7.78966763017e-08
8.55755617487e-08
9.61725949288e-08
1.05698050256e-07
1.15309802515e-07
4.92800180018e-08
5.39206233845e-08
5.85033599074e-08
6.31768519319e-08
7.03202309955e-08
7.78966763017e-08
8.55755617487e-08
9.61725949288e-08
1.05698050256e-07
1.15309802515e-07
7.77505693354e-08
1.0351465907e-07
1.45152003218e-07
1.93781266982e-07
2.40462050229e-07
2.85997407789e-07
3.31656489583e-07
3.75967127114e-07
4.18757476489e-07
4.60747803891e-07
7.77505693354e-08
1.0351465907e-07
1.45152003218e-07
1.93781266982e-07
2.40462050229e-07
2.85997407789e-07
3.31656489583e-07
3.75967127114e-07
4.18757476489e-07
4.60747803891e-07
1.05338786228e-07
1.14749891633e-07
1.24043639519e-07
1.33521438735e-07
1.42878507032e-07
1.63104849249e-07
1.78703594649e-07
1.94305133271e-07
2.09720922664e-07
2.40660202576e-07
1.05338786228e-07
1.14749891633e-07
1.24043639519e-07
1.33521438735e-07
1.42878507032e-07
1.63104849249e-07
1.78703594649e-07
1.94305133271e-07
2.09720922664e-07
2.40660202576e-07
