2.41233012967
3.71189586383
4.99525587027
6.30403125476
6.12467416844
6.2300807873
6.33691259548
6.2265269989
6.20016708692
6.17356836435
2.41233012967
3.71189586383
4.99525587027
6.30403125476
6.12467416844
6.2300807873
6.33691259548
6.2265269989
6.20016708692
6.17356836435
1.38331202692
2.51948833689
3.64149640325
4.78572446948
4.73252447722
4.88522390224
5.03998795651
4.91495041557
4.87171916795
4.82809626198
1.38331202692
2.51948833689
3.64149640325
4.78572446948
4.73252447722
4.88522390224
5.03998795651
4.91495041557
4.87171916795
4.82809626198
0.471895993044
1.46335595589
2.44245230389
3.44093845967
3.49947760786
3.69406494691
3.89128327629
3.75326829892
3.69509386829
3.63639239988
0.471895993044
1.46335595589
2.44245230389
3.44093845967
3.49947760786
3.69406494691
3.89128327629
3.75326829892
3.69509386829
3.63639239988
-0.645323661379
0.168742069496
0.97265631113
1.7924910928
1.98800080026
2.23393461456
2.48319366827
2.32927086559
2.25277898484
2.17559411731
-0.645323661379
0.168742069496
0.97265631113
1.7924910928
1.98800080026
2.23393461456
2.48319366827
2.32927086559
2.25277898484
2.17559411731
-0.495437529365
1.57614135664
3.62188742597
5.7081469985
7.76783119967
5.48869826699
5.55474427644
5.62080211256
5.68607347547
5.26748662674
-0.495437529365
1.57614135664
3.62188742597
5.7081469985
7.76783119967
5.48869826699
5.55474427644
5.62080211256
5.68607347547
5.26748662674
-0.319096666504
-0.456146122181
-0.591486556065
-0.729507242
-0.815231298652
-0.904590048017
-0.995157005517
-1.04658021244
-1.10258826901
-1.15910373685
-0.319096666504
-0.456146122181
-0.591486556065
-0.729507242
-0.815231298652
-0.904590048017
-0.995157005517
-1.04658021244
-1.10258826901
-1.15910373685
-1.27887004152
-1.3801798398
-1.48022629374
-1.58225404556
-1.66882817747
-1.7521682834
-1.83663522017
-1.89745388793
-1.95846498969
-2.02002882838
-1.27887004152
-1.3801798398
-1.48022629374
-1.58225404556
-1.66882817747
-1.7521682834
-1.83663522017
-1.89745388793
-1.95846498969
-2.02002882838
-1.88136468433
-1.96223519626
-2.04209724399
-2.12193471655
-2.20094556881
-2.27638377461
-2.35284197067
-2.41639694728
-2.47816679006
-2.54049624367
-1.88136468433
-1.96223519626
-2.04209724399
-2.12193471655
-2.20094556881
-2.27638377461
-2.35284197067
-2.41639694728
-2.47816679006
-2.54049624367
-2.41058936099
-2.37187882246
-2.33365100861
-2.29466613958
-2.40118837241
-2.48256378894
-2.565039472
-2.63057367026
-2.68836368044
-2.74667724571
-2.41058936099
-2.37187882246
-2.33365100861
-2.29466613958
-2.40118837241
-2.48256378894
-2.565039472
-2.63057367026
-2.68836368044
-2.74667724571
-3.49655672159
-3.36658618607
-3.23823639743
-3.10734479794
-2.97812053308
-3.30189630827
-3.38017075268
-3.45845921346
-3.53581558532
-3.57099425993
-3.49655672159
-3.36658618607
-3.23823639743
-3.10734479794
-2.97812053308
-3.30189630827
-3.38017075268
-3.45845921346
-3.53581558532
-3.57099425993
-0.931272444375
-1.21297092048
-1.4911565856
-1.77485137816
-1.86267153588
-1.97677067112
-2.09241252607
-2.14432457188
-2.20821250566
-2.27267923935
-0.931272444375
-1.21297092048
-1.4911565856
-1.77485137816
-1.86267153588
-1.97677067112
-2.09241252607
-2.14432457188
-2.20821250566
-2.27267923935
-1.57297638324
-1.81099828568
-2.0460520288
-2.28576072432
-2.3760218866
-2.48543861733
-2.59633475759
-2.65005880245
-2.71303414547
-2.77658002068
-1.57297638324
-1.81099828568
-2.0460520288
-2.28576072432
-2.3760218866
-2.48543861733
-2.59633475759
-2.65005880245
-2.71303414547
-2.77658002068
-2.14134272909
-2.34067966628
-2.53753084992
-2.69994148286
-2.8307036258
-2.93597308398
-3.04266587694
-3.09799483524
-3.16016188358
-3.22289214128
-2.14134272909
-2.34067966628
-2.53753084992
-2.69994148286
-2.8307036258
-2.93597308398
-3.04266587694
-3.09799483524
-3.16016188358
-3.22289214128
-2.83804986272
-2.98996651992
-3.13998875969
-3.29298200675
-3.38805543515
-3.48824113987
-3.58978144259
-3.64707771414
-3.70825394966
-3.76998441815
-2.83804986272
-2.98996651992
-3.13998875969
-3.29298200675
-3.38805543515
-3.48824113987
-3.58978144259
-3.64707771414
-3.70825394966
-3.76998441815
-3.8281073684
-3.91263731194
-3.99611315778
-4.08124214083
-4.16528672654
-4.27304311403
-4.36726145695
-4.46149667126
-4.55460993737
-4.54743133792
-3.8281073684
-3.91263731194
-3.99611315778
-4.08124214083
-4.16528672654
-4.27304311403
-4.36726145695
-4.46149667126
-4.55460993737
-4.54743133792
-1.51617498927
-1.93607818243
-2.35074513657
-2.77362406345
-2.86344693819
-3.0011842427
-3.14078387556
-3.19316298185
-3.26457973399
-3.33664349421
-1.51617498927
-1.93607818243
-2.35074513657
-2.77362406345
-2.86344693819
-3.0011842427
-3.14078387556
-3.19316298185
-3.26457973399
-3.33664349421
-2.09848461179
-2.48949529433
-2.87563003063
-3.26941169394
-3.35732027345
-3.48846837882
-3.62138972083
-3.67277477629
-3.74183402534
-3.8115189244
-2.09848461179
-2.48949529433
-2.87563003063
-3.26941169394
-3.35732027345
-3.48846837882
-3.62138972083
-3.67277477629
-3.74183402534
-3.8115189244
-2.61424456316
-2.9796647363
-3.34052807966
-3.6125576669
-3.79475094183
-3.92006289939
-4.04706918378
-4.09757379423
-4.1645449691
-4.23212287685
-2.61424456316
-2.9796647363
-3.34052807966
-3.6125576669
-3.79475094183
-3.92006289939
-4.04706918378
-4.09757379423
-4.1645449691
-4.23212287685
-3.24646643904
-3.58051760064
-3.9104031075
-4.24682159406
-4.33095627726
-4.44911424718
-4.56886981579
-4.61829517105
-4.68270677113
-4.74770191533
-3.24646643904
-3.58051760064
-3.9104031075
-4.24682159406
-4.33095627726
-4.44911424718
-4.56886981579
-4.61829517105
-4.68270677113
-4.74770191533
-4.14488699949
-4.43436114471
-4.72022551548
-5.0117510811
-5.29956311065
-5.2009240572
-5.31037597706
-5.41984749615
-5.52801566622
-5.48036686476
-4.14488699949
-4.43436114471
-4.72022551548
-5.0117510811
-5.29956311065
-5.2009240572
-5.31037597706
-5.41984749615
-5.52801566622
-5.48036686476
-2.08225651513
-2.63591726806
-3.18267381047
-3.74025819866
-3.8320193469
-3.99263419066
-4.15542068703
-4.20825182471
-4.28695513257
-4.36637146189
-2.08225651513
-2.63591726806
-3.18267381047
-3.74025819866
-3.8320193469
-3.99263419066
-4.15542068703
-4.20825182471
-4.28695513257
-4.36637146189
-2.60708301414
-3.14615959729
-3.67851383613
-4.2214107007
-4.30704239895
-4.45922260585
-4.61346042172
-4.66258175189
-4.73752913877
-4.81315551991
-2.60708301414
-3.14615959729
-3.67851383613
-4.2214107007
-4.30704239895
-4.45922260585
-4.61346042172
-4.66258175189
-4.73752913877
-4.81315551991
-3.07192934184
-3.59808851746
-4.11768643027
-4.64757434535
-4.72777710219
-4.87248663073
-5.01915275815
-5.06498825882
-5.13660897283
-5.20887854274
-3.07192934184
-3.59808851746
-4.11768643027
-4.64757434535
-4.72777710219
-4.87248663073
-5.01915275815
-5.06498825882
-5.13660897283
-5.20887854274
-3.64174096934
-4.15206590349
-4.65602702955
-5.16996849042
-5.24351641584
-5.37906833864
-5.51645304153
-5.55826075119
-5.62580360813
-5.69395837717
-3.64174096934
-4.15206590349
-4.65602702955
-5.16996849042
-5.24351641584
-5.37906833864
-5.51645304153
-5.55826075119
-5.62580360813
-5.69395837717
-4.4514732821
-4.93929692573
-5.42103735485
-5.91231806499
-6.39734070088
-6.09894760779
-6.2231429179
-6.34736046731
-6.47009910399
-6.38328235241
-4.4514732821
-4.93929692573
-5.42103735485
-5.91231806499
-6.39734070088
-6.09894760779
-6.2231429179
-6.34736046731
-6.47009910399
-6.38328235241
-2.67506569203
-3.36879939433
-4.05388216103
-4.75253215549
-4.8463230932
-5.03089564375
-5.21796377596
-5.27126828778
-5.35760218753
-5.44471823894
-2.67506569203
-3.36879939433
-4.05388216103
-4.75253215549
-4.8463230932
-5.03089564375
-5.21796377596
-5.27126828778
-5.35760218753
-5.44471823894
-3.13969499051
-3.83382843501
-4.51930595908
-5.21835852859
-5.30160584218
-5.47581118544
-5.6523719367
-5.69912265935
-5.78023619365
-5.86208458513
-3.13969499051
-3.83382843501
-4.51930595908
-5.21835852859
-5.30160584218
-5.47581118544
-5.6523719367
-5.69912265935
-5.78023619365
-5.86208458513
-3.55122379773
-4.24571129961
-4.93153846591
-5.6309476019
-5.704856277
-5.86987923666
-6.0371334505
-6.07807938845
-6.1545691705
-6.23175192032
-3.55122379773
-4.24571129961
-4.93153846591
-5.6309476019
-5.704856277
-5.86987923666
-6.0371334505
-6.07807938845
-6.1545691705
-6.23175192032
-4.05567846466
-4.75059997234
-5.43685573236
-6.13670194983
-6.19916326161
-6.35293039622
-6.50877659644
-6.54260699186
-6.61342894857
-6.68489252475
-4.05567846466
-4.75059997234
-5.43685573236
-6.13670194983
-6.19916326161
-6.35293039622
-6.50877659644
-6.54260699186
-6.61342894857
-6.68489252475
-4.7725350966
-5.46807334938
-6.15493816362
-6.8554054969
-7.54695007686
-7.03937151769
-7.17900633014
-7.31866614659
-7.45666319735
-7.32882917315
-4.7725350966
-5.46807334938
-6.15493816362
-6.8554054969
-7.54695007686
-7.03937151769
-7.17900633014
-7.31866614659
-7.45666319735
-7.32882917315
-3.26729667592
-4.10096670826
-4.92424078355
-5.76381879675
-5.85963754419
-6.06814443451
-6.27947051962
-6.33324794388
-6.42720499306
-6.52201325668
-3.26729667592
-4.10096670826
-4.92424078355
-5.76381879675
-5.85963754419
-6.06814443451
-6.27947051962
-6.33324794388
-6.42720499306
-6.52201325668
-3.67178748686
-4.5208265589
-5.35927802028
-6.21433398916
-6.2951992437
-6.49140824123
-6.69027015533
-6.7346525826
-6.82192625022
-6.90999058342
-3.67178748686
-4.5208265589
-5.35927802028
-6.21433398916
-6.2951992437
-6.49140824123
-6.69027015533
-6.7346525826
-6.82192625022
-6.90999058342
-4.03005077655
-4.89270242661
-5.74459671566
-6.61336173101
-6.68098246326
-6.86629904146
-7.05412126124
-7.09018240547
-7.17153650656
-7.25362764425
-4.03005077655
-4.89270242661
-5.74459671566
-6.61336173101
-6.68098246326
-6.86629904146
-7.05412126124
-7.09018240547
-7.17153650656
-7.25362764425
-4.46921222843
-5.34855026444
-6.21692285839
-7.10249251134
-7.15387802273
-7.32584260304
-7.50013229429
-7.52599315609
-7.60009101432
-7.67486017042
-4.46921222843
-5.34855026444
-6.21692285839
-7.10249251134
-7.15387802273
-7.32584260304
-7.50013229429
-7.52599315609
-7.60009101432
-7.67486017042
-5.0932837653
-5.996334034
-6.88812316648
-7.79757309392
-8.69543818796
-7.97887819055
-8.13393744652
-8.28902446848
-8.44226505111
-8.27345376025
-5.0932837653
-5.996334034
-6.88812316648
-7.79757309392
-8.69543818796
-7.97887819055
-8.13393744652
-8.28902446848
-8.44226505111
-8.27345376025
-3.85891387738
-4.8323752111
-5.79369737486
-6.77405735037
-6.87190180593
-7.10431823071
-7.33987712802
-7.39412697459
-7.49569927265
-7.59819177635
-3.85891387738
-4.8323752111
-5.79369737486
-6.77405735037
-6.87190180593
-7.10431823071
-7.33987712802
-7.39412697459
-7.49569927265
-7.59819177635
-4.20332852772
-5.20711268461
-6.1983795426
-7.20927723045
-7.28776289468
-7.5059527421
-7.72709270634
-7.76910929272
-7.86253670934
-7.95681054214
-4.20332852772
-5.20711268461
-6.1983795426
-7.20927723045
-7.28776289468
-7.5059527421
-7.72709270634
-7.76910929272
-7.86253670934
-7.95681054214
-4.50838150374
-5.53902301829
-6.55681231975
-7.59475769567
-7.65609700185
-7.86168616647
-8.0700550757
-8.10123648878
-8.18744986756
-8.27444430612
-4.50838150374
-5.53902301829
-6.55681231975
-7.59475769567
-7.65609700185
-7.86168616647
-8.0700550757
-8.10123648878
-8.18744986756
-8.27444430612
-4.88231740983
-5.94588084668
-6.99618153044
-8.0672821369
-8.10760332677
-8.29774649313
-8.49046056074
-8.50836014847
-8.58573051311
-8.66380182326
-4.88231740983
-5.94588084668
-6.99618153044
-8.0672821369
-8.10760332677
-8.29774649313
-8.49046056074
-8.50836014847
-8.58573051311
-8.66380182326
-5.41370001321
-6.52404723438
-7.62054830353
-8.7387642376
-9.84273601716
-8.91741116784
-9.08787888157
-9.25837712045
-9.42684543669
-9.21709934762
-5.41370001321
-6.52404723438
-7.62054830353
-8.7387642376
-9.84273601716
-8.91741116784
-9.08787888157
-9.25837712045
-9.42684543669
-9.21709934762
1.7945774807
2.87295352394
3.93788209925
5.0239002848
5.05580487304
5.24187113833
5.43045318162
5.34876878275
5.34805908867
5.34734296504
1.7945774807
2.87295352394
3.93788209925
5.0239002848
5.05580487304
5.24187113833
5.43045318162
5.34876878275
5.34805908867
5.34734296504
0.831982518369
1.76571182938
2.68779743313
3.62814381647
3.7114883592
3.91233776172
4.11590282313
4.03162320439
4.01776778876
4.00378684845
0.831982518369
1.76571182938
2.68779743313
3.62814381647
3.7114883592
3.91233776172
4.11590282313
4.03162320439
4.01776778876
4.00378684845
-0.0206015911236
0.785012042768
1.580579586
2.39190237309
2.52080801838
2.73475105673
2.95158679133
2.86500854926
2.83950978027
2.81378000232
-0.0206015911236
0.785012042768
1.580579586
2.39190237309
2.52080801838
2.73475105673
2.95158679133
2.86500854926
2.83950978027
2.81378000232
-1.06570469308
-0.417136082754
0.223344805638
0.876509636041
1.06126437479
1.29125767642
1.52436068783
1.43496477846
1.39519351179
1.35506193287
-1.06570469308
-0.417136082754
0.223344805638
0.876509636041
1.06126437479
1.29125767642
1.52436068783
1.43496477846
1.39519351179
1.35506193287
-1.25934321436
0.399222886235
2.03710648505
3.7074263688
5.35646923995
4.15043012851
4.43052544287
4.71067091306
4.98748101959
4.35096750228
-1.25934321436
0.399222886235
2.03710648505
3.7074263688
5.35646923995
4.15043012851
4.43052544287
4.71067091306
4.98748101959
4.35096750228
-0.332415124138
-0.441158565963
-0.548545965103
-0.65806004057
-0.768409637881
-0.869682304171
-0.972324265133
-1.04056499862
-1.10930161588
-1.17866096024
-0.332415124138
-0.441158565963
-0.548545965103
-0.65806004057
-0.768409637881
-0.869682304171
-0.972324265133
-1.04056499862
-1.10930161588
-1.17866096024
-1.23447585187
-1.31910293394
-1.40267470698
-1.48724339469
-1.57170866802
-1.65259005018
-1.73456501908
-1.80209036269
-1.86744485491
-1.93339143349
-1.23447585187
-1.31910293394
-1.40267470698
-1.48724339469
-1.57170866802
-1.65259005018
-1.73456501908
-1.80209036269
-1.86744485491
-1.93339143349
-1.84878987257
-1.91713574008
-1.9846293271
-2.0557020297
-2.12927922215
-2.20277694078
-2.27726841259
-2.34570842864
-2.41080014553
-2.46982880539
-1.84878987257
-1.91713574008
-1.9846293271
-2.0557020297
-2.12927922215
-2.20277694078
-2.27726841259
-2.34570842864
-2.41080014553
-2.46982880539
-2.44599432907
-2.41558997986
-2.38556477624
-2.35494496012
-2.43334585516
-2.50037004655
-2.5683004634
-2.64014576296
-2.70074669253
-2.76189664303
-2.44599432907
-2.41558997986
-2.38556477624
-2.35494496012
-2.43334585516
-2.50037004655
-2.5683004634
-2.64014576296
-2.70074669253
-2.76189664303
-3.54342968547
-3.4407755217
-3.33940146664
-3.23601982219
-3.13395508271
-3.3470732974
-3.3969804125
-3.44689646432
-3.49621822423
-3.58396132448
-3.54342968547
-3.4407755217
-3.33940146664
-3.23601982219
-3.13395508271
-3.3470732974
-3.3969804125
-3.44689646432
-3.49621822423
-3.58396132448
-0.798908443662
-1.03243185459
-1.26304320289
-1.49822152739
-1.60482640469
-1.72445636948
-1.84570383561
-1.91051816582
-1.98334379324
-2.05682919261
-0.798908443662
-1.03243185459
-1.26304320289
-1.49822152739
-1.60482640469
-1.72445636948
-1.84570383561
-1.91051816582
-1.98334379324
-2.05682919261
-1.46276922023
-1.65989990485
-1.85457234814
-2.01981296466
-2.15537338754
-2.26737916626
-2.38089936068
-2.44657376457
-2.51761765166
-2.58930516883
-1.46276922023
-1.65989990485
-1.85457234814
-2.01981296466
-2.15537338754
-2.26737916626
-2.38089936068
-2.44657376457
-2.51761765166
-2.58930516883
-2.05076019376
-2.21565732079
-2.37849816249
-2.52059116233
-2.64300071521
-2.74825364341
-2.8549296829
-2.92136586631
-2.99083164055
-3.05053339027
-2.05076019376
-2.21565732079
-2.37849816249
-2.52059116233
-2.64300071521
-2.74825364341
-2.8549296829
-2.92136586631
-2.99083164055
-3.05053339027
-2.77152332261
-2.89690834678
-3.0207298059
-3.14700339784
-3.24073743945
-3.33771267992
-3.43599911012
-3.50336908781
-3.57090040113
-3.63904352196
-2.77152332261
-2.89690834678
-3.0207298059
-3.14700339784
-3.24073743945
-3.33771267992
-3.43599911012
-3.50336908781
-3.57090040113
-3.63904352196
-3.7957656636
-3.86500191003
-3.93337477285
-4.00310167673
-4.07194037936
-4.17536499496
-4.26172934881
-4.34810916767
-4.43346056331
-4.46057788528
-3.7957656636
-3.86500191003
-3.93337477285
-4.00310167673
-4.07194037936
-4.17536499496
-4.26172934881
-4.34810916767
-4.43346056331
-4.46057788528
-1.24461887461
-1.59736314353
-1.94570865261
-2.30095271919
-2.40397970867
-2.54114913026
-2.68017320192
-2.74171377961
-2.81844624643
-2.89587387965
-1.24461887461
-1.59736314353
-1.94570865261
-2.30095271919
-2.40397970867
-2.54114913026
-2.68017320192
-2.74171377961
-2.81844624643
-2.89587387965
-1.86315324425
-2.18947571296
-2.51172890457
-2.76438003456
-2.94519378247
-3.07846693321
-3.21354205305
-3.27560542964
-3.35146978627
-3.42802144455
-1.86315324425
-2.18947571296
-2.51172890457
-2.76438003456
-2.94519378247
-3.07846693321
-3.21354205305
-3.27560542964
-3.35146978627
-3.42802144455
-2.41099797166
-2.71391827445
-3.01306112774
-3.25127129248
-3.42455481927
-3.55437698726
-3.68595446405
-3.74848089109
-3.82357635012
-3.88844359023
-2.41099797166
-2.71391827445
-3.01306112774
-3.25127129248
-3.42455481927
-3.55437698726
-3.68595446405
-3.74848089109
-3.82357635012
-3.88844359023
-3.08254957299
-3.35678334983
-3.6275974013
-3.90377459441
-4.01215867082
-4.13775060189
-4.26504064528
-4.32813468255
-4.40228762194
-4.47711235821
-3.08254957299
-3.35678334983
-3.6275974013
-3.90377459441
-4.01215867082
-4.13775060189
-4.26504064528
-4.32813468255
-4.40228762194
-4.47711235821
-4.0368597433
-4.27032845695
-4.50088579004
-4.73600902963
-4.96813720211
-4.96675521216
-5.08795258702
-5.20917166433
-5.32894752821
-5.29814002977
-4.0368597433
-4.27032845695
-4.50088579004
-4.73600902963
-4.96813720211
-4.96675521216
-5.08795258702
-5.20917166433
-5.32894752821
-5.29814002977
-1.67598721628
-2.14411604935
-2.60640726436
-3.07785359245
-3.17741782354
-3.33156231654
-3.48779097736
-3.54616314547
-3.62667673725
-3.70791975095
-1.67598721628
-2.14411604935
-2.60640726436
-3.07785359245
-3.17741782354
-3.33156231654
-3.48779097736
-3.54616314547
-3.62667673725
-3.70791975095
-2.25065369407
-2.70201080812
-3.1477394493
-3.60229520201
-3.70959930303
-3.86345548339
-4.01939193334
-4.07796047842
-4.1584901913
-4.23974947215
-2.25065369407
-2.70201080812
-3.1477394493
-3.60229520201
-3.70959930303
-3.86345548339
-4.01939193334
-4.07796047842
-4.1584901913
-4.23974947215
-2.75964400296
-3.19614616589
-3.62720509881
-3.95843956622
-4.18096004201
-4.33456085974
-4.49023849434
-4.54898097331
-4.62952496489
-4.7107986538
-2.75964400296
-3.19614616589
-3.62720509881
-3.95843956622
-4.18096004201
-4.33456085974
-4.49023849434
-4.54898097331
-4.62952496489
-4.7107986538
-3.38356760741
-3.80186047541
-4.21493718532
-4.63619437513
-4.75875707689
-4.91204486947
-5.06740524654
-5.12636093479
-5.20692242928
-5.28821377968
-3.38356760741
-3.80186047541
-4.21493718532
-4.63619437513
-4.75875707689
-4.91204486947
-5.06740524654
-5.12636093479
-5.20692242928
-5.28821377968
-4.27019588741
-4.66261238894
-5.05013541351
-5.44533285845
-5.83549616526
-5.73268004119
-5.88758957861
-6.04252685523
-6.19561947535
-6.10875106383
-4.27019588741
-4.66261238894
-5.05013541351
-5.44533285845
-5.83549616526
-5.73268004119
-5.88758957861
-6.04252685523
-6.19561947535
-6.10875106383
-2.12772269942
-2.71668400161
-3.29830089156
-3.8914359939
-3.98737397176
-4.15929501752
-4.33354058559
-4.38859474704
-4.47306799033
-4.55830652845
-2.12772269942
-2.71668400161
-3.29830089156
-3.8914359939
-3.98737397176
-4.15929501752
-4.33354058559
-4.38859474704
-4.47306799033
-4.55830652845
-2.65645005415
-3.23874534903
-3.81377935751
-4.40020121245
-4.51009638123
-4.68550742301
-4.86329017489
-4.9181988793
-5.00361422416
-5.08980339891
-2.65645005415
-3.23874534903
-3.81377935751
-4.40020121245
-4.51009638123
-4.68550742301
-4.86329017489
-4.9181988793
-5.00361422416
-5.08980339891
-3.12475142549
-3.70114254247
-4.27034599879
-4.69899692969
-4.97307908675
-5.15158126787
-5.33249695398
-5.38727682502
-5.47352660269
-5.5605577699
-3.12475142549
-3.70114254247
-4.27034599879
-4.69899692969
-4.97307908675
-5.15158126787
-5.33249695398
-5.38727682502
-5.47352660269
-5.5605577699
-3.69879826778
-4.26795200538
-4.83000833325
-5.40319550047
-5.54060627417
-5.72289759383
-5.90765365093
-5.96227559719
-6.04954822799
-6.13761151497
-3.69879826778
-4.26795200538
-4.83000833325
-5.40319550047
-5.54060627417
-5.72289759383
-5.90765365093
-5.96227559719
-6.04954822799
-6.13761151497
-4.51454904366
-5.07341808427
-5.62531796644
-6.18814755195
-6.74380765317
-6.5347681623
-6.72498158871
-6.91522907608
-7.10321150966
-6.95763525798
-4.51454904366
-5.07341808427
-5.62531796644
-6.18814755195
-6.74380765317
-6.5347681623
-6.72498158871
-6.91522907608
-7.10321150966
-6.95763525798
-2.57901758495
-3.28869350302
-3.9895196843
-4.70422487243
-4.79654013393
-4.98622039419
-5.17846529681
-5.23020468779
-5.31863372058
-5.40786388611
-2.57901758495
-3.28869350302
-3.9895196843
-4.70422487243
-4.79654013393
-4.98622039419
-5.17846529681
-5.23020468779
-5.31863372058
-5.40786388611
-3.0618506231
-3.77495638901
-4.47916964754
-5.19732898987
-5.30981269921
-5.50675757901
-5.70636532515
-5.7576177585
-5.84791397016
-5.93902823048
-3.0618506231
-3.77495638901
-4.47916964754
-5.19732898987
-5.30981269921
-5.50675757901
-5.70636532515
-5.7576177585
-5.84791397016
-5.93902823048
-3.4895027426
-4.20564637374
-4.91285961499
-5.63407835103
-5.76442554275
-5.96780479985
-6.17393392168
-6.22475504971
-6.31670504836
-6.40948807834
-3.4895027426
-4.20564637374
-4.91285961499
-5.63407835103
-5.76442554275
-5.96780479985
-6.17393392168
-6.22475504971
-6.31670504836
-6.40948807834
-4.01372146974
-4.73358893567
-5.44447957509
-6.16944853567
-6.32169289934
-6.53295945766
-6.74708252389
-6.79737495505
-6.89135217647
-6.98618079508
-4.01372146974
-4.73358893567
-5.44447957509
-6.16944853567
-6.32169289934
-6.53295945766
-6.74708252389
-6.79737495505
-6.89135217647
-6.98618079508
-4.75866387146
-5.48382310262
-6.19993951838
-6.93023774543
-7.6512332247
-7.33607397138
-7.56155685333
-7.78708011184
-8.00991832931
-7.80569149781
-4.75866387146
-5.48382310262
-6.19993951838
-6.93023774543
-7.6512332247
-7.33607397138
-7.56155685333
-7.78708011184
-8.00991832931
-7.80569149781
-3.02984475285
-3.86011017934
-4.6800221046
-5.51617138449
-5.60486768415
-5.81228875344
-6.02251433628
-6.0709423922
-6.16332311473
-6.2565407708
-3.02984475285
-3.86011017934
-4.6800221046
-5.51617138449
-5.60486768415
-5.81228875344
-6.02251433628
-6.0709423922
-6.16332311473
-6.2565407708
-3.46683103884
-4.31061170507
-5.14387033355
-5.99363063181
-6.10870019898
-6.32715659934
-6.54856672053
-6.59616667215
-6.69133869212
-6.78737293369
-3.46683103884
-4.31061170507
-5.14387033355
-5.99363063181
-6.10870019898
-6.32715659934
-6.54856672053
-6.59616667215
-6.69133869212
-6.78737293369
-3.853876035
-4.70962734215
-5.55470733633
-6.41652310801
-6.55495185497
-6.7831824057
-7.0144988323
-7.06136532011
-7.15900963209
-7.25753856367
-3.853876035
-4.70962734215
-5.55470733633
-6.41652310801
-6.55495185497
-6.7831824057
-7.0144988323
-7.06136532011
-7.15900963209
-7.25753856367
-4.32831828836
-5.19874328437
-6.0583139849
-6.93490743368
-7.10197001393
-7.34218178125
-7.58564142092
-7.63160882405
-7.73228368753
-7.83387062624
-4.32831828836
-5.19874328437
-6.0583139849
-6.93490743368
-7.10197001393
-7.34218178125
-7.58564142092
-7.63160882405
-7.73228368753
-7.83387062624
-5.00252570103
-5.89380278121
-6.77396553814
-7.67155884384
-8.5577183492
-8.13654931492
-8.39726509949
-8.65802756966
-8.91568544683
-8.65286882042
-5.00252570103
-5.89380278121
-6.77396553814
-7.67155884384
-8.5577183492
-8.13654931492
-8.39726509949
-8.65802756966
-8.91568544683
-8.65286882042
-0.329448358996
-0.336948319064
-0.358498579329
-0.393434762984
-0.438596009381
-0.491597173087
-0.551319410336
-0.615001099543
-0.680153008009
-0.747050506204
-0.329448358996
-0.336948319064
-0.358498579329
-0.393434762984
-0.438596009381
-0.491597173087
-0.551319410336
-0.615001099543
-0.680153008009
-0.747050506204
0.280653009823
1.01193532187
1.73409846301
2.47056316345
2.69045224118
2.9394516212
3.19181768975
3.1482959932
3.16381640957
3.17947743491
0.280653009823
1.01193532187
1.73409846301
2.47056316345
2.69045224118
2.9394516212
3.19181768975
3.1482959932
3.16381640957
3.17947743491
-0.513099175291
0.10666812965
0.7187068681
1.34286628651
1.5421384289
1.77543716655
2.01189030637
1.97674879961
1.98392569225
1.99116760475
-0.513099175291
0.10666812965
0.7187068681
1.34286628651
1.5421384289
1.77543716655
2.01189030637
1.97674879961
1.98392569225
1.99116760475
-2.54117298555
-2.54886567739
-2.57101296884
-2.6068943307
-2.65320457224
-2.70742908499
-2.76837740298
-2.83331986639
-2.89965135788
-2.96777953512
-2.54117298555
-2.54886567739
-2.57101296884
-2.6068943307
-2.65320457224
-2.70742908499
-2.76837740298
-2.83331986639
-2.89965135788
-2.96777953512
-2.02324889935
-0.777695584165
0.452325544124
1.70670573909
2.94510728023
2.81216199004
3.30630660929
3.80053971357
4.28888856372
3.43444837782
-2.02324889935
-0.777695584165
0.452325544124
1.70670573909
2.94510728023
2.81216199004
3.30630660929
3.80053971357
4.28888856372
3.43444837782
-0.489719448797
-0.564788642479
-0.645402470247
-0.729493310069
-0.816336574981
-0.902510521795
-0.986650098099
-1.0651056265
-1.13625351594
-1.19771212057
-0.489719448797
-0.564788642479
-0.645402470247
-0.729493310069
-0.816336574981
-0.902510521795
-0.986650098099
-1.0651056265
-1.13625351594
-1.19771212057
-1.19008166222
-1.25802602808
-1.32512312022
-1.39766241836
-1.47458915858
-1.55301181695
-1.63249481798
-1.70672683745
-1.77642472013
-1.84675403861
-1.19008166222
-1.25802602808
-1.32512312022
-1.39766241836
-1.47458915858
-1.55301181695
-1.63249481798
-1.70672683745
-1.77642472013
-1.84675403861
-1.81621506081
-1.8720362839
-1.9271614102
-1.98946934285
-2.05761287548
-2.12917010694
-2.20169485452
-2.27501991001
-2.34343350099
-2.40611504233
-1.81621506081
-1.8720362839
-1.9271614102
-1.98946934285
-2.05761287548
-2.12917010694
-2.20169485452
-2.27501991001
-2.34343350099
-2.40611504233
-2.59719314763
-2.62469401684
-2.66514383017
-2.714910089
-2.7722871091
-2.83542865597
-2.90305888104
-2.97163722476
-3.03847652269
-3.1018621791
-2.59719314763
-2.62469401684
-2.66514383017
-2.714910089
-2.7722871091
-2.83542865597
-2.90305888104
-2.97163722476
-3.03847652269
-3.1018621791
-3.59030264936
-3.51496485732
-3.44056653584
-3.36469484644
-3.28978963233
-3.39225028654
-3.41379007232
-3.43533371518
-3.45662086313
-3.59692838902
-3.59030264936
-3.51496485732
-3.44056653584
-3.36469484644
-3.28978963233
-3.39225028654
-3.41379007232
-3.43533371518
-3.45662086313
-3.59692838902
-0.681156115703
-0.851892788703
-1.03492982019
-1.20155183817
-1.3469812735
-1.47214206784
-1.58180888674
-1.67671175976
-1.75847508082
-1.82944260591
-0.681156115703
-0.851892788703
-1.03492982019
-1.20155183817
-1.3469812735
-1.47214206784
-1.58180888674
-1.67671175976
-1.75847508082
-1.82944260591
-1.35256205722
-1.50880152402
-1.66309266747
-1.8059323704
-1.93472488849
-2.04931971519
-2.16546396378
-2.24308872668
-2.32220115786
-2.40203031699
-1.35256205722
-1.50880152402
-1.66309266747
-1.8059323704
-1.93472488849
-2.04931971519
-2.16546396378
-2.24308872668
-2.32220115786
-2.40203031699
-1.96017765844
-2.0906349753
-2.21946547506
-2.34124084181
-2.45529780462
-2.56053420285
-2.66719348885
-2.74473689739
-2.82150139753
-2.88814700556
-1.96017765844
-2.0906349753
-2.21946547506
-2.34124084181
-2.45529780462
-2.56053420285
-2.66719348885
-2.74473689739
-2.82150139753
-2.88814700556
-2.72106850728
-2.80385017364
-2.90147085211
-2.99742541966
-3.09341944375
-3.18718421997
-3.27697775711
-3.35966046148
-3.4335468526
-3.49770408415
-2.72106850728
-2.80385017364
-2.90147085211
-2.99742541966
-3.09341944375
-3.18718421997
-3.27697775711
-3.35966046148
-3.4335468526
-3.49770408415
-3.76342395881
-3.81736650813
-3.87063638791
-3.92496121263
-3.97859403219
-4.07768687588
-4.15619724067
-4.23472166408
-4.31231118925
-4.37372443265
-3.76342395881
-3.81736650813
-3.87063638791
-3.92496121263
-3.97859403219
-4.07768687588
-4.15619724067
-4.23472166408
-4.31231118925
-4.37372443265
-1.00238356296
-1.25864810463
-1.54067216865
-1.77155878164
-1.94451247915
-2.08111401782
-2.19403445426
-2.29026457737
-2.37231275887
-2.44347359589
-1.00238356296
-1.25864810463
-1.54067216865
-1.77155878164
-1.94451247915
-2.08111401782
-2.19403445426
-2.29026457737
-2.37231275887
-2.44347359589
-1.62782187672
-1.88945613159
-2.14782777851
-2.36466355095
-2.53306729149
-2.6684654876
-2.80569438528
-2.87843608298
-2.9611055472
-3.0445239647
-1.62782187672
-1.88945613159
-2.14782777851
-2.36466355095
-2.53306729149
-2.6684654876
-2.80569438528
-2.87843608298
-2.9611055472
-3.0445239647
-2.20775138015
-2.44817181261
-2.68559417582
-2.88998491806
-3.0543586967
-3.18869107512
-3.32483974432
-3.39938798796
-3.48260773114
-3.55532698523
-2.20775138015
-2.44817181261
-2.68559417582
-2.88998491806
-3.0543586967
-3.18869107512
-3.32483974432
-3.39938798796
-3.48260773114
-3.55532698523
-2.94738813877
-3.13304909902
-3.3447916951
-3.53392723903
-3.69336106438
-3.8263869566
-3.94024115419
-4.03797419405
-4.12186847275
-4.19548499728
-2.94738813877
-3.13304909902
-3.3447916951
-3.53392723903
-3.69336106438
-3.8263869566
-3.94024115419
-4.03797419405
-4.12186847275
-4.19548499728
-3.92883248711
-4.10629576918
-4.2815460646
-4.46026697815
-4.63671129357
-4.73258636712
-4.86552919698
-4.99849583251
-5.12987939021
-5.11591319478
-3.92883248711
-4.10629576918
-4.2815460646
-4.46026697815
-4.63671129357
-4.73258636712
-4.86552919698
-4.99849583251
-5.12987939021
-5.11591319478
-1.26971791744
-1.65231483065
-2.03014071824
-2.41544898624
-2.52281630017
-2.67049044241
-2.8201612677
-2.88407446624
-2.96639834192
-3.04946804001
-1.26971791744
-1.65231483065
-2.03014071824
-2.41544898624
-2.52281630017
-2.67049044241
-2.8201612677
-2.88407446624
-2.96639834192
-3.04946804001
-1.89422437399
-2.25786201895
-2.61696506247
-2.90541585574
-3.11215620711
-3.26768836093
-3.42532344496
-3.49333920494
-3.57945124383
-3.6663434244
-1.89422437399
-2.25786201895
-2.61696506247
-2.90541585574
-3.11215620711
-3.26768836093
-3.42532344496
-3.49333920494
-3.57945124383
-3.6663434244
-2.44735866408
-2.79420381431
-3.13672376736
-3.42107148401
-3.63414298183
-3.79663508876
-3.96132423053
-4.0329736878
-4.12244095694
-4.20103841905
-2.44735866408
-2.79420381431
-3.13672376736
-3.42107148401
-3.63414298183
-3.79663508876
-3.96132423053
-4.0329736878
-4.12244095694
-4.20103841905
-3.31960620951
-3.64503345888
-3.98478129875
-4.23254291099
-4.41211291784
-4.55324142975
-4.6716674956
-4.77247449634
-4.85894371064
-4.93541544057
-3.31960620951
-3.64503345888
-3.98478129875
-4.23254291099
-4.41211291784
-4.55324142975
-4.6716674956
-4.77247449634
-4.85894371064
-4.93541544057
-4.08891849273
-4.38592785215
-4.67923347218
-4.97834765191
-5.27365162964
-5.36641247458
-5.55203623932
-5.73769324316
-5.92113984672
-5.83421977525
-4.08891849273
-4.38592785215
-4.67923347218
-4.97834765191
-5.27365162964
-5.36641247458
-5.55203623932
-5.73769324316
-5.92113984672
-5.83421977525
-1.5803797068
-2.06456860888
-2.54271962208
-3.0303398323
-3.12842485032
-3.2876943913
-3.44911739521
-3.50592120629
-3.58853379312
-3.67189481796
-1.5803797068
-2.06456860888
-2.54271962208
-3.0303398323
-3.12842485032
-3.2876943913
-3.44911739521
-3.50592120629
-3.58853379312
-3.67189481796
-2.1732051178
-2.64366226306
-3.10825275595
-3.58204389632
-3.71858692027
-3.89520366058
-4.07420841307
-4.13727509926
-4.22699225466
-4.3175222127
-2.1732051178
-2.64366226306
-3.10825275595
-3.58204389632
-3.71858692027
-3.89520366058
-4.07420841307
-4.13727509926
-4.22699225466
-4.3175222127
-2.69827905325
-3.15657378532
-3.60915353166
-3.97723340708
-4.2413018965
-4.43328329908
-4.62786045746
-4.6964742616
-4.79248403488
-4.88936361948
-2.69827905325
-3.15657378532
-3.60915353166
-3.97723340708
-4.2413018965
-4.43328329908
-4.62786045746
-4.6964742616
-4.79248403488
-4.88936361948
-3.92401922597
-4.33277360753
-4.71488375296
-4.97165519707
-5.15492004787
-5.29749016642
-5.41637417778
-5.51732635693
-5.60372619741
-5.68000631773
-3.92401922597
-4.33277360753
-4.71488375296
-4.97165519707
-5.15492004787
-5.29749016642
-5.41637417778
-5.51732635693
-5.60372619741
-5.68000631773
-4.25656299072
-4.67876281915
-5.09569776926
-5.52088960701
-5.94066522947
-6.0301648069
-6.27095684727
-6.51179200556
-6.74975982197
-6.5864413428
-4.25656299072
-4.67876281915
-5.09569776926
-5.52088960701
-5.94066522947
-6.0301648069
-6.27095684727
-6.51179200556
-6.74975982197
-6.5864413428
-1.89073849398
-2.47642029778
-3.05479858504
-3.64463094812
-3.73344272366
-3.90429635387
-4.077460074
-4.12716143171
-4.2100624481
-4.29371451554
-1.89073849398
-2.47642029778
-3.05479858504
-3.64463094812
-3.73344272366
-3.90429635387
-4.077460074
-4.12716143171
-4.2100624481
-4.29371451554
-2.45191375934
-3.02908621912
-3.59906127481
-4.18032399058
-4.32442615472
-4.52210691679
-4.72246049498
-4.78058293441
-4.8739016901
-4.96806587753
-2.45191375934
-3.02908621912
-3.59906127481
-4.18032399058
-4.32442615472
-4.52210691679
-4.72246049498
-4.78058293441
-4.8739016901
-4.96806587753
-2.94895470866
-3.51859032087
-4.08112251432
-4.65479497104
-4.84786862223
-5.06931055824
-5.29374658213
-5.35932769394
-5.46187359016
-5.56534851244
-2.94895470866
-3.51859032087
-4.08112251432
-4.65479497104
-4.84786862223
-5.06931055824
-5.29374658213
-5.35932769394
-5.46187359016
-5.56534851244
-4.72005407846
-5.08622866969
-5.45353384136
-5.71074907824
-5.89547661727
-6.03862758507
-6.15739576656
-6.25788479535
-6.34374664205
-6.41946664012
-4.72005407846
-5.08622866969
-5.45353384136
-5.71074907824
-5.89547661727
-6.03862758507
-6.15739576656
-6.25788479535
-6.34374664205
-6.41946664012
-4.42404397761
-4.97131217125
-5.51175587028
-6.06290239694
-6.60702826144
-6.69326975221
-6.98917626014
-7.28513575519
-7.57757160751
-7.33792923538
-4.42404397761
-4.97131217125
-5.51175587028
-6.06290239694
-6.60702826144
-6.69326975221
-6.98917626014
-7.28513575519
-7.57757160751
-7.33792923538
-2.20077562832
-2.88784514759
-3.56634683434
-4.2582854186
-4.33783356237
-4.52025927617
-4.70515154454
-4.74775780981
-4.83094695682
-4.91488976524
-2.20077562832
-2.88784514759
-3.56634683434
-4.2582854186
-4.33783356237
-4.52025927617
-4.70515154454
-4.74775780981
-4.83094695682
-4.91488976524
-2.73033354996
-3.41411072554
-4.08936112449
-4.77798403317
-4.92963750329
-5.14836045657
-5.37004073473
-5.42322405158
-5.52014067489
-5.61793532524
-2.73033354996
-3.41411072554
-4.08936112449
-4.77798403317
-4.92963750329
-5.14836045657
-5.37004073473
-5.42322405158
-5.52014067489
-5.61793532524
-3.19937056626
-3.88023166601
-4.55260235291
-5.23828852036
-5.4538067081
-5.70467864493
-5.9589425889
-6.02149415143
-6.13056939662
-6.24063282123
-3.19937056626
-3.88023166601
-4.55260235291
-5.23828852036
-5.4538067081
-5.70467864493
-5.9589425889
-6.02149415143
-6.13056939662
-6.24063282123
-5.52577938578
-5.78772758761
-6.10713119551
-6.34787387037
-6.52519395014
-6.66224435561
-6.77486700721
-6.86928204146
-6.94938317282
-7.01938475767
-5.52577938578
-5.78772758761
-6.10713119551
-6.34787387037
-6.52519395014
-6.66224435561
-6.77486700721
-6.86928204146
-6.94938317282
-7.01938475767
-4.59135138884
-5.26355832804
-5.92738277274
-6.60435345008
-7.27270068124
-7.355687462
-7.70665131741
-8.05767801888
-8.40452545696
-8.08863829322
-4.59135138884
-5.26355832804
-5.92738277274
-6.60435345008
-7.27270068124
-7.355687462
-7.70665131741
-8.05767801888
-8.40452545696
-8.08863829322
-0.329448358996
-0.336948319064
-0.358498579329
-0.393434762984
-0.438596009381
-0.491597173087
-0.551319410336
-0.615001099543
-0.680153008009
-0.747050506204
-0.329448358996
-0.336948319064
-0.358498579329
-0.393434762984
-0.438596009381
-0.491597173087
-0.551319410336
-0.615001099543
-0.680153008009
-0.747050506204
-0.270676498722
0.258158814355
0.780399492887
1.31298251044
1.66941612317
1.96656548068
2.26773255637
2.26496878201
2.30986503039
2.35516802137
-0.270676498722
0.258158814355
0.780399492887
1.31298251044
1.66941612317
1.96656548068
2.26773255637
2.26496878201
2.30986503039
2.35516802137
-1.00559675946
-0.571675783469
-0.143165849798
0.293830199929
0.563468839419
0.816123276374
1.07219382142
1.08848904995
1.12834160422
1.16855520718
-1.00559675946
-0.571675783469
-0.143165849798
0.293830199929
0.563468839419
0.816123276374
1.07219382142
1.08848904995
1.12834160422
1.16855520718
-2.54117298555
-2.54886567739
-2.57101296884
-2.6068943307
-2.65320457224
-2.70742908499
-2.76837740298
-2.83331986639
-2.89965135788
-2.96777953512
-2.54117298555
-2.54886567739
-2.57101296884
-2.6068943307
-2.65320457224
-2.70742908499
-2.76837740298
-2.83331986639
-2.89965135788
-2.96777953512
-2.78715458435
-1.95461405456
-1.1324553968
-0.294014890618
0.533745320502
1.47389385157
2.18208777572
2.89040851408
3.59029610784
2.51792925335
-2.78715458435
-1.95461405456
-1.1324553968
-0.294014890618
0.533745320502
1.47389385157
2.18208777572
2.89040851408
3.59029610784
2.51792925335
-0.435772184814
-0.485672680532
-0.545175772353
-0.613551361757
-0.690479623691
-0.773609740866
-0.859183696489
-0.941883222834
-1.01852782766
-1.08564712438
-0.435772184814
-0.485672680532
-0.545175772353
-0.613551361757
-0.690479623691
-0.773609740866
-0.859183696489
-0.941883222834
-1.01852782766
-1.08564712438
-1.14568747258
-1.19694912222
-1.24757153346
-1.30808144204
-1.37746964913
-1.45343358372
-1.53042461688
-1.61136331221
-1.68540458536
-1.76011664372
-1.14568747258
-1.19694912222
-1.24757153346
-1.30808144204
-1.37746964913
-1.45343358372
-1.53042461688
-1.61136331221
-1.68540458536
-1.76011664372
-1.78364024905
-1.82693682772
-1.8696934933
-1.923236656
-1.98594652881
-2.05556327311
-2.12612129644
-2.20433139138
-2.27606685646
-2.34240127927
-1.78364024905
-1.82693682772
-1.8696934933
-1.923236656
-1.98594652881
-2.05556327311
-2.12612129644
-2.20433139138
-2.27606685646
-2.34240127927
-2.57952023264
-2.59917982156
-2.63229460536
-2.67729788602
-2.73182141358
-2.79365773107
-2.86135821415
-2.93119548842
-3.0001044791
-3.06598700481
-2.57952023264
-2.59917982156
-2.63229460536
-2.67729788602
-2.73182141358
-2.79365773107
-2.86135821415
-2.93119548842
-3.0001044791
-3.06598700481
-3.63717561324
-3.58915419295
-3.54173160505
-3.49336987069
-3.44562418195
-3.43742727567
-3.43059973215
-3.42377096604
-3.41702350204
-3.60989545357
-3.63717561324
-3.58915419295
-3.54173160505
-3.49336987069
-3.44562418195
-3.43742727567
-3.43059973215
-3.42377096604
-3.41702350204
-3.60989545357
-0.553226664524
-0.671353722813
-0.806816437487
-0.948685450988
-1.08913614231
-1.2198277662
-1.33830554515
-1.4429053537
-1.5336063684
-1.61268835215
-0.553226664524
-0.671353722813
-0.806816437487
-0.948685450988
-1.08913614231
-1.2198277662
-1.33830554515
-1.4429053537
-1.5336063684
-1.61268835215
-1.24235489421
-1.35770314319
-1.47161298681
-1.59205177614
-1.71407638943
-1.83126026412
-1.95002856688
-2.0396036888
-2.12678466406
-2.21475546514
-1.24235489421
-1.35770314319
-1.47161298681
-1.59205177614
-1.71407638943
-1.83126026412
-1.95002856688
-2.0396036888
-2.12678466406
-2.21475546514
-1.86959512311
-1.96561262981
-2.06043278763
-2.16189052128
-2.26759489403
-2.37281476228
-2.47945729481
-2.56810792847
-2.6521711545
-2.72576062086
-1.86959512311
-1.96561262981
-2.06043278763
-2.16189052128
-2.26759489403
-2.37281476228
-2.47945729481
-2.56810792847
-2.6521711545
-2.72576062086
-2.65477299936
-2.7107920005
-2.78221189832
-2.86040253145
-2.94610144805
-3.03665576002
-3.12838120895
-3.21595183515
-3.29619330407
-3.36662041193
-2.65477299936
-2.7107920005
-2.78221189832
-2.86040253145
-2.94610144805
-3.03665576002
-3.12838120895
-3.21595183515
-3.29619330407
-3.36662041193
-3.73108225402
-3.76973110622
-3.80789800298
-3.84682074854
-3.88524768502
-3.98000875681
-4.05066513254
-4.12133416049
-4.19116181518
-4.28687098002
-3.73108225402
-3.76973110622
-3.80789800298
-3.84682074854
-3.88524768502
-3.98000875681
-4.05066513254
-4.12133416049
-4.19116181518
-4.28687098002
-0.717708222085
-0.919933065728
-1.13563568469
-1.32845346509
-1.48504524963
-1.62107890538
-1.73755452271
-1.83881537513
-1.92617927131
-2.00320257764
-0.717708222085
-0.919933065728
-1.13563568469
-1.32845346509
-1.48504524963
-1.62107890538
-1.73755452271
-1.83881537513
-1.92617927131
-2.00320257764
-1.39249050918
-1.58943655022
-1.78392665245
-1.96494706735
-2.1209408005
-2.25846404199
-2.39784671751
-2.48126673633
-2.57074130812
-2.66102648485
-1.39249050918
-1.58943655022
-1.78392665245
-1.96494706735
-2.1209408005
-2.25846404199
-2.39784671751
-2.48126673633
-2.57074130812
-2.66102648485
-2.00450478864
-2.18242535076
-2.3581272239
-2.52869854364
-2.68416257413
-2.82300516299
-2.9637250246
-3.05029508482
-3.14163911216
-3.22221038024
-2.00450478864
-2.18242535076
-2.3581272239
-2.52869854364
-2.68416257413
-2.82300516299
-2.9637250246
-3.05029508482
-3.14163911216
-3.22221038024
-2.78439435462
-2.90931484821
-3.0619859889
-3.21974874038
-3.37456345794
-3.51502331131
-3.63952608248
-3.74781370555
-3.84144932356
-3.92406335749
-2.78439435462
-2.90931484821
-3.0619859889
-3.21974874038
-3.37456345794
-3.51502331131
-3.63952608248
-3.74781370555
-3.84144932356
-3.92406335749
-3.82080523092
-3.94226308142
-4.06220633916
-4.18452492668
-4.30528538503
-4.49841752208
-4.64310580693
-4.78782000069
-4.93081125221
-4.93368635979
-3.82080523092
-3.94226308142
-4.06220633916
-4.18452492668
-4.30528538503
-4.49841752208
-4.64310580693
-4.78782000069
-4.93081125221
-4.93368635979
-0.863448618599
-1.16051361194
-1.45387417213
-1.75304438003
-1.8682147768
-2.00941856828
-2.15253155803
-2.221985787
-2.3061199466
-2.39101632906
-0.863448618599
-1.16051361194
-1.45387417213
-1.75304438003
-1.8682147768
-2.00941856828
-2.15253155803
-2.221985787
-2.3061199466
-2.39101632906
-1.53779505392
-1.81371322979
-2.08619067564
-2.32584331797
-2.51471311119
-2.67192123847
-2.83125495658
-2.90871793147
-3.00041229636
-3.09293737664
-1.53779505392
-1.81371322979
-2.08619067564
-2.32584331797
-2.51471311119
-2.67192123847
-2.83125495658
-2.90871793147
-3.00041229636
-3.09293737664
-2.1350733252
-2.39226146274
-2.6462424359
-2.8837034018
-3.08732592165
-3.25870931778
-3.43240996672
-3.51696640228
-3.615356949
-3.70268535808
-2.1350733252
-2.39226146274
-2.6462424359
-2.8837034018
-3.08732592165
-3.25870931778
-3.43240996672
-3.51696640228
-3.615356949
-3.70268535808
-2.98160572622
-3.21665621249
-3.49051117802
-3.73714947668
-3.93162478407
-4.08734963147
-4.21890620371
-4.33138406938
-4.42820768571
-4.51426925501
-2.98160572622
-3.21665621249
-3.49051117802
-3.73714947668
-3.93162478407
-4.08734963147
-4.21890620371
-4.33138406938
-4.42820768571
-4.51426925501
-3.90764109804
-4.10924331536
-4.30833153085
-4.51136244537
-4.71180709402
-5.00014490798
-5.21648290003
-5.43285963109
-5.64666021809
-5.55968848668
-3.90764109804
-4.10924331536
-4.30833153085
-4.51136244537
-4.71180709402
-5.00014490798
-5.21648290003
-5.43285963109
-5.64666021809
-5.55968848668
-1.03303671419
-1.41245321616
-1.7871383526
-2.16924367071
-2.26947572888
-2.41609376507
-2.56469420484
-2.62324766554
-2.70399959592
-2.78548310747
-1.03303671419
-1.41245321616
-1.7871383526
-2.16924367071
-2.26947572888
-2.41609376507
-2.56469420484
-2.62324766554
-2.70399959592
-2.78548310747
-1.68996018144
-2.04857917708
-2.40272615439
-2.76388658019
-2.92707745931
-3.10489989814
-3.28512665126
-3.35635131921
-3.45037028516
-3.54524102649
-1.68996018144
-2.04857917708
-2.40272615439
-2.76388658019
-2.92707745931
-3.10489989814
-3.28512665126
-3.35635131921
-3.45037028516
-3.54524102649
-2.271806681
-2.61200502818
-2.94796106454
-3.25546988446
-3.50952470626
-3.71498533029
-3.92322396095
-4.00567169817
-4.11144146707
-4.21816946905
-2.271806681
-2.61200502818
-2.94796106454
-3.25546988446
-3.50952470626
-3.71498533029
-3.92322396095
-4.00567169817
-4.11144146707
-4.21816946905
-3.29275491909
-3.65978947843
-4.03845005339
-4.31328442618
-4.51389486122
-4.67234383323
-4.80549496007
-4.91902715782
-5.01650645324
-5.10304459085
-3.29275491909
-3.65978947843
-4.03845005339
-4.31328442618
-4.51389486122
-4.67234383323
-4.80549496007
-4.91902715782
-5.01650645324
-5.10304459085
-3.99857693778
-4.28410755403
-4.56607757208
-4.85363166206
-5.13752280578
-5.52556145151
-5.81693210583
-6.10835493504
-6.39630813429
-6.21524742763
-3.99857693778
-4.28410755403
-4.56607757208
-4.85363166206
-5.13752280578
-5.52556145151
-5.81693210583
-6.10835493504
-6.39630813429
-6.21524742763
-1.202459403
-1.66414709254
-2.12007748578
-2.58503702381
-2.6703453134
-2.82237231355
-2.97645485118
-3.02411817563
-3.10149117561
-3.17956514497
-1.202459403
-1.66414709254
-2.12007748578
-2.58503702381
-2.6703453134
-2.82237231355
-2.97645485118
-3.02411817563
-3.10149117561
-3.17956514497
-1.84197689558
-2.28321604923
-2.71895290208
-3.16331899129
-3.33903961023
-3.53745625458
-3.7385556648
-3.80354811031
-3.89988941004
-3.99710352459
-1.84197689558
-2.28321604923
-2.71895290208
-3.16331899129
-3.33903961023
-3.53745625458
-3.7385556648
-3.80354811031
-3.89988941004
-3.99710352459
-2.40840667471
-2.83153426801
-3.24938541365
-3.67551159106
-3.93131170171
-4.17081631663
-4.41355924258
-4.49390033817
-4.60704213196
-4.72120894653
-2.40840667471
-2.83153426801
-3.24938541365
-3.67551159106
-3.93131170171
-4.17081631663
-4.41355924258
-4.49390033817
-4.60704213196
-4.72120894653
-3.77135927038
-4.21814352494
-4.62165075166
-4.89887604577
-5.10089821999
-5.25974002223
-5.39283859608
-5.50614535385
-5.60334467664
-5.68952795219
-3.77135927038
-4.21814352494
-4.62165075166
-4.89887604577
-5.10089821999
-5.25974002223
-5.39283859608
-5.50614535385
-5.60334467664
-5.68952795219
-4.08942408377
-4.45880123987
-4.82357222219
-5.19556704845
-5.56282329818
-6.05046553304
-6.41679566696
-6.78319139854
-7.14522488571
-6.87016697294
-4.08942408377
-4.45880123987
-4.82357222219
-5.19556704845
-5.56282329818
-6.05046553304
-6.41679566696
-6.78319139854
-7.14522488571
-6.87016697294
-1.37170650379
-1.91558011583
-2.45267156409
-3.00039945272
-3.07079944059
-3.2282297989
-3.3877887528
-3.42457322742
-3.4985707989
-3.57323875969
-1.37170650379
-1.91558011583
-2.45267156409
-3.00039945272
-3.07079944059
-3.2282297989
-3.3877887528
-3.42457322742
-3.4985707989
-3.57323875969
-1.99383606107
-2.517609746
-3.03485191544
-3.56233743453
-3.75057480759
-3.96956431381
-4.19151474893
-4.250281431
-4.34894265767
-4.44849771679
-1.99383606107
-2.517609746
-3.03485191544
-3.56233743453
-3.75057480759
-3.96956431381
-4.19151474893
-4.250281431
-4.34894265767
-4.44849771679
-2.54486509752
-3.05083598986
-3.5504973695
-4.06005393271
-4.35266156123
-4.62617488416
-4.9033863455
-4.98162298275
-5.10212916115
-5.22372707879
-2.54486509752
-3.05083598986
-3.5504973695
-4.06005393271
-4.35266156123
-4.62617488416
-4.9033863455
-4.98162298275
-5.10212916115
-5.22372707879
-4.40443887337
-4.82838947971
-5.22173861082
-5.49650254366
-5.69753864491
-5.85533357095
-5.98718753071
-6.09933015498
-6.19546958744
-6.28059125647
-4.40443887337
-4.82838947971
-5.22173861082
-5.49650254366
-5.69753864491
-5.85533357095
-5.98718753071
-6.09933015498
-6.19546958744
-6.28059125647
-4.18017707666
-4.63331387487
-5.08080000735
-5.53714805633
-5.98768301329
-6.57482560908
-7.01603753533
-7.45732846809
-7.8933654671
-7.52440776601
-4.18017707666
-4.63331387487
-5.08080000735
-5.53714805633
-5.98768301329
-6.57482560908
-7.01603753533
-7.45732846809
-7.8933654671
-7.52440776601
-0.329448358996
-0.336948319064
-0.358498579329
-0.393434762984
-0.438596009381
-0.491597173087
-0.551319410336
-0.615001099543
-0.680153008009
-0.747050506204
-0.329448358996
-0.336948319064
-0.358498579329
-0.393434762984
-0.438596009381
-0.491597173087
-0.551319410336
-0.615001099543
-0.680153008009
-0.747050506204
-0.524775202921
-0.15410070716
0.211951436851
0.58525279665
0.937714403079
1.24102839414
1.54844345458
1.60310804028
1.67336184801
1.74425212799
-0.524775202921
-0.15410070716
0.211951436851
0.58525279665
0.937714403079
1.24102839414
1.54844345458
1.60310804028
1.67336184801
1.74425212799
-1.22898467537
-0.926943396887
-0.628668606384
-0.324486847828
-0.0742568452801
0.166116274937
0.409739449139
0.477965690972
0.540673119166
0.603948652344
-1.22898467537
-0.926943396887
-0.628668606384
-0.324486847828
-0.0742568452801
0.166116274937
0.409739449139
0.477965690972
0.540673119166
0.603948652344
-2.54117298555
-2.54886567739
-2.57101296884
-2.6068943307
-2.65320457224
-2.70742908499
-2.76837740298
-2.83331986639
-2.89965135788
-2.96777953512
-2.54117298555
-2.54886567739
-2.57101296884
-2.6068943307
-2.65320457224
-2.70742908499
-2.76837740298
-2.83331986639
-2.89965135788
-2.96777953512
-3.03984541699
-2.58576525592
-2.13734752443
-1.68004942726
-1.22857652409
-0.288203512186
0.370258576808
1.02883857467
1.67957763263
0.852117048926
-3.03984541699
-2.58576525592
-2.13734752443
-1.68004942726
-1.22857652409
-0.288203512186
0.370258576808
1.02883857467
1.67957763263
0.852117048926
-0.410773154587
-0.447948882326
-0.496544966709
-0.555492271808
-0.625080093623
-0.703302156131
-0.78715293199
-0.870744631284
-0.949953603565
-1.02006081032
-0.410773154587
-0.447948882326
-0.496544966709
-0.555492271808
-0.625080093623
-0.703302156131
-0.78715293199
-0.870744631284
-0.949953603565
-1.02006081032
-1.12514645174
-1.16774056024
-1.20980351553
-1.2630732572
-1.32684491208
-1.39903166081
-1.47219443726
-1.55623776996
-1.63232171709
-1.70909495528
-1.12514645174
-1.16774056024
-1.20980351553
-1.2630732572
-1.32684491208
-1.39903166081
-1.47219443726
-1.55623776996
-1.63232171709
-1.70909495528
-1.76853577867
-1.80527033211
-1.84154680162
-1.88978784426
-1.94840803701
-2.0152492221
-2.08299415824
-2.16338883564
-2.23670490335
-2.30503499454
-1.76853577867
-1.80527033211
-1.84154680162
-1.88978784426
-1.94840803701
-2.0152492221
-2.08299415824
-2.16338883564
-2.23670490335
-2.30503499454
-2.57130876041
-2.58675843956
-2.61594179748
-2.6580186284
-2.71032412562
-2.77061268432
-2.83756755729
-2.90763852906
-2.97756171232
-3.04486861575
-2.57130876041
-2.58675843956
-2.61594179748
-2.6580186284
-2.71032412562
-2.77061268432
-2.83756755729
-2.90763852906
-2.97756171232
-3.04486861575
-3.65018785336
-3.63414350297
-3.61829922739
-3.60214117529
-3.58618894907
-3.57185863859
-3.5634202887
-3.55498042778
-3.54664105039
-3.73469090353
-3.65018785336
-3.63414350297
-3.61829922739
-3.60214117529
-3.58618894907
-3.57185863859
-3.5634202887
-3.55498042778
-3.54664105039
-3.73469090353
-0.493208021238
-0.576809082405
-0.679667616178
-0.796339561544
-0.923954632767
-1.05217779769
-1.1742798241
-1.28438482916
-1.38104706626
-1.46550958017
-0.493208021238
-0.576809082405
-0.679667616178
-0.796339561544
-0.923954632767
-1.05217779769
-1.1742798241
-1.28438482916
-1.38104706626
-1.46550958017
-1.19147286636
-1.27972309988
-1.36687284329
-1.46659396843
-1.57702361462
-1.69069405832
-1.80590142544
-1.90526860805
-1.99751931636
-2.09060578033
-1.19147286636
-1.27972309988
-1.36687284329
-1.46659396843
-1.57702361462
-1.69069405832
-1.80590142544
-1.90526860805
-1.99751931636
-2.09060578033
-1.8281430471
-1.90230408679
-1.97554033016
-2.06024787166
-2.1554561414
-2.25623703202
-2.35838056808
-2.45519424077
-2.54353759503
-2.62132019308
-1.8281430471
-1.90230408679
-1.97554033016
-2.06024787166
-2.1554561414
-2.25623703202
-2.35838056808
-2.45519424077
-2.54353759503
-2.62132019308
-2.62491718549
-2.6654678772
-2.72164886245
-2.78795265628
-2.86450246456
-2.94948325785
-3.03996785936
-3.12929662928
-3.21285032371
-3.28678690961
-2.62491718549
-2.6654678772
-2.72164886245
-2.78795265628
-2.86450246456
-2.94948325785
-3.03996785936
-3.12929662928
-3.21285032371
-3.28678690961
-3.71761584158
-3.74996378988
-3.78190835571
-3.81448554466
-3.84664775605
-3.93462263139
-3.99799608815
-4.061380893
-4.12401104929
-4.24142157499
-3.71761584158
-3.74996378988
-3.78190835571
-3.81448554466
-3.84664775605
-3.93462263139
-3.99799608815
-4.061380893
-4.12401104929
-4.24142157499
-0.602576764284
-0.758529927083
-0.943190831427
-1.13615366414
-1.31494164741
-1.47037076057
-1.60293072487
-1.71628840363
-1.81362957794
-1.89937108396
-0.602576764284
-0.758529927083
-0.943190831427
-1.13615366414
-1.31494164741
-1.47037076057
-1.60293072487
-1.71628840363
-1.81362957794
-1.89937108396
-1.28272449251
-1.44570269383
-1.60664853905
-1.77768848545
-1.94318238136
-2.09302834814
-2.24490036293
-2.33806771759
-2.43616247858
-2.53514594007
-1.28272449251
-1.44570269383
-1.60664853905
-1.77768848545
-1.94318238136
-2.09302834814
-2.24490036293
-2.33806771759
-2.43616247858
-2.53514594007
-1.91263323474
-2.0543414301
-2.19428250866
-2.34590504146
-2.49962417428
-2.64452506856
-2.79138514916
-2.88878653852
-2.98754876201
-3.07474759293
-1.91263323474
-2.0543414301
-2.19428250866
-2.34590504146
-2.49962417428
-2.64452506856
-2.79138514916
-2.88878653852
-2.98754876201
-3.07474759293
-2.71221446056
-2.80041471971
-2.9146080198
-3.04242856174
-3.18171411399
-3.32055330649
-3.44955712443
-3.56386122225
-3.66344162556
-3.75147952234
-2.71221446056
-2.80041471971
-2.9146080198
-3.04242856174
-3.18171411399
-3.32055330649
-3.44955712443
-3.56386122225
-3.66344162556
-3.75147952234
-3.78203982459
-3.86062413127
-3.93822848299
-4.01736969416
-4.09550278193
-4.28122501303
-4.41321096634
-4.545220554
-4.67565845826
-4.72557673112
-3.78203982459
-3.86062413127
-3.93822848299
-4.01736969416
-4.09550278193
-4.28122501303
-4.41321096634
-4.545220554
-4.67565845826
-4.72557673112
-0.667240769133
-0.934403350667
-1.19823438541
-1.46729027168
-1.69334746521
-1.87510709245
-2.05932426818
-2.13429416645
-2.2322924311
-2.33117852203
-0.667240769133
-0.934403350667
-1.19823438541
-1.46729027168
-1.69334746521
-1.87510709245
-2.05932426818
-2.13429416645
-2.2322924311
-2.33117852203
-1.37103981994
-1.60634138932
-1.83870872225
-2.07877258983
-2.29755887567
-2.48241630801
-2.66977317388
-2.75694019892
-2.86069096241
-2.96538166759
-1.37103981994
-1.60634138932
-1.83870872225
-2.07877258983
-2.29755887567
-2.48241630801
-2.66977317388
-2.75694019892
-2.86069096241
-2.96538166759
-1.99440469351
-2.20148650928
-2.40598599202
-2.62237032266
-2.8327175535
-3.02031875609
-3.21045649035
-3.30842668481
-3.41727251871
-3.51358458656
-1.99440469351
-2.20148650928
-2.40598599202
-2.62237032266
-2.8327175535
-3.02031875609
-3.21045649035
-3.30842668481
-3.41727251871
-3.51358458656
-2.83379302097
-3.00135257021
-3.20839531692
-3.42722025149
-3.62499721593
-3.78912658466
-3.9289021096
-4.04887716791
-4.15230623041
-4.24446321079
-2.83379302097
-3.00135257021
-3.20839531692
-3.42722025149
-3.62499721593
-3.78912658466
-3.9289021096
-4.04887716791
-4.15230623041
-4.24446321079
-3.84439076992
-3.96772363946
-4.08951853455
-4.21372542884
-4.33635014017
-4.61667440843
-4.81506504247
-5.01349120175
-5.20955493338
-5.19415272198
-3.84439076992
-3.96772363946
-4.08951853455
-4.21372542884
-4.33635014017
-4.61667440843
-4.81506504247
-5.01349120175
-5.20955493338
-5.19415272198
-0.767462998157
-1.11858067268
-1.46531987117
-1.81892581614
-2.08961978844
-2.29895313017
-2.51111684104
-2.57203615393
-2.67072253357
-2.77030297354
-0.767462998157
-1.11858067268
-1.46531987117
-1.81892581614
-2.08961978844
-2.29895313017
-2.51111684104
-2.57203615393
-2.67072253357
-2.77030297354
-1.463524973
-1.77456467255
-2.08172567283
-2.39496962169
-2.66866732616
-2.89018929732
-3.11470643851
-3.19558982718
-3.30526364245
-3.41593105996
-1.463524973
-1.77456467255
-2.08172567283
-2.39496962169
-2.66866732616
-2.89018929732
-3.11470643851
-3.19558982718
-3.30526364245
-3.41593105996
-2.08003700786
-2.35557907244
-2.62768509715
-2.91188896672
-3.18153800242
-3.4138556168
-3.6493143677
-3.7478802235
-3.86728576746
-3.98777307936
-2.08003700786
-2.35557907244
-2.62768509715
-2.91188896672
-3.18153800242
-3.4138556168
-3.6493143677
-3.7478802235
-3.86728576746
-3.98777307936
-3.0112510361
-3.29097339506
-3.61335382159
-3.89263786301
-4.10358903195
-4.27172472244
-4.41380935656
-4.53538213387
-4.63999838146
-4.73322325167
-3.0112510361
-3.29097339506
-3.61335382159
-3.89263786301
-4.10358903195
-4.27172472244
-4.41380935656
-4.53538213387
-4.63999838146
-4.73322325167
-3.90968562745
-4.07987987209
-4.24795177578
-4.41935213832
-4.588569154
-4.9679621133
-5.23589273818
-5.50387134062
-5.76865943602
-5.6848526208
-3.90968562745
-4.07987987209
-4.24795177578
-4.41935213832
-4.588569154
-4.9679621133
-5.23589273818
-5.50387134062
-5.76865943602
-5.6848526208
-0.867587476008
-1.30257835841
-1.73214485664
-2.17021839491
-2.48550560975
-2.72238577211
-2.96246876063
-3.00935119228
-3.10872501576
-3.20899912755
-0.867587476008
-1.30257835841
-1.73214485664
-2.17021839491
-2.48550560975
-2.72238577211
-2.96246876063
-3.00935119228
-3.10872501576
-3.20899912755
-1.5559199212
-1.94262388017
-2.32450559822
-2.71395001745
-3.03941381816
-3.2975645676
-3.55920574005
-3.63381162107
-3.74940271109
-3.86604101158
-1.5559199212
-1.94262388017
-2.32450559822
-2.71395001745
-3.03941381816
-3.2975645676
-3.55920574005
-3.63381162107
-3.74940271109
-3.86604101158
-2.16558580123
-2.5095213423
-2.84916796934
-3.19554088314
-3.53001823133
-3.8070086436
-4.08774420754
-4.18690514371
-4.31686009839
-4.44799239457
-2.16558580123
-2.5095213423
-2.84916796934
-3.19554088314
-3.53001823133
-3.8070086436
-4.08774420754
-4.18690514371
-4.31686009839
-4.44799239457
-3.28503882391
-3.68210977389
-4.08317859629
-4.37250571771
-4.58599128139
-4.75542491066
-4.8981489974
-5.02009600328
-5.1249259485
-5.21806395874
-3.28503882391
-3.68210977389
-4.08317859629
-4.37250571771
-4.58599128139
-4.75542491066
-4.8981489974
-5.02009600328
-5.1249259485
-5.21806395874
-3.97491680002
-4.19192671379
-4.40623049006
-4.62477829097
-4.84054216746
-5.31890719173
-5.65630998202
-5.99377319005
-6.3272186193
-6.1750739183
-3.97491680002
-4.19192671379
-4.40623049006
-4.62477829097
-4.84054216746
-5.31890719173
-5.65630998202
-5.99377319005
-6.3272186193
-6.1750739183
-0.967608185824
-1.48638535073
-1.9986933073
-2.52114689746
-2.88098113884
-3.14537957258
-3.41335290347
-3.44621300158
-3.54627355644
-3.64724062113
-0.967608185824
-1.48638535073
-1.9986933073
-2.52114689746
-2.88098113884
-3.14537957258
-3.41335290347
-3.44621300158
-3.54627355644
-3.64724062113
-1.64821911217
-2.11050891286
-2.56703390887
-3.03259982504
-3.4097760721
-3.7045176381
-4.00324436684
-4.07157924614
-4.19308147833
-4.31568447362
-1.64821911217
-2.11050891286
-2.56703390887
-3.03259982504
-3.4097760721
-3.7045176381
-4.00324436684
-4.07157924614
-4.19308147833
-4.31568447362
-2.25104593265
-2.6633040679
-3.07042129883
-3.48560098946
-3.87813729871
-4.19975421043
-4.52571966296
-4.62547506276
-4.76596849485
-4.90773474296
-2.25104593265
-2.6633040679
-3.07042129883
-3.48560098946
-3.87813729871
-4.19975421043
-4.52571966296
-4.62547506276
-4.76596849485
-4.90773474296
-3.68386626402
-4.15717587922
-4.57240254682
-4.86160410113
-5.07534917445
-5.24482899008
-5.38721287452
-5.50886683739
-5.61310437825
-5.70579498134
-3.68386626402
-4.15717587922
-4.57240254682
-4.86160410113
-5.07534917445
-5.24482899008
-5.38721287452
-5.50886683739
-5.61310437825
-5.70579498134
-4.04008036763
-4.30385743123
-4.56434516582
-4.82999154196
-5.09225403855
-5.66948855409
-6.07629150952
-6.48316730997
-6.88519891728
-6.66478715522
-4.04008036763
-4.30385743123
-4.56434516582
-4.82999154196
-5.09225403855
-5.66948855409
-6.07629150952
-6.48316730997
-6.88519891728
-6.66478715522
-0.329448358996
-0.336948319064
-0.358498579329
-0.393434762984
-0.438596009381
-0.491597173087
-0.551319410336
-0.615001099543
-0.680153008009
-0.747050506204
-0.329448358996
-0.336948319064
-0.358498579329
-0.393434762984
-0.438596009381
-0.491597173087
-0.551319410336
-0.615001099543
-0.680153008009
-0.747050506204
-0.652255030938
-0.383545279805
-0.118186368836
0.152427651379
0.446162047258
0.733926181669
1.02558113786
1.13307673634
1.22154174848
1.31080821933
-0.652255030938
-0.383545279805
-0.118186368836
0.152427651379
0.446162047258
0.733926181669
1.02558113786
1.13307673634
1.22154174848
1.31080821933
-1.34008376256
-1.12147452227
-0.905591363252
-0.685432901852
-0.485534944879
-0.270738626862
-0.0530380755062
0.0526601572608
0.130740445566
0.209528111007
-1.34008376256
-1.12147452227
-0.905591363252
-0.685432901852
-0.485534944879
-0.270738626862
-0.0530380755062
0.0526601572608
0.130740445566
0.209528111007
-2.54117298555
-2.54886567739
-2.57101296884
-2.6068943307
-2.65320457224
-2.70742908499
-2.76837740298
-2.83331986639
-2.89965135788
-2.96777953512
-2.54117298555
-2.54886567739
-2.57101296884
-2.6068943307
-2.65320457224
-2.70742908499
-2.76837740298
-2.83331986639
-2.89965135788
-2.96777953512
-3.14358658412
-2.84495894623
-2.55005522784
-2.24931130137
-1.95239833708
-1.13279646219
-0.522547438116
0.0878108614515
0.690902340337
0.169345774642
-3.14358658412
-2.84495894623
-2.55005522784
-2.24931130137
-1.95239833708
-1.13279646219
-0.522547438116
0.0878108614515
0.690902340337
0.169345774642
-0.396739346696
-0.42578851471
-0.46731999437
-0.519733030118
-0.583033666189
-0.656189197442
-0.737467462291
-0.821009498211
-0.901817301738
-0.973978709332
-0.396739346696
-0.42578851471
-0.46731999437
-0.519733030118
-0.583033666189
-0.656189197442
-0.737467462291
-0.821009498211
-0.901817301738
-0.973978709332
-1.11320097715
-1.15034829045
-1.18703237267
-1.23536789301
-1.29449341047
-1.36294047267
-1.43231299877
-1.51815695274
-1.59546342648
-1.6734702669
-1.11320097715
-1.15034829045
-1.18703237267
-1.23536789301
-1.29449341047
-1.36294047267
-1.43231299877
-1.51815695274
-1.59546342648
-1.6734702669
-1.7593015459
-1.79210123468
-1.82449190773
-1.86921591443
-1.9246434697
-1.98892017358
-2.05406595449
-2.13563041247
-2.2098357084
-2.27943728713
-1.7593015459
-1.79210123468
-1.82449190773
-1.86921591443
-1.9246434697
-1.98892017358
-2.05406595449
-2.13563041247
-2.2098357084
-2.27943728713
-2.56552718839
-2.57876613406
-2.60589391846
-2.64619090842
-2.69708547778
-2.75625012954
-2.82249901835
-2.8925333631
-2.96293721527
-3.03106495313
-2.56552718839
-2.57876613406
-2.60589391846
-2.64619090842
-2.69708547778
-2.75625012954
-2.82249901835
-2.8925333631
-2.96293721527
-3.03106495313
-3.65310422882
-3.65024869481
-3.64742876963
-3.64455299927
-3.6417138613
-3.6358051426
-3.62751962409
-3.61923262192
-3.61104428337
-3.77757400284
-3.65310422882
-3.65024869481
-3.64742876963
-3.64455299927
-3.6417138613
-3.6358051426
-3.62751962409
-3.61923262192
-3.61104428337
-3.77757400284
-0.460028489146
-0.522497716032
-0.60410425639
-0.70072598097
-0.812945867882
-0.935075559191
-1.0579529748
-1.17164948005
-1.27245310368
-1.36071267177
-0.460028489146
-0.522497716032
-0.60410425639
-0.70072598097
-0.812945867882
-0.935075559191
-1.0579529748
-1.17164948005
-1.27245310368
-1.36071267177
-1.16412428836
-1.2350613651
-1.30511384868
-1.38895030523
-1.48679348452
-1.59459321652
-1.70385049481
-1.81105376494
-1.90667395429
-2.00316042547
-1.16412428836
-1.2350613651
-1.30511384868
-1.38895030523
-1.48679348452
-1.59459321652
-1.70385049481
-1.81105376494
-1.90667395429
-2.00316042547
-1.80561491045
-1.86618916856
-1.926008059
-1.99852042101
-2.08362994496
-2.1787374273
-2.27513084564
-2.37738327442
-2.46841242197
-2.54895667266
-1.80561491045
-1.86618916856
-1.926008059
-1.99852042101
-2.08362994496
-2.1787374273
-2.27513084564
-2.37738327442
-2.46841242197
-2.54895667266
-2.60822183593
-2.63982970183
-2.68710418777
-2.74573540164
-2.81523592874
-2.89478516954
-2.98233289561
-3.07159364088
-3.15699505977
-3.23309715802
-2.60822183593
-2.63982970183
-2.68710418777
-2.74573540164
-2.81523592874
-2.89478516954
-2.98233289561
-3.07159364088
-3.15699505977
-3.23309715802
-3.70939353086
-3.73921361753
-3.76866184445
-3.79869325754
-3.82834212191
-3.91232669799
-3.97054349973
-4.02877072618
-4.08630470931
-4.21361260087
-3.70939353086
-3.73921361753
-3.76866184445
-3.79869325754
-3.82834212191
-3.91232669799
-3.97054349973
-4.02877072618
-4.08630470931
-4.21361260087
-0.534843966539
-0.652475562756
-0.797911739044
-0.962525796815
-1.13289638754
-1.28745522549
-1.42420558786
-1.54283331343
-1.64498244254
-1.73502967876
-0.534843966539
-0.652475562756
-0.797911739044
-0.962525796815
-1.13289638754
-1.28745522549
-1.42420558786
-1.54283331343
-1.64498244254
-1.73502967876
-1.22690558041
-1.35507607907
-1.4816482775
-1.62635005721
-1.78050723607
-1.92743989043
-2.07635920227
-2.18029864298
-2.28294035598
-2.3865119631
-1.22690558041
-1.35507607907
-1.4816482775
-1.62635005721
-1.78050723607
-1.92743989043
-2.07635920227
-2.18029864298
-2.28294035598
-2.3865119631
-1.86612797228
-1.97737939351
-2.08724349728
-2.21430868785
-2.3541054162
-2.49428345081
-2.63635681455
-2.74491079202
-2.8479887936
-2.93904059159
-1.86612797228
-1.97737939351
-2.08724349728
-2.21430868785
-2.3541054162
-2.49428345081
-2.63635681455
-2.74491079202
-2.8479887936
-2.93904059159
-2.67453810498
-2.74020281122
-2.82958602475
-2.93503217057
-3.05722576604
-3.18912394417
-3.31904520576
-3.43701600696
-3.54062881391
-3.63225899594
-2.67453810498
-2.74020281122
-2.82958602475
-2.93503217057
-3.05722576604
-3.18912394417
-3.31904520576
-3.43701600696
-3.54062881391
-3.63225899594
-3.76317507074
-3.82421503638
-3.88449382694
-3.94596636535
-4.00665584898
-4.17652885579
-4.29828521228
-4.42006337132
-4.5403916606
-4.63022510807
-3.76317507074
-3.82421503638
-3.88449382694
-3.94596636535
-4.00665584898
-4.17652885579
-4.29828521228
-4.42006337132
-4.5403916606
-4.63022510807
-0.568442493031
-0.778270976782
-0.985482876252
-1.1967983544
-1.44255152572
-1.62849600385
-1.81695461331
-1.90207317758
-2.00552451644
-2.10991308431
-0.568442493031
-0.778270976782
-0.985482876252
-1.1967983544
-1.44255152572
-1.62849600385
-1.81695461331
-1.90207317758
-2.00552451644
-2.10991308431
-1.28766669336
-1.47122895445
-1.65250217394
-1.85611074984
-2.064769854
-2.24957620987
-2.43688130865
-2.53766194358
-2.64709924135
-2.7575279986
-1.28766669336
-1.47122895445
-1.65250217394
-1.85611074984
-2.064769854
-2.24957620987
-2.43688130865
-2.53766194358
-2.64709924135
-2.7575279986
-1.92469384222
-2.08499173466
-2.24329069475
-2.42315331064
-2.61587751619
-2.79967582091
-2.98595923882
-3.10061199347
-3.21535114055
-3.31657237352
-1.92469384222
-2.08499173466
-2.24329069475
-2.42315331064
-2.61587751619
-2.79967582091
-2.98595923882
-3.10061199347
-3.21535114055
-3.31657237352
-2.75518502225
-2.87881655844
-3.03910387822
-3.2234404399
-3.41407467839
-3.58276491486
-3.72814641459
-3.85332238056
-3.96146922936
-4.05800392547
-2.75518502225
-2.87881655844
-3.03910387822
-3.2234404399
-3.41407467839
-3.58276491486
-3.72814641459
-3.85332238056
-3.96146922936
-4.05800392547
-3.81522602593
-3.90648127595
-3.99659856296
-4.08850051282
-4.17923178934
-4.43222950529
-4.61548083802
-4.79876498503
-4.97986698259
-5.03343184023
-3.81522602593
-3.90648127595
-3.99659856296
-4.08850051282
-4.17923178934
-4.43222950529
-4.61548083802
-4.79876498503
-4.97986698259
-5.03343184023
-0.634667976979
-0.910005846128
-1.18191022175
-1.45919933156
-1.76682709242
-1.98563908992
-2.20740961625
-2.27827462287
-2.38308965557
-2.48885427182
-0.634667976979
-0.910005846128
-1.18191022175
-1.45919933156
-1.76682709242
-1.98563908992
-2.20740961625
-2.27827462287
-2.38308965557
-2.48885427182
-1.35129665426
-1.59286601078
-1.83142297085
-2.07470426024
-2.36245398758
-2.58692225925
-2.8144255375
-2.911898223
-3.02845196041
-3.14606162949
-1.35129665426
-1.59286601078
-1.83142297085
-2.07470426024
-2.36245398758
-2.58692225925
-2.8144255375
-2.911898223
-3.02845196041
-3.14606162949
-1.98602491127
-2.19768501376
-2.40670569147
-2.64185857353
-2.89000923758
-3.11948735208
-3.3520682106
-3.4731076974
-3.60005857328
-3.72815957486
-1.98602491127
-2.19768501376
-2.40670569147
-2.64185857353
-2.89000923758
-3.11948735208
-3.3520682106
-3.4731076974
-3.60005857328
-3.72815957486
-2.87144564118
-3.08063513998
-3.33631519412
-3.60116157689
-3.81816264923
-3.99287383322
-4.14114310915
-4.26854384375
-4.37826429018
-4.47612231665
-2.87144564118
-3.08063513998
-3.33631519412
-3.60116157689
-3.81816264923
-3.99287383322
-4.14114310915
-4.26854384375
-4.37826429018
-4.47612231665
-3.86973457726
-3.99263173227
-4.11399634624
-4.23776443821
-4.35995593681
-4.70000311145
-4.94765291788
-5.19534707023
-5.44009221871
-5.45567605789
-3.86973457726
-3.99263173227
-4.11399634624
-4.23776443821
-4.35995593681
-4.70000311145
-4.94765291788
-5.19534707023
-5.44009221871
-5.45567605789
-0.700828868284
-1.04161222863
-1.37814598297
-1.72134437743
-2.09078637881
-2.34243383855
-2.59748379116
-2.65410914226
-2.76028653872
-2.86742586122
-0.700828868284
-1.04161222863
-1.37814598297
-1.72134437743
-2.09078637881
-2.34243383855
-2.59748379116
-2.65410914226
-2.76028653872
-2.86742586122
-1.41486455404
-1.71438442911
-2.01016925838
-2.31181174507
-2.65984777665
-2.92393928011
-3.19160153075
-3.28576949322
-3.4094327293
-3.53421630635
-1.41486455404
-1.71438442911
-2.01016925838
-2.31181174507
-2.65984777665
-2.92393928011
-3.19160153075
-3.28576949322
-3.4094327293
-3.53421630635
-2.04729616142
-2.31026837811
-2.56996130232
-2.83479712782
-3.16387358617
-3.43898695692
-3.71782010011
-3.8452400898
-3.98439078382
-4.12480212918
-2.04729616142
-2.31026837811
-2.56996130232
-2.83479712782
-3.16387358617
-3.43898695692
-3.71782010011
-3.8452400898
-3.98439078382
-4.12480212918
-3.03563115807
-3.35129812703
-3.7090009301
-4.00438228782
-4.22575601114
-4.40256946503
-4.55207981808
-4.68005545488
-4.79022541127
-4.88833910319
-3.03563115807
-3.35129812703
-3.7090009301
-4.00438228782
-4.22575601114
-4.40256946503
-4.55207981808
-4.68005545488
-4.79022541127
-4.88833910319
-3.92418996398
-4.07869816224
-4.23127962626
-4.38688277989
-4.54050381602
-4.96751554618
-5.27950101562
-5.59154235139
-5.89986857681
-5.87750844209
-3.92418996398
-4.07869816224
-4.23127962626
-4.38688277989
-4.54050381602
-4.96751554618
-5.27950101562
-5.59154235139
-5.89986857681
-5.87750844209
-0.766921191084
-1.17308221555
-1.57417836736
-1.98321773874
-2.41440991695
-2.69885880856
-2.98715369698
-3.0295541504
-3.13709249869
-3.24560510271
-0.766921191084
-1.17308221555
-1.57417836736
-1.98321773874
-2.41440991695
-2.69885880856
-2.98715369698
-3.0295541504
-3.13709249869
-3.24560510271
-1.47836657267
-1.83577690694
-2.18873029501
-2.548673494
-2.9569333497
-3.26060701981
-3.56838662248
-3.6592532869
-3.79001865343
-3.92196870348
-1.47836657267
-1.83577690694
-2.18873029501
-2.548673494
-2.9569333497
-3.26060701981
-3.56838662248
-3.6592532869
-3.79001865343
-3.92196870348
-2.10850391065
-2.42273506216
-2.73304771664
-3.04950573437
-3.43745410442
-3.75815543548
-4.08319292792
-4.2169868078
-4.3683246762
-4.52103360701
-2.10850391065
-2.42273506216
-2.73304771664
-3.04950573437
-3.43745410442
-3.75815543548
-4.08319292792
-4.2169868078
-4.3683246762
-4.52103360701
-3.28354813391
-3.70500756434
-4.12011504895
-4.41848317969
-4.64102645224
-4.81812782355
-4.96757234723
-5.09544103269
-5.20538508506
-5.30296972917
-3.28354813391
-3.70500756434
-4.12011504895
-4.41848317969
-4.64102645224
-4.81812782355
-4.96757234723
-5.09544103269
-5.20538508506
-5.30296972917
-3.97858891367
-4.1646753938
-4.34844135503
-4.53584657677
-4.72086457717
-5.23475073361
-5.61100518922
-5.9873270196
-6.35916842715
-6.29890364331
-3.97858891367
-4.1646753938
-4.34844135503
-4.53584657677
-4.72086457717
-5.23475073361
-5.61100518922
-5.9873270196
-6.35916842715
-6.29890364331
