-3.0617156082
-2.65253350047
-2.24845393865
-1.83637207446
-1.67477383312
-1.68333840854
-1.69201878448
-1.58917302552
-1.99719582805
-2.40891515896
-3.0617156082
-2.65253350047
-2.24845393865
-1.83637207446
-1.67477383312
-1.68333840854
-1.69201878448
-1.58917302552
-1.99719582805
-2.40891515896
-4.08050070114
-3.7364802004
-3.39674967316
-3.05029119761
-2.92757050483
-2.91402988286
-2.90030617989
-2.88821168324
-3.20606989709
-3.52680778311
-4.08050070114
-3.7364802004
-3.39674967316
-3.05029119761
-2.92757050483
-2.91402988286
-2.90030617989
-2.88821168324
-3.20606989709
-3.52680778311
-4.98285321204
-4.69654727748
-4.41381160944
-4.12547670669
-4.03719041406
-4.00407090298
-3.97050358725
-4.03878878007
-4.27678692967
-4.51694125022
-4.98285321204
-4.69654727748
-4.41381160944
-4.12547670669
-4.03719041406
-4.00407090298
-3.97050358725
-4.03878878007
-4.27678692967
-4.51694125022
-6.08896274152
-5.87340369455
-5.66053269262
-5.4434460404
-5.39736965763
-5.34025021796
-5.28235847369
-5.44917360845
-5.58927877606
-5.73065324216
-6.08896274152
-5.87340369455
-5.66053269262
-5.4434460404
-5.39736965763
-5.34025021796
-5.28235847369
-5.44917360845
-5.58927877606
-5.73065324216
-8.57346346581
-7.62048184871
-6.67938401724
-5.71964889223
-4.77213914784
-5.90775324299
-5.943515787
-5.97928473491
-6.01462782388
-5.65349086353
-8.57346346581
-7.62048184871
-6.67938401724
-5.71964889223
-4.77213914784
-5.90775324299
-5.943515787
-5.97928473491
-6.01462782388
-5.65349086353
-3.55543164965
-3.51453850066
-3.47415529373
-3.4329723467
-3.49695464527
-3.52966833379
-3.56282433988
-3.68705445247
-3.74543756068
-3.80434959721
-3.55543164965
-3.51453850066
-3.47415529373
-3.4329723467
-3.49695464527
-3.52966833379
-3.56282433988
-3.68705445247
-3.74543756068
-3.80434959721
-4.51037364696
-4.54855087737
-4.58625203351
-4.62469981503
-4.68591117081
-4.75137964652
-4.81773331305
-4.89039355694
-4.98296064132
-5.07636634759
-4.51037364696
-4.54855087737
-4.58625203351
-4.62469981503
-4.68591117081
-4.75137964652
-4.81773331305
-4.89039355694
-4.98296064132
-5.07636634759
-5.19883308968
-5.23029695288
-5.26136845824
-5.30327464048
-5.35755856191
-5.41803850262
-5.47933618481
-5.56197183399
-5.65045480258
-5.73973939256
-5.19883308968
-5.23029695288
-5.26136845824
-5.30327464048
-5.35755856191
-5.41803850262
-5.47933618481
-5.56197183399
-5.65045480258
-5.73973939256
-6.04180010569
-5.98054748222
-5.92005868569
-5.85837198241
-5.93822431291
-5.98775402477
-6.03795342147
-6.12670218215
-6.19113294166
-6.25614741887
-6.04180010569
-5.98054748222
-5.92005868569
-5.85837198241
-5.93822431291
-5.98775402477
-6.03795342147
-6.12670218215
-6.19113294166
-6.25614741887
-7.33279911171
-7.26097522264
-7.19004698537
-7.11771410095
-7.04630261352
-7.26406774892
-7.32311659845
-7.38217602169
-7.44053229361
-7.52919628781
-7.33279911171
-7.26097522264
-7.19004698537
-7.11771410095
-7.04630261352
-7.26406774892
-7.32311659845
-7.38217602169
-7.44053229361
-7.52919628781
-3.80725023765
-3.90326676009
-3.99808594593
-4.09478290997
-4.1764820312
-4.25449144315
-4.3335556103
-4.41309820449
-4.47593562041
-4.53934231896
-3.80725023765
-3.90326676009
-3.99808594593
-4.09478290997
-4.1764820312
-4.25449144315
-4.3335556103
-4.41309820449
-4.47593562041
-4.53934231896
-4.5578641477
-4.63826492768
-4.71766310108
-4.79863365837
-4.88016503005
-4.95436208858
-5.02956235597
-5.11158593643
-5.17926383284
-5.24755486474
-4.5578641477
-4.63826492768
-4.71766310108
-4.79863365837
-4.88016503005
-4.95436208858
-5.02956235597
-5.11158593643
-5.17926383284
-5.24755486474
-5.22269361088
-5.28926330468
-5.35500286708
-5.43024839716
-5.50342711474
-5.57424751739
-5.64602547357
-5.730246499
-5.80221167813
-5.87482883387
-5.22269361088
-5.28926330468
-5.35500286708
-5.43024839716
-5.50342711474
-5.57424751739
-5.64602547357
-5.730246499
-5.80221167813
-5.87482883387
-6.03764585608
-6.08726131521
-6.13625806411
-6.18622513379
-6.26742579921
-6.33410707529
-6.40168994031
-6.48860460797
-6.56582516591
-6.64374531216
-6.03764585608
-6.08726131521
-6.13625806411
-6.18622513379
-6.26742579921
-6.33410707529
-6.40168994031
-6.48860460797
-6.56582516591
-6.64374531216
-7.19573588872
-7.22125848806
-7.24646281777
-7.27216628847
-7.29754234099
-7.41390749967
-7.47552891935
-7.5371613734
-7.59806004207
-7.73641609709
-7.19573588872
-7.22125848806
-7.24646281777
-7.27216628847
-7.29754234099
-7.41390749967
-7.47552891935
-7.5371613734
-7.59806004207
-7.73641609709
-4.04784997763
-4.27467666626
-4.49867480112
-4.72710894556
-4.82573558177
-4.94702273332
-5.06994979282
-5.10679575609
-5.17388903449
-5.24159015197
-4.04784997763
-4.27467666626
-4.49867480112
-4.72710894556
-4.82573558177
-4.94702273332
-5.06994979282
-5.10679575609
-5.17388903449
-5.24159015197
-4.71615704218
-4.91899443963
-5.11930243241
-5.32357728042
-5.4167729579
-5.52519813582
-5.63508931661
-5.68819558077
-5.76280957694
-5.83809954699
-4.71615704218
-4.91899443963
-5.11930243241
-5.32357728042
-5.4167729579
-5.52519813582
-5.63508931661
-5.68819558077
-5.76280957694
-5.83809954699
-5.3080861565
-5.48967589604
-5.66900119155
-5.8224780235
-5.94026320532
-6.03729634947
-6.13564146626
-6.20314971119
-6.28442491455
-6.36643643973
-5.3080861565
-5.48967589604
-5.66900119155
-5.8224780235
-5.94026320532
-6.03729634947
-6.13564146626
-6.20314971119
-6.28442491455
-6.36643643973
-6.03367668373
-6.18922090713
-6.34282547695
-6.49947199773
-6.58196092798
-6.66502964362
-6.74922152066
-6.83438380655
-6.92382436064
-7.01407521147
-6.03367668373
-6.18922090713
-6.34282547695
-6.49947199773
-6.58196092798
-6.66502964362
-6.74922152066
-6.83438380655
-6.92382436064
-7.01407521147
-7.06477901189
-7.18331118604
-7.30036525093
-7.41973742866
-7.53758900944
-7.5570716932
-7.62115107166
-7.68524192462
-7.74856972295
-7.93440399237
-7.06477901189
-7.18331118604
-7.30036525093
-7.41973742866
-7.53758900944
-7.5570716932
-7.62115107166
-7.68524192462
-7.74856972295
-7.93440399237
-4.2807076889
-4.63413532861
-4.98315568677
-5.33908796699
-5.45409742389
-5.61726972209
-5.7826482519
-5.77817147828
-5.84938367382
-5.92124102425
-4.2807076889
-4.63413532861
-4.98315568677
-5.33908796699
-5.45409742389
-5.61726972209
-5.7826482519
-5.77817147828
-5.84938367382
-5.92124102425
-4.86935638115
-5.19069062536
-5.50801779619
-5.8316292442
-5.93611389295
-6.07766579638
-6.22113160487
-6.24625105537
-6.3275779612
-6.40964165726
-4.86935638115
-5.19069062536
-5.50801779619
-5.8316292442
-5.93611389295
-6.07766579638
-6.22113160487
-6.24625105537
-6.3275779612
-6.40964165726
-5.39073093713
-5.68363960248
-5.97289566453
-6.26788008974
-6.36304276554
-6.48544517647
-6.60950257463
-6.66083582364
-6.75112147287
-6.84222507507
-5.39073093713
-5.68363960248
-5.97289566453
-6.26788008974
-6.36304276554
-6.48544517647
-6.60950257463
-6.66083582364
-6.75112147287
-6.84222507507
-6.02983523157
-6.28789963895
-6.54274595476
-6.80263919071
-6.88637493195
-6.98530377143
-7.08557021499
-7.16903650733
-7.27030384202
-7.37248861948
-6.02983523157
-6.28789963895
-6.54274595476
-6.80263919071
-6.88637493195
-6.98530377143
-7.08557021499
-7.16903650733
-7.27030384202
-7.37248861948
-6.93803607104
-7.14658495393
-7.3525332093
-7.56256001842
-7.76991144595
-7.6956291432
-7.76208738814
-7.82855753356
-7.89423629689
-8.1260210247
-6.93803607104
-7.14658495393
-7.3525332093
-7.56256001842
-7.76991144595
-7.6956291432
-7.76208738814
-7.82855753356
-7.89423629689
-8.1260210247
-4.52455982301
-5.01056590271
-5.49051143313
-5.97996169879
-6.11212749449
-6.31916255482
-6.52899690951
-6.4812463378
-6.55677192598
-6.6329817467
-4.52455982301
-5.01056590271
-5.49051143313
-5.97996169879
-6.11212749449
-6.31916255482
-6.52899690951
-6.4812463378
-6.55677192598
-6.6329817467
-5.02978905716
-5.47521500017
-5.91508643265
-6.3636689818
-6.47997561282
-6.65621832666
-6.83484399552
-6.83065522943
-6.91901199626
-7.00816924115
-5.02978905716
-5.47521500017
-5.91508643265
-6.3636689818
-6.47997561282
-6.65621832666
-6.83484399552
-6.83065522943
-6.91901199626
-7.00816924115
-5.47727780741
-5.88676134363
-6.29113857509
-6.7035240039
-6.8057839462
-6.95475343886
-7.10573712884
-7.14013167629
-7.23985320137
-7.3404781648
-5.47727780741
-5.88676134363
-6.29113857509
-6.7035240039
-6.8057839462
-6.95475343886
-7.10573712884
-7.14013167629
-7.23985320137
-7.3404781648
-6.0258124045
-6.39123750658
-6.75210571742
-7.12012048259
-7.20516190324
-7.32069970544
-7.43779967936
-7.51948990148
-7.63314242054
-7.74782458735
-6.0258124045
-6.39123750658
-6.75210571742
-7.12012048259
-7.20516190324
-7.32069970544
-7.43779967936
-7.51948990148
-7.63314242054
-7.74782458735
-6.80530893719
-7.10812468551
-7.40716428812
-7.71212600495
-8.01320303218
-7.84072861057
-7.90967804063
-7.97863981728
-8.04678054689
-8.32668529307
-6.80530893719
-7.10812468551
-7.40716428812
-7.71212600495
-8.01320303218
-7.84072861057
-7.90967804063
-7.97863981728
-8.04678054689
-8.32668529307
-4.76817411734
-5.38662932742
-5.99737233298
-6.62021035809
-6.76951575926
-7.02037080041
-7.27461762025
-7.18363545731
-7.26347023108
-7.34402827694
-4.76817411734
-5.38662932742
-5.99737233298
-6.62021035809
-6.76951575926
-7.02037080041
-7.27461762025
-7.18363545731
-7.26347023108
-7.34402827694
-5.19006525609
-5.75946186577
-6.32175803706
-6.89518979751
-7.02330688031
-7.23420656906
-7.44795780533
-7.41448940824
-7.50986917955
-7.60611305461
-5.19006525609
-5.75946186577
-6.32175803706
-6.89518979751
-7.02330688031
-7.23420656906
-7.44795780533
-7.41448940824
-7.50986917955
-7.60611305461
-5.5637402647
-6.08968497116
-6.60907108925
-7.13874301527
-7.2480933018
-7.42360396414
-7.60148768353
-7.61896005049
-7.7281082482
-7.83824528626
-5.5637402647
-6.08968497116
-6.60907108925
-7.13874301527
-7.2480933018
-7.42360396414
-7.60148768353
-7.61896005049
-7.7281082482
-7.83824528626
-6.02179350106
-6.49447458422
-6.96126128225
-7.43729212093
-7.5236379475
-7.65576851296
-7.78968559876
-7.86960148293
-7.99562710654
-8.12279447344
-6.02179350106
-6.49447458422
-6.96126128225
-7.43729212093
-7.5236379475
-7.65576851296
-7.78968559876
-7.86960148293
-7.99562710654
-8.12279447344
-6.67271125799
-7.06970192909
-7.46174208283
-7.86154611317
-8.25625732537
-7.98568655601
-8.05712474144
-8.1285757191
-8.19917601374
-8.52715384469
-6.67271125799
-7.06970192909
-7.46174208283
-7.86154611317
-8.25625732537
-7.98568655601
-8.05712474144
-8.1285757191
-8.19917601374
-8.52715384469
-5.01153593219
-5.76230300366
-6.50370792713
-7.25979546991
-7.42622271323
-7.72085232061
-8.01946557695
-7.88529662757
-7.96943612093
-8.05433788548
-5.01153593219
-5.76230300366
-6.50370792713
-7.25979546991
-7.42622271323
-7.72085232061
-8.01946557695
-7.88529662757
-7.96943612093
-8.05433788548
-5.35017534633
-6.04341414068
-6.72800817098
-7.42615975021
-7.56607504455
-7.81159579007
-8.06043618995
-7.99771850699
-8.10011400421
-8.20343716492
-5.35017534633
-6.04341414068
-6.72800817098
-7.42615975021
-7.56607504455
-7.81159579007
-8.06043618995
-7.99771850699
-8.10011400421
-8.20343716492
-5.65011311314
-6.29239829061
-6.92667410125
-7.5735109699
-7.68994425229
-7.8919685773
-8.09672444718
-8.09729217163
-8.21585727225
-8.33549652671
-5.65011311314
-6.29239829061
-6.92667410125
-7.5735109699
-7.68994425229
-7.8919685773
-8.09672444718
-8.09729217163
-8.21585727225
-8.33549652671
-6.01777876278
-6.59760466795
-7.17020008028
-7.75413504566
-7.84178392629
-7.99049005842
-8.14120682701
-8.21935021214
-8.35773611694
-8.49737574438
-6.01777876278
-6.59760466795
-7.17020008028
-7.75413504566
-7.84178392629
-7.99049005842
-8.14120682701
-8.21935021214
-8.35773611694
-8.49737574438
-6.54025100174
-7.03131899364
-7.51626331365
-8.01081136383
-8.49905971945
-8.13049426844
-8.20441862992
-8.27835622882
-8.35141353941
-8.72741463266
-6.54025100174
-7.03131899364
-7.51626331365
-8.01081136383
-8.49905971945
-8.13049426844
-8.20441862992
-8.27835622882
-8.35141353941
-8.72741463266
-3.16137505772
-2.84301546534
-2.5286258521
-2.20801013642
-2.10376459666
-2.10767168458
-2.11163159974
-2.07544988336
-2.32271343272
-2.57221709396
-3.16137505772
-2.84301546534
-2.5286258521
-2.20801013642
-2.10376459666
-2.10767168458
-2.11163159974
-2.07544988336
-2.32271343272
-2.57221709396
-4.12547895197
-3.8660411755
-3.60983861666
-3.34856227894
-3.27381131014
-3.27047502417
-3.26709362871
-3.27531713899
-3.48508384712
-3.69675096029
-4.12547895197
-3.8660411755
-3.60983861666
-3.34856227894
-3.27381131014
-3.27047502417
-3.26709362871
-3.27531713899
-3.48508384712
-3.69675096029
-4.97939954402
-4.77214966165
-4.56748420813
-4.35876560517
-4.31013839922
-4.30038655352
-4.29050285437
-4.33805670827
-4.51461192845
-4.69276667047
-4.97939954402
-4.77214966165
-4.56748420813
-4.35876560517
-4.31013839922
-4.30038655352
-4.29050285437
-4.33805670827
-4.51461192845
-4.69276667047
-6.02614091491
-5.88286328983
-5.7413723525
-5.59707935991
-5.58047483099
-5.56285875078
-5.54500448582
-5.64076972867
-5.77661409266
-5.91368915391
-6.02614091491
-5.88286328983
-5.7413723525
-5.59707935991
-5.58047483099
-5.56285875078
-5.54500448582
-5.64076972867
-5.77661409266
-5.91368915391
-7.8955875007
-7.22327425275
-6.55934482499
-5.88226708551
-5.21381415601
-5.95364835272
-5.94506576341
-5.93648163725
-5.92799971221
-5.8280125659
-7.8955875007
-7.22327425275
-6.55934482499
-5.88226708551
-5.21381415601
-5.95364835272
-5.94506576341
-5.93648163725
-5.92799971221
-5.8280125659
-3.6195080061
-3.59847645813
-3.57770717588
-3.55652658334
-3.61558158862
-3.65448208831
-3.69390855664
-3.80265966153
-3.86549322823
-3.92889604267
-3.6195080061
-3.59847645813
-3.57770717588
-3.55652658334
-3.61558158862
-3.65448208831
-3.69390855664
-3.80265966153
-3.86549322823
-3.92889604267
-4.50536052783
-4.5418760909
-4.57793630089
-4.62359617438
-4.67867623774
-4.74457606972
-4.81136692484
-4.88659271712
-4.97112823467
-5.05642961122
-4.50536052783
-4.5418760909
-4.57793630089
-4.62359617438
-4.67867623774
-4.74457606972
-4.81136692484
-4.88659271712
-4.97112823467
-5.05642961122
-5.19061115637
-5.22321146016
-5.25540523458
-5.29889997923
-5.35416230487
-5.41669354897
-5.48007026996
-5.5605756741
-5.64381880293
-5.71865060082
-5.19061115637
-5.22321146016
-5.25540523458
-5.29889997923
-5.35416230487
-5.41669354897
-5.48007026996
-5.5605756741
-5.64381880293
-5.71865060082
-6.01726793455
-5.98329384268
-5.94974341147
-5.91552855494
-5.9862713689
-6.03547677179
-6.0853474746
-6.17103899553
-6.2378622908
-6.30529097921
-6.01726793455
-5.98329384268
-5.94974341147
-5.91552855494
-5.9862713689
-6.03547677179
-6.0853474746
-6.17103899553
-6.2378622908
-6.30529097921
-7.26225866662
-7.22156440773
-7.18137761073
-7.14039496327
-7.0999343645
-7.27176247283
-7.32705614355
-7.38235971553
-7.43700485272
-7.5391883501
-7.26225866662
-7.22156440773
-7.18137761073
-7.14039496327
-7.0999343645
-7.27176247283
-7.32705614355
-7.38235971553
-7.43700485272
-7.5391883501
-3.79469643863
-3.87532587811
-3.9549498596
-4.03615069683
-4.1162419836
-4.19321391572
-4.27122657542
-4.3521408054
-4.42031918392
-4.48911523212
-3.79469643863
-3.87532587811
-3.9549498596
-4.03615069683
-4.1162419836
-4.19321391572
-4.27122657542
-4.3521408054
-4.42031918392
-4.48911523212
-4.5473281986
-4.61653940448
-4.68488753901
-4.75898609402
-4.83387962874
-4.90742836709
-4.98197154844
-5.06459946257
-5.13529998071
-5.20664101813
-4.5473281986
-4.61653940448
-4.68488753901
-4.75898609402
-4.83387962874
-4.90742836709
-4.98197154844
-5.06459946257
-5.13529998071
-5.20664101813
-5.21394490028
-5.27304281356
-5.33140376935
-5.39956163476
-5.46950154301
-5.54001830972
-5.61148852455
-5.6956342732
-5.76856868643
-5.84122461726
-5.21394490028
-5.27304281356
-5.33140376935
-5.39956163476
-5.46950154301
-5.54001830972
-5.61148852455
-5.6956342732
-5.76856868643
-5.84122461726
-6.03108795396
-6.07778892791
-6.12390753558
-6.17093946596
-6.24865098631
-6.31545114263
-6.38315449526
-6.46916081528
-6.54483355151
-6.6211918534
-6.03108795396
-6.07778892791
-6.12390753558
-6.17093946596
-6.24865098631
-6.31545114263
-6.38315449526
-6.46916081528
-6.54483355151
-6.6211918534
-7.19229124076
-7.22137551146
-7.2500970981
-7.2793874807
-7.30830475402
-7.41738201045
-7.47973245364
-7.54209406174
-7.60371320328
-7.72823163753
-7.19229124076
-7.22137551146
-7.2500970981
-7.2793874807
-7.30830475402
-7.41738201045
-7.47973245364
-7.54209406174
-7.60371320328
-7.72823163753
-3.96207999697
-4.1398412937
-4.3153858875
-4.49440692765
-4.59459730202
-4.70794453438
-4.82282432006
-4.87714184437
-4.95042691636
-5.02437592269
-3.96207999697
-4.1398412937
-4.3153858875
-4.49440692765
-4.59459730202
-4.70794453438
-4.82282432006
-4.87714184437
-4.95042691636
-5.02437592269
-4.66282451308
-4.82241965318
-4.98002462432
-5.1207903658
-5.23561689922
-5.3389567593
-5.44369386431
-5.50877710932
-5.58571121771
-5.6633423193
-4.66282451308
-4.82241965318
-4.98002462432
-5.1207903658
-5.23561689922
-5.3389567593
-5.44369386431
-5.50877710932
-5.58571121771
-5.6633423193
-5.28348394163
-5.42698905728
-5.56870464836
-5.69721432557
-5.80337711389
-5.89785330137
-5.99360688921
-6.06822548684
-6.14839159891
-6.21159076482
-5.28348394163
-5.42698905728
-5.56870464836
-5.69721432557
-5.80337711389
-5.89785330137
-5.99360688921
-6.06822548684
-6.14839159891
-6.21159076482
-6.0442922734
-6.16807413329
-6.29031241976
-6.41497148625
-6.49934124799
-6.58295228842
-6.66769382296
-6.75400091736
-6.83812884038
-6.92301892976
-6.0442922734
-6.16807413329
-6.29031241976
-6.41497148625
-6.49934124799
-6.58295228842
-6.66769382296
-6.75400091736
-6.83812884038
-6.92301892976
-7.1254409554
-7.22119503077
-7.31575504228
-7.41218769937
-7.50739196968
-7.55651400687
-7.62560683408
-7.69471203354
-7.76299447841
-7.90885279881
-7.1254409554
-7.22119503077
-7.31575504228
-7.41218769937
-7.50739196968
-7.55651400687
-7.62560683408
-7.69471203354
-7.76299447841
-7.90885279881
-4.12407748002
-4.39584512096
-4.66422378952
-4.93791736993
-5.0575600826
-5.20611212923
-5.35667272895
-5.38524937751
-5.46347681957
-5.54241297192
-4.12407748002
-4.39584512096
-4.66422378952
-4.93791736993
-5.0575600826
-5.20611212923
-5.35667272895
-5.38524937751
-5.46347681957
-5.54241297192
-4.77460438222
-5.02167507844
-5.2656647759
-5.51448639142
-5.62442705067
-5.7565994125
-5.89055885979
-5.9386619888
-6.02162910272
-6.10534786651
-4.77460438222
-5.02167507844
-5.2656647759
-5.51448639142
-5.62442705067
-5.7565994125
-5.89055885979
-5.9386619888
-6.02162910272
-6.10534786651
-5.35078535273
-5.57598161221
-5.79836964955
-5.98528913538
-6.1265092224
-6.24417386339
-6.36342943283
-6.42882744451
-6.5159925535
-6.60394734458
-5.35078535273
-5.57598161221
-5.79836964955
-5.98528913538
-6.1265092224
-6.24417386339
-6.36342943283
-6.42882744451
-6.5159925535
-6.60394734458
-6.05707170369
-6.25545413748
-6.45136272048
-6.65115103378
-6.74196478774
-6.84184577093
-6.94307723203
-7.02967542248
-7.12198646092
-7.21513380157
-6.05707170369
-6.25545413748
-6.45136272048
-6.65115103378
-6.74196478774
-6.84184577093
-6.94307723203
-7.02967542248
-7.12198646092
-7.21513380157
-7.06074178137
-7.22102035759
-7.37930024233
-7.54071466694
-7.70007294842
-7.69116900797
-7.76678726248
-7.84241905773
-7.91715039386
-8.08366192466
-7.06074178137
-7.22102035759
-7.37930024233
-7.54071466694
-7.70007294842
-7.69116900797
-7.76678726248
-7.84241905773
-7.91715039386
-8.08366192466
-4.29372370623
-4.66393621949
-5.02953214198
-5.40236824534
-5.5423817423
-5.72780080547
-5.9157268959
-5.91734730819
-6.00075047529
-6.08490924275
-4.29372370623
-4.66393621949
-5.02953214198
-5.40236824534
-5.5423817423
-5.72780080547
-5.9157268959
-5.91734730819
-6.00075047529
-6.08490924275
-4.89166195996
-5.23033838797
-5.56479148365
-5.90586801456
-6.03159495022
-6.19396114606
-6.3585226743
-6.38884396778
-6.47812893676
-6.56822279294
-4.89166195996
-5.23033838797
-5.56479148365
-5.90586801456
-6.03159495022
-6.19396114606
-6.3585226743
-6.38884396778
-6.47812893676
-6.56822279294
-5.42126441326
-5.73200888005
-6.03887832914
-6.28696545424
-6.46489807724
-6.60684601915
-6.75071322089
-6.80645529484
-6.90094985978
-6.99630050883
-5.42126441326
-5.73200888005
-6.03887832914
-6.28696545424
-6.46489807724
-6.60684601915
-6.75071322089
-6.80645529484
-6.90094985978
-6.99630050883
-6.0704545173
-6.34695980582
-6.62001704296
-6.8984818453
-6.99604384584
-7.11296296036
-7.23146292316
-7.31836595382
-7.41924647508
-7.52104093476
-6.0704545173
-6.34695980582
-6.62001704296
-6.8984818453
-6.99604384584
-7.11296296036
-7.23146292316
-7.31836595382
-7.41924647508
-7.52104093476
-6.99298782305
-7.22083743718
-7.44584574155
-7.67531006067
-7.90185139763
-7.83218177155
-7.91463355269
-7.99710009824
-8.07858481131
-8.26672469792
-6.99298782305
-7.22083743718
-7.44584574155
-7.67531006067
-7.90185139763
-7.83218177155
-7.91463355269
-7.99710009824
-8.07858481131
-8.26672469792
-4.46320446898
-4.93176583692
-5.39448419304
-5.86636612126
-6.02673053399
-6.24898065566
-6.47423579259
-6.44892626022
-6.53750010425
-6.62687639296
-4.46320446898
-4.93176583692
-5.39448419304
-5.86636612126
-6.02673053399
-6.24898065566
-6.47423579259
-6.44892626022
-6.53750010425
-6.62687639296
-5.00860536627
-5.43879817894
-5.8636264399
-6.29686790588
-6.43836572091
-6.63089630137
-6.826030063
-6.83858686436
-6.93418352632
-7.03064625698
-5.00860536627
-5.43879817894
-5.8636264399
-6.29686790588
-6.43836572091
-6.63089630137
-6.826030063
-6.83858686436
-6.93418352632
-7.03064625698
-5.49167473244
-5.88788396759
-6.27915242997
-6.67816948655
-6.80295688646
-6.96916444471
-7.13761927394
-7.18371482802
-7.28553170016
-7.38827099368
-5.49167473244
-5.88788396759
-6.27915242997
-6.67816948655
-6.80295688646
-6.96916444471
-7.13761927394
-7.18371482802
-7.28553170016
-7.38827099368
-6.08382427807
-6.43837622464
-6.78850686942
-7.14557142414
-7.24987508939
-7.38381571719
-7.51956733896
-7.6067749125
-7.71621655841
-7.82664970318
-6.08382427807
-6.43837622464
-6.78850686942
-7.14557142414
-7.24987508939
-7.38381571719
-7.51956733896
-7.6067749125
-7.71621655841
-7.82664970318
-6.92529994817
-7.22065469518
-7.512326336
-7.80977417755
-8.10343304339
-7.97305699914
-8.06233564188
-8.15163027149
-8.23986177463
-8.44960892195
-6.92529994817
-7.22065469518
-7.512326336
-7.80977417755
-8.10343304339
-7.97305699914
-8.06233564188
-8.15163027149
-8.23986177463
-8.44960892195
-4.63250958351
-5.19931787833
-5.75905801135
-6.3298831143
-6.51057735131
-6.76962036013
-7.03216585609
-6.979954289
-7.07369345112
-7.1682818537
-4.63250958351
-5.19931787833
-5.75905801135
-6.3298831143
-6.51057735131
-6.76962036013
-7.03216585609
-6.979954289
-7.07369345112
-7.1682818537
-5.12542757357
-5.64704192421
-6.1621516865
-6.68746256873
-6.84471491832
-7.06737862134
-7.29305293159
-7.28786365177
-7.38976546534
-7.49259046984
-5.12542757357
-5.64704192421
-6.1621516865
-6.68746256873
-6.84471491832
-7.06737862134
-7.29305293159
-7.28786365177
-7.38976546534
-7.49259046984
-5.56201207905
-6.0435975077
-6.51917751307
-7.00417579979
-7.14066533482
-7.33110736698
-7.52412434132
-7.56058337308
-7.66971496366
-7.77983524413
-5.56201207905
-6.0435975077
-6.51917751307
-7.00417579979
-7.14066533482
-7.33110736698
-7.52412434132
-7.56058337308
-7.66971496366
-7.77983524413
-6.09718018254
-6.52969790037
-6.95682207466
-7.39240492174
-7.50344326471
-7.65438776486
-7.80737316615
-7.89488496695
-8.01287886482
-8.13194174165
-6.09718018254
-6.52969790037
-6.95682207466
-7.39240492174
-7.50344326471
-7.65438776486
-7.80737316615
-7.89488496695
-8.01287886482
-8.13194174165
-6.85768222435
-7.22047214258
-7.57873803061
-7.94409893714
-8.3048057719
-8.11378622501
-8.20988465406
-8.30600029117
-8.40097159208
-8.63230360656
-6.85768222435
-7.22047214258
-7.57873803061
-7.94409893714
-8.3048057719
-8.11378622501
-8.20988465406
-8.30600029117
-8.40097159208
-8.63230360656
-3.73209290537
-3.7409209955
-3.76646859099
-3.80784781004
-3.86081475588
-3.9223357582
-3.99081960042
-4.06307572558
-4.13606624418
-4.20994329351
-3.73209290537
-3.7409209955
-3.76646859099
-3.80784781004
-3.86081475588
-3.9223357582
-3.99081960042
-4.06307572558
-4.13606624418
-4.20994329351
-4.1704572028
-3.99560215061
-3.82292756016
-3.64683336027
-3.62005211545
-3.62692016548
-3.63388107753
-3.66242259475
-3.76409779716
-3.86669413747
-4.1704572028
-3.99560215061
-3.82292756016
-3.64683336027
-3.62005211545
-3.62692016548
-3.63388107753
-3.66242259475
-3.76409779716
-3.86669413747
-4.975945876
-4.84775204582
-4.72115680681
-4.59205450366
-4.58308638437
-4.59670220406
-4.61050212149
-4.63732463647
-4.75243692723
-4.86859209072
-4.975945876
-4.84775204582
-4.72115680681
-4.59205450366
-4.58308638437
-4.59670220406
-4.61050212149
-4.63732463647
-4.75243692723
-4.86859209072
-6.03901206634
-6.04834486039
-6.07507302617
-6.11812659908
-6.17315571955
-6.23672675836
-6.3071106598
-6.38104813078
-6.45578927683
-6.53119094632
-6.03901206634
-6.04834486039
-6.07507302617
-6.11812659908
-6.17315571955
-6.23672675836
-6.3071106598
-6.38104813078
-6.45578927683
-6.53119094632
-7.21771153559
-6.8260666568
-6.43930563274
-6.0448852788
-5.65548916419
-5.99954346245
-5.94661573983
-5.89367853959
-5.84137160054
-6.00253426828
-7.21771153559
-6.8260666568
-6.43930563274
-6.0448852788
-5.65548916419
-5.99954346245
-5.94661573983
-5.89367853959
-5.84137160054
-6.00253426828
-3.75131325219
-3.76641539459
-3.80208022976
-3.84863608806
-3.90446175595
-3.97276721604
-4.04435543363
-4.11912841627
-4.19393956561
-4.26431954928
-3.75131325219
-3.76641539459
-3.80208022976
-3.84863608806
-3.90446175595
-3.97276721604
-4.04435543363
-4.11912841627
-4.19393956561
-4.26431954928
-4.50034740871
-4.53520130444
-4.56962056826
-4.61539552817
-4.67144130467
-4.73777249293
-4.80500053663
-4.8827918773
-4.95929582801
-5.03649287485
-4.50034740871
-4.53520130444
-4.56962056826
-4.61539552817
-4.67144130467
-4.73777249293
-4.80500053663
-4.8827918773
-4.95929582801
-5.03649287485
-5.18238922306
-5.21612596745
-5.24944201093
-5.29452531799
-5.35076604782
-5.41534859531
-5.48080435511
-5.5591795142
-5.63718280328
-5.71250695305
-5.18238922306
-5.21612596745
-5.24944201093
-5.29452531799
-5.35076604782
-5.41534859531
-5.48080435511
-5.5591795142
-5.63718280328
-5.71250695305
-6.03650712659
-6.05080781243
-6.0827715213
-6.12700699583
-6.18348670072
-6.24592575308
-6.32104363459
-6.38829984332
-6.46814103103
-6.54631182189
-6.03650712659
-6.05080781243
-6.0827715213
-6.12700699583
-6.18348670072
-6.24592575308
-6.32104363459
-6.38829984332
-6.46814103103
-6.54631182189
-7.19171822153
-7.18215359282
-7.17270823608
-7.16307582559
-7.15356611549
-7.27945719674
-7.33099568864
-7.38254340938
-7.43347741184
-7.54918041239
-7.19171822153
-7.18215359282
-7.17270823608
-7.16307582559
-7.15356611549
-7.27945719674
-7.33099568864
-7.38254340938
-7.43347741184
-7.54918041239
-3.79919639684
-3.84738499612
-3.91181377327
-3.98149822649
-4.056001936
-4.1319363883
-4.21282551978
-4.29118340631
-4.36470274744
-4.43448283525
-3.79919639684
-3.84738499612
-3.91181377327
-3.98149822649
-4.056001936
-4.1319363883
-4.21282551978
-4.29118340631
-4.36470274744
-4.43448283525
-4.5367922495
-4.59481388129
-4.65211197694
-4.71722826597
-4.78759422743
-4.86049464559
-4.93438074091
-5.01761298871
-5.09133612858
-5.16572717152
-4.5367922495
-4.59481388129
-4.65211197694
-4.71722826597
-4.78759422743
-4.86049464559
-4.93438074091
-5.01761298871
-5.09133612858
-5.16572717152
-5.20519618968
-5.25682232243
-5.30780467163
-5.36887487237
-5.43557597128
-5.50578910205
-5.57695157552
-5.66102204741
-5.73492569474
-5.80980190557
-5.20519618968
-5.25682232243
-5.30780467163
-5.36887487237
-5.43557597128
-5.50578910205
-5.57695157552
-5.66102204741
-5.73492569474
-5.80980190557
-6.04208885846
-6.06831654061
-6.11155700704
-6.16766748666
-6.2298761734
-6.29679520997
-6.37494946395
-6.44971702258
-6.52384193712
-6.60165227939
-6.04208885846
-6.06831654061
-6.11155700704
-6.16766748666
-6.2298761734
-6.29679520997
-6.37494946395
-6.44971702258
-6.52384193712
-6.60165227939
-7.18884659281
-7.22149253486
-7.25373137843
-7.28660867293
-7.31906716705
-7.42085652122
-7.48393598792
-7.54702675008
-7.6093663645
-7.72004717796
-7.18884659281
-7.22149253486
-7.25373137843
-7.28660867293
-7.31906716705
-7.42085652122
-7.48393598792
-7.54702675008
-7.6093663645
-7.72004717796
-3.89038727913
-4.00500592114
-4.13209697388
-4.25304152379
-4.36345902228
-4.46886633545
-4.55801220173
-4.64748793265
-4.72696479824
-4.79733952313
-3.89038727913
-4.00500592114
-4.13209697388
-4.25304152379
-4.36345902228
-4.46886633545
-4.55801220173
-4.64748793265
-4.72696479824
-4.79733952313
-4.60949198397
-4.72584486673
-4.84074681623
-4.95246301825
-5.05446084055
-5.15271538278
-5.25229841201
-5.32935863787
-5.40861285849
-5.48858509161
-4.60949198397
-4.72584486673
-4.84074681623
-4.95246301825
-5.05446084055
-5.15271538278
-5.25229841201
-5.32935863787
-5.40861285849
-5.48858509161
-5.25888172676
-5.36430221853
-5.46840810517
-5.57195062763
-5.66649102245
-5.75841025327
-5.85157231216
-5.9333012625
-6.01235828327
-6.08342824516
-5.25888172676
-5.36430221853
-5.46840810517
-5.57195062763
-5.66649102245
-5.75841025327
-5.85157231216
-5.9333012625
-6.01235828327
-6.08342824516
-6.07818824809
-6.14692735945
-6.23779936257
-6.3313225359
-6.41672156801
-6.50087493323
-6.58915938043
-6.67361802816
-6.75243332011
-6.82390356997
-6.07818824809
-6.14692735945
-6.23779936257
-6.3313225359
-6.41672156801
-6.50087493323
-6.58915938043
-6.67361802816
-6.75243332011
-6.82390356997
-7.1861028989
-7.25907887549
-7.33114483363
-7.40463797008
-7.47719492992
-7.55595632054
-7.6300625965
-7.70418214245
-7.77741923386
-7.88330160526
-7.1861028989
-7.25907887549
-7.33114483363
-7.40463797008
-7.47719492992
-7.55595632054
-7.6300625965
-7.70418214245
-7.77741923386
-7.88330160526
-3.96744727114
-4.15755491331
-4.34529189226
-4.53674677287
-4.66102274131
-4.79495453638
-4.93069720599
-4.99232727675
-5.07756996532
-5.16358491959
-3.96744727114
-4.15755491331
-4.34529189226
-4.53674677287
-4.66102274131
-4.79495453638
-4.93069720599
-4.99232727675
-5.07756996532
-5.16358491959
-4.67985238329
-4.85265953153
-5.02331175561
-5.18012837663
-5.3127402084
-5.43553302861
-5.55998611472
-5.63107292224
-5.71568024424
-5.80105407577
-4.67985238329
-4.85265953153
-5.02331175561
-5.18012837663
-5.3127402084
-5.43553302861
-5.55998611472
-5.63107292224
-5.71568024424
-5.80105407577
-5.31083976833
-5.46832362194
-5.62384363457
-5.76849180257
-5.88997567926
-6.0029025503
-6.11735629102
-6.19681906538
-6.28086363414
-6.34824982472
-5.31083976833
-5.46832362194
-5.62384363457
-5.76849180257
-5.88997567926
-6.0029025503
-6.11735629102
-6.19681906538
-6.28086363414
-6.34824982472
-6.15157567702
-6.32538429751
-6.53933566409
-6.72381342436
-6.88217636729
-7.01190073644
-7.12774168508
-7.22999002963
-7.31531107505
-7.39551347886
-6.15157567702
-6.32538429751
-6.53933566409
-6.72381342436
-6.88217636729
-7.01190073644
-7.12774168508
-7.22999002963
-7.31531107505
-7.39551347886
-7.18344749169
-7.29545576125
-7.40606727536
-7.51886931546
-7.6302344509
-7.68670887274
-7.77148713682
-7.85628058189
-7.94006449083
-8.04130282462
-7.18344749169
-7.29545576125
-7.40606727536
-7.51886931546
-7.6302344509
-7.68670887274
-7.77148713682
-7.85628058189
-7.94006449083
-8.04130282462
-4.06288758946
-4.31730653628
-4.56855285083
-4.82477479189
-4.97263599011
-5.13643905612
-5.30245688228
-5.35344827858
-5.44472902461
-5.53683673879
-4.06288758946
-4.31730653628
-4.56855285083
-4.82477479189
-4.97263599011
-5.13643905612
-5.30245688228
-5.35344827858
-5.44472902461
-5.53683673879
-4.75353486276
-4.98546177577
-5.21449653466
-5.44806704731
-5.58321428762
-5.73170396545
-5.88220135308
-5.94703270613
-6.03724587726
-6.12827634474
-4.75353486276
-4.98546177577
-5.21449653466
-5.44806704731
-5.58321428762
-5.73170396545
-5.88220135308
-5.94703270613
-6.03724587726
-6.12827634474
-5.3652510191
-5.57725641647
-5.7866180832
-5.97431270791
-6.12401220827
-6.25893859943
-6.39568931293
-6.47277891339
-6.56204651818
-6.65212285286
-5.3652510191
-5.57725641647
-5.7866180832
-5.97431270791
-6.12401220827
-6.25893859943
-6.39568931293
-6.47277891339
-6.56204651818
-6.65212285286
-6.32411807034
-6.67562017891
-7.05663647738
-7.32162626047
-7.51902697901
-7.67106313057
-7.8027836012
-7.91161858115
-8.00535556655
-8.09091644884
-6.32411807034
-6.67562017891
-7.05663647738
-7.32162626047
-7.51902697901
-7.67106313057
-7.8027836012
-7.91161858115
-8.00535556655
-8.09091644884
-7.18066670891
-7.33355018885
-7.48452719498
-7.63849411638
-7.79049976308
-7.82363493253
-7.91958906475
-8.0155603792
-8.11038907573
-8.20676410277
-7.18066670891
-7.33355018885
-7.48452719498
-7.63849411638
-7.79049976308
-7.82363493253
-7.91958906475
-8.0155603792
-8.11038907573
-8.20676410277
-4.15823482061
-4.47690234641
-4.7915960531
-5.11252188444
-5.28394530873
-5.47759051091
-5.67385396492
-5.71421706313
-5.81152997742
-5.90972450898
-4.15823482061
-4.47690234641
-4.7915960531
-5.11252188444
-5.28394530873
-5.47759051091
-5.67385396492
-5.71421706313
-5.81152997742
-5.90972450898
-4.82714547644
-5.11813449211
-5.40549484274
-5.69854601426
-5.85342456151
-6.02758603368
-6.20410232067
-6.26268432047
-6.35849787309
-6.45517945935
-4.82714547644
-5.11813449211
-5.40549484274
-5.69854601426
-5.85342456151
-6.02758603368
-6.20410232067
-6.26268432047
-6.35849787309
-6.45517945935
-5.41960920017
-5.68608296402
-5.9492337707
-6.21759595782
-6.35782047111
-6.51472492527
-6.67375086434
-6.74846960554
-6.84295515211
-6.9382967011
-5.41960920017
-5.68608296402
-5.9492337707
-6.21759595782
-6.35782047111
-6.51472492527
-6.67375086434
-6.74846960554
-6.84295515211
-6.9382967011
-6.71610709677
-7.20230164453
-7.67078819359
-7.97298341579
-8.17932785124
-8.3399148572
-8.47218096962
-8.58170187522
-8.67713972681
-8.76106616374
-6.71610709677
-7.20230164453
-7.67078819359
-7.97298341579
-8.17932785124
-8.3399148572
-8.47218096962
-8.58170187522
-8.67713972681
-8.76106616374
-7.17788863835
-7.37160746128
-7.56291058917
-7.75800224194
-7.95060876141
-7.96042744227
-8.06754654232
-8.17468482388
-8.28054753553
-8.37206399921
-7.17788863835
-7.37160746128
-7.56291058917
-7.75800224194
-7.95060876141
-7.96042744227
-8.06754654232
-8.17468482388
-8.28054753553
-8.37206399921
-4.25348323482
-4.63633275301
-5.01440809557
-5.3999707587
-5.59493198939
-5.81838839965
-6.04486613524
-6.07461195042
-6.1779507813
-6.28222582192
-4.25348323482
-4.63633275301
-5.01440809557
-5.3999707587
-5.59493198939
-5.81838839965
-6.04486613524
-6.07461195042
-6.1779507813
-6.28222582192
-4.9006798008
-5.25066970774
-5.59629520203
-5.94876538725
-6.12335479209
-6.32316145261
-6.52566967324
-6.57800879655
-6.67941692648
-6.78174377476
-4.9006798008
-5.25066970774
-5.59629520203
-5.94876538725
-6.12335479209
-6.32316145261
-6.52566967324
-6.57800879655
-6.67941692648
-6.78174377476
-5.47391104495
-5.79479672479
-6.11168092489
-6.43484062968
-6.59138641734
-6.77024615666
-6.95152423546
-7.02387457454
-7.12357265507
-7.22417396156
-5.47391104495
-5.79479672479
-6.11168092489
-6.43484062968
-6.59138641734
-6.77024615666
-6.95152423546
-7.02387457454
-7.12357265507
-7.22417396156
-7.30665092533
-7.71153628052
-8.15247488484
-8.43803697116
-8.63080035968
-8.77375302574
-8.89136427559
-8.99342433366
-9.07877424854
-9.1560336119
-7.30665092533
-7.71153628052
-8.15247488484
-8.43803697116
-8.63080035968
-8.77375302574
-8.89136427559
-8.99342433366
-9.07877424854
-9.1560336119
-7.17511344695
-7.40962529152
-7.64121274757
-7.87738651044
-8.11055182434
-8.09707818158
-8.2153506782
-8.33364435353
-8.45052964475
-8.53719258045
-7.17511344695
-7.40962529152
-7.64121274757
-7.87738651044
-8.11055182434
-8.09707818158
-8.2153506782
-8.33364435353
-8.45052964475
-8.53719258045
-3.73209290537
-3.7409209955
-3.76646859099
-3.80784781004
-3.86081475588
-3.9223357582
-3.99081960042
-4.06307572558
-4.13606624418
-4.20994329351
-3.73209290537
-3.7409209955
-3.76646859099
-3.80784781004
-3.86081475588
-3.9223357582
-3.99081960042
-4.06307572558
-4.13606624418
-4.20994329351
-4.21543545362
-4.12516312571
-4.03601650366
-3.9451044416
-3.96629292075
-3.98336530678
-4.00066852634
-4.04952805051
-4.04311174719
-4.03663731465
-4.21543545362
-4.12516312571
-4.03601650366
-3.9451044416
-3.96629292075
-3.98336530678
-4.00066852634
-4.04952805051
-4.04311174719
-4.03663731465
-4.97249220798
-4.92335442999
-4.8748294055
-4.82534340214
-4.85603436952
-4.89301785459
-4.9305013886
-4.93659256467
-4.99026192601
-5.04441751096
-4.97249220798
-4.92335442999
-4.8748294055
-4.82534340214
-4.85603436952
-4.89301785459
-4.9305013886
-4.93659256467
-4.99026192601
-5.04441751096
-6.03901206634
-6.04834486039
-6.07507302617
-6.11812659908
-6.17315571955
-6.23672675836
-6.3071106598
-6.38104813078
-6.45578927683
-6.53119094632
-6.03901206634
-6.04834486039
-6.07507302617
-6.11812659908
-6.17315571955
-6.23672675836
-6.3071106598
-6.38104813078
-6.45578927683
-6.53119094632
-6.53983557048
-6.42885906084
-6.31926644049
-6.20750347209
-6.09716417236
-6.04543857217
-5.94816571624
-5.85087544194
-5.75474348887
-6.17705597065
-6.53983557048
-6.42885906084
-6.31926644049
-6.20750347209
-6.09716417236
-6.04543857217
-5.94816571624
-5.85087544194
-5.75474348887
-6.17705597065
-3.74794939356
-3.76020430873
-3.79110843861
-3.83611578141
-3.89289283382
-3.95980067763
-4.03114192364
-4.11261261524
-4.17624024782
-4.25422963741
-3.74794939356
-3.76020430873
-3.79110843861
-3.83611578141
-3.89289283382
-3.95980067763
-4.03114192364
-4.11261261524
-4.17624024782
-4.25422963741
-4.49533428959
-4.52852651798
-4.56130483563
-4.60719488197
-4.6642063716
-4.73096891613
-4.79863414842
-4.87899103748
-4.94746342135
-5.01655613848
-4.49533428959
-4.52852651798
-4.56130483563
-4.60719488197
-4.6642063716
-4.73096891613
-4.79863414842
-4.87899103748
-4.94746342135
-5.01655613848
-5.17416728975
-5.20904047474
-5.24347878728
-5.29015065674
-5.34736979078
-5.41400364166
-5.48153844025
-5.55778335431
-5.63054680363
-5.70636330528
-5.17416728975
-5.20904047474
-5.24347878728
-5.29015065674
-5.34736979078
-5.41400364166
-5.48153844025
-5.55778335431
-5.63054680363
-5.70636330528
-6.03375603407
-6.04321887335
-6.07969201833
-6.12732225163
-6.18479591751
-6.25127201489
-6.31602057589
-6.38985135559
-6.46787482061
-6.54244026557
-6.03375603407
-6.04321887335
-6.07969201833
-6.12732225163
-6.18479591751
-6.25127201489
-6.31602057589
-6.38985135559
-6.46787482061
-6.54244026557
-7.12117777644
-7.14274277791
-7.16403886144
-7.1857566879
-7.20719786648
-7.28715192065
-7.33493523373
-7.38272710322
-7.42994997096
-7.55917247469
-7.12117777644
-7.14274277791
-7.16403886144
-7.1857566879
-7.20719786648
-7.28715192065
-7.33493523373
-7.38272710322
-7.42994997096
-7.55917247469
-3.78605795504
-3.81944411414
-3.86867768694
-3.92724080818
-3.9957618884
-4.07065886088
-4.14653312708
-4.23022600722
-4.30908631095
-4.38344346439
-3.78605795504
-3.81944411414
-3.86867768694
-3.92724080818
-3.9957618884
-4.07065886088
-4.14653312708
-4.23022600722
-4.30908631095
-4.38344346439
-4.5262563004
-4.57308835809
-4.61933641487
-4.67547043792
-4.74130882613
-4.8135609241
-4.88678993338
-4.97062651485
-5.04737227645
-5.1248133249
-4.5262563004
-4.57308835809
-4.61933641487
-4.67547043792
-4.74130882613
-4.8135609241
-4.88678993338
-4.97062651485
-5.04737227645
-5.1248133249
-5.19644747908
-5.24060183131
-5.2842055739
-5.33818810997
-5.40165039954
-5.47155989438
-5.5424146265
-5.62640982161
-5.70128270304
-5.77837919387
-5.19644747908
-5.24060183131
-5.2842055739
-5.33818810997
-5.40165039954
-5.47155989438
-5.5424146265
-5.62640982161
-5.70128270304
-5.77837919387
-6.04266286418
-6.05884415331
-6.09920647851
-6.15055170796
-6.2111013605
-6.27813927731
-6.34837280721
-6.43027322989
-6.50285032273
-6.58152400781
-6.04266286418
-6.05884415331
-6.09920647851
-6.15055170796
-6.2111013605
-6.27813927731
-6.34837280721
-6.43027322989
-6.50285032273
-6.58152400781
-7.18540194485
-7.22160955826
-7.25736565876
-7.29382986516
-7.32982958008
-7.424331032
-7.48813952221
-7.55195943842
-7.61501952571
-7.7118627184
-7.18540194485
-7.22160955826
-7.25736565876
-7.29382986516
-7.32982958008
-7.424331032
-7.48813952221
-7.55195943842
-7.61501952571
-7.7118627184
-3.81059170166
-3.87017054859
-3.94880806026
-4.03609392668
-4.13232074253
-4.22978813651
-4.32150126819
-4.41783402093
-4.50350268012
-4.58075007433
-3.81059170166
-3.87017054859
-3.94880806026
-4.03609392668
-4.13232074253
-4.22978813651
-4.32150126819
-4.41783402093
-4.50350268012
-4.58075007433
-4.55615945487
-4.62927008028
-4.70146900814
-4.7841356707
-4.87330478188
-4.96647400625
-5.0609029597
-5.14994016642
-5.23151449926
-5.31382786391
-4.55615945487
-4.62927008028
-4.70146900814
-4.7841356707
-4.87330478188
-4.96647400625
-5.0609029597
-5.14994016642
-5.23151449926
-5.31382786391
-5.23427951189
-5.30161537978
-5.36811156198
-5.44668692969
-5.52960493101
-5.61896720517
-5.70953773511
-5.79837703815
-5.87632496764
-5.9552657255
-5.23427951189
-5.30161537978
-5.36811156198
-5.44668692969
-5.52960493101
-5.61896720517
-5.70953773511
-5.79837703815
-5.87632496764
-5.9552657255
-6.07923711217
-6.12578058561
-6.18528630539
-6.25884653748
-6.33410188802
-6.41879757803
-6.50933009621
-6.59323513897
-6.66673779985
-6.74665352466
-6.07923711217
-6.12578058561
-6.18528630539
-6.25884653748
-6.33410188802
-6.41879757803
-6.50933009621
-6.59323513897
-6.66673779985
-6.74665352466
-7.2467648424
-7.29696272022
-7.34653462497
-7.39708824078
-7.44699789016
-7.55539863421
-7.63451835891
-7.71365225136
-7.79184398932
-7.8577504117
-7.2467648424
-7.29696272022
-7.34653462497
-7.39708824078
-7.44699789016
-7.55539863421
-7.63451835891
-7.71365225136
-7.79184398932
-7.8577504117
-3.81081706226
-3.91926470566
-4.02635999501
-4.13557617581
-4.26448540002
-4.38379694352
-4.50472168303
-4.59940517598
-4.69166311106
-4.78475686726
-3.81081706226
-3.91926470566
-4.02635999501
-4.13557617581
-4.26448540002
-4.38379694352
-4.50472168303
-4.59940517598
-4.69166311106
-4.78475686726
-4.58510038436
-4.68364398461
-4.78095873532
-4.88930426898
-5.00105336613
-5.11446664472
-5.22941336964
-5.32348385567
-5.40973138576
-5.49676028502
-4.58510038436
-4.68364398461
-4.78095873532
-4.88930426898
-5.00105336613
-5.11446664472
-5.22941336964
-5.32348385567
-5.40973138576
-5.49676028502
-5.27089418393
-5.36066563168
-5.44931761959
-5.55169446976
-5.65344213611
-5.76163123721
-5.87128314921
-5.96481068626
-6.04573471477
-6.12646039477
-5.27089418393
-5.36066563168
-5.44931761959
-5.55169446976
-5.65344213611
-5.76163123721
-5.87128314921
-5.96481068626
-6.04573471477
-6.12646039477
-6.1159370374
-6.22401263763
-6.36049868379
-6.50699813668
-6.65144824362
-6.78187245966
-6.9088183646
-7.01835816081
-7.10415404337
-7.19286221605
-6.1159370374
-6.22401263763
-6.36049868379
-6.50699813668
-6.65144824362
-6.78187245966
-6.9088183646
-7.01835816081
-7.10415404337
-7.19286221605
-7.30615320202
-7.36989116491
-7.43283430839
-7.49702396398
-7.56039595337
-7.68224873752
-7.77618701116
-7.87014210606
-7.9629785878
-7.99894372458
-7.30615320202
-7.36989116491
-7.43283430839
-7.49702396398
-7.56039595337
-7.68224873752
-7.77618701116
-7.87014210606
-7.9629785878
-7.99894372458
-3.83205147269
-3.97067685306
-4.10757355968
-4.24718133844
-4.40289023792
-4.54507730678
-4.68918686867
-4.78954924897
-4.88870757392
-4.98876423484
-3.83205147269
-3.97067685306
-4.10757355968
-4.24718133844
-4.40289023792
-4.54507730678
-4.68918686867
-4.78954924897
-4.88870757392
-4.98876423484
-4.61540776555
-4.74058516357
-4.86420158566
-4.99026608007
-5.13483362502
-5.26944678485
-5.40588003187
-5.50522144448
-5.59636281776
-5.68832989653
-4.61540776555
-4.74058516357
-4.86420158566
-4.99026608007
-5.13483362502
-5.26944678485
-5.40588003187
-5.50522144448
-5.59636281776
-5.68832989653
-5.30923762495
-5.42250395289
-5.53435783725
-5.66165996157
-5.78312633931
-5.91103117971
-6.04066540498
-6.13910253193
-6.22314317658
-6.30794519689
-5.30923762495
-5.42250395289
-5.53435783725
-5.66165996157
-5.78312633931
-5.91103117971
-6.04066540498
-6.13910253193
-6.22314317658
-6.30794519689
-6.16775294338
-6.39722363713
-6.67786932411
-6.92944293347
-7.13195065293
-7.29174258378
-7.4378081412
-7.56000053683
-7.66035848521
-7.75262917701
-6.16775294338
-6.39722363713
-6.67786932411
-6.92944293347
-7.13195065293
-7.29174258378
-7.4378081412
-7.56000053683
-7.66035848521
-7.75262917701
-7.36834559477
-7.44626294053
-7.52320864841
-7.60167817209
-7.67914812853
-7.81508809351
-7.92454457681
-8.03402066017
-8.14219334015
-8.14680350762
-7.36834559477
-7.44626294053
-7.52320864841
-7.60167817209
-7.67914812853
-7.81508809351
-7.92454457681
-8.03402066017
-8.14219334015
-8.14680350762
-3.85326517225
-4.02203885591
-4.18870791317
-4.35867764761
-4.54116008346
-4.70620036616
-4.87347213726
-4.97950786604
-5.08555985059
-5.192572625
-3.85326517225
-4.02203885591
-4.18870791317
-4.35867764761
-4.54116008346
-4.70620036616
-4.87347213726
-4.97950786604
-5.08555985059
-5.192572625
-4.64568558662
-4.79747080529
-4.94736324558
-5.10022412264
-5.26848340211
-5.42427576599
-5.58217457835
-5.68678177658
-5.78281221986
-5.87971266172
-4.64568558662
-4.79747080529
-4.94736324558
-5.10022412264
-5.26848340211
-5.42427576599
-5.58217457835
-5.68678177658
-5.78281221986
-5.87971266172
-5.34754366791
-5.48428196045
-5.61931511143
-5.7570224291
-5.91268405577
-6.06028540584
-6.20988245475
-6.31322438306
-6.40037860407
-6.48832240853
-5.34754366791
-5.48428196045
-5.61931511143
-5.7570224291
-5.91268405577
-6.06028540584
-6.20988245475
-6.31322438306
-6.40037860407
-6.48832240853
-6.3084640873
-6.70371405952
-7.12394909448
-7.43598514762
-7.65115728577
-7.82348759549
-7.96861136305
-8.08992638852
-8.19423918239
-8.28772041317
-6.3084640873
-6.70371405952
-7.12394909448
-7.43598514762
-7.65115728577
-7.82348759549
-7.96861136305
-8.08992638852
-8.19423918239
-8.28772041317
-7.43047732853
-7.52256022737
-7.61349484234
-7.70623030632
-7.79778447944
-7.9477978854
-8.07275744276
-8.19773937627
-8.32123329642
-8.29451907647
-7.43047732853
-7.52256022737
-7.61349484234
-7.70623030632
-7.79778447944
-7.9477978854
-8.07275744276
-8.19773937627
-8.32123329642
-8.29451907647
-3.87445688614
-4.07334762769
-4.2697581798
-4.47005840309
-4.67928662747
-4.86715643917
-5.05756641438
-5.16926961185
-5.28220811148
-5.39616979014
-3.87445688614
-4.07334762769
-4.2697581798
-4.47005840309
-4.67928662747
-4.86715643917
-5.05756641438
-5.16926961185
-5.28220811148
-5.39616979014
-4.67593202804
-4.85429749127
-5.03043871755
-5.21006820576
-5.40199466587
-5.57894428388
-5.75828641488
-5.86815394132
-5.96906838762
-6.07089707967
-4.67593202804
-4.85429749127
-5.03043871755
-5.21006820576
-5.40199466587
-5.57894428388
-5.75828641488
-5.86815394132
-5.96906838762
-6.07089707967
-5.38581001086
-5.54599594188
-5.70418433671
-5.86550545956
-6.04210749987
-6.20938494634
-6.37892412961
-6.487165776
-6.57743034649
-6.66851267898
-5.38581001086
-5.54599594188
-5.70418433671
-5.86550545956
-6.04210749987
-6.20938494634
-6.37892412961
-6.487165776
-6.57743034649
-6.66851267898
-6.6110775328
-7.14235348295
-7.62737667674
-7.94321258091
-8.16585592086
-8.33865667109
-8.48142268089
-8.6045328991
-8.71052897438
-8.80410613028
-6.6110775328
-7.14235348295
-7.62737667674
-7.94321258091
-8.16585592086
-8.33865667109
-8.48142268089
-8.6045328991
-8.71052897438
-8.80410613028
-7.49254466956
-7.59877844045
-7.70368746453
-7.81067408374
-7.91629787678
-8.08037013815
-8.22081670234
-8.36128841588
-8.50008769742
-8.44208155434
-7.49254466956
-7.59877844045
-7.70368746453
-7.81067408374
-7.91629787678
-8.08037013815
-8.22081670234
-8.36128841588
-8.50008769742
-8.44208155434
-3.73209290537
-3.7409209955
-3.76646859099
-3.80784781004
-3.86081475588
-3.9223357582
-3.99081960042
-4.06307572558
-4.13606624418
-4.20994329351
-3.73209290537
-3.7409209955
-3.76646859099
-3.80784781004
-3.86081475588
-3.9223357582
-3.99081960042
-4.06307572558
-4.13606624418
-4.20994329351
-4.29072990756
-4.22739705194
-4.16485396401
-4.10107228658
-4.12964498402
-4.15448278917
-4.17965642307
-4.17464499632
-4.2025285668
-4.2306647516
-4.29072990756
-4.22739705194
-4.16485396401
-4.10107228658
-4.12964498402
-4.15448278917
-4.17965642307
-4.17464499632
-4.2025285668
-4.2306647516
-5.01556234402
-4.98513853451
-4.95509411326
-4.92445469893
-4.97630039986
-5.00640047236
-5.03690752406
-5.04977869718
-5.08421912159
-5.11897156288
-5.01556234402
-4.98513853451
-4.95509411326
-4.92445469893
-4.97630039986
-5.00640047236
-5.03690752406
-5.04977869718
-5.08421912159
-5.11897156288
-6.03901206634
-6.04834486039
-6.07507302617
-6.11812659908
-6.17315571955
-6.23672675836
-6.3071106598
-6.38104813078
-6.45578927683
-6.53119094632
-6.03901206634
-6.04834486039
-6.07507302617
-6.11812659908
-6.17315571955
-6.23672675836
-6.3071106598
-6.38104813078
-6.45578927683
-6.53119094632
-6.96514226182
-6.84387313714
-6.72411625179
-6.60198772755
-6.48141491138
-6.52679007986
-6.41249101932
-6.29817149158
-6.18521303242
-6.72939295046
-6.96514226182
-6.84387313714
-6.72411625179
-6.60198772755
-6.48141491138
-6.52679007986
-6.41249101932
-6.29817149158
-6.18521303242
-6.72939295046
-3.74577819969
-3.75671214696
-3.78535101691
-3.82660169742
-3.88288663435
-3.95023065845
-4.0194303935
-4.09637537591
-4.16804779439
-4.24445785707
-3.74577819969
-3.75671214696
-3.78535101691
-3.82660169742
-3.88288663435
-3.95023065845
-4.0194303935
-4.09637537591
-4.16804779439
-4.24445785707
-4.49939483661
-4.5281999226
-4.55664580599
-4.59973325125
-4.65646754354
-4.72166411818
-4.7877422073
-4.86700864492
-4.9398047585
-5.01326037664
-4.49939483661
-4.5281999226
-4.55664580599
-4.59973325125
-4.65646754354
-4.72166411818
-4.7877422073
-4.86700864492
-4.9398047585
-5.01326037664
-5.18288567013
-5.21151766673
-5.23979261918
-5.28450691321
-5.34163920598
-5.40493375394
-5.46908409933
-5.54956954032
-5.62336092671
-5.70038817484
-5.18288567013
-5.21151766673
-5.23979261918
-5.28450691321
-5.34163920598
-5.40493375394
-5.46908409933
-5.54956954032
-5.62336092671
-5.70038817484
-6.03663322448
-6.049132966
-6.07719839019
-6.12390688594
-6.18152705025
-6.24249008165
-6.31518190063
-6.38625708953
-6.46126848774
-6.53865108507
-6.03663322448
-6.049132966
-6.07719839019
-6.12390688594
-6.18152705025
-6.24249008165
-6.31518190063
-6.38625708953
-6.46126848774
-6.53865108507
-7.19126030092
-7.20062460953
-7.20987214418
-7.21930281495
-7.22861335515
-7.3324325456
-7.37488114037
-7.41733733628
-7.45928805604
-7.62736352702
-7.19126030092
-7.20062460953
-7.20987214418
-7.21930281495
-7.22861335515
-7.3324325456
-7.37488114037
-7.41733733628
-7.45928805604
-7.62736352702
-3.77332597387
-3.79922646196
-3.84199229755
-3.89596323709
-3.96122967267
-4.03392596542
-4.11600437688
-4.19688443247
-4.27421229346
-4.35125279934
-3.77332597387
-3.79922646196
-3.84199229755
-3.89596323709
-3.96122967267
-4.03392596542
-4.11600437688
-4.19688443247
-4.27421229346
-4.35125279934
-4.52244723398
-4.5614313206
-4.59992927136
-4.65224374425
-4.7146686176
-4.78432385425
-4.85492089037
-4.94349798133
-5.02125583811
-5.09971815091
-4.52244723398
-4.5614313206
-4.59992927136
-4.65224374425
-4.7146686176
-4.78432385425
-4.85492089037
-4.94349798133
-5.02125583811
-5.09971815091
-5.20137082632
-5.23652705253
-5.27124487674
-5.32209219345
-5.38200025454
-5.44896198435
-5.51682909508
-5.60478426746
-5.68292297765
-5.75885055322
-5.20137082632
-5.23652705253
-5.27124487674
-5.32209219345
-5.38200025454
-5.44896198435
-5.51682909508
-5.60478426746
-5.68292297765
-5.75885055322
-6.048606387
-6.0640637562
-6.09414787688
-6.14319674409
-6.20001968047
-6.26367969222
-6.33932620606
-6.41539326337
-6.49399882612
-6.56928562364
-6.048606387
-6.0640637562
-6.09414787688
-6.14319674409
-6.20001968047
-6.26367969222
-6.33932620606
-6.41539326337
-6.49399882612
-6.56928562364
-7.21624084229
-7.24003696667
-7.26353635076
-7.28750111146
-7.31116060218
-7.42143643499
-7.48120183164
-7.54097793031
-7.60004234506
-7.7265674261
-7.21624084229
-7.24003696667
-7.26353635076
-7.28750111146
-7.31116060218
-7.42143643499
-7.48120183164
-7.54097793031
-7.60004234506
-7.7265674261
-3.80478773766
-3.85561043377
-3.92524330163
-4.00629007989
-4.09728050715
-4.19575943199
-4.28364409677
-4.3768614565
-4.46057265883
-4.54103316603
-3.80478773766
-3.85561043377
-3.92524330163
-4.00629007989
-4.09728050715
-4.19575943199
-4.28364409677
-4.3768614565
-4.46057265883
-4.54103316603
-4.55044863144
-4.6136667985
-4.67609662805
-4.75233179966
-4.83580307722
-4.9291458107
-5.02375061926
-5.10718809663
-5.18862863584
-5.27080699477
-4.55044863144
-4.6136667985
-4.67609662805
-4.75233179966
-4.83580307722
-4.9291458107
-5.02375061926
-5.10718809663
-5.18862863584
-5.27080699477
-5.22833037882
-5.28508815011
-5.34113814574
-5.41311160861
-5.48992306785
-5.57871660328
-5.66871070466
-5.75404883503
-5.83347821548
-5.91446811082
-5.22833037882
-5.28508815011
-5.34113814574
-5.41311160861
-5.48992306785
-5.57871660328
-5.66871070466
-5.75404883503
-5.83347821548
-5.91446811082
-6.07436667468
-6.10812077466
-6.15635032872
-6.22309976151
-6.29174757251
-6.37496467161
-6.46145708253
-6.54697490146
-6.62393899052
-6.70523368509
-6.07436667468
-6.10812077466
-6.15635032872
-6.22309976151
-6.29174757251
-6.37496467161
-6.46145708253
-6.54697490146
-6.62393899052
-6.70523368509
-7.2401084678
-7.27769345166
-7.31480974663
-7.3526610845
-7.3900302612
-7.50647508448
-7.58278579682
-7.65911017389
-7.73452584609
-7.8213516615
-7.2401084678
-7.27769345166
-7.31480974663
-7.3526610845
-7.3900302612
-7.50647508448
-7.58278579682
-7.65911017389
-7.73452584609
-7.8213516615
-3.81333706508
-3.91018007974
-4.00581545135
-4.10334476473
-4.22895349207
-4.35238541437
-4.47748624378
-4.55104717216
-4.64093631242
-4.73163981343
-3.81333706508
-3.91018007974
-4.00581545135
-4.10334476473
-4.22895349207
-4.35238541437
-4.47748624378
-4.55104717216
-4.64093631242
-4.73163981343
-4.57754899873
-4.66422144096
-4.74981306829
-4.84919921736
-4.95303966703
-5.06930768007
-5.18714773794
-5.26561098441
-5.35061570455
-5.43639053451
-4.57754899873
-4.66422144096
-4.74981306829
-4.84919921736
-4.95303966703
-5.06930768007
-5.18714773794
-5.26561098441
-5.35061570455
-5.43639053451
-5.25442242568
-5.33208664661
-5.40878238615
-5.50120219714
-5.59437313628
-5.70429597255
-5.81570506133
-5.89851036097
-5.97918888045
-6.06507820001
-5.25442242568
-5.33208664661
-5.40878238615
-5.50120219714
-5.59437313628
-5.70429597255
-5.81570506133
-5.89851036097
-5.97918888045
-6.06507820001
-6.10294036634
-6.17330502381
-6.27785303387
-6.3921108573
-6.51930074316
-6.6401950784
-6.76900716331
-6.88002345392
-6.97561603059
-7.06478764241
-6.10294036634
-6.17330502381
-6.27785303387
-6.3921108573
-6.51930074316
-6.6401950784
-6.76900716331
-6.88002345392
-6.97561603059
-7.06478764241
-7.26320807985
-7.31413822467
-7.36443326497
-7.41572433715
-7.46636204897
-7.58877735669
-7.68110098883
-7.77344115309
-7.86468193128
-7.91308592572
-7.26320807985
-7.31413822467
-7.36443326497
-7.41572433715
-7.46636204897
-7.58877735669
-7.68110098883
-7.77344115309
-7.86468193128
-7.91308592572
-3.84290915888
-3.96732624232
-4.09019183103
-4.21549062272
-4.36684344298
-4.51640652344
-4.66799182704
-4.73345710079
-4.82981587153
-4.92704761536
-3.84290915888
-3.96732624232
-4.09019183103
-4.21549062272
-4.36684344298
-4.51640652344
-4.66799182704
-4.73345710079
-4.82981587153
-4.92704761536
-4.60592891522
-4.71716303085
-4.82701004481
-4.93903244478
-5.07581160558
-5.21608731978
-5.35825968384
-5.43151384013
-5.52025102471
-5.60979213378
-4.60592891522
-4.71716303085
-4.82701004481
-4.93903244478
-5.07581160558
-5.21608731978
-5.35825968384
-5.43151384013
-5.52025102471
-5.60979213378
-5.28174641369
-5.38130418641
-5.47962046274
-5.59345200021
-5.70375483531
-5.83580459654
-5.96963978559
-6.04979266639
-6.13177930324
-6.21450870723
-5.28174641369
-5.38130418641
-5.47962046274
-5.59345200021
-5.70375483531
-5.83580459654
-5.96963978559
-6.04979266639
-6.13177930324
-6.21450870723
-6.12074710525
-6.27072492388
-6.47086021317
-6.68251081001
-6.88316790136
-7.04807484215
-7.18942468493
-7.31726699968
-7.42248892151
-7.52261612913
-6.12074710525
-6.27072492388
-6.47086021317
-6.68251081001
-6.88316790136
-7.04807484215
-7.18942468493
-7.31726699968
-7.42248892151
-7.52261612913
-7.28739834464
-7.35230374483
-7.41639976754
-7.48176513373
-7.54629785717
-7.67496554694
-7.78405815205
-7.89317029206
-8.00098336174
-8.00915144135
-7.28739834464
-7.35230374483
-7.41639976754
-7.48176513373
-7.54629785717
-7.67496554694
-7.78405815205
-7.89317029206
-8.00098336174
-8.00915144135
-3.87245240972
-4.02441666772
-4.1744859147
-4.32752709989
-4.50459890372
-4.68026765547
-4.85831160177
-4.91568911695
-5.01851120805
-5.12226482742
-3.87245240972
-4.02441666772
-4.1744859147
-4.32752709989
-4.50459890372
-4.68026765547
-4.85831160177
-4.91568911695
-5.01851120805
-5.12226482742
-4.63428115152
-4.77005298447
-4.90413172771
-5.04086573677
-5.19846379923
-5.36272379882
-5.5292047367
-5.59725488345
-5.68972089203
-5.7830246068
-4.63428115152
-4.77005298447
-4.90413172771
-5.04086573677
-5.19846379923
-5.36272379882
-5.5292047367
-5.59725488345
-5.68972089203
-5.7830246068
-5.30904375141
-5.43047372216
-5.55038944781
-5.672679958
-5.81302984953
-5.96718495436
-6.12342437049
-6.20092741949
-6.28422089785
-6.36826898282
-5.30904375141
-5.43047372216
-5.55038944781
-5.672679958
-5.81302984953
-5.96718495436
-6.12342437049
-6.20092741949
-6.28422089785
-6.36826898282
-6.17962367513
-6.46050273731
-6.78783815436
-7.07967537923
-7.30315357083
-7.48849737241
-7.63907391761
-7.76592536128
-7.87967625824
-7.98031621121
-6.17962367513
-6.46050273731
-6.78783815436
-7.07967537923
-7.30315357083
-7.48849737241
-7.63907391761
-7.76592536128
-7.87967625824
-7.98031621121
-7.31156501559
-7.39043204048
-7.46831558488
-7.54774151779
-7.62615570045
-7.76106967403
-7.8869148966
-8.0127826539
-8.13715185139
-8.10512326004
-7.31156501559
-7.39043204048
-7.46831558488
-7.54774151779
-7.62615570045
-7.76106967403
-7.8869148966
-8.0127826539
-8.13715185139
-8.10512326004
-3.90196504221
-4.08144792515
-4.25869263679
-4.43944746355
-4.64221159604
-4.84395896341
-5.04843413094
-5.09773226963
-5.20701098256
-5.31727971826
-3.90196504221
-4.08144792515
-4.25869263679
-4.43944746355
-4.64221159604
-4.84395896341
-5.04843413094
-5.09773226963
-5.20701098256
-5.31727971826
-4.66260400384
-4.82288812345
-4.98117348245
-5.14259348973
-5.32098887733
-5.50920830523
-5.69997262377
-5.76282415437
-5.85901512243
-5.95607754337
-4.66260400384
-4.82288812345
-4.98117348245
-5.14259348973
-5.32098887733
-5.50920830523
-5.69997262377
-5.76282415437
-5.85901512243
-5.95607754337
-5.33631279843
-5.47959229909
-5.6210850886
-5.76537997005
-5.92219161219
-6.09842915085
-6.27704957455
-6.351905538
-6.43650450346
-6.52186990275
-5.33631279843
-5.47959229909
-5.6210850886
-5.76537997005
-5.92219161219
-6.09842915085
-6.27704957455
-6.351905538
-6.43650450346
-6.52186990275
-6.31079095541
-6.73960362158
-7.1786230461
-7.50167366059
-7.73146200714
-7.91535279086
-8.07412266669
-8.19944275227
-8.31401835097
-8.41276987886
-6.31079095541
-6.73960362158
-7.1786230461
-7.50167366059
-7.73146200714
-7.91535279086
-8.07412266669
-8.19944275227
-8.31401835097
-8.41276987886
-7.33570664044
-7.42852082033
-7.52017759717
-7.61364952458
-7.70593077983
-7.84708456364
-7.98966504141
-8.13227105066
-8.27317921734
-8.20099561446
-7.33570664044
-7.42852082033
-7.52017759717
-7.61364952458
-7.70593077983
-7.84708456364
-7.98966504141
-8.13227105066
-8.27317921734
-8.20099561446
-3.73209290537
-3.7409209955
-3.76646859099
-3.80784781004
-3.86081475588
-3.9223357582
-3.99081960042
-4.06307572558
-4.13606624418
-4.20994329351
-3.73209290537
-3.7409209955
-3.76646859099
-3.80784781004
-3.86081475588
-3.9223357582
-3.99081960042
-4.06307572558
-4.13606624418
-4.20994329351
-4.26958096662
-4.24799103488
-4.22667033197
-4.20492739857
-4.23588535205
-4.24923943318
-4.26277407312
-4.28221430963
-4.25419879339
-4.22592946743
-4.26958096662
-4.24799103488
-4.22667033197
-4.20492739857
-4.23588535205
-4.24923943318
-4.26277407312
-4.28221430963
-4.25419879339
-4.22592946743
-5.00347805632
-5.00381755562
-5.00415282132
-5.00449472655
-5.03745797224
-5.07707380683
-5.11722528202
-5.1201594714
-5.14103940157
-5.1621084958
-5.00347805632
-5.00381755562
-5.00415282132
-5.00449472655
-5.03745797224
-5.07707380683
-5.11722528202
-5.1201594714
-5.14103940157
-5.1621084958
-6.03901206634
-6.04834486039
-6.07507302617
-6.11812659908
-6.17315571955
-6.23672675836
-6.3071106598
-6.38104813078
-6.45578927683
-6.53119094632
-6.03901206634
-6.04834486039
-6.07507302617
-6.11812659908
-6.17315571955
-6.23672675836
-6.3071106598
-6.38104813078
-6.45578927683
-6.53119094632
-6.93562230113
-6.91467539759
-6.89398970424
-6.87289435599
-6.85206772633
-6.89171711794
-6.96357045904
-7.03543666669
-7.10644724768
-6.74913166423
-6.93562230113
-6.91467539759
-6.89398970424
-6.87289435599
-6.85206772633
-6.89171711794
-6.96357045904
-7.03543666669
-7.10644724768
-6.74913166423
-3.74620383832
-3.75568079543
-3.78312421724
-3.82662967304
-3.88084081594
-3.94340287503
-4.01536503732
-4.09523799465
-4.15722639127
-4.23989489668
-3.74620383832
-3.75568079543
-3.78312421724
-3.82662967304
-3.88084081594
-3.94340287503
-4.01536503732
-4.09523799465
-4.15722639127
-4.23989489668
-4.49490916937
-4.52533474715
-4.55538091464
-4.60047572662
-4.65404667222
-4.71813349051
-4.7830868184
-4.86605463906
-4.93233908702
-4.99922404639
-4.49490916937
-4.52533474715
-4.55538091464
-4.60047572662
-4.65404667222
-4.71813349051
-4.7830868184
-4.86605463906
-4.93233908702
-4.99922404639
-5.17426827024
-5.20702824726
-5.23937970376
-5.28588223123
-5.33888614493
-5.40432346421
-5.47064555306
-5.54877795267
-5.61886747469
-5.69701013573
-5.17426827024
-5.20702824726
-5.23937970376
-5.28588223123
-5.33888614493
-5.40432346421
-5.47064555306
-5.54877795267
-5.61886747469
-5.69701013573
-6.03381552663
-6.0426525377
-6.07782983236
-6.12605794655
-6.17836678889
-6.24545956102
-6.31305764932
-6.38566459517
-6.4604184015
-6.53595527337
-6.03381552663
-6.0426525377
-6.07782983236
-6.12605794655
-6.17836678889
-6.24545956102
-6.31305764932
-6.38566459517
-6.4604184015
-6.53595527337
-7.16597009612
-7.19706571762
-7.2277735733
-7.25908956057
-7.29000663583
-7.37687338978
-7.44255295922
-7.5082442897
-7.57315351053
-7.61990792189
-7.16597009612
-7.19706571762
-7.2277735733
-7.25908956057
-7.29000663583
-7.37687338978
-7.44255295922
-7.5082442897
-7.57315351053
-7.61990792189
-3.77546284382
-3.79556718284
-3.8310990157
-3.88101768863
-3.94159766169
-4.01287164907
-4.09343928637
-4.17909905802
-4.25712945503
-4.32894974922
-3.77546284382
-3.79556718284
-3.8310990157
-3.88101768863
-3.94159766169
-4.01287164907
-4.09343928637
-4.17909905802
-4.25712945503
-4.32894974922
-4.51980245303
-4.55597447897
-4.59169543576
-4.64108265488
-4.7002433233
-4.7699348746
-4.84056871638
-4.93055478932
-5.0072570888
-5.08465428137
-4.51980245303
-4.55597447897
-4.59169543576
-4.64108265488
-4.7002433233
-4.7699348746
-4.84056871638
-4.93055478932
-5.0072570888
-5.08465428137
-5.19313643317
-5.22947808411
-5.26536655067
-5.31428305355
-5.37218662359
-5.44047658864
-5.50968989351
-5.59612986561
-5.67165585014
-5.74740578823
-5.19313643317
-5.22947808411
-5.26536655067
-5.31428305355
-5.37218662359
-5.44047658864
-5.50968989351
-5.59612986561
-5.67165585014
-5.74740578823
-6.04257139773
-6.05506314848
-6.0911569496
-6.13949644547
-6.1958590562
-6.26243094778
-6.33130557368
-6.41199608816
-6.48608013824
-6.56409259856
-6.04257139773
-6.05506314848
-6.0911569496
-6.13949644547
-6.1958590562
-6.26243094778
-6.33130557368
-6.41199608816
-6.48608013824
-6.56409259856
-7.19141792259
-7.2282629768
-7.26464856912
-7.30175473368
-7.3383882293
-7.43047135289
-7.49546887077
-7.56047802758
-7.62471319657
-7.71610751043
-7.19141792259
-7.2282629768
-7.26464856912
-7.30175473368
-7.3383882293
-7.43047135289
-7.49546887077
-7.56047802758
-7.62471319657
-7.71610751043
-3.79942658856
-3.83905072842
-3.89520863785
-3.96779511364
-4.04900747134
-4.14615377217
-4.23760391055
-4.33399110234
-4.41866167709
-4.49428271057
-3.79942658856
-3.83905072842
-3.89520863785
-3.96779511364
-4.04900747134
-4.14615377217
-4.23760391055
-4.33399110234
-4.41866167709
-4.49428271057
-4.54277983068
-4.59642849429
-4.64940815317
-4.71910999186
-4.79534626143
-4.88503648705
-4.97593940266
-5.06721286812
-5.15121630395
-5.23598077834
-4.54277983068
-4.59642849429
-4.64940815317
-4.71910999186
-4.79534626143
-4.88503648705
-4.97593940266
-5.06721286812
-5.15121630395
-5.23598077834
-5.21645070642
-5.26724880121
-5.31741343816
-5.38456031257
-5.4563891898
-5.5394754631
-5.62368513519
-5.71663786066
-5.80005040202
-5.87681227879
-5.21645070642
-5.26724880121
-5.31741343816
-5.38456031257
-5.4563891898
-5.5394754631
-5.62368513519
-5.71663786066
-5.80005040202
-5.87681227879
-6.06233971363
-6.08954466129
-6.13625862622
-6.20027360893
-6.26669987618
-6.34169098211
-6.42428798041
-6.51270720636
-6.59539542547
-6.6728141514
-6.06233971363
-6.08954466129
-6.13625862622
-6.20027360893
-6.26669987618
-6.34169098211
-6.42428798041
-6.51270720636
-6.59539542547
-6.6728141514
-7.21573201505
-7.2580703572
-7.29988073557
-7.34251911743
-7.38461435939
-7.48168145651
-7.54602730914
-7.61038468399
-7.67397583104
-7.80802128126
-7.21573201505
-7.2580703572
-7.29988073557
-7.34251911743
-7.38461435939
-7.48168145651
-7.54602730914
-7.61038468399
-7.67397583104
-7.80802128126
-3.8040535647
-3.88113505863
-3.95725533785
-4.03488308626
-4.15296104355
-4.27514713742
-4.39898529373
-4.48389902386
-4.57499610842
-4.66691849726
-3.8040535647
-3.88113505863
-3.95725533785
-4.03488308626
-4.15296104355
-4.27514713742
-4.39898529373
-4.48389902386
-4.57499610842
-4.66691849726
-4.56501784129
-4.63558077859
-4.70526378829
-4.79462656186
-4.88738897315
-4.99643435491
-5.10695412523
-5.19947355743
-5.29054319333
-5.38243788482
-4.56501784129
-4.63558077859
-4.70526378829
-4.79462656186
-4.88738897315
-4.99643435491
-5.10695412523
-5.19947355743
-5.29054319333
-5.38243788482
-5.23901477199
-5.30380413055
-5.36778555869
-5.45257618696
-5.53788228223
-5.63528874755
-5.73401223312
-5.83326814431
-5.92431346854
-6.00205472178
-5.23901477199
-5.30380413055
-5.36778555869
-5.45257618696
-5.53788228223
-5.63528874755
-5.73401223312
-5.83326814431
-5.92431346854
-6.00205472178
-6.1017018204
-6.14918714083
-6.23018031214
-6.32699878388
-6.43454989054
-6.55389493335
-6.6772125026
-6.79460480669
-6.89653662071
-6.98951617234
-6.1017018204
-6.14918714083
-6.23018031214
-6.32699878388
-6.43454989054
-6.55389493335
-6.6772125026
-6.79460480669
-6.89653662071
-6.98951617234
-7.23926372761
-7.28691859445
-7.33397919986
-7.3819717831
-7.42935302309
-7.53124371923
-7.59495887592
-7.65868544189
-7.72165329036
-7.89697744685
-7.23926372761
-7.28691859445
-7.33397919986
-7.3819717831
-7.42935302309
-7.53124371923
-7.59495887592
-7.65868544189
-7.72165329036
-7.89697744685
-3.82695603963
-3.92520640879
-4.02223158504
-4.12117822644
-4.26182280421
-4.4102309499
-4.560645703
-4.64088487749
-4.73871190081
-4.83742519903
-3.82695603963
-3.92520640879
-4.02223158504
-4.12117822644
-4.26182280421
-4.4102309499
-4.560645703
-4.64088487749
-4.73871190081
-4.83742519903
-4.58830582396
-4.67658164572
-4.76375665826
-4.8526580655
-4.98377749969
-5.1130918951
-5.24415473379
-5.33797896131
-5.43644842932
-5.53580999252
-4.58830582396
-4.67658164572
-4.76375665826
-4.8526580655
-4.98377749969
-5.1130918951
-5.24415473379
-5.33797896131
-5.43644842932
-5.53580999252
-5.26264420437
-5.342085427
-5.42053600883
-5.52380344428
-5.62322308712
-5.73562587515
-5.84954844678
-5.95540514983
-6.05444364028
-6.15437938104
-5.26264420437
-5.342085427
-5.42053600883
-5.52380344428
-5.62322308712
-5.73562587515
-5.84954844678
-5.95540514983
-6.05444364028
-6.15437938104
-6.12525299441
-6.22543474473
-6.36973154714
-6.53832872586
-6.71843234381
-6.88218794154
-7.02994563307
-7.16178493405
-7.26981478595
-7.3774756677
-6.12525299441
-6.22543474473
-6.36973154714
-6.53832872586
-6.71843234381
-6.88218794154
-7.02994563307
-7.16178493405
-7.26981478595
-7.3774756677
-7.26390649462
-7.31712890692
-7.36968762988
-7.42328721418
-7.47620403163
-7.58314607398
-7.64620075629
-7.70926672961
-7.77158185034
-7.99013369536
-7.26390649462
-7.31712890692
-7.36968762988
-7.42328721418
-7.47620403163
-7.58314607398
-7.64620075629
-7.70926672961
-7.77158185034
-7.99013369536
-3.84983617676
-3.96923477422
-4.08714445802
-4.20738919915
-4.37057838717
-4.54518300915
-4.72214843772
-4.79771761588
-4.90226801394
-5.00776559807
-3.84983617676
-3.96923477422
-4.08714445802
-4.20738919915
-4.37057838717
-4.54518300915
-4.72214843772
-4.79771761588
-4.90226801394
-5.00776559807
-4.61157109283
-4.71754252289
-4.82219247755
-4.92891489679
-5.08007201424
-5.22963565404
-5.38122152453
-5.47634927474
-5.58221135747
-5.68903250962
-4.61157109283
-4.71754252289
-4.82219247755
-4.92891489679
-5.08007201424
-5.22963565404
-5.38122152453
-5.47634927474
-5.58221135747
-5.68903250962
-5.28625058992
-5.380329386
-5.47323500913
-5.5679805147
-5.70848065535
-5.83586513951
-5.96497197285
-6.07742302974
-6.18444689031
-6.29244034556
-5.28625058992
-5.380329386
-5.47323500913
-5.5679805147
-5.70848065535
-5.83586513951
-5.96497197285
-6.07742302974
-6.18444689031
-6.29244034556
-6.14851692626
-6.34352297085
-6.58996345981
-6.85117915322
-7.07696110408
-7.26004049549
-7.41752955574
-7.55274980102
-7.66492189623
-7.76881101618
-6.14851692626
-6.34352297085
-6.58996345981
-6.85117915322
-7.07696110408
-7.26004049549
-7.41752955574
-7.55274980102
-7.66492189623
-7.76881101618
-7.28852522645
-7.34730975393
-7.40536123188
-7.46456234848
-7.52300934432
-7.63499780606
-7.69739265818
-7.75979868317
-7.82146171278
-8.08319908447
-7.28852522645
-7.34730975393
-7.40536123188
-7.46456234848
-7.52300934432
-7.63499780606
-7.69739265818
-7.75979868317
-7.82146171278
-8.08319908447
-3.87269260115
-4.01321750907
-4.15199005594
-4.29351082365
-4.47922125691
-4.6799952054
-4.88348379258
-4.95438781434
-5.06565461911
-5.17792945798
-3.87269260115
-4.01321750907
-4.15199005594
-4.29351082365
-4.47922125691
-4.6799952054
-4.88348379258
-4.95438781434
-5.06565461911
-5.17792945798
-4.63481224981
-4.7584609486
-4.88056773452
-5.00509269625
-5.17626673009
-5.34605862815
-5.51814626059
-5.61457618253
-5.72782321834
-5.84209622838
-4.63481224981
-4.7584609486
-4.88056773452
-5.00509269625
-5.17626673009
-5.34605862815
-5.51814626059
-5.61457618253
-5.72782321834
-5.84209622838
-5.30983251005
-5.41853370933
-5.52587939269
-5.63535092626
-5.79364986347
-5.93600051687
-6.08027587511
-6.19931445149
-6.31431540623
-6.43035822503
-5.30983251005
-5.41853370933
-5.52587939269
-5.63535092626
-5.79364986347
-5.93600051687
-6.08027587511
-6.19931445149
-6.31431540623
-6.43035822503
-6.19686423182
-6.51892026236
-6.87886515391
-7.18804631109
-7.42200990492
-7.61399169603
-7.77743239659
-7.91491919691
-8.03328192406
-8.13515065091
-6.19686423182
-6.51892026236
-6.87886515391
-7.18804631109
-7.42200990492
-7.61399169603
-7.77743239659
-7.91491919691
-8.03328192406
-8.13515065091
-7.31311844367
-7.37745932181
-7.44099786212
-7.50579470564
-7.56976614843
-7.68679579952
-7.74853150529
-7.8102782659
-7.87128988022
-8.17616802152
-7.31311844367
-7.37745932181
-7.44099786212
-7.50579470564
-7.56976614843
-7.68679579952
-7.74853150529
-7.8102782659
-7.87128988022
-8.17616802152
