-9.32952588728e-11
-1.57355103821e-10
-2.20616115454e-10
-2.85129934185e-10
-3.74487141984e-10
-3.96410348575e-10
-4.18629976017e-10
-3.84497291542e-10
-3.57900057635e-10
-3.31061863102e-10
-4.94285265914e-11
-2.835270797e-10
-5.14706398091e-10
-7.50463940629e-10
-5.81376470545e-10
-6.63073732516e-10
-7.45875612639e-10
-7.5511587408e-10
-9.31151747361e-10
-1.1087824374e-09
-2.58320706463e-10
-3.74980852022e-10
-4.90186232728e-10
-6.07673115341e-10
-7.58593929933e-10
-8.59098291679e-10
-9.60961559951e-10
-7.00269151798e-10
-7.33694814349e-10
-7.67423300443e-10
-1.15597325967e-10
-4.75016628431e-10
-8.29953932644e-10
-1.19192033681e-09
-9.97808700281e-10
-1.22207543365e-09
-1.44937444863e-09
-1.49967050438e-09
-1.5133915444e-09
-1.52723689171e-09
-4.04486102901e-10
-5.67735086142e-10
-7.28948336599e-10
-8.93354218651e-10
-1.09880279926e-09
-1.26890761272e-09
-1.44131239144e-09
-9.79952799452e-10
-1.06654159887e-09
-1.15391485923e-09
-1.74203976843e-10
-6.44621657308e-10
-1.10917317753e-09
-1.58292457343e-09
-1.36664867519e-09
-1.71719122609e-09
-2.07247341764e-09
-2.15913317694e-09
-2.02908965035e-09
-1.89786797983e-09
-5.83656588857e-10
-8.04014469903e-10
-1.02162446392e-09
-1.24354395819e-09
-1.51583302617e-09
-1.77125452237e-09
-2.03012953971e-09
-1.32279081916e-09
-1.47454733473e-09
-1.62767870549e-09
-2.46044387594e-10
-8.52524595931e-10
-1.45144192933e-09
-2.06222008929e-09
-1.81877509605e-09
-2.32410735875e-09
-2.83627215386e-09
-2.96750677555e-09
-2.6612357157e-09
-2.3521899588e-09
-8.38267279425e-10
-1.13977990998e-09
-1.43753264486e-09
-1.74118200912e-09
-2.04096340089e-09
-2.4851159203e-09
-2.86686969778e-09
-3.24869183477e-09
-3.62596806324e-09
-2.30092206596e-09
-3.48133392345e-10
-1.14796561397e-09
-1.93782383979e-09
-2.7433242434e-09
-3.5385639524e-09
-3.18656712621e-09
-3.92167035795e-09
-4.65690522246e-09
-5.38338650743e-09
-2.9978054026e-09
-1.17972867721e-11
-4.54247173375e-12
2.62187496278e-12
9.92810279847e-12
1.59894763007e-11
2.84298368954e-11
4.10384020027e-11
3.53697145282e-11
4.4845433296e-11
5.44069984015e-11
-3.31191300421e-12
3.15465130116e-12
9.54057683808e-12
1.60529678335e-11
2.75800664788e-11
3.20297133219e-11
3.65395232665e-11
4.35443357436e-11
4.20334813631e-11
4.05089392277e-11
-7.12922987394e-11
-6.01570202968e-11
-4.91606000017e-11
-3.79464090286e-11
-1.92983549194e-11
-8.59875923319e-12
2.24550430763e-12
1.51125504287e-11
3.55634099001e-11
5.61995462285e-11
-5.54451376232e-11
-5.3986530379e-11
-5.25461121277e-11
-5.10771681515e-11
-2.04023966397e-11
-2.50707204612e-11
-2.98021640876e-11
1.80007974526e-13
4.1472013488e-11
8.31381085604e-11
-1.23987880768e-10
-1.09415620453e-10
-9.50250778275e-11
-8.03495480754e-11
-5.0553291143e-11
-4.13955158042e-11
-3.21139193651e-11
-2.82950920224e-12
2.73421891781e-11
5.77872314466e-11
-1.01620279429e-10
-1.04597291296e-10
-1.07537179497e-10
-1.10535288595e-10
-6.29011496876e-11
-7.56453903834e-11
-8.85619443155e-11
-3.8228396621e-11
4.09747133701e-11
1.20895372827e-10
-1.88582465189e-10
-1.69797130321e-10
-1.51246050646e-10
-1.32327589488e-10
-8.88657936106e-11
-8.1597991601e-11
-7.42319225769e-11
-2.48230016531e-11
1.72645637769e-11
5.97334262301e-11
-1.58222066158e-10
-1.66636288548e-10
-1.7494558466e-10
-1.83419436236e-10
-1.14996395359e-10
-1.37640147062e-10
-1.60590062014e-10
-8.53096667703e-11
4.03651196771e-11
1.67178470959e-10
-2.80374769367e-10
-2.55602433819e-10
-2.3113901202e-10
-2.06191122021e-10
-1.81561025382e-10
-1.38727825628e-10
-1.34083821878e-10
-1.2943898654e-10
-1.2484945181e-10
6.24990714488e-11
-2.38656184141e-10
-2.54796968855e-10
-2.70736476207e-10
-2.86991646041e-10
-3.03039752871e-10
-2.25737959185e-10
-2.62945808218e-10
-3.00160319951e-10
-3.36931762124e-10
2.32949189358e-10
-2.79374388277e-12
1.23396058391e-11
2.72842410247e-11
4.25248364638e-11
5.91276414525e-11
7.53643400788e-11
9.1820573015e-11
8.17548023965e-11
8.93390103461e-11
9.69919282789e-11
1.78285067691e-12
3.48260069696e-11
6.74571114673e-11
1.00734435149e-10
9.48549465465e-11
1.08821730667e-10
1.22977357875e-10
1.31776855741e-10
1.49546769366e-10
1.67477671517e-10
-5.0630210505e-11
-2.53766472586e-11
-4.37998724686e-13
2.49945292951e-11
6.23758174061e-11
8.5360744548e-11
1.08656447928e-10
9.41448216893e-11
1.20547725908e-10
1.47189830201e-10
-4.87997844484e-11
-7.47294914738e-12
3.33385359699e-11
7.49582427219e-11
8.75772174332e-11
1.07169174547e-10
1.27026031988e-10
1.65876994876e-10
2.1324660333e-10
2.61045362068e-10
-9.29996523704e-11
-5.87824714308e-11
-2.49919825027e-11
9.46768580281e-12
6.52527732508e-11
9.42147027921e-11
1.23568222851e-10
1.05118838777e-10
1.4818973112e-10
1.91650829047e-10
-9.36015469879e-11
-4.4937738851e-11
3.11922624359e-12
5.21279008577e-11
8.11312287899e-11
1.05705481983e-10
1.30612000488e-10
1.96079975251e-10
2.69666456269e-10
3.43919602271e-10
-1.4493638756e-10
-9.97315462226e-11
-5.50904142306e-11
-9.56521912321e-12
6.87793642862e-11
1.0506794193e-10
1.41847172756e-10
1.18570859724e-10
1.82073479445e-10
2.46151408277e-10
-1.48519836552e-10
-9.0862319778e-11
-3.39237985822e-11
2.41423205079e-11
7.32296943239e-11
1.03911278196e-10
1.3500770381e-10
2.33102983454e-10
3.38826276001e-10
4.45507380584e-10
-2.18741221778e-10
-1.57922336716e-10
-9.78618698439e-11
-3.66119787549e-11
2.38576936965e-11
1.20490965968e-10
1.67822522622e-10
2.15162554798e-10
2.61938964713e-10
3.23599599814e-10
-2.2656161646e-10
-1.56123566358e-10
-8.65638864925e-11
-1.56266620943e-11
5.44069436428e-11
1.01361620182e-10
1.41254229583e-10
1.81153982437e-10
2.20578695712e-10
5.89868960291e-10
5.80867937448e-12
2.84695647373e-11
5.08478663661e-11
7.36693429363e-11
1.00343944827e-10
1.20207849652e-10
1.40340331774e-10
1.26073373827e-10
1.31850340243e-10
1.37679643736e-10
6.65063596092e-12
6.50863622474e-11
1.22793388597e-10
1.81643232147e-10
1.59132642564e-10
1.82192563027e-10
2.05564273702e-10
2.16078501372e-10
2.52270199525e-10
2.8878978043e-10
-3.08886453728e-11
7.8542145918e-12
4.61139468294e-11
8.51313663516e-11
1.40411298346e-10
1.75134229331e-10
2.10326644591e-10
1.69656101718e-10
2.01745879292e-10
2.34126377808e-10
-4.24504904642e-11
3.69683910986e-11
1.15396910469e-10
1.9537861091e-10
1.90746198225e-10
2.33517608972e-10
2.76867326453e-10
3.24191963915e-10
3.77368410136e-10
4.3102661434e-10
-6.33919901489e-11
-1.04050955371e-11
4.19210466684e-11
9.52834442338e-11
1.75899525747e-10
2.23783308474e-10
2.72314521657e-10
2.08257946421e-10
2.63653356735e-10
3.19550627987e-10
-8.59400595835e-11
1.20639023668e-11
1.08845744127e-10
2.075442321e-10
2.18746776096e-10
2.78976935381e-10
3.40021458889e-10
4.19949602168e-10
4.88169682391e-10
5.57007810089e-10
-1.03234799875e-10
-3.2787475695e-11
3.67813626001e-11
1.07727926799e-10
2.19401223853e-10
2.83417663554e-10
3.48299661287e-10
2.55576336702e-10
3.39539941988e-10
4.2426422498e-10
-1.39249853988e-10
-1.84641805948e-11
1.0081528216e-10
2.22456929043e-10
2.53070065099e-10
3.34701270979e-10
4.17436201876e-10
5.37329932929e-10
6.23990596769e-10
7.1143637262e-10
-1.59853529485e-10
-6.45940159195e-11
2.94776010293e-11
1.25412191497e-10
2.20124739702e-10
3.68161220772e-10
4.56278543918e-10
5.44411645974e-10
6.31495450513e-10
5.73067757549e-10
-2.15005877615e-10
-6.18461932244e-11
8.94035730487e-11
2.43648656277e-10
3.95928921503e-10
4.13888484724e-10
5.2744662612e-10
6.41025102038e-10
7.53251332205e-10
9.30887487796e-10
1.41342934891e-11
4.40804931298e-11
7.36532603658e-11
1.03811680151e-10
1.40233988234e-10
1.63608382861e-10
1.87298819666e-10
1.68965860375e-10
1.72993738753e-10
1.77058108149e-10
1.13617854424e-11
9.43729985219e-11
1.7634905264e-10
2.59948542423e-10
2.21342008137e-10
2.53202465612e-10
2.85493704228e-10
2.97667485052e-10
3.51688190765e-10
4.06198303125e-10
-1.17823251657e-11
4.00157723516e-11
9.11679418932e-11
1.43333117699e-10
2.1593575025e-10
2.62018979089e-10
3.08725293328e-10
2.42737576555e-10
2.80331235032e-10
3.18265477477e-10
-3.63055043327e-11
7.99796960019e-11
1.94814807092e-10
3.11924087353e-10
2.90595403151e-10
3.55800398084e-10
4.21887021351e-10
4.77412667126e-10
5.3620909844e-10
5.95538202623e-10
-3.47370445457e-11
3.6415591091e-11
1.06680945532e-10
1.78337819528e-10
2.82985882321e-10
3.49182650034e-10
4.16274455714e-10
3.08078239458e-10
3.75401588878e-10
4.43334861739e-10
-7.85251038477e-11
6.72313423413e-11
2.11170189608e-10
3.57959570005e-10
3.51934124449e-10
4.46672852559e-10
5.42692530804e-10
6.36615542677e-10
6.9964190238e-10
7.63239256463e-10
-6.28750876567e-11
3.20024656747e-11
1.25696885476e-10
2.21246808867e-10
3.65176366796e-10
4.56028440225e-10
5.48108912832e-10
3.88173245597e-10
4.9193944198e-10
5.96645719867e-10
-1.30278161318e-10
5.16043281766e-11
2.31218723013e-10
4.14390161643e-10
4.2712352475e-10
5.58064893528e-10
6.90776703681e-10
8.31767454642e-10
8.99978887855e-10
9.68808290203e-10
-1.02860727867e-10
2.57311821884e-11
1.52719536975e-10
2.82222741085e-10
4.10076296327e-10
6.07861931549e-10
7.35452615053e-10
8.63066145846e-10
9.89160331944e-10
8.1450851826e-10
-2.03821979828e-10
2.93975185743e-11
2.59708744168e-10
4.94581002391e-10
7.26461390587e-10
7.16358846484e-10
9.01212107243e-10
1.08609846913e-09
1.26878360587e-09
1.26093270657e-09
2.28530031186e-11
6.04284945898e-11
9.75354155476e-11
1.3537719377e-10
1.82007447918e-10
2.09058080817e-10
2.36474461838e-10
2.13883524147e-10
2.16079730951e-10
2.18295834536e-10
1.62953727771e-11
1.25042409113e-10
2.32433357939e-10
3.4195105339e-10
2.86488601192e-10
3.27565114774e-10
3.69197018603e-10
3.83108708712e-10
4.55800222098e-10
5.2915029241e-10
8.2261037237e-12
7.36958444135e-11
1.38349170233e-10
2.04282876233e-10
2.95026104068e-10
3.53006009469e-10
4.117698537e-10
3.19269607662e-10
3.62627013865e-10
4.06377221355e-10
-2.98703814673e-11
1.25021788162e-10
2.77982435391e-10
4.33972281485e-10
3.95159008009e-10
4.83856793236e-10
5.73753849788e-10
6.37867716102e-10
7.02549481215e-10
7.6781723804e-10
-4.72915002604e-12
8.5446925686e-11
1.74498495811e-10
2.65313623557e-10
3.95128342372e-10
4.80502746274e-10
5.67031486491e-10
4.12611567347e-10
4.92426035874e-10
5.72963592538e-10
-7.07600495123e-11
1.25003523891e-10
3.18325903992e-10
5.15476797798e-10
4.91409939761e-10
6.22286565588e-10
7.54932757409e-10
8.63511408362e-10
9.21098825004e-10
9.79207961312e-10
-2.06097836548e-11
9.98514769232e-11
2.18810572326e-10
3.40125507373e-10
5.17834311905e-10
6.3678906881e-10
7.57352197655e-10
5.27030743735e-10
6.51534514466e-10
7.77166241084e-10
-1.20882868406e-10
1.24981135429e-10
3.67779188083e-10
6.15385559729e-10
6.09394952876e-10
7.91974673633e-10
9.77023031267e-10
1.1401069021e-09
1.18899802062e-09
1.23833207371e-09
-4.3176999864e-11
1.20321102366e-10
2.81780365269e-10
4.46437131744e-10
6.08996453216e-10
8.58880158729e-10
1.0278079451e-09
1.19676598087e-09
1.3637124314e-09
1.06734895218e-09
-1.92110032098e-10
1.24949320248e-10
4.38054907581e-10
7.5736116879e-10
1.07260001548e-09
1.03311040612e-09
1.29262499938e-09
1.55218606316e-09
1.80865683767e-09
1.60656107554e-09
3.15632090049e-11
7.67605511208e-11
1.21394277407e-10
1.66911920148e-10
2.237401641e-10
2.54463449673e-10
2.85602140832e-10
2.58757377734e-10
2.59123699474e-10
2.59493339946e-10
2.12241481658e-11
1.55681906471e-10
2.88462961734e-10
4.2387358368e-10
3.51571653893e-10
4.01855234754e-10
4.52818693432e-10
4.68466597766e-10
5.59810708362e-10
6.51982361181e-10
2.82150175073e-11
1.07343066811e-10
1.85484380633e-10
2.6517318777e-10
3.74039317565e-10
4.43904296173e-10
5.14713910154e-10
3.95726993694e-10
4.44842525984e-10
4.94403025952e-10
-2.34415350619e-11
1.70019948776e-10
3.61068946623e-10
5.55901436614e-10
4.99620627358e-10
6.11788289321e-10
7.25472555789e-10
7.98166266171e-10
8.68727624857e-10
9.39928242093e-10
2.52494764667e-11
1.34430437851e-10
2.42249900634e-10
3.52204596236e-10
5.0716142492e-10
6.11694760216e-10
7.17641477268e-10
5.17042939257e-10
6.0933634375e-10
7.024658907e-10
-6.30025687779e-11
1.82719357676e-10
4.25377104668e-10
6.7284039207e-10
6.3074971814e-10
7.97728994795e-10
9.66965976732e-10
1.09018597247e-09
1.1423397509e-09
1.19496602233e-09
2.16142971265e-11
1.6763431203e-10
3.11833441279e-10
4.58888258227e-10
6.70343362968e-10
8.17373393558e-10
9.66391398246e-10
6.65752808013e-10
8.10973926818e-10
9.5751069265e-10
-1.11496739139e-10
1.98286375036e-10
5.0420645969e-10
8.16184918113e-10
7.91488603616e-10
1.02565631118e-09
1.26299017015e-09
1.44814561245e-09
1.47773526023e-09
1.50759297875e-09
1.64485159589e-11
2.14818764809e-10
4.10715314828e-10
6.10491356844e-10
8.07722594477e-10
1.10965355673e-09
1.31987812806e-09
1.53014034368e-09
1.73789921362e-09
1.31994277963e-09
-1.80409507548e-10
2.20407926022e-10
6.1622712209e-10
1.01988503407e-09
1.41840103607e-09
1.34955302394e-09
1.68365612921e-09
2.01781906134e-09
2.34800350722e-09
1.95185233787e-09
4.02643877185e-11
9.30756812672e-11
1.45228412174e-10
1.98413964242e-10
2.654296289e-10
2.99821760846e-10
3.34678904377e-10
3.03584724497e-10
3.02123057646e-10
3.00648148661e-10
2.61478154197e-11
1.86289649352e-10
3.44434496993e-10
5.05711210257e-10
4.16587255152e-10
4.76068361177e-10
5.36353703572e-10
5.53736022735e-10
6.63713399169e-10
7.7468712799e-10
4.81832149752e-11
1.40955417555e-10
2.3257074056e-10
3.26000393182e-10
4.52970642537e-10
5.34708376777e-10
6.17551276389e-10
4.72105140034e-10
5.26972830746e-10
5.82337601461e-10
-1.70193514504e-11
2.14971473735e-10
4.44069347803e-10
6.77704225554e-10
6.039739837e-10
7.39587198448e-10
8.77034021998e-10
9.58298684382e-10
1.03473354309e-09
1.11186087198e-09
5.51970334026e-11
1.83363183981e-10
3.09931088559e-10
4.39005515957e-10
6.19078397472e-10
7.4275080803e-10
8.68095377315e-10
6.2136607951e-10
7.2612548692e-10
8.31833973941e-10
-5.5253127821e-11
2.40375375332e-10
5.3231735852e-10
8.30040896245e-10
7.69945086129e-10
9.72989597174e-10
1.17877944689e-09
1.31662561327e-09
1.36335138484e-09
1.41050047379e-09
6.37946172813e-11
2.35346897665e-10
4.04759902236e-10
5.7752792452e-10
8.22694355134e-10
9.97770562469e-10
1.17521395264e-09
8.04331102093e-10
9.70248097714e-10
1.13766823698e-09
-1.02120337566e-10
2.71515641806e-10
6.404923394e-10
1.01677617e-09
9.73393534267e-10
1.25909576335e-09
1.54866093547e-09
1.75586507449e-09
1.76617325538e-09
1.77657482441e-09
7.60122364773e-11
3.09218490795e-10
5.3951663746e-10
7.74375557742e-10
1.0062427779e-09
1.36016705562e-09
1.61164561232e-09
1.86316920055e-09
2.1116981923e-09
1.5722748213e-09
-1.68721109308e-10
3.15767599426e-10
7.9421468065e-10
1.28213682217e-09
1.76384367184e-09
1.66566768372e-09
2.07428199818e-09
2.48296948201e-09
2.88679120312e-09
2.2967857437e-09
-5.54505395008e-11
-1.12028563824e-10
-1.67901053959e-10
-2.24880030544e-10
-2.98679090816e-10
-3.31375982275e-10
-3.6451496419e-10
-3.41211335738e-10
-3.29963003751e-10
-3.18612766237e-10
-4.81791948481e-11
-2.3054037875e-10
-4.10627498621e-10
-5.94281024028e-10
-4.82719595515e-10
-5.49197494941e-10
-6.16574233478e-10
-6.22561425096e-10
-7.52156327616e-10
-8.82925309702e-10
-1.17310225267e-10
-2.19306889197e-10
-3.20031643504e-10
-4.22751128593e-10
-5.52852600409e-10
-6.36958220919e-10
-7.22201022685e-10
-5.81859896254e-10
-6.23234975987e-10
-6.64984897898e-10
-1.49462718845e-11
-3.17116752547e-10
-6.15519134065e-10
-9.1983101042e-10
-7.91278570418e-10
-9.83757132261e-10
-1.17883817194e-09
-1.24007604191e-09
-1.25032405252e-09
-1.26066490613e-09
-1.72100232661e-10
-3.14324834527e-10
-4.54775879959e-10
-5.98008386864e-10
-7.77977708906e-10
-9.07616775146e-10
-1.03900867449e-09
-7.9500576414e-10
-8.82990151395e-10
-9.71771643083e-10
1.44886027403e-11
-3.93798683624e-10
-7.96994582601e-10
-1.20817528408e-09
-1.06457366248e-09
-1.36865281103e-09
-1.67684337457e-09
-1.78701755966e-09
-1.69155832314e-09
-1.59523426296e-09
-2.39262177207e-10
-4.30798444932e-10
-6.19946234322e-10
-8.12839864745e-10
-1.05393751932e-09
-1.2393917771e-09
-1.427353538e-09
-1.05628134413e-09
-1.20139972125e-09
-1.3478328146e-09
5.05700619579e-11
-4.87795889461e-10
-1.01944835823e-09
-1.56162955502e-09
-1.39958054951e-09
-1.84046041726e-09
-2.28730136489e-09
-2.45746200077e-09
-2.23242613875e-09
-2.00535153908e-09
-3.34702835247e-10
-5.96313575507e-10
-8.5466200105e-10
-1.11812670173e-09
-1.37823531368e-09
-1.71086151672e-09
-1.97921202825e-09
-2.24761059252e-09
-2.51281364976e-09
-1.88223553202e-09
1.0184371453e-10
-6.21370866177e-10
-1.33556688148e-09
-2.06390667689e-09
-2.78296867158e-09
-2.5109238577e-09
-3.15479429851e-09
-3.79878003531e-09
-4.43509858896e-09
-2.58814977356e-09
-1.11667386459e-11
-5.14823540902e-12
7.9521643022e-13
6.8563710766e-12
1.12055085277e-11
2.14673715405e-11
3.18679838807e-11
2.72046537804e-11
3.53527947237e-11
4.35747546645e-11
-7.84395726253e-12
-2.50341723248e-12
2.77052567574e-12
8.14891258413e-12
1.77345566886e-11
2.18236840824e-11
2.59681000409e-11
3.33783819702e-11
3.32692221914e-11
3.31590734675e-11
-5.44491227832e-11
-4.69527939078e-11
-3.95499450784e-11
-3.20004918663e-11
-1.6266293613e-11
-6.96526041367e-12
2.46153085705e-12
7.99962462269e-12
2.67524852766e-11
4.56752395765e-11
-4.95062263956e-11
-4.88102504521e-11
-4.81229534053e-11
-4.74220452796e-11
-2.14789924212e-11
-2.51319366917e-11
-2.8834271951e-11
-3.25055395197e-12
2.76726499244e-11
5.88760060374e-11
-9.27849487334e-11
-8.39796885782e-11
-7.5284230986e-11
-6.79714106516e-11
-4.05984612233e-11
-3.21484487159e-11
-2.35841846782e-11
-9.01054405981e-12
1.91350683377e-11
4.753566907e-11
-8.6407093342e-11
-8.9824874161e-11
-9.32000348771e-11
-7.72942735683e-11
-5.62109930613e-11
-6.67212008059e-11
-7.73735157151e-11
-3.56933257687e-11
2.27156859165e-11
8.16538605994e-11
-1.39777251511e-10
-1.29367494948e-10
-1.19087549195e-10
-1.08604021668e-10
-7.04249892618e-11
-6.30181634089e-11
-5.55111908182e-11
-2.98617185739e-11
9.79758950941e-12
4.9816195546e-11
-1.31640414115e-10
-1.40100864514e-10
-1.48455812165e-10
-1.56976219354e-10
-9.87857035233e-11
-1.17701589075e-10
-1.36873233878e-10
-7.54618847699e-11
1.66394074552e-11
1.09575101675e-10
-2.06555787037e-10
-1.93865956632e-10
-1.81334369809e-10
-1.68554610208e-10
-1.55937642842e-10
-1.0688565271e-10
-1.00881146912e-10
-9.48755659048e-11
-8.89414863098e-11
5.30569436959e-11
-1.95919343635e-10
-2.1154569291e-10
-2.2697717989e-10
-2.42714268629e-10
-2.58250893829e-10
-1.90147403984e-10
-2.21425464951e-10
-2.52709126788e-10
-2.83620330742e-10
1.49252654783e-10
-6.27445617526e-12
6.65944024365e-12
1.9432049551e-11
3.24576047912e-11
4.54402165704e-11
6.04479766698e-11
7.56586547597e-11
6.79056562378e-11
7.57113015054e-11
8.35876628924e-11
-3.38789495579e-12
2.26891183663e-11
4.84409484628e-11
7.47027621132e-11
7.30225633393e-11
8.49076301432e-11
9.69533934039e-11
1.0584377017e-10
1.20039634286e-10
1.34364107428e-10
-4.75045005098e-11
-2.79118601386e-11
-8.56354214883e-12
1.11679456558e-11
4.30134369441e-11
6.26336325856e-11
8.25191103642e-11
7.31647490793e-11
9.85602840987e-11
1.24185892818e-10
-5.33242604481e-11
-1.91689104675e-11
1.45605185406e-11
4.89579177088e-11
6.35651300035e-11
8.07728219255e-11
9.82131768326e-11
1.33388567739e-10
1.68860189028e-10
2.04653169452e-10
-8.40225397775e-11
-5.85321547629e-11
-3.33596376544e-11
3.69930715446e-12
4.08640035608e-11
6.45694992539e-11
8.85955138996e-11
7.78228027389e-11
1.18797954396e-10
1.60144325038e-10
-9.75536127413e-11
-5.62431645774e-11
-1.54478622477e-11
2.4436582632e-11
5.51885461919e-11
7.71105632184e-11
9.93289850123e-11
1.57785388444e-10
2.121012518e-10
2.66909195817e-10
-1.28786587912e-10
-9.60667094637e-11
-6.37548514999e-11
-3.08030966397e-11
3.82292142522e-11
6.69424971053e-11
9.6044008556e-11
8.35326749668e-11
1.43605421211e-10
2.04222403243e-10
-1.51770238133e-10
-1.01689024454e-10
-5.22323290204e-11
-1.79620411691e-12
4.49204757131e-11
7.26213428677e-11
1.00696749878e-10
1.87691168662e-10
2.6510642552e-10
3.43223034587e-10
-1.92398656314e-10
-1.49405287196e-10
-1.06948050122e-10
-6.36499993057e-11
-2.09034914487e-11
7.03146519468e-11
1.06628711489e-10
1.42949273682e-10
1.78837409525e-10
2.66859672272e-10
-2.28814916321e-10
-1.66269983226e-10
-1.04504992329e-10
-4.15168211979e-11
2.0668988587e-11
6.62419244747e-11
1.02640415739e-10
1.39045424774e-10
1.75017002049e-10
4.51669015997e-10
-1.60013129853e-12
1.79410684757e-11
3.72385873384e-11
5.69182700013e-11
7.81497235157e-11
9.76919447685e-11
1.17498393877e-10
1.0679337571e-10
1.14271783933e-10
1.21817943634e-10
8.69643936873e-13
4.67592934971e-11
9.20766940776e-11
1.38291550447e-10
1.25847416856e-10
1.45181103755e-10
1.64776198943e-10
1.75080730381e-10
2.02944310837e-10
2.31060324527e-10
-4.08692702575e-11
-9.71922491616e-12
2.10423759321e-11
5.24131727273e-11
9.96521778369e-11
1.29131803714e-10
1.59010019813e-10
1.35426681863e-10
1.67168951401e-10
1.99198793594e-10
-5.69721960813e-11
9.15186898502e-12
7.44513596838e-11
1.4104402707e-10
1.4482042535e-10
1.81959384791e-10
2.19600495316e-10
2.63940237535e-10
3.03757638282e-10
3.43935769241e-10
-7.56505076211e-11
-3.42183419203e-11
6.69716011503e-12
7.21770005798e-11
1.18697208807e-10
1.56978535922e-10
1.95777459929e-10
1.60787610169e-10
2.14020728302e-10
2.67736117844e-10
-1.08203540097e-10
-2.41575641542e-11
5.88403492207e-11
1.21635195902e-10
1.61625090016e-10
2.14534433708e-10
2.68159157818e-10
3.42644372443e-10
3.93049442592e-10
4.43911163131e-10
-1.18285572777e-10
-6.42495176029e-11
-1.08872979833e-11
4.35316952444e-11
1.42042730642e-10
1.9111323992e-10
2.40847225231e-10
1.91875199707e-10
2.71451938697e-10
3.51749612086e-10
-1.71003252117e-10
-6.49884821959e-11
3.97042718788e-11
1.46470338125e-10
1.82224356382e-10
2.54465138833e-10
3.27682679594e-10
4.39120408782e-10
5.0250391239e-10
5.66461645964e-10
-1.78872244313e-10
-1.06925398836e-10
-3.58757384387e-11
3.6580973736e-11
1.0811471158e-10
2.39620450864e-10
3.04893733819e-10
3.70178705069e-10
4.34686404708e-10
4.71137209167e-10
-2.60244948145e-10
-1.23011365729e-10
1.2510898814e-11
1.50717016343e-10
2.87162624803e-10
3.11208772431e-10
4.12268736855e-10
5.13346797791e-10
6.1322144076e-10
7.40612332094e-10
2.92378295288e-12
2.8859675993e-11
5.44721455931e-11
8.05918388825e-11
1.09806702551e-10
1.33737474873e-10
1.57991812083e-10
1.44429764485e-10
1.51591465511e-10
1.58818048771e-10
4.99018356139e-12
7.00549375054e-11
1.34308326808e-10
1.99834176037e-10
1.76972469982e-10
2.03515094961e-10
2.30416599352e-10
2.42089780733e-10
2.83181277167e-10
3.24645046626e-10
-3.44475487273e-11
7.88800691386e-12
4.96956335177e-11
9.23312091222e-11
1.54468394909e-10
1.93490193854e-10
2.33039601514e-10
1.95685147516e-10
2.3356992608e-10
2.71797926048e-10
-6.0502748286e-11
3.65613411879e-11
1.32415030785e-10
2.30166985674e-10
2.23461084336e-10
2.79889962118e-10
3.37081807486e-10
3.9029101013e-10
4.34314351658e-10
4.7873652759e-10
-6.75478710726e-11
-1.06868999848e-11
4.54650085366e-11
1.02728937049e-10
1.94025893854e-10
2.46414030666e-10
2.99510500725e-10
2.41082772486e-10
3.06179419727e-10
3.7186581735e-10
-1.18510773636e-10
6.89558444945e-12
1.30738111451e-10
2.57033188496e-10
2.64636714192e-10
3.47536273029e-10
4.31556706119e-10
5.21554956168e-10
5.68175074779e-10
6.15217553588e-10
-1.08122459754e-10
-3.34561406994e-11
4.02790811405e-11
1.15474539023e-10
2.42515731271e-10
3.11288411274e-10
3.80990957822e-10
2.96731474063e-10
3.95184605487e-10
4.94529684108e-10
-1.89617385356e-10
-2.94688915525e-11
1.28682532911e-10
2.89965953245e-10
3.15110066919e-10
4.30457557372e-10
5.47364646379e-10
6.82459148086e-10
7.32262412798e-10
7.82516875778e-10
-1.65781085775e-10
-6.58124301358e-11
3.2909605367e-11
1.3358671025e-10
2.32981361366e-10
4.0347832056e-10
4.96778975802e-10
5.90096338118e-10
6.82302680007e-10
6.68841494763e-10
-2.90663623064e-10
-8.1144725871e-11
1.25761447619e-10
3.36765145257e-10
5.45081017421e-10
5.482930667e-10
7.11933824643e-10
8.75603885255e-10
1.03732531834e-09
1.02025801784e-09
7.6612947092e-12
4.0293807721e-11
7.25193897046e-11
1.05383159994e-10
1.42958372104e-10
1.714849018e-10
2.00397135028e-10
1.8384316279e-10
1.90673203226e-10
1.9756512118e-10
9.30527527815e-12
9.44504899469e-11
1.78533934419e-10
2.6428254885e-10
2.30511402589e-10
2.64603337083e-10
2.99156224231e-10
3.12262676632e-10
3.67206647711e-10
4.22648389863e-10
-2.77226243467e-11
2.63265676724e-11
7.97017603197e-11
1.3413398349e-10
2.11872770496e-10
2.60887278096e-10
3.10564504538e-10
2.58788728527e-10
3.03106035893e-10
3.4782484088e-10
-6.41999962103e-11
6.52649570346e-11
1.93115468066e-10
3.23497902373e-10
3.05814777568e-10
3.82444350997e-10
4.60110023014e-10
5.2260745941e-10
5.71035326043e-10
6.19901930371e-10
-5.90626669391e-11
1.39555836295e-11
8.60632885787e-11
1.59598998586e-10
2.72911237644e-10
3.40072239959e-10
4.08141317532e-10
3.25169086751e-10
4.0268940197e-10
4.80912021185e-10
-1.29304665243e-10
3.94149135979e-11
2.06030540725e-10
3.75945786922e-10
3.7251205255e-10
4.86817820464e-10
6.02669101937e-10
7.08912838441e-10
7.51569298281e-10
7.94612209106e-10
-9.74794933427e-11
-1.2088484232e-12
9.38612909608e-11
1.90814178381e-10
3.4773258447e-10
4.3713767708e-10
5.27751604427e-10
4.06538558123e-10
5.2475933458e-10
6.44051145431e-10
-2.09110388573e-10
7.72776357884e-12
2.21861920113e-10
4.40236742175e-10
4.54270002527e-10
6.14759492713e-10
7.77418940616e-10
9.37287174028e-10
9.72869006184e-10
1.00877319594e-09
-1.520718256e-10
-2.2758304498e-11
1.04942662767e-10
2.35172591774e-10
3.63743614685e-10
5.75072771938e-10
6.97724117385e-10
8.20397425648e-10
9.41610206652e-10
8.75880427254e-10
-3.22518521727e-10
-3.7301344343e-11
2.44359143454e-10
5.31597573325e-10
8.1517707789e-10
7.96571342752e-10
1.02574765874e-09
1.25496501266e-09
1.48145334428e-09
1.31310722987e-09
1.23941857607e-11
5.17167872344e-11
9.05490315407e-11
1.30150301034e-10
1.76077707367e-10
2.09195511992e-10
2.42761098186e-10
2.23218119465e-10
2.29716822794e-10
2.36274401855e-10
1.36161582951e-11
1.18822248327e-10
2.22716406839e-10
3.28668062314e-10
2.83998116307e-10
3.25631997141e-10
3.67828804313e-10
3.82367129802e-10
4.51150064594e-10
5.20556146105e-10
-2.10042590824e-11
4.47471444871e-11
1.09678620819e-10
1.75895985763e-10
2.69221157057e-10
3.28218626981e-10
3.88013794094e-10
3.21830761825e-10
3.72574324063e-10
4.23777603299e-10
-6.78936380453e-11
9.3940576975e-11
2.53756701526e-10
4.16737789299e-10
3.88088147601e-10
4.84898714044e-10
5.83018243682e-10
6.54794854603e-10
7.07622950414e-10
7.60929648289e-10
-5.05857388006e-11
3.85740323394e-11
1.26621971322e-10
2.16413592236e-10
3.51719641069e-10
4.33639100257e-10
5.16666181897e-10
4.09173387915e-10
4.99105253758e-10
5.89851867434e-10
-1.4008802909e-10
7.19025252062e-11
2.81249533963e-10
4.9474240463e-10
4.80282175318e-10
6.25963520444e-10
7.73614604266e-10
8.96087982284e-10
9.34784649283e-10
9.73831893081e-10
-8.68469074874e-11
3.10069916423e-11
1.47391239682e-10
2.66080335656e-10
4.52846815018e-10
5.62864196531e-10
6.74369108882e-10
5.16238542477e-10
6.54207683707e-10
7.93426771859e-10
-2.28584379402e-10
4.4888139167e-11
3.14950425337e-10
5.90360965357e-10
5.93294209294e-10
7.98881670225e-10
1.00724885272e-09
1.19186665492e-09
1.21324092532e-09
1.23480883831e-09
-1.38375936674e-10
2.02538285465e-11
1.76905463139e-10
3.36659392094e-10
4.94378329794e-10
7.46499859656e-10
8.98473268282e-10
1.05047389034e-09
1.2006648192e-09
1.08271742551e-09
-3.54342350898e-10
6.49927479546e-12
3.62841165711e-10
7.26239972707e-10
1.08500970172e-09
1.04460746202e-09
1.33925541632e-09
1.63395613237e-09
1.9251481925e-09
1.60567081311e-09
1.712217169e-11
6.3127928083e-11
1.08559987631e-10
1.5489177365e-10
2.09162718074e-10
2.46867039275e-10
2.85081155745e-10
2.62552268317e-10
2.68719977934e-10
2.74943564608e-10
1.79225735548e-11
1.43168748054e-10
2.66853088975e-10
3.92986847258e-10
3.37429396915e-10
3.86597407689e-10
4.36430212801e-10
4.52398927398e-10
5.35006483337e-10
6.18362431701e-10
-1.42928566664e-11
6.31486303951e-11
1.39624413591e-10
2.17614706302e-10
3.26510108308e-10
3.95480194311e-10
4.65382815959e-10
3.84807458972e-10
4.41970615974e-10
4.99651649013e-10
-7.15834518257e-11
1.22586477782e-10
3.14335087001e-10
5.09881043315e-10
4.70276250313e-10
5.87246894386e-10
7.05799083465e-10
7.86845252066e-10
8.440690167e-10
9.01811206453e-10
-4.21175960679e-11
6.31669667287e-11
1.67138619442e-10
2.73169303795e-10
4.30446368231e-10
5.27108988771e-10
6.25078572149e-10
4.93090627838e-10
5.95421181095e-10
6.98678809487e-10
-1.50860217163e-10
1.0435646697e-10
3.56390570968e-10
6.13415902679e-10
5.8794060618e-10
7.64965011175e-10
9.44382940339e-10
1.08306913963e-09
1.11781011768e-09
1.15286583552e-09
-7.62253411406e-11
6.31894435246e-11
2.00865710484e-10
3.41268487818e-10
5.578521062e-10
6.88460414239e-10
8.20834660382e-10
6.25824834834e-10
7.83521873825e-10
9.42647586841e-10
-2.48038187576e-10
8.20100021033e-11
4.07942454539e-10
7.40329601255e-10
7.32174332726e-10
9.82813025303e-10
1.23684057135e-09
1.44618229212e-09
1.45336372533e-09
1.46061021953e-09
-1.24694242033e-10
6.32213842347e-11
2.48793681966e-10
4.38041012482e-10
6.24877656355e-10
9.17749282009e-10
1.09901436471e-09
1.28031190602e-09
1.45945095006e-09
1.28934005992e-09
-3.86133198163e-10
5.02544993984e-11
4.81200394352e-10
9.206806466e-10
1.35456267365e-09
1.29238651906e-09
1.65243825751e-09
2.01255446937e-09
2.3683831997e-09
1.89793118629e-09
-1.76058201289e-11
-6.67020238276e-11
-1.15185992464e-10
-1.64630126903e-10
-2.22871039648e-10
-2.66341615975e-10
-3.10399952364e-10
-2.97925379934e-10
-3.02025949866e-10
-3.06163669372e-10
-4.69298631047e-11
-1.77553677799e-10
-3.06548599151e-10
-4.38098107427e-10
-3.84062720486e-10
-4.35321257366e-10
-4.87272854318e-10
-4.90006976112e-10
-5.73160907871e-10
-6.57068182008e-10
2.37002559287e-11
-6.36329263727e-11
-1.49877054281e-10
-2.37829141844e-10
-3.47111270886e-10
-4.14818150158e-10
-4.83440485419e-10
-4.63450640711e-10
-5.12775137624e-10
-5.62546495352e-10
8.57047821981e-11
-1.59216876662e-10
-4.01084335486e-10
-6.47741684028e-10
-5.84748440555e-10
-7.4543883087e-10
-9.08301895246e-10
-9.80481579433e-10
-9.87256560634e-10
-9.94092920537e-10
6.02856375797e-11
-6.09145829127e-11
-1.80603423319e-10
-3.02662555078e-10
-4.57152618554e-10
-5.46325937576e-10
-6.36704957555e-10
-6.10058728828e-10
-6.99438703923e-10
-7.89628426935e-10
2.03181182323e-10
-1.42975709941e-10
-4.84815987668e-10
-8.33425994732e-10
-7.6249864976e-10
-1.02011439597e-09
-1.2812133315e-09
-1.41490194237e-09
-1.35402699594e-09
-1.29260054609e-09
1.05132234442e-10
-5.75824199617e-11
-2.1826800472e-10
-3.82135771299e-10
-5.9204201247e-10
-7.07529031831e-10
-8.24577536301e-10
-7.897718691e-10
-9.28252107774e-10
-1.06798692371e-09
3.47184511509e-10
-1.23067182991e-10
-5.87454787116e-10
-1.06103902076e-09
-9.80386002978e-10
-1.35681347578e-09
-1.73833057593e-09
-1.94741722598e-09
-1.80361656179e-09
-1.65851311935e-09
1.68861608931e-10
-5.28472410313e-11
-2.71791357238e-10
-4.95071394351e-10
-7.15507226466e-10
-9.36607113141e-10
-1.09155435873e-09
-1.24652935027e-09
-1.39965923627e-09
-1.46354899808e-09
5.51820821405e-10
-9.47761183796e-11
-7.33309923175e-10
-1.38448911037e-09
-2.02737339076e-09
-1.83528058918e-09
-2.38791823908e-09
-2.94065484817e-09
-3.48681067049e-09
-2.17849414451e-09
-9.92998864761e-12
-5.7539990843e-12
-1.03144210234e-12
3.51535153835e-12
6.42154075467e-12
1.45049061855e-11
1.82629995834e-11
1.90395930325e-11
2.58601561514e-11
3.07110135627e-11
-1.28561477529e-11
-8.16148576612e-12
-3.99952548661e-12
2.48357177384e-12
7.88904689839e-12
1.1617654843e-11
1.66913697619e-11
2.32124281967e-11
2.45049630198e-11
2.1635465666e-11
-3.7605946827e-11
-3.37485675188e-11
-2.99392901551e-11
-2.63539835459e-11
-1.32342323066e-11
-5.33176159415e-12
2.67755740647e-12
8.86698816649e-13
1.7941560653e-11
3.51509329246e-11
-4.35673151679e-11
-4.36339705253e-11
-4.36997946829e-11
-3.33804478784e-11
-2.25555882027e-11
-2.51931529221e-11
-2.78663798143e-11
-6.68111587846e-12
1.38732863608e-11
3.46139035144e-11
-6.15820166992e-11
-5.85437567037e-11
-5.55433841446e-11
-5.28096803349e-11
-3.06436313037e-11
-2.29013816276e-11
-1.50544499912e-11
-1.51915789174e-11
1.09279474973e-11
-1.18209057989e-11
-7.11939072554e-11
-7.50524570262e-11
-7.88628902568e-11
-6.51457224275e-11
-4.9520836435e-11
-5.77970112284e-11
-6.61850871147e-11
-3.31582549165e-11
4.4566584629e-12
-1.17360388237e-11
-9.78692459918e-11
-8.89378595754e-11
-8.69290477447e-11
-8.52392441407e-11
-5.1984184913e-11
-4.44383352169e-11
-1.4332733353e-11
-3.49004354946e-11
2.33061524194e-12
-3.63089805828e-11
-1.12105464237e-10
-1.13565440479e-10
-1.2196603967e-10
-1.04083800907e-10
-8.25750116876e-11
-9.77630310877e-11
-6.90170159107e-11
-6.56141027695e-11
-7.08630476683e-12
-3.09499353481e-11
-1.32736804707e-10
-1.32129479446e-10
-1.31529727597e-10
-1.30918098396e-10
-1.30314260302e-10
-7.50434797912e-11
-6.76784719457e-11
-6.03121452699e-11
-5.30335208095e-11
4.3614815943e-11
-1.53182503128e-10
-1.68294416965e-10
-1.83217883573e-10
-1.98436891217e-10
-2.13462034787e-10
-1.54556848782e-10
-1.79905121684e-10
-2.05257933626e-10
-2.3030889936e-10
6.55561202084e-11
-1.02250928156e-11
9.79274648199e-13
1.15798580773e-11
2.26857112844e-11
3.17527916883e-11
4.55316132608e-11
5.1668472854e-11
5.40565100792e-11
6.20835926647e-11
7.81654191634e-11
-8.30004136488e-12
1.0552229763e-11
2.94247854583e-11
4.37971806543e-11
5.1190180132e-11
6.09935296196e-11
7.00829025588e-11
7.99106845979e-11
9.0532499207e-11
1.07183511928e-10
-4.43787905146e-11
-3.04470730187e-11
-1.6689085573e-11
4.58058316357e-12
2.3651056482e-11
3.99065206232e-11
5.63817728005e-11
5.21846764694e-11
7.65728422894e-11
1.01181955435e-10
-5.78487364479e-11
-3.08648717875e-11
-4.21749888873e-12
2.00348086918e-11
3.95530425739e-11
5.43764693042e-11
6.94003216773e-11
1.00900140603e-10
1.24473774727e-10
1.48260976836e-10
-7.50454271846e-11
-5.82818380951e-11
-4.17272928061e-11
-1.14553874577e-11
1.64752338708e-11
3.49242957157e-11
5.36228049485e-11
5.05267667007e-11
8.94061776712e-11
1.07167502995e-10
-1.01505678495e-10
-6.75485903037e-11
-3.4014950739e-11
-1.01186361779e-12
2.92458635939e-11
4.85156444535e-11
6.80459695371e-11
1.19490801636e-10
1.54536047331e-10
1.10253574237e-10
-1.13010429328e-10
-9.24018727048e-11
-7.24192887692e-11
-3.11123837032e-11
7.67906421823e-12
2.88170522806e-11
7.12628205349e-11
4.849449021e-11
1.05137362978e-10
1.23865672474e-10
-1.42419665693e-10
-1.1251572913e-10
-7.05408594586e-11
-2.68110103199e-11
1.66112571023e-11
4.13314075397e-11
1.07737061801e-10
1.4227935387e-10
1.91386575039e-10
1.1202118587e-10
-1.66056090851e-10
-1.40888237677e-10
-1.16034230401e-10
-9.06880198564e-11
-6.56646765939e-11
2.01383379255e-11
4.54349003556e-11
7.07359925668e-11
9.57358543363e-11
2.10119744729e-10
-2.31068216182e-10
-1.76416400094e-10
-1.22446098165e-10
-6.74069803015e-11
-1.30689664688e-11
3.11222287674e-11
6.40266018951e-11
9.69368671121e-11
1.29455308386e-10
3.13469071702e-10
-9.00894197153e-12
7.41257221402e-12
2.36293083107e-11
4.01671970663e-11
5.5955502204e-11
7.51760398849e-11
9.46564559791e-11
8.75133775925e-11
9.66932276216e-11
1.05956243532e-10
1.50259806154e-11
3.6464177823e-11
6.39725890301e-11
8.49865591772e-11
9.96120565143e-11
1.1404216974e-10
1.23849403053e-10
1.37432985883e-10
1.49441333522e-10
1.71007091337e-10
-5.08498951422e-11
-2.72926644241e-11
-4.02919496533e-12
3.41369743959e-11
5.88930573282e-11
8.31293780969e-11
1.07693395036e-10
1.01197262007e-10
1.3259202351e-10
1.64271209379e-10
-7.14939016984e-11
-1.86646531286e-11
3.35058088984e-11
7.10703455975e-11
9.88946524751e-11
1.30401160609e-10
1.62333664179e-10
2.03688511156e-10
2.30146866429e-10
2.56844924142e-10
-8.79090250933e-11
-5.80315883036e-11
-2.85267264384e-11
2.80565174896e-11
6.14948918668e-11
9.01737633704e-11
1.192403982e-10
1.13317273918e-10
1.64388099869e-10
2.2085482228e-10
-1.30467020611e-10
-6.03790306752e-11
8.83495431391e-12
6.02647477542e-11
1.04503403937e-10
1.50091932035e-10
1.96296856746e-10
2.65339142719e-10
2.97929202792e-10
2.26808390207e-10
-1.33336345679e-10
-9.57115595108e-11
-5.85559585666e-11
-2.06645363102e-11
6.46842374303e-11
9.88088162864e-11
1.33394789176e-10
1.28174062711e-10
2.03363935406e-10
2.79234999192e-10
-9.35996227502e-11
-5.63687370239e-11
2.68539165601e-11
1.48016345001e-10
2.45570808201e-10
3.42521323289e-10
4.30418952364e-10
5.14667009187e-10
6.52306212615e-10
6.35045024434e-10
-1.97890959142e-10
-1.49256781752e-10
-1.01229077907e-10
-5.2250244025e-11
-3.89531654299e-12
1.11079680956e-10
1.53508923721e-10
1.95945764164e-10
2.37877358903e-10
3.69206660785e-10
-3.05484018675e-10
-1.84176538233e-10
-6.43817754207e-11
5.77853764081e-11
1.78396328102e-10
2.08529060137e-10
2.97090847591e-10
3.85668493543e-10
4.73191549315e-10
5.50337176393e-10
-8.28672758334e-12
1.36388588563e-11
3.52910308203e-11
5.73719976144e-11
7.9379416868e-11
1.03866566884e-10
1.286848045e-10
1.19893668595e-10
1.30189192268e-10
1.40577989393e-10
-1.38141831958e-12
4.57368764889e-11
9.22676009763e-11
1.39719809651e-10
1.32602931827e-10
1.53827724309e-10
1.75339494476e-10
1.86512076414e-10
2.14674363569e-10
2.43091790126e-10
-5.71127722889e-11
-2.42397585239e-11
8.22332514214e-12
4.1329300545e-11
9.30010395674e-11
1.24961408619e-10
1.57353909701e-10
1.48632718477e-10
1.86808617128e-10
2.25330374618e-10
-8.46999922392e-11
-6.85701362615e-12
7.00152544779e-11
1.48409883996e-10
1.56326765521e-10
2.03979526153e-10
2.52276593621e-10
3.03169353135e-10
3.32419604877e-10
3.61934852558e-10
-1.003586976e-10
-5.77893910607e-11
-1.57509284586e-11
6.62970066737e-11
1.05065905387e-10
1.43645411298e-10
1.82746545736e-10
1.74087305514e-10
2.36957250575e-10
3.00396772961e-10
-1.58496443425e-10
-5.34401734424e-11
5.03060332936e-11
1.19569597711e-10
1.77339303936e-10
2.483996935e-10
3.20420881435e-10
4.0649436966e-10
4.36708247179e-10
4.67195850712e-10
-1.53369831851e-10
-9.89147470735e-11
-4.51387231949e-11
9.70226917981e-12
1.19855095746e-10
1.66548382323e-10
2.13873002812e-10
2.05289702528e-10
2.98429768995e-10
3.92413648348e-10
-2.66366673729e-11
1.52769262141e-10
3.2401224112e-10
4.91542864795e-10
5.86123493802e-10
7.02747170123e-10
7.68043982991e-10
8.81291079171e-10
1.22177997696e-09
1.3974218509e-09
-2.28701443683e-10
-1.5735604246e-10
-8.69003262413e-11
-1.50493205843e-11
5.58864264045e-11
1.99094709571e-10
2.5810533655e-10
3.17126530389e-10
3.7544502807e-10
5.23174471267e-10
-3.775052663e-10
-1.91686970316e-10
-8.18584893075e-12
1.78949288122e-10
3.63700644255e-10
3.80227286917e-10
5.22655542044e-10
6.65109301379e-10
8.05867030817e-10
7.79583329105e-10
-7.53041370016e-12
2.01591208521e-11
4.75033638617e-11
7.53891262186e-11
1.03909296289e-10
1.33911722783e-10
1.64319808218e-10
1.53802801434e-10
1.65266675501e-10
1.76834407823e-10
2.31517777921e-12
6.38585707811e-11
1.246345109e-10
1.8661404431e-10
1.74534203986e-10
2.01641559393e-10
2.29115429859e-10
2.41416644553e-10
2.78613073324e-10
3.16146487317e-10
-6.36713524172e-11
-2.10427090686e-11
2.10543504066e-11
6.39850907471e-11
1.28719436925e-10
1.68768546724e-10
2.09359155376e-10
1.98307849392e-10
2.43585057922e-10
2.89272460404e-10
-9.85296109534e-11
5.50812590755e-12
1.08248500742e-10
2.13023523261e-10
2.16470547128e-10
2.81031908759e-10
3.46466196241e-10
4.07347202718e-10
4.39521170872e-10
4.71986622701e-10
-1.13396183852e-10
-5.7535758427e-11
-2.37191865368e-12
5.38843736152e-11
1.50694132916e-10
1.99641733643e-10
2.49251148572e-10
2.37726606156e-10
3.12952768066e-10
3.88860449833e-10
-1.87849280974e-10
-4.61736966947e-11
9.37351774586e-11
2.36414776046e-10
2.53614165339e-10
3.5134907534e-10
4.50405446465e-10
5.54314268521e-10
5.82039771557e-10
6.10016456899e-10
-1.74349203031e-10
-1.0226917377e-10
-3.10879904049e-11
4.1502849389e-11
1.77630857035e-10
2.37486285351e-10
2.981510112e-10
2.86046372511e-10
3.97984154693e-10
5.10936049778e-10
-1.63169437615e-10
7.0002376285e-11
2.86643723607e-10
4.72342506219e-10
4.92523211965e-10
5.36034134179e-10
9.33973516267e-10
1.36254707443e-09
2.11756870357e-09
2.77277179982e-09
-2.60966651337e-10
-1.65837711362e-10
-7.18950397357e-11
2.39080518044e-11
1.18490776153e-10
2.91265385146e-10
3.67640289671e-10
4.44028870426e-10
5.19507981909e-10
6.84411902332e-10
-4.52927011356e-10
-1.99552008934e-10
5.0663379328e-11
3.05833977859e-10
5.57754140295e-10
5.60032279388e-10
7.58870318098e-10
9.57743962151e-10
1.15424985089e-09
1.0196533842e-09
-6.77483748337e-12
2.6673023348e-11
5.97037856743e-11
9.33886819203e-11
1.28415250634e-10
1.63927574311e-10
1.99920055541e-10
1.87678861195e-10
2.00309946114e-10
2.13055463764e-10
6.0081684243e-12
8.19625901832e-11
1.56969851945e-10
2.33462540947e-10
2.16424578721e-10
2.49408759528e-10
2.82838915194e-10
2.96267661838e-10
3.42489420827e-10
3.8912993103e-10
-7.02235356721e-11
-1.78487778371e-11
3.38728610044e-11
8.66187837547e-11
1.6440299655e-10
2.12532957789e-10
2.61313678033e-10
2.47934529955e-10
3.00306122141e-10
3.53152180645e-10
-1.12345741029e-10
1.78612051737e-11
1.46444456429e-10
2.77574141985e-10
2.76555667844e-10
3.58009138767e-10
4.40563931575e-10
5.11423443035e-10
5.46518275971e-10
5.81931054485e-10
-1.26420954068e-10
-5.72823731726e-11
1.09940420111e-11
8.06225882367e-11
1.96277857217e-10
2.55583440298e-10
3.15690886527e-10
3.01303836572e-10
3.88874163766e-10
4.77237844168e-10
-2.17173489401e-10
-3.89143072633e-11
1.37121963258e-10
3.16644417189e-10
3.29814632496e-10
4.54198046094e-10
5.80263231799e-10
7.01989992096e-10
7.2722954767e-10
7.52697763831e-10
-1.95308112101e-10
-1.05620328745e-10
-1.70509619162e-11
7.32724130856e-11
2.35350267068e-10
3.08354999503e-10
3.82346819518e-10
3.66724276941e-10
4.97441440596e-10
6.29342851068e-10
9.743581686e-11
1.30229467074e-10
4.5431343069e-10
5.67466915619e-10
7.79068621578e-10
9.31258400829e-10
1.29839872621e-09
2.05676080675e-09
3.18643653509e-09
4.85328651271e-09
-2.93200389307e-10
-1.74311107716e-10
-5.69043885498e-11
6.28274273445e-11
1.8103406511e-10
3.83346162583e-10
4.77068408507e-10
5.70807436997e-10
6.63430424776e-10
8.45492071398e-10
-5.28275194249e-10
-2.07409376431e-10
1.09455209331e-10
4.32594911345e-10
7.51618367377e-10
7.39661900095e-10
9.94854703432e-10
1.25009320339e-09
1.50229287778e-09
1.25948928834e-09
-6.02004433843e-12
3.31801748988e-11
7.18915630885e-11
1.11369583058e-10
1.52895807247e-10
1.93912317704e-10
2.35483407113e-10
2.21519812137e-10
2.35316898221e-10
2.49238980555e-10
9.69733168981e-12
1.00047846756e-10
1.89271680957e-10
2.80262484258e-10
2.58271538679e-10
2.97126454201e-10
3.3650672203e-10
3.51061832062e-10
4.06299567504e-10
4.62037735411e-10
-7.6768928308e-11
-1.46581567649e-11
4.66780866226e-11
1.09229019423e-10
2.0004957408e-10
2.56252011845e-10
3.13214355529e-10
2.9750977791e-10
3.56968401202e-10
4.16965696566e-10
-1.26147552201e-10
3.02014818286e-11
1.846008262e-10
3.42057861075e-10
3.36578516926e-10
4.34906590324e-10
5.34564144932e-10
6.15391819749e-10
6.53404490311e-10
6.91761540929e-10
-1.39432225538e-10
-5.70292505241e-11
2.43461503243e-11
1.07333091633e-10
2.41814338989e-10
3.11467169513e-10
3.82061766983e-10
3.64815176166e-10
4.6471687527e-10
5.65523645032e-10
-2.46467306504e-10
-3.16624413924e-11
1.80463783415e-10
3.96790909113e-10
4.0593612623e-10
5.56940425175e-10
7.09986433788e-10
8.49512665987e-10
8.72268850512e-10
8.95231197245e-10
-2.16245299562e-10
-1.08968010616e-10
-3.02848126727e-12
1.05009051115e-10
2.93009857266e-10
3.79150266009e-10
4.6645536812e-10
4.47318567576e-10
5.96795649935e-10
7.476269367e-10
4.14565748446e-10
-1.10989850717e-10
8.82377808066e-10
1.2859123112e-09
1.79463708684e-09
2.20761212667e-09
2.73152152711e-09
3.47931557801e-09
5.07804189558e-09
7.10246672399e-09
-3.25400720544e-10
-1.82775722326e-10
-4.19292735289e-11
1.01706467222e-10
2.43512534811e-10
4.75331508399e-10
5.86383117105e-10
6.97454611496e-10
8.07203707824e-10
1.00640529854e-09
-6.03545287018e-10
-2.15258600629e-10
1.68186108054e-10
5.59224471033e-10
9.4528167546e-10
9.19105354411e-10
1.23059451684e-09
1.54213945673e-09
1.84997519627e-09
1.49907662889e-09
2.02388992431e-11
-2.13754838308e-11
-6.24709309687e-11
-1.04380223262e-10
-1.4706298848e-10
-2.01307249676e-10
-2.56284940537e-10
-2.5463942413e-10
-2.74088895982e-10
-2.93714572507e-10
-4.56805313613e-11
-1.24566976849e-10
-2.02469699682e-10
-2.81915190826e-10
-2.85405845457e-10
-3.21445019791e-10
-3.57971475157e-10
-3.57452527129e-10
-3.94165488125e-10
-4.31211054313e-10
1.64710737125e-10
9.20410364517e-11
2.02775349425e-11
-5.29071550959e-11
-1.41369941363e-10
-1.92678079397e-10
-2.44679948154e-10
-3.45041385168e-10
-4.02315299261e-10
-4.60108092807e-10
1.86355836281e-10
-1.31700077761e-12
-1.86649536907e-10
-3.75652357636e-10
-3.78218310692e-10
-5.07120529479e-10
-6.37765618556e-10
-7.20887116957e-10
-7.24189068751e-10
-7.27520934948e-10
2.9267150782e-10
1.92495668702e-10
9.3569033321e-11
-7.3167232913e-12
-1.36327528202e-10
-1.85035100007e-10
-2.34401240614e-10
-4.25111693516e-10
-5.15887256451e-10
-6.07485210787e-10
3.91873761907e-10
1.07847263743e-10
-1.72637392735e-10
-4.58676705382e-10
-4.60423637044e-10
-6.71575980917e-10
-8.85583288423e-10
-1.04278632509e-09
-1.01649566873e-09
-9.89966829224e-10
4.49526646092e-10
3.15633605009e-10
1.83410224882e-10
4.85683221466e-11
-1.30146505617e-10
-1.75666286561e-10
-2.21801534598e-10
-5.23262394072e-10
-6.55104494296e-10
-7.88141032827e-10
6.43798961061e-10
2.41661523478e-10
-1.55461216008e-10
-5.60448486489e-10
-5.61191456443e-10
-8.73166534293e-10
-1.18935978697e-09
-1.43737245119e-09
-1.37480698484e-09
-1.31167469963e-09
6.72426053109e-10
4.90619093445e-10
3.11079286573e-10
1.27983913032e-10
-5.27791392534e-11
-1.6235270956e-10
-2.03896689207e-10
-2.45448108012e-10
-2.86504822789e-10
-1.04486246415e-09
1.00179792828e-09
4.31818629417e-10
-1.31052964869e-10
-7.05071543853e-10
-1.27177810994e-09
-1.15963732067e-09
-1.62104217964e-09
-2.08252966103e-09
-2.53852275202e-09
-1.76883851546e-09
-9.90564239347e-12
-6.35976275958e-12
-2.8581006349e-12
7.12907632869e-13
1.63757298165e-12
7.54244083055e-12
1.35271476367e-11
1.08745322846e-11
1.63675175791e-11
2.19102671904e-11
-4.78769304149e-12
-2.69066671516e-12
-8.78792282751e-13
1.97212140426e-12
2.66942961016e-12
2.89537610993e-12
9.36806698433e-12
7.06908938636e-12
8.89603701368e-12
5.24234591394e-12
-2.07627708708e-11
-2.05443411298e-11
-2.03286352317e-11
-1.99253899118e-11
-1.02021710001e-11
-3.69826277464e-12
2.8935839559e-12
-6.22622698939e-12
9.13063602947e-12
2.46266262726e-11
-3.76284039403e-11
-3.84576905984e-11
-3.92766359606e-11
-3.08268936614e-11
-2.36321839841e-11
-2.52543691526e-11
-2.68984876777e-11
-1.0111677805e-11
7.39227972516e-14
1.03518009914e-11
-3.03790846649e-11
-3.31078248291e-11
-3.58025373032e-11
-3.76479500182e-11
-2.0688801384e-11
-1.36543145392e-11
-6.52471530428e-12
-2.1372613775e-11
2.72082665694e-12
-2.7926488105e-11
-5.59807211687e-11
-6.02800398915e-11
-6.45257456366e-11
-5.29971712866e-11
-4.28306798088e-11
-4.88728216509e-11
-5.49966585143e-11
-3.06231840642e-11
-1.38023689907e-11
-2.39648083141e-11
-4.21668241546e-11
-4.85082242025e-11
-5.4770546294e-11
-6.11568860287e-11
-3.35433805642e-11
-2.58585070249e-11
-1.80697273006e-11
-3.99391524153e-11
-5.13635902553e-12
2.99817341776e-11
-3.53442913506e-11
-3.07866079556e-11
-2.47762385191e-11
-1.21441728294e-11
-1.78558677182e-11
-2.56364686638e-11
5.50686536783e-12
-2.53317247046e-11
-9.01046413538e-12
-7.38771123604e-11
-5.89178223767e-11
-7.03930022594e-11
-8.17250853862e-11
-9.32815865837e-11
-1.04690877762e-10
-4.32013068729e-11
-3.44757969797e-11
-2.5748724635e-11
-1.71255553091e-11
3.41726881901e-11
-1.10445662621e-10
-1.25043141019e-10
-1.39458587256e-10
-1.54159513805e-10
-1.68673175745e-10
-1.18966293581e-10
-1.38384778417e-10
-1.57806740463e-10
-1.76997467978e-10
-1.81404143666e-11
-1.25547265502e-11
-6.90149902186e-12
7.94219385345e-13
8.04393291491e-12
1.35771709827e-11
2.33873671894e-11
2.97226379629e-11
3.53667906113e-11
4.55007188756e-11
5.94337866122e-11
-2.03075040924e-11
-1.08972229705e-11
-2.77755593613e-12
1.04154429176e-11
2.01503809239e-11
2.9392218846e-11
4.15153419674e-11
4.70788401346e-11
5.25457892232e-11
7.21940694818e-11
-4.12530805194e-11
-3.29822858987e-11
-2.48146289971e-11
-8.63775351528e-12
4.28867601998e-12
1.71794086609e-11
3.02444352368e-11
3.12046038594e-11
5.458540048e-11
7.8178018052e-11
-6.23732124476e-11
-4.25608331076e-11
-2.2995516318e-11
-4.01187072657e-12
1.55409551443e-11
2.7980116683e-11
4.0587466522e-11
6.84117134666e-11
8.00873604263e-11
9.18687842202e-11
-6.60683145917e-11
-5.80315214272e-11
-5.00949479577e-11
-2.66100820699e-11
-7.91353581926e-12
5.27909217748e-12
1.86500959974e-11
2.32307306624e-11
6.00144009468e-11
6.30662252158e-11
-1.05457744248e-10
-7.88540160301e-11
-5.25820392302e-11
-2.64603098676e-11
3.30318099595e-12
1.99207256886e-11
3.67629540618e-11
8.11962148282e-11
9.69708428623e-11
6.02342531257e-11
-9.64869886159e-11
-8.87370359459e-11
-8.10837260385e-11
-7.32788516725e-11
-2.28710858157e-11
-9.3083925441e-12
4.43768015562e-12
1.34563054532e-11
6.66693047447e-11
1.20364393176e-10
-8.10395284516e-11
-6.94194210879e-11
-4.04675678279e-11
6.63642923015e-12
3.20419215736e-11
6.07428975563e-11
1.202545883e-10
1.13189274899e-10
1.1914147163e-10
6.21475950689e-11
-1.39713525387e-10
-1.32371188157e-10
-1.2512041068e-10
-1.17726040407e-10
-1.10425861739e-10
-3.00379760958e-11
-1.57589107774e-11
-1.47728854881e-12
1.26342991479e-11
1.53379817187e-10
-2.33321516043e-10
-1.86562816961e-10
-1.40387204002e-10
-9.32971394051e-11
-4.68069215246e-11
-3.99746693984e-12
2.5412788051e-11
5.48283094497e-11
8.38936147222e-11
1.75269127408e-10
-2.56495349725e-12
1.46769923945e-11
3.40765969952e-11
4.84444420031e-11
5.92663971296e-11
6.62303503733e-11
7.44180463448e-11
7.93785304518e-11
8.2886456758e-11
1.0168749669e-10
-9.07583866029e-12
1.00687670619e-11
2.23170575477e-11
3.32068419942e-11
4.05679605725e-11
4.37365175013e-11
5.04229090376e-11
6.20482928942e-11
7.11193873091e-11
8.91793909765e-11
-6.08305200268e-11
-4.48661039321e-11
-2.91007658627e-11
2.1470038908e-12
1.81339368195e-11
3.71269524801e-11
5.63767702581e-11
6.69678421523e-11
9.80150956197e-11
1.29343625165e-10
-8.60156073155e-11
-4.64811752421e-11
-7.43974188699e-12
2.16085078037e-11
5.29688796002e-11
7.88429364271e-11
1.05066833042e-10
1.43436784776e-10
1.56536094576e-10
1.69754079043e-10
-1.00167542565e-10
-8.18448346869e-11
-6.37506129918e-11
-1.60639656005e-11
4.29257492649e-12
2.33689908185e-11
4.27033364717e-11
6.58469376661e-11
1.14755471436e-10
1.5000509394e-10
-1.52730501125e-10
-9.66004971962e-11
-4.11704405928e-11
-1.10570039324e-12
4.73817178575e-11
8.56494303613e-11
1.24434555675e-10
1.88033912995e-10
2.02808962993e-10
1.40682136061e-10
-9.7591646787e-11
-3.80975793498e-11
1.87883937744e-11
7.84171063555e-11
1.46518351858e-10
1.92467202145e-10
2.35450812115e-10
2.81521409956e-10
3.92467602006e-10
2.74881503967e-10
-1.30851320731e-10
-7.16741417778e-11
7.59602868423e-12
9.49566005654e-11
1.61849629673e-10
2.2249632091e-10
2.7119497671e-10
3.59878674918e-10
4.75162188102e-10
4.15047261206e-10
-2.1690967397e-10
-1.91588164669e-10
-1.66582417375e-10
-1.41081461786e-10
-1.15905344666e-10
-1.74610889514e-11
2.12411362172e-12
2.17128232595e-11
4.10683130976e-11
2.67276112402e-10
-3.50723089205e-10
-2.45341710737e-10
-1.41274449655e-10
-3.51462635265e-11
6.96300314019e-11
1.05849347843e-10
1.81912958326e-10
2.57990189296e-10
3.3316165787e-10
3.60062020692e-10
-1.94972381196e-11
-1.58195828049e-12
1.61099160476e-11
3.41521563463e-11
4.89521311852e-11
7.39956588959e-11
9.93777969177e-11
9.53575727059e-11
1.08786919025e-10
1.22337930016e-10
-7.75302020055e-12
2.14188154724e-11
5.02268751445e-11
7.96054432658e-11
8.82333936716e-11
1.04140353658e-10
1.202623896e-10
1.30934372095e-10
1.46167449971e-10
1.61538533627e-10
-7.97779958505e-11
-5.63675239617e-11
-3.32489832334e-11
-9.6726080321e-12
3.15336842263e-11
5.64326233832e-11
8.16682178882e-11
1.01580289437e-10
1.40047308176e-10
1.78862823189e-10
-1.08897236192e-10
-5.02753684402e-11
7.61547817067e-12
6.66527823179e-11
8.91924467059e-11
1.28069090187e-10
1.67471379756e-10
2.1604769614e-10
2.30524858096e-10
2.45133177526e-10
-1.33169524126e-10
-1.04891882136e-10
-7.69668654537e-11
-5.85720251682e-12
1.61059169198e-11
4.08767919292e-11
6.59825907477e-11
1.07091838542e-10
1.67735081424e-10
2.28927728571e-10
-1.98482113214e-10
-1.13775931334e-10
-3.01260448633e-11
2.34330473756e-11
9.00418936792e-11
1.4926311397e-10
2.0928505675e-10
2.91433783151e-10
3.05241419578e-10
3.19174147837e-10
-1.2303058772e-10
-9.07218876264e-11
-7.27241223443e-12
1.19079187826e-10
2.11491684366e-10
2.3479648559e-10
2.94486232017e-10
3.27073249948e-10
5.88220753701e-10
7.28310411814e-10
-5.65226403543e-11
7.77934693541e-11
2.22366837114e-10
3.04063842186e-10
4.65817548837e-10
5.83885486787e-10
6.88084206595e-10
7.91438998256e-10
1.0042293369e-09
1.18475481688e-09
-2.91621801591e-10
-2.48899654784e-10
-2.0671025785e-10
-1.63685351419e-10
-1.21208508557e-10
-5.28890141818e-12
1.94316972987e-11
4.41567226606e-11
6.85873761333e-11
3.7750744777e-10
-4.64346909536e-10
-3.02229214762e-10
-1.4213314548e-10
2.11334309869e-11
1.82320271089e-10
2.12161507134e-10
3.33377259444e-10
4.54614717503e-10
5.74408743289e-10
5.38908640371e-10
-2.27221221095e-11
2.44339833028e-14
2.24873380187e-11
4.53950924428e-11
6.48602204751e-11
9.63385437652e-11
1.28242481408e-10
1.23762440077e-10
1.39860147777e-10
1.56103694466e-10
-4.67491971973e-12
3.32666516153e-11
7.07350873807e-11
1.0894553977e-10
1.18557005383e-10
1.38679781702e-10
1.59074635487e-10
1.70570612473e-10
1.90019498937e-10
2.0964458477e-10
-9.96200804876e-11
-6.84119858097e-11
-3.75930595066e-11
-6.16380199574e-12
4.55661033535e-11
7.66498153512e-11
1.08153806214e-10
1.37826970258e-10
1.8406407995e-10
2.30720079929e-10
-1.32859225696e-10
-5.42487052195e-11
2.3381533417e-11
1.02549144149e-10
1.27126316687e-10
1.7961946652e-10
2.32822369468e-10
2.92086946026e-10
3.080070157e-10
3.24071315032e-10
-1.67729700765e-10
-1.29027100484e-10
-9.08071258861e-11
-5.18302513556e-11
2.84770281887e-11
5.92112273274e-11
9.03609796124e-11
1.5028412556e-10
2.23216134161e-10
2.96808878481e-10
-2.46393896704e-10
-1.31762306987e-10
-1.8560185808e-11
9.68837651695e-11
1.34716278128e-10
2.15880330216e-10
2.98141790993e-10
3.997156986e-10
4.12510244833e-10
4.25420704693e-10
-5.95701510201e-11
1.11395633098e-10
3.22369020548e-10
4.5240353829e-10
5.30948038996e-10
6.0485172831e-10
7.03140886982e-10
8.75997227121e-10
1.28642114211e-09
1.66157360274e-09
-9.82227116208e-11
1.31020834935e-10
2.96720827645e-10
3.62041345164e-10
2.28696062169e-10
8.88324848197e-11
1.957770084e-10
4.31149233811e-10
8.49083951761e-10
1.28738165872e-09
-3.69861477073e-10
-3.08917118225e-10
-2.48732742238e-10
-1.87356488166e-10
-1.26762062378e-10
7.45799835364e-12
3.75564619575e-11
6.76603152048e-11
9.74057571656e-11
4.9294337741e-10
-5.83335500986e-10
-3.61802673524e-10
-1.43032384798e-10
8.00703823928e-11
3.00331202701e-10
3.23493216023e-10
4.91992977456e-10
6.60522911647e-10
8.27046357497e-10
7.26199538524e-10
-2.59438607275e-11
1.62925946166e-12
2.8858539808e-11
5.66270628065e-11
8.07527939018e-11
1.18659636631e-10
1.57079012895e-10
1.52139602925e-10
1.70903069434e-10
1.89836525674e-10
-1.59982144647e-12
4.51029320394e-11
9.12232970503e-11
1.3825701958e-10
1.48851041134e-10
1.73185521915e-10
1.97849026074e-10
2.10168193873e-10
2.33828777059e-10
2.57703715954e-10
-1.19442812262e-10
-8.04447001613e-11
-4.193289881e-11
-2.65841825312e-12
5.95848360417e-11
9.68472885976e-11
1.34613561973e-10
1.74038298086e-10
2.2803792022e-10
2.82526757992e-10
-1.56797844012e-10
-5.82181666276e-11
3.91322113322e-11
1.3841049467e-10
1.65023188087e-10
2.31119563491e-10
2.98109619469e-10
3.68052031467e-10
3.85413601528e-10
4.02932460681e-10
-2.02256169335e-10
-1.53138778685e-10
-1.046338873e-10
-5.51684157631e-11
4.08360733656e-11
7.75277803398e-11
1.14715591156e-10
1.9343428523e-10
2.78643073774e-10
3.64623820902e-10
-2.94258949713e-10
-1.49731139733e-10
-7.00560744661e-12
1.38546429749e-10
1.79347089674e-10
2.82432571744e-10
3.86911859333e-10
5.07892001907e-10
5.19674446057e-10
5.31563634582e-10
-1.62998447044e-10
1.47775601096e-10
3.35001042943e-10
4.5798816339e-10
4.15424994791e-10
3.6251745306e-10
4.41324182755e-10
6.53315429467e-10
1.27548377439e-09
1.86648784403e-09
-1.5773212118e-10
1.16784792908e-10
3.63479187171e-10
4.5623757824e-10
5.95873505324e-10
6.65346944388e-10
7.11322476982e-10
9.0779481161e-10
1.64137644032e-09
2.64105940194e-09
-4.4802484194e-10
-3.68876043979e-10
-2.90714240239e-10
-2.11004537405e-10
-1.32310199573e-10
2.01924655102e-11
5.56635487316e-11
9.11409836556e-11
1.26196030356e-10
6.08266717282e-10
-7.02208037599e-10
-4.21318027658e-10
-1.43930747048e-10
1.38949849983e-10
4.18227033031e-10
4.34716338172e-10
6.50453990542e-10
8.6623027442e-10
1.07943756306e-09
9.13307763579e-10
-2.91622603669e-11
3.23242171451e-12
3.52231385457e-11
6.78473924653e-11
9.662889642e-11
1.40957596132e-10
1.85885658482e-10
1.80487355957e-10
2.01913818509e-10
2.23534396503e-10
1.47208982485e-12
5.69269454577e-11
1.11690272939e-10
1.67538121258e-10
1.79113680442e-10
2.07655500714e-10
2.3658323126e-10
2.49724736725e-10
2.77592651672e-10
3.05713039122e-10
-1.3924499995e-10
-9.24649439248e-11
-4.62682403462e-11
8.43332543893e-13
7.35890398516e-11
1.17023829379e-10
1.61045895099e-10
2.10212096848e-10
2.7196618643e-10
3.34279744118e-10
-1.80711652576e-10
-6.21835141246e-11
5.48665653981e-11
1.74234678836e-10
2.02880783538e-10
2.82566286262e-10
3.63329206399e-10
4.43938387433e-10
4.62739963923e-10
4.81711875406e-10
-2.36746855009e-10
-1.77225467777e-10
-1.18446318793e-10
-5.85031205294e-11
5.31823097482e-11
9.58253502548e-11
1.39044961817e-10
2.36539724493e-10
3.34012569445e-10
4.32368480577e-10
-3.42074395846e-10
-1.67681349755e-10
4.53699586216e-12
1.80165915547e-10
2.23931646281e-10
3.48915839176e-10
4.75589927237e-10
6.15956192346e-10
6.26727583346e-10
6.37596558971e-10
-1.251467718e-10
7.89219998143e-12
-1.02915017521e-10
-3.38656267883e-10
-5.42386480554e-10
-6.92138111794e-10
-6.66631410777e-10
-3.46140839194e-10
6.54981955913e-10
1.86763699855e-09
-1.00161557931e-10
2.12766537373e-11
4.89074228556e-10
6.53514602161e-10
6.51668228203e-10
8.81107796887e-10
8.81032409625e-10
1.43404581135e-09
2.32413667009e-09
3.41316160989e-09
-5.26107199055e-10
-4.28772828886e-10
-3.32652229023e-10
-2.34628078037e-10
-1.37852586733e-10
3.2913734789e-11
7.37518694971e-11
1.1459731697e-10
1.54956465588e-10
7.23470537166e-10
-8.20957375872e-10
-4.80771700657e-10
-1.44828178244e-10
1.97768295466e-10
5.36000677269e-10
5.45824189759e-10
8.08750776175e-10
1.07172444408e-09
1.33156719284e-09
1.10022207149e-09
5.80836186151e-11
2.3951056166e-11
-9.75586947349e-12
-4.41303196214e-11
-7.12549373118e-11
-1.36272883376e-10
-2.0216992871e-10
-2.11353468326e-10
-2.46151842097e-10
-2.81265475642e-10
-4.44311996179e-11
-7.15802758993e-11
-9.8390800212e-11
-1.25732274225e-10
-1.86748970427e-10
-2.07568782216e-10
-2.28670095997e-10
-2.24898078145e-10
-2.1517006838e-10
-2.05353926619e-10
3.05721218321e-10
2.47714999276e-10
1.90432124166e-10
1.32014831653e-10
6.43713881607e-11
2.94619913641e-11
-5.91941088817e-12
-2.26632129625e-10
-2.91855460898e-10
-3.57669690262e-10
2.87006890363e-10
1.56582875107e-10
2.77852616723e-11
-1.03563031244e-10
-1.7168818083e-10
-2.68802228088e-10
-3.67229341866e-10
-4.61292654482e-10
-4.61121576869e-10
-4.60948949359e-10
5.2505737806e-10
4.45905920317e-10
3.67741489961e-10
2.88029108495e-10
1.84497562151e-10
1.76255737562e-10
1.67902476326e-10
-2.40164658204e-10
-3.32335808978e-10
-4.25341994639e-10
5.8056634149e-10
3.58670237427e-10
1.39541202198e-10
-8.39274160314e-11
-1.58348624329e-10
-3.23037565861e-10
-4.8995324535e-10
-6.70670707809e-10
-6.7896434153e-10
-6.87333112357e-10
7.93921057741e-10
6.88849629979e-10
5.85088454484e-10
4.79272415593e-10
3.31749001235e-10
3.56196458709e-10
3.80974467104e-10
-2.56752919043e-10
-3.81956880819e-10
-5.0829514194e-10
9.40413410612e-10
6.06390229948e-10
2.76532355101e-10
-5.9857952223e-11
-1.41996909908e-10
-3.89519592808e-10
-6.40388998008e-10
-9.27327676403e-10
-9.45997407889e-10
-9.64836279904e-10
1.17599049729e-09
1.03408542792e-09
8.93949930385e-10
7.51039220415e-10
6.09948947959e-10
6.11901694022e-10
6.83760980316e-10
7.55633134242e-10
8.26649590694e-10
-6.2617593021e-10
1.45177503515e-09
9.58413377214e-10
4.71203993437e-10
-2.56539773373e-11
-5.16182829118e-10
-4.83994052154e-10
-8.54166120206e-10
-1.22440447388e-09
-1.59023483355e-09
-1.35918288642e-09
-8.17416688109e-12
-6.96552643485e-12
-4.68475916746e-12
-3.34744725085e-12
-3.14639479136e-12
5.79975475596e-13
2.38909037159e-12
2.70947153679e-12
6.87487900683e-12
3.98594520117e-12
-2.14985499475e-11
-1.94776228334e-11
-1.75396278113e-11
-1.40754418785e-11
-1.1801972682e-11
-8.79440363586e-12
-3.08009294093e-12
2.88052064976e-12
6.97644467651e-12
1.41867968035e-11
-3.91959491454e-12
-7.34011474076e-12
-1.07179803084e-11
-1.34967962777e-11
-7.17010969368e-12
-2.06476395512e-12
3.10961050532e-12
-1.33391527954e-11
3.19711405926e-13
1.41023196207e-11
-3.16894927127e-11
-3.32814106715e-11
-3.48534772382e-11
-2.82733394445e-11
-2.47087797656e-11
-2.5315585383e-11
-2.59305955411e-11
-1.35422397315e-11
-1.37254407663e-11
-1.39103015316e-11
8.23847369295e-13
-7.67189295457e-12
-1.60616904617e-11
-2.24862197015e-11
-1.07339714643e-11
-4.40724745089e-12
2.00501938267e-12
-2.75536486325e-11
-5.48629418345e-12
-4.40320704112e-11
-4.07675350821e-11
-4.55076227567e-11
-5.01886010164e-11
-4.08486201458e-11
-3.61405231825e-11
-3.99486320734e-11
-4.38082299139e-11
-2.8088113212e-11
-3.20613964443e-11
-3.61935778044e-11
-9.47867789662e-12
-8.07858882956e-12
-2.26120448433e-11
-3.35055129306e-11
-1.51025762154e-11
-7.27867883281e-12
9.78850640964e-12
-4.49778693361e-11
-1.2603333293e-11
-7.16788066729e-11
-6.42243775586e-11
-6.04945924095e-11
-6.89864946799e-11
-5.62634803603e-11
-5.01536280161e-11
-5.78859151132e-11
-5.24558238477e-11
-4.59185387687e-11
-5.45377292108e-11
-6.52004601544e-11
1.49011599536e-11
-8.65652507297e-12
-3.1920443175e-11
-5.56450747714e-11
-7.90674952224e-11
-1.13591339545e-11
-1.27312201359e-12
8.81469599982e-12
1.87824101912e-11
2.47305604372e-11
-6.77088221141e-11
-8.1791865074e-11
-9.56992909386e-11
-1.09882136392e-10
-1.23884316703e-10
-8.33757383803e-11
-9.68644351496e-11
-1.103555473e-10
-1.23686036595e-10
-1.01836948942e-10
-1.38733754459e-11
-1.03810565427e-11
-4.12452487009e-12
6.2145906648e-13
4.37794192411e-12
1.56988864428e-11
2.43024429959e-11
2.63582177619e-11
3.48281749833e-11
4.35301941143e-11
-2.01233442107e-11
-1.37215474436e-11
-8.60754055072e-12
-1.13089824056e-12
7.52541371746e-12
1.31653285724e-11
2.12941108493e-11
2.80445134543e-11
3.15182290482e-11
4.85914492608e-11
-3.81273705241e-11
-3.55174987788e-11
-3.29401724212e-11
-2.18560901941e-11
-1.50737044421e-11
-5.54770330149e-12
4.10709767303e-12
1.02245312494e-11
3.25979586706e-11
5.5174080669e-11
-6.68976884474e-11
-5.42567944277e-11
-4.17735337474e-11
-2.8058550145e-11
-8.4711322853e-12
1.58376406175e-12
1.17746113667e-11
3.59232863303e-11
3.57009461252e-11
3.54765916041e-11
-5.70912019988e-11
-5.77812047593e-11
-5.84626031094e-11
-4.17647766821e-11
-3.23023055093e-11
-2.43661113607e-11
-1.63226129537e-11
-4.06530537588e-12
3.06226242223e-11
1.89649474365e-11
-1.09409810002e-10
-9.01594417564e-11
-7.11491277215e-11
-5.19087561174e-11
-2.2639501602e-11
-8.67419307626e-12
5.47993858655e-12
4.29016280205e-11
3.94056383935e-11
1.0214932014e-11
-8.36904123322e-11
-8.5072199187e-11
-8.97481633078e-11
-6.61689730222e-11
-5.34212358497e-11
-4.74338373688e-11
-9.19821085883e-12
-2.15818793037e-11
2.82012465114e-11
4.82132056139e-12
-1.44975020482e-10
-1.34169138482e-10
-1.07157920335e-10
-8.11444924708e-11
-4.00071801193e-11
-2.12484631164e-11
2.6048607249e-11
5.14557242859e-11
4.39468740771e-11
-1.1880638522e-11
-1.13370959924e-10
-1.23854138637e-10
-1.34206590958e-10
-1.44764060958e-10
-1.55187046884e-10
-8.02142901171e-11
-7.69527219105e-11
-7.36905696644e-11
-7.04672560406e-11
9.66398896443e-11
-2.35574815905e-10
-1.96709233829e-10
-1.58328309838e-10
-1.19187298509e-10
-8.05448765804e-11
-3.91171626471e-11
-1.32010257931e-11
1.27197517874e-11
3.8331921059e-11
3.70691831131e-11
-1.22625410375e-11
-3.33184158917e-12
6.19684934132e-12
1.82389998835e-11
2.4613119029e-11
3.21076814049e-11
3.77180624748e-11
4.33445918386e-11
4.40005381101e-11
5.75776322486e-11
-5.38017820625e-12
4.54637810475e-12
1.40795118494e-11
2.71485225563e-11
3.20403863965e-11
3.82642033925e-11
4.16919530063e-11
4.85503114207e-11
5.42541452957e-11
7.39833383466e-11
-7.08111449115e-11
-6.243954344e-11
-5.41723367601e-11
-2.98429666143e-11
-2.26251836892e-11
-8.87547313665e-12
5.06014548052e-12
3.27384222971e-11
6.3438167729e-11
9.44160409505e-11
-1.00537312933e-10
-7.42976973557e-11
-4.83852926724e-11
-2.78533299902e-11
7.04310672529e-12
2.72847122454e-11
4.78000019055e-11
8.31850583966e-11
8.29253227227e-11
8.26632339442e-11
-1.12426060038e-10
-1.0565808107e-10
-9.89744995452e-11
-6.01844486906e-11
-5.29097420138e-11
-4.34357817334e-11
-3.38337252568e-11
1.83766014144e-11
6.51228430034e-11
7.91553656008e-11
-1.74993981639e-10
-1.32821963717e-10
-9.11758354996e-11
-6.24761485406e-11
-9.73996822192e-12
2.1206928688e-11
5.25722546033e-11
1.10728683271e-10
1.07688723194e-10
5.45558819159e-11
-1.06846642565e-10
-7.701550287e-11
-5.13124488428e-11
-1.53807968921e-11
3.24622239021e-11
7.02767654598e-11
1.14179401168e-10
1.52208320338e-10
2.34788744538e-10
1.16763658308e-10
-1.39166263826e-10
-1.02822868655e-10
-5.46791508424e-11
-1.36483715596e-11
6.3502933303e-11
1.08911792053e-10
1.68456410964e-10
2.30893982218e-10
3.16435611716e-10
2.37876757591e-10
-2.35928388799e-10
-2.33919547585e-10
-2.31935756843e-10
-2.29912679547e-10
-2.27915372788e-10
-1.46001858859e-10
-1.49260696477e-10
-1.52520117645e-10
-1.55740732707e-10
1.6534556402e-10
-3.95962159735e-10
-3.06506883242e-10
-2.1816712389e-10
-1.28077903461e-10
-3.91362652985e-11
3.16963554983e-12
6.67350690613e-11
1.30311885048e-10
1.93131766425e-10
1.69786864991e-10
-3.07077486558e-11
-1.68027754173e-11
-3.0711987251e-12
1.09323150781e-11
1.85248455023e-11
4.41247509075e-11
7.00707893349e-11
7.08214768163e-11
8.73846457828e-11
1.04097870638e-10
-1.41246220815e-11
-2.89924554408e-12
8.18614931271e-12
1.94910768802e-11
4.38638555166e-11
5.44529830064e-11
6.51852847246e-11
7.53566677757e-11
7.76605363734e-11
7.99852771273e-11
-1.02443219412e-10
-8.84952893995e-11
-7.47212916089e-11
-6.06745166093e-11
-2.99336711149e-11
-1.20961618521e-11
5.982526075e-12
5.4527860398e-11
9.32859992243e-11
1.3239527176e-10
-1.33094480146e-10
-9.36937232542e-11
-5.47842981366e-11
-1.51043193603e-11
2.2058127891e-11
5.21586542218e-11
8.26661658904e-11
1.28926039145e-10
1.28630111315e-10
1.28331502494e-10
-1.65980350653e-10
-1.51994373212e-10
-1.38182802449e-10
-7.80114117073e-11
-7.28540715473e-11
-6.18918274391e-11
-5.07813642409e-11
4.00963715704e-11
9.85129122724e-11
1.57458684182e-10
-2.38467783003e-10
-1.74111689226e-10
-1.1055812302e-10
-7.27035029595e-11
2.74448342267e-12
5.01265344411e-11
9.81492320659e-11
1.76373196643e-10
1.73774591977e-10
1.71152444961e-10
-2.43864576046e-10
-2.29831959822e-10
-2.15974331866e-10
-2.01842270507e-10
-1.25466175303e-10
-1.22931675578e-10
-1.20362907209e-10
2.24061594592e-11
1.04920096009e-10
1.88181576829e-10
-9.15809263293e-11
-3.99340235504e-11
4.27003001809e-11
1.49372656724e-10
1.48012145481e-10
2.40238752992e-10
2.51838067025e-10
2.66363470615e-10
4.46135110066e-10
5.72920365772e-10
-3.54542159499e-10
-3.40443267108e-10
-3.26520189458e-10
-3.12321382254e-10
-2.98303443518e-10
-2.09672512407e-10
-2.19241941953e-10
-2.28813085068e-10
-2.38270275804e-10
2.31840424274e-10
-5.51188552772e-10
-4.12771459207e-10
-2.7608044203e-10
-1.36682426148e-10
9.3989792279e-13
4.40957273501e-11
1.44098976845e-10
2.44120133627e-10
3.42950455762e-10
2.98233951638e-10
-3.79138305189e-11
-2.01102528855e-11
-2.52868782431e-12
1.54010586671e-11
2.58111446607e-11
5.87653647477e-11
9.21651545982e-11
9.37220787207e-11
1.14453620052e-10
1.3537298111e-10
-1.16650172187e-11
2.67473244945e-12
1.68356638613e-11
3.12770352302e-11
6.25798067798e-11
7.57180040118e-11
8.90338411157e-11
9.97245803939e-11
1.0142592455e-10
1.03142682224e-10
-1.35568808558e-10
-1.15781262551e-10
-9.62404694197e-11
-7.63126947386e-11
-3.75872302179e-11
-1.54689160213e-11
6.94845705143e-12
7.73460911226e-11
1.24543101979e-10
1.72167699453e-10
-1.67188840439e-10
-1.14005536346e-10
-6.14854339077e-11
-7.92523496355e-12
3.77820862468e-11
7.82070242816e-11
1.19178542695e-10
1.76826689334e-10
1.76492860528e-10
1.76156007363e-10
-2.22063217678e-10
-2.0051844254e-10
-1.79242333118e-10
-1.57544876326e-10
-9.37400765389e-11
-8.12192789882e-11
-6.85291893472e-11
6.28416449644e-11
1.33479500257e-10
2.04757307129e-10
-3.04938512435e-10
-2.1735091728e-10
-1.30855549075e-10
-4.26472457066e-11
1.58183909175e-11
8.0411585092e-11
1.45878135522e-10
2.4511712868e-10
2.42980718109e-10
2.40824952486e-10
-3.28088622407e-10
-3.04389824462e-10
-2.80986553136e-10
-2.57119808595e-10
-1.62572597836e-10
-1.61816498109e-10
-1.61050175255e-10
4.50620012865e-11
1.4443379492e-10
2.44705858473e-10
-1.41611843791e-10
-6.21285225572e-11
6.1793987328e-11
1.35300114923e-10
6.46302293142e-11
5.09450608444e-11
6.45871346656e-11
2.33463236085e-10
5.64572160619e-10
7.25396089902e-10
-4.7875630281e-10
-4.51996525089e-10
-4.25570444741e-10
-3.98621028136e-10
-3.7201490091e-10
-2.76349388438e-10
-2.92527365756e-10
-3.08708240016e-10
-3.24696467578e-10
3.01474852489e-10
-7.13743990615e-10
-5.24053338115e-10
-3.36728148925e-10
-1.45693213073e-10
4.29082651062e-11
8.69541526582e-11
2.25115636815e-10
3.63301861142e-10
4.99842864107e-10
4.32745692852e-10
-4.51128839716e-11
-2.34145044247e-11
-1.98670605839e-12
1.98654436927e-11
3.30903371691e-11
7.33916989497e-11
1.1423797025e-10
1.16600344655e-10
1.41496192754e-10
1.66617587583e-10
-9.20781131724e-12
8.24327389568e-12
2.54767421557e-11
4.30514982138e-11
8.12775035479e-11
9.69622843016e-11
1.12859136955e-10
1.24068725909e-10
1.25168133291e-10
1.26277500878e-10
-1.68662088852e-10
-1.43040622486e-10
-1.17738658624e-10
-9.1935620261e-11
-4.52333244662e-11
-1.88383805942e-11
7.91344591265e-12
1.00142066217e-10
1.55769718299e-10
2.11901335338e-10
-2.01249946995e-10
-1.34297538429e-10
-6.81800337647e-11
-7.53152645412e-13
5.34907083304e-11
1.04229988214e-10
1.55655307362e-10
2.24680619899e-10
2.24308927084e-10
2.23933866877e-10
-2.78091384602e-10
-2.48995184197e-10
-2.20261816611e-10
-1.90959419763e-10
-1.14605710486e-10
-1.00527879619e-10
-8.62597042145e-11
8.5564733887e-11
1.68411983782e-10
2.52009797636e-10
-3.71344410024e-10
-2.60547972202e-10
-1.51133178151e-10
-3.95515576921e-11
2.88795468521e-11
1.10667097393e-10
1.93560486866e-10
3.13794011719e-10
3.12119344444e-10
3.10429505333e-10
-4.12230521329e-10
-3.7887496952e-10
-3.45935365112e-10
-3.12343432055e-10
-1.99642828833e-10
-2.00663394552e-10
-2.01697759209e-10
6.76957458691e-11
1.83908954374e-10
3.01175009485e-10
-1.61886041525e-10
2.18412487347e-12
8.75357155741e-11
-9.19022653979e-12
-7.58630750556e-11
-1.80627052922e-10
-4.33252126651e-11
1.2330828079e-10
5.40545009275e-10
6.90410559241e-10
-6.02849294572e-10
-5.63440980242e-10
-5.24524091928e-10
-4.84836502155e-10
-4.45654464257e-10
-3.42961231563e-10
-3.65741311044e-10
-3.88525469686e-10
-4.11038364064e-10
3.71041363165e-10
-8.7614088095e-10
-6.35226678884e-10
-3.97316703428e-10
-1.54695211379e-10
8.48356986846e-11
1.29770776248e-10
3.06053277652e-10
4.82367345446e-10
6.56582248346e-10
5.67126238814e-10
-5.23044763954e-11
-2.67153314697e-11
-1.44528599711e-12
2.43252018731e-11
4.03619855932e-11
8.80028745611e-11
1.3628790985e-10
1.39454899777e-10
1.68510738796e-10
1.9782981245e-10
-6.75315204011e-12
1.38060441597e-11
3.41088649207e-11
5.48137582584e-11
9.99558222049e-11
1.18184547226e-10
1.36659740489e-10
1.48387641388e-10
1.48885735839e-10
1.49388342832e-10
-2.01721071591e-10
-1.70271731085e-10
-1.39214567315e-10
-1.07542354335e-10
-5.28714943768e-11
-2.22043530869e-11
8.8774346688e-12
1.22914415785e-10
1.86963971657e-10
2.5159379167e-10
-2.35275752952e-10
-1.54568510078e-10
-7.48676954035e-11
6.41149659638e-12
6.91830501509e-11
1.30225982199e-10
1.92094267866e-10
2.72484955117e-10
2.72075437535e-10
2.71662209882e-10
-3.34061484479e-10
-2.9742168503e-10
-2.61238787911e-10
-2.24339332691e-10
-1.35449719493e-10
-1.19816469004e-10
-1.03971843349e-10
1.08264272821e-10
2.0330826362e-10
2.99213316122e-10
-4.37681485188e-10
-3.03700258117e-10
-1.71389791691e-10
-3.64590780186e-11
4.19271663317e-11
1.40891253176e-10
2.41193420686e-10
3.82399718705e-10
3.8118631618e-10
3.79961920698e-10
-4.96285216406e-10
-4.53282918897e-10
-4.1081686477e-10
-3.67509822289e-10
-2.36674640603e-10
-2.3947003045e-10
-2.42303216402e-10
9.0306033059e-11
2.23343202156e-10
3.57585636419e-10
-3.1074460696e-10
-3.33154705467e-10
-3.82374229917e-10
-4.70698406982e-10
-5.69684080762e-10
-7.12368186205e-10
-6.23679937848e-10
-3.46740391298e-10
1.4039712417e-10
1.33514816521e-09
-7.26813677566e-10
-6.74769935446e-10
-6.23375184518e-10
-5.70962623297e-10
-5.19217708277e-10
-4.09504038821e-10
-4.3887937811e-10
-4.68259977555e-10
-4.97290776649e-10
4.40535775787e-10
-1.03836946473e-09
-7.46284800684e-10
-4.57842464543e-10
-1.63687880102e-10
1.26719679079e-10
1.72543025106e-10
3.86907035506e-10
6.0130943144e-10
8.13159189412e-10
7.01367514086e-10
9.5928337987e-11
6.92775961628e-11
4.29591920217e-11
1.61195840195e-11
4.55311385632e-12
-7.1238517076e-11
-1.48054916884e-10
-1.68067512521e-10
-2.18214788213e-10
-2.68816378778e-10
-4.31818678745e-11
-1.85935749492e-11
5.6880992577e-12
3.0450642376e-11
-8.8092095398e-11
-9.36925446407e-11
-9.9368716836e-11
-9.23436291617e-11
-3.6174648635e-11
2.05032010757e-11
4.46731699517e-10
4.03388962101e-10
3.60586713389e-10
3.16936818401e-10
2.70112717684e-10
2.51602062125e-10
2.32841126377e-10
-1.08222874081e-10
-1.81395622535e-10
-2.55231287716e-10
3.87657944446e-10
3.14482750991e-10
2.42220060251e-10
1.68526295149e-10
3.48419490334e-11
-3.04839266972e-11
-9.66930651759e-11
-2.01698192006e-10
-1.98054084986e-10
-1.9437696377e-10
7.57443248301e-10
6.99316171931e-10
6.41913946601e-10
5.83374940282e-10
5.05322652503e-10
5.37546575132e-10
5.70206193266e-10
-5.52176228918e-11
-1.48784361506e-10
-2.43198778491e-10
7.69258921073e-10
6.0949321111e-10
4.51719797131e-10
2.90821873319e-10
1.43726388387e-10
2.55008491956e-11
-9.4323202277e-11
-2.98555090526e-10
-3.41433014326e-10
-3.8469939549e-10
1.13831546939e-09
1.06206565495e-09
9.86766684086e-10
9.09976509039e-10
7.93644508087e-10
8.88059203979e-10
9.83750468807e-10
9.75655598588e-12
-1.08809267341e-10
-2.28449251053e-10
1.23702786016e-09
9.71118936417e-10
7.0852592621e-10
4.40732582044e-10
2.77197636627e-10
9.4127348677e-11
-9.14182090461e-11
-4.17282901614e-10
-5.17187830937e-10
-6.1799786018e-10
1.67955494147e-09
1.5775517624e-09
1.4768205742e-09
1.3740945278e-09
1.27267703517e-09
1.3861560976e-09
1.57141864984e-09
1.7567143765e-09
1.93980400418e-09
-2.07489396274e-10
1.90175214203e-09
1.48500812501e-09
1.07346095174e-09
6.53763589179e-10
2.39412451703e-10
1.91649216361e-10
-8.72900607706e-11
-3.66279286739e-10
-6.41946915083e-10
-9.4952725737e-10
-8.64454614103e-12
-7.57129011013e-12
-6.51141770002e-12
-5.43055581086e-12
-7.93036256437e-12
-6.38248987936e-12
-4.81368860722e-12
-5.45558921107e-12
-2.61775956546e-12
2.45779716372e-13
-2.53834957346e-12
-1.77803704964e-12
-2.55281476553e-12
-2.27846647836e-14
6.66058691677e-14
1.52930002133e-12
7.97826856881e-12
7.31141883721e-12
4.56856985428e-13
-3.73602044805e-12
1.29235810417e-11
5.86411164826e-12
-1.10732538502e-12
-8.21682321711e-12
-4.13804838724e-12
-4.31265135599e-13
3.32563705474e-12
-2.04520786015e-11
-8.49121321762e-12
3.57801296876e-12
-2.5750581485e-11
-2.81051307446e-11
-3.04303185159e-11
-3.2801553792e-11
-2.57853755471e-11
-2.53768016135e-11
-2.49627034044e-11
-1.69728016579e-11
-2.75248043299e-11
-3.81724040545e-11
3.20267794035e-11
1.776403892e-11
3.67915637969e-12
-7.32448938474e-12
-7.79141544633e-13
4.83981963744e-12
1.05347540696e-11
-3.37346834901e-11
-1.36934150238e-11
6.52941956374e-12
-2.55543489955e-11
-3.07352056219e-11
-3.58514563961e-11
-2.8700069005e-11
-2.94503665562e-11
-3.10244424959e-11
-3.26198013135e-11
-2.55530423597e-11
-5.03204238979e-11
-7.53121883092e-11
5.54436032019e-11
3.23510465434e-11
9.5464566074e-12
-1.37097503894e-11
3.3382281334e-12
1.13011493592e-11
1.93717362169e-11
-5.00165862569e-11
-2.00703075605e-11
1.01472728092e-11
-6.00111551744e-12
2.54569888037e-13
-3.00439062401e-13
-4.76651299882e-12
-1.63420559231e-11
-2.07645216354e-11
-2.59618468689e-12
-4.40464286708e-11
-8.51830220834e-12
-1.01886538144e-10
8.87201422838e-11
5.30799521134e-11
1.78841990363e-11
-1.80085629591e-11
-5.34441126824e-11
2.04830389639e-11
3.19295529525e-11
4.33781166347e-11
5.46903756916e-11
1.52884326843e-11
-2.49719816072e-11
-3.85405891288e-11
-5.19399946214e-11
-6.56047589802e-11
-7.90954576607e-11
-4.77851831792e-11
-5.53440918825e-11
-6.29043541374e-11
-7.03746052134e-11
-1.85533483517e-10
-2.01973053452e-11
-1.60612221381e-11
-1.19767163438e-11
-7.81132189906e-12
-9.30948295799e-12
7.825230338e-13
1.10109817382e-11
1.25090716033e-11
2.12004661426e-11
2.99706013464e-11
-9.94275829209e-12
-9.33880600362e-12
-1.03415818771e-11
-1.01086363179e-11
-6.18013830385e-12
-8.18558258563e-13
7.38264121308e-12
1.35351301569e-11
1.76829790645e-11
3.0758619171e-11
-3.50016605289e-11
-3.80527116588e-11
-4.10657158454e-11
-4.41383889012e-11
-3.44360849041e-11
-2.82748152638e-11
-2.20302398907e-11
-1.07555413605e-11
1.06105168613e-11
3.21701432859e-11
-7.14221644472e-11
-6.59527557478e-11
-6.05515511767e-11
-5.50433823435e-11
-3.24832197149e-11
-2.48125885595e-11
-1.70382437887e-11
3.43485919401e-12
-8.68546817584e-12
-2.0915601012e-11
-4.81140894059e-11
-5.75308880914e-11
-6.68302582611e-11
-5.69194712943e-11
-5.66910751993e-11
-5.40113148989e-11
-5.12953219048e-11
-3.13613414142e-11
1.23084749782e-12
3.41183090037e-11
-1.13361875755e-10
-1.01464867483e-10
-8.97162162128e-11
-7.73572023673e-11
-4.85821842e-11
-3.72691118411e-11
-2.58030768887e-11
4.60704121278e-12
-1.81595660754e-11
-4.11324299978e-11
-6.41873893196e-11
-8.14073624281e-11
-9.84126005771e-11
-1.15754606705e-10
-8.39713858837e-11
-8.55592821935e-11
-8.71686482447e-11
-5.66200640605e-11
-1.02668117219e-11
3.65063831094e-11
-1.03402782148e-10
-9.58573944415e-11
-5.83458164627e-11
-2.4775314722e-11
4.14251167293e-12
2.94346242694e-11
9.58651096585e-11
6.00267653567e-11
1.18022851362e-10
3.14631275555e-11
-8.70283944601e-11
-1.15337089117e-10
-1.43292771237e-10
-1.71802081509e-10
-1.99948232029e-10
-1.30390604138e-10
-1.38146533044e-10
-1.4590385078e-10
-1.53568811229e-10
3.98999621017e-11
-2.37828115766e-10
-2.06855650696e-10
-1.76269415675e-10
-1.45077457612e-10
-1.14282831636e-10
-7.42368583544e-11
-5.18148396372e-11
-2.9388805875e-11
-7.2297726043e-12
-1.01130761181e-10
-3.12353739905e-11
-2.41729165709e-11
-1.71985287724e-11
-1.00860217388e-11
-1.06271617311e-11
7.62832523412e-12
2.61306422863e-11
2.96733832411e-11
4.39575586889e-11
5.83711432275e-11
-1.11029518126e-11
-3.50568272491e-12
3.49692654629e-12
1.47908598064e-11
2.14378505265e-11
2.59671409468e-11
3.81053542947e-11
4.86407077184e-11
5.60658390107e-11
6.97775178755e-11
-8.07917697962e-11
-8.0012982948e-11
-7.92439076575e-11
-7.84596017699e-11
-6.33843041979e-11
-5.48778987534e-11
-4.62564792971e-11
-1.49099755801e-12
2.88612398382e-11
5.94884567361e-11
-1.1505901855e-10
-1.02114219469e-10
-8.93308434578e-11
-7.6294308292e-11
-3.88826661496e-11
-2.42735119363e-11
-9.46682923136e-12
2.2933332017e-11
9.3145508694e-12
-4.42761115473e-12
-1.2468457751e-10
-1.29471327453e-10
-1.34198386099e-10
-1.04304931781e-10
-1.10112058954e-10
-1.10240554285e-10
-1.10370786985e-10
-2.90937348372e-11
1.54902145705e-11
6.04780772723e-11
-1.97257462153e-10
-1.69043430238e-10
-1.41181230406e-10
-1.23846596688e-10
-6.68616543014e-11
-4.32355729853e-11
-1.92900464682e-11
3.34234535466e-11
1.25684833942e-11
-8.47542470125e-12
-1.78488664385e-10
-1.90097685234e-10
-2.01561940317e-10
-2.13253230974e-10
-1.67391242204e-10
-1.78104454615e-10
-1.8896251899e-10
-6.29293482763e-11
-9.00074467414e-13
6.16911605102e-11
-7.82327409777e-11
-6.09663654309e-11
-3.74655111726e-11
3.56044736142e-11
7.90983247105e-11
1.46483279259e-10
2.18097641086e-10
2.06039823204e-10
2.81081389699e-10
2.74652423783e-10
-2.54947103628e-10
-2.76250930502e-10
-2.97289096311e-10
-3.18743897308e-10
-3.39925400911e-10
-2.74542628767e-10
-3.00645506576e-10
-3.2675305855e-10
-3.52549778512e-10
6.34150156378e-11
-4.41201230265e-10
-3.67672055746e-10
-2.95059798125e-10
-2.21009543396e-10
-1.47902561999e-10
-9.95100767438e-11
-4.84428202034e-11
2.63358080046e-12
5.31018749801e-11
-2.04882907103e-11
-4.1918259192e-11
-3.2023592554e-11
-2.22523134978e-11
-1.228752619e-11
-1.19024401805e-11
1.42538429191e-11
4.07637817522e-11
4.62853809267e-11
6.59823725402e-11
8.58578112601e-11
-2.04962239625e-11
-2.72173065606e-11
-3.38545765191e-11
-4.06232895055e-11
-5.05682638447e-13
4.76561235502e-12
1.01081798489e-11
1.97789634567e-11
9.15362277553e-12
-1.56797937222e-12
-1.25108442974e-10
-1.20623054837e-10
-1.16193599984e-10
-1.11676425186e-10
-9.1401026456e-11
-8.06249470874e-11
-6.97031657382e-11
7.47543135873e-12
4.65246902724e-11
8.59277203305e-11
-1.57291724099e-10
-1.37112078068e-10
-1.17184074444e-10
-9.68614210385e-11
-4.50761909239e-11
-2.37517817437e-11
-2.13904797475e-12
4.18043821496e-11
2.67353645338e-11
1.15298274614e-11
-1.9879117718e-10
-1.99096864288e-10
-1.99398739444e-10
-1.99706592869e-10
-1.61814060014e-10
-1.64660446807e-10
-1.6754531923e-10
-2.68990954015e-11
2.9290743121e-11
8.59896397928e-11
-2.78453452791e-10
-2.34447447118e-10
-1.90990201177e-10
-1.46672337539e-10
-8.45529268338e-11
-4.90100450882e-11
-1.29865926185e-11
6.13126101347e-11
4.23077643768e-11
2.31307420854e-11
-2.89111948143e-10
-2.95290566196e-10
-3.01392136201e-10
-3.07614540351e-10
-2.48126810828e-10
-2.67671704529e-10
-2.87480862219e-10
-6.90356120753e-11
8.16525951603e-12
8.60655410692e-11
-7.67959874116e-11
-3.10267279949e-11
2.84160190482e-11
1.36576671186e-10
1.68724881258e-10
2.6000817825e-10
3.20332676805e-10
3.65603703949e-10
5.1840601859e-10
5.15866698292e-10
-4.17462517406e-10
-4.31986879433e-10
-4.46330121066e-10
-4.60957413088e-10
-4.75398378479e-10
-4.14056123396e-10
-4.57915581204e-10
-5.01782892797e-10
-5.4512792774e-10
8.61734007777e-11
-6.38030196007e-10
-5.23313703652e-10
-4.10027738579e-10
-2.94498283283e-10
-1.80440475243e-10
-1.23970052433e-10
-4.51793057549e-11
3.36255497511e-11
1.11492168234e-10
5.75592629051e-11
-5.31055389283e-11
-4.02449397543e-11
-2.75447136673e-11
-1.45929751087e-11
-1.32379311538e-11
2.11921857303e-11
5.60878277882e-11
6.36817173641e-11
8.90470923277e-11
1.14642267753e-10
-1.86551147176e-11
-2.79171867164e-11
-3.70637596581e-11
-4.63914693096e-11
6.60260817678e-12
1.27562263214e-11
1.89930467439e-11
2.88785483144e-11
1.28323501624e-11
-3.35922032291e-12
-1.71517536628e-10
-1.63150539292e-10
-1.54887879333e-10
-1.46461587481e-10
-1.20740563789e-10
-1.07587647394e-10
-9.42568921107e-11
1.68652119878e-11
6.50221240077e-11
1.13615318978e-10
-2.01518455182e-10
-1.73762367473e-10
-1.46352401232e-10
-1.18399614076e-10
-5.15621441937e-11
-2.3205417957e-11
5.53471592125e-12
6.15664326415e-11
4.49787053562e-11
2.82406996936e-11
-2.76396734591e-10
-2.72009784597e-10
-2.67677540351e-10
-2.63259501297e-10
-2.15957181267e-10
-2.21649785304e-10
-2.27419358307e-10
-2.46008356313e-11
4.37428663529e-11
1.12705735777e-10
-3.63483128166e-10
-3.02939527573e-10
-2.43150912341e-10
-1.82178256583e-10
-1.03079496293e-10
-5.5057160032e-11
-6.38551995026e-12
9.05185587597e-11
7.34511913849e-11
5.62292002796e-11
-4.04958332095e-10
-4.05450149809e-10
-4.05935834502e-10
-4.06431137588e-10
-3.32674325271e-10
-3.61467889839e-10
-3.90650768483e-10
-7.54301843256e-11
1.7658615034e-11
1.11590762821e-10
-4.60179295139e-11
-2.35019461842e-11
5.10265450192e-11
1.82035809899e-10
2.47973555786e-10
2.21830143154e-10
2.77293554059e-10
4.10970502584e-10
6.94732770664e-10
9.36380189049e-10
-5.87651128546e-10
-5.95075931952e-10
-6.02408147243e-10
-6.09885568106e-10
-6.17267739442e-10
-5.6015677523e-10
-6.22611193469e-10
-6.85076795238e-10
-7.46798692321e-10
1.10006327567e-10
-8.44152480245e-10
-6.86304002706e-10
-5.30423913051e-10
-3.71456808539e-10
-2.14514672488e-10
-1.49584910706e-10
-4.1761703827e-11
6.60808106372e-11
1.72639370717e-10
1.3929184718e-10
-6.42819072157e-11
-4.84582683111e-11
-3.28319519248e-11
-1.6896175421e-11
-1.45721195636e-11
2.81237612688e-11
7.13969276043e-11
8.10610863851e-11
1.12089316074e-10
1.43398649492e-10
-1.6815801188e-11
-2.86163842481e-11
-4.02698127388e-11
-5.21540231529e-11
1.37039659615e-11
2.07390466884e-11
2.78692478353e-11
3.79692579445e-11
1.65074895237e-11
-5.14871419707e-12
-2.17881365441e-10
-2.0563654481e-10
-1.93544418439e-10
-1.81212822269e-10
-1.50051484974e-10
-1.34524049786e-10
-1.18786670148e-10
2.62458343484e-11
8.35015163777e-11
1.41275912685e-10
-2.45702049979e-10
-2.1037691023e-10
-1.75492278862e-10
-1.3991679996e-10
-5.80417714264e-11
-2.2659587063e-11
1.32009952559e-11
8.13092083313e-11
6.32042526413e-11
4.49352730729e-11
-3.5392659987e-10
-3.44851589709e-10
-3.35889745923e-10
-3.26750423763e-10
-2.70047494338e-10
-2.78583539577e-10
-2.87234999585e-10
-2.23048174555e-11
5.81808937897e-11
1.3939577437e-10
-4.48429870336e-10
-3.71364804672e-10
-2.95260748856e-10
-2.17649545133e-10
-1.2158799597e-10
-6.10983769571e-11
2.09114399817e-13
1.19696021531e-10
1.04564242831e-10
8.92953760834e-11
-5.20691725943e-10
-5.15502289907e-10
-5.10377566709e-10
-5.05151354626e-10
-4.17139376783e-10
-4.5517259158e-10
-4.93720048573e-10
-8.18185196668e-11
2.71427112625e-11
1.37091088694e-10
-2.06486933366e-10
-1.97993390158e-10
-1.86859467637e-10
-1.83569300571e-10
-3.07101087138e-10
-2.88794807028e-10
-2.70602627171e-10
-1.41300604849e-10
1.1647286874e-10
5.63725020006e-10
-7.57673747205e-10
-7.58005916505e-10
-7.58333943617e-10
-7.58668466905e-10
-7.5899872894e-10
-7.06114928636e-10
-7.87146170819e-10
-8.68191923028e-10
-9.48272758484e-10
1.33816009049e-10
-1.0500737243e-09
-8.49135330111e-10
-6.50702659807e-10
-4.48340272741e-10
-2.48555635662e-10
-1.75174785675e-10
-3.83474352375e-11
9.85044164716e-11
2.33726933629e-10
2.2094471405e-10
-7.54466924238e-11
-5.6663084654e-11
-3.81137105399e-11
-1.9196988719e-11
-1.59049252335e-11
3.50481529898e-11
8.66901612182e-11
9.84224435971e-11
1.35107659083e-10
1.72125228397e-10
-1.49783939051e-11
-2.93148571382e-11
-4.34725430973e-11
-5.79106047413e-11
2.07979639682e-11
2.87135937381e-11
3.67362497182e-11
4.70505460515e-11
2.01788200064e-11
-6.93635345718e-12
-2.64197143233e-10
-2.48078518245e-10
-2.32160894284e-10
-2.15928041215e-10
-1.79332028605e-10
-1.61432535553e-10
-1.43291025761e-10
3.56167347233e-11
1.01961756885e-10
1.68907839222e-10
-2.89839853327e-10
-2.46953506031e-10
-2.04601956205e-10
-1.61411685643e-10
-6.45146832364e-11
-2.21143218629e-11
2.08593293332e-11
1.010315228e-10
8.14109111465e-11
6.16125443588e-11
-4.3137611395e-10
-4.17617902282e-10
-4.04031257028e-10
-3.90175544854e-10
-3.24081748734e-10
-3.35458288262e-10
-3.46988648515e-10
-2.00111788507e-11
7.26039577953e-11
1.66058151668e-10
-5.33288574529e-10
-4.39719166479e-10
-3.47316579243e-10
-2.53084071584e-10
-1.40077313618e-10
-6.71333328238e-11
6.79691413501e-12
1.48843245064e-10
1.35645049013e-10
1.22327282424e-10
-6.36305174828e-10
-6.25440373038e-10
-6.14711056522e-10
-6.03769258992e-10
-5.01516889538e-10
-5.4878017868e-10
-5.96682508664e-10
-8.82002341994e-11
3.66169782658e-11
1.62564986278e-10
-2.1405914884e-10
1.03594906699e-10
5.80686530169e-11
-3.87102855308e-11
-1.83852767452e-10
-4.76214126739e-10
-2.23424425622e-10
5.75880952476e-11
5.58646595721e-10
5.74124975436e-10
-9.27520156076e-10
-9.20767042007e-10
-9.14098140012e-10
-9.07297168556e-10
-9.00582829821e-10
-8.51921812431e-10
-9.51510625718e-10
-1.05111727208e-09
-1.14953801889e-09
1.57601014408e-10
-1.25578155358e-09
-1.01179790071e-09
-7.70856750841e-10
-5.25144055669e-10
-2.82561319112e-10
-2.00738139546e-10
-3.49367051627e-11
1.30894418796e-10
2.94751185985e-10
3.02512956683e-10
