-957.689359127
-835.36783315
-714.571670062
-591.383286448
-469.764111712
-348.83626676
-226.273371999
-103.688530261
17.4368374863
139.659554099
-1116.83940325
-984.193141049
-853.200992333
-719.614704044
-587.730076117
-456.595130727
-323.687126638
-190.755323104
-59.4061827035
73.132929978
18.0331485583
24.7056959089
31.2950358599
38.0148696434
44.6491042615
51.2456273592
57.9313411957
64.6182522233
71.2255500411
77.8927074151
-448.656969115
-394.569113898
-341.155740188
-286.684579825
-232.907288689
-179.43568819
-125.241105071
-71.036817488
-17.4778768072
36.5662871086
882.244512508
786.485107361
691.919832534
595.481807896
500.272238409
405.603876436
309.65551574
213.689973852
118.866981161
23.1849289238
143.161758263
127.669310149
112.370054569
96.7678159111
81.3643230334
66.0483894854
50.5253711735
34.9995732003
19.658622701
4.17868913857
1941.60037799
1720.27922462
1501.71797039
1278.82837737
1058.77801575
839.978504337
618.220632923
396.423051978
177.266154792
-43.8762189043
868.616972467
767.832539627
668.304899755
566.806236491
466.600492241
366.964355668
265.981051732
164.979665012
65.1807833884
-35.5222374054
3447.00081842
3047.24981232
2652.48374524
2249.89981819
1852.4441204
1457.24771241
1056.70790471
656.096373525
260.254454162
-139.173639502
1899.5270137
1677.53818152
1458.31757449
1234.755571
1014.04136427
794.581781297
572.154913578
349.688216533
129.870169628
-91.9393435467
35.629623527
32.3415030086
29.0943857148
25.7829632276
22.5137225874
19.2630655582
15.9684568142
12.6732581143
9.417291482
6.1318270545
-144.162330168
-125.265639394
-106.604592434
-87.5739862222
-68.7857973175
-50.1044076459
-31.1704293118
-12.2330605258
6.4788432124
25.3602695429
308.866599435
274.853442745
241.264433861
207.010235667
173.19237725
139.566752441
105.486479892
71.4001046891
37.7195559923
3.73387458396
155.468070189
140.059092101
124.842265665
109.324088561
94.0035864361
78.7701718901
63.330788309
47.8886400428
32.6303433315
17.2338123684
550.876492382
489.649732225
429.186476505
367.525819827
306.650614237
246.121446537
184.773871761
123.415311655
62.7872759871
1.60997382433
420.85499622
375.06099714
329.838054268
283.719526226
238.188469189
192.916228051
147.031866773
101.139289118
55.7931005798
10.0360931567
847.53378051
752.948409653
659.542528779
564.286858476
470.244582156
376.73687801
281.964868246
187.175887937
93.515448884
-0.9935174294
746.168002322
663.127848478
581.12321449
497.494578847
414.931228693
332.837200118
249.633188761
166.414278307
84.186157852
1.21308251014
1269.09940048
1127.1096881
986.890603062
843.894650239
702.720220778
562.34828063
420.078389566
277.783022652
137.181799843
-4.69321552681
1208.45490573
1072.48600564
938.2126527
801.280179941
666.091992199
531.672265688
395.435067376
259.17347347
124.534186607
-11.3248799876
145.36720144
128.202271347
111.251389821
93.9648167827
76.8984450577
59.9290851001
42.7302846131
25.5284043875
8.531326782
-8.61973775592
-36.7051809994
-30.3750500871
-24.1238566039
-17.748865866
-11.4550815841
-5.19707357306
1.1455481579
7.4893056435
13.7575354462
20.0825529804
340.996619129
302.488682116
264.460943316
225.680111578
187.39328117
149.324087712
110.740165595
72.149334369
34.0179589256
-4.45887199377
222.20918732
199.122500165
176.323706539
153.073410641
130.119283665
107.295636703
84.1633941519
61.0270093778
38.1660824119
15.0980443119
514.268389082
456.856645941
400.160833554
342.342229824
285.260136012
228.502518598
170.977488751
113.442158067
56.5918331099
-0.773533747289
451.533342117
402.39175896
353.862976752
304.373141262
255.513721458
206.932037234
157.693486318
108.4461184
59.7850811529
10.683193777
726.666042573
646.081891919
566.502634491
485.34740703
405.225958077
325.559950005
244.816788103
164.059167761
84.263033723
3.74397765162
732.640370579
651.560527805
571.491759593
489.837327185
409.2230323
329.06697982
247.827147683
166.572768168
86.285789287
5.27144150838
1028.49428701
914.980925678
802.883088454
688.565290428
575.703705222
463.483668321
349.746318762
235.98860259
123.585266173
10.1635991132
1132.10825313
1005.64246248
880.753714157
753.391696653
627.65205297
502.627161389
375.91182436
249.173796787
123.94469032
-2.4189432944
250.215826479
219.79231686
189.748191753
159.109079431
128.860256887
98.783380191
68.2998379203
37.8108370514
7.68483297017
-22.7141010266
65.9646113843
60.2880391415
54.6822543792
48.965453894
43.321475649
37.7095799295
32.0218064911
26.3330145598
20.7119524045
15.0399656056
371.695204349
328.892735367
286.624017882
243.518220055
200.961516215
158.646720913
115.759792717
72.8651848849
30.4812728581
-12.2866209774
285.976900239
255.554556015
225.511581772
194.873643104
164.625979264
134.550254685
104.06788011
73.5800471452
43.4551970633
13.0574275206
479.291224748
425.524534616
372.428321025
318.280601751
264.822631619
211.668536982
157.79575268
103.913321537
50.6724053302
-3.05085293374
480.84492751
428.504899532
376.817557462
324.106610689
272.067111038
220.323423755
167.880116744
115.427418864
63.5992137611
11.3014652168
611.183120721
543.976417566
477.607789394
409.924811573
343.103998888
276.663021194
209.323703602
141.972327757
75.4228257799
8.27041111975
719.715412553
640.508546424
562.289398631
482.521216117
403.769143534
325.464727776
246.101568101
166.724197099
88.2918793906
9.14899529601
798.608446578
712.302777548
627.073349707
540.156057108
454.34594185
369.023604023
282.54763386
196.0561787
110.594475893
24.3585231957
1059.16294393
941.776886743
825.854646608
707.63670804
590.924663398
474.876054542
357.258367399
239.619618802
123.381456864
6.09022225066
351.690627988
308.43517398
265.719120243
222.157127215
179.150039319
136.387420117
93.0466130502
49.698045073
6.86557767234
-36.3549352746
165.330690808
148.033767616
130.95253896
113.533037426
96.3354304862
79.2355813049
61.9045272662
44.5703698066
27.4425898372
10.1596388225
401.405969184
354.447157865
308.07392809
260.782333117
214.093152013
167.669370025
120.617898063
73.5580007325
27.0583904257
-19.8624883202
347.692692971
310.170738764
273.116687456
235.328825902
198.02231694
160.927872407
123.331878669
85.7291527276
48.5741183578
11.0824737835
445.439557101
395.200629305
345.588186468
294.993229773
245.042766113
195.376239944
145.038179075
94.6911043166
44.9434531501
-5.25489244624
509.213323458
453.777770353
399.033504695
343.205095695
288.087844942
233.283901669
177.738961341
122.184074743
67.2906150475
11.8998418919
499.416213257
445.156497523
391.573406415
336.92916761
282.981002753
229.339499845
174.972717089
120.596199033
66.8670784251
12.6511928186
707.206354378
629.812196171
553.383151633
475.440523183
398.490750235
321.978389151
244.431514293
166.870753343
90.2334174413
12.9017769924
576.119882531
516.146415517
456.920824236
396.52234243
336.893233766
277.603079704
217.511271109
157.40870205
98.021703816
38.0966824055
988.564872
879.966380228
772.722123598
663.354025402
555.379089335
448.017923994
339.205142172
230.372875564
122.836347159
14.3255795037
457.956582293
401.263321107
345.277031127
288.182001029
231.814263761
175.766942215
118.961812056
62.1465099693
6.0076410738
-50.6398242059
269.388359298
239.922427992
210.823940093
181.149192168
151.852449672
122.722241037
93.198166605
63.6688053836
34.4910156456
5.04888644638
432.519533649
381.208137468
330.536600044
278.861574687
227.844800589
177.118025297
125.705379813
74.2835280171
23.4738959232
-27.7960517359
412.322409046
367.36563537
322.969477608
277.694108146
232.995469295
188.550914559
143.505430726
98.4518807298
53.9347305323
9.01427221562
409.989576279
363.444974817
317.480789656
270.606339928
224.328990351
178.314698884
131.678254112
85.033458288
38.9440073612
-7.56299611965
538.921138823
480.243904761
422.298382264
363.205319442
304.865000962
246.856311108
188.063293233
129.259747465
71.1563065748
12.5264710398
382.37220918
341.670775437
301.476893052
260.487019899
220.019287479
179.781589088
138.999841962
98.2107921685
57.9073697692
17.2388139906
694.10667855
618.610815628
544.056394424
468.025513933
392.963136553
318.32744236
242.682608564
167.024229269
92.2666255946
16.8317470178
343.126476987
310.728492108
278.734513666
246.106933543
213.894972872
181.866117273
149.404203644
116.936477157
84.8553058225
52.4834915158
914.633498162
815.237478439
717.080938018
616.980527158
518.155223971
419.891681508
320.29953035
220.689545518
122.265499991
22.9497707761
564.118890712
494.000928837
424.757345661
354.142477863
284.427122455
215.108055723
144.851734821
74.582833327
5.15054125878
-64.9107804531
373.34453574
331.721465293
290.617439115
248.699397883
207.315320653
166.166486307
124.461283873
82.7486134114
41.5325668126
-0.0568811868595
463.602751679
407.943015905
352.977363161
296.923182774
241.583036574
186.557464878
130.787899516
75.0083476628
19.8928975368
-35.7218771963
476.8890889
424.504747262
372.773644129
320.018069657
267.934510788
216.147014737
163.659306624
111.162199692
59.2901142646
6.9480878562
374.574171392
331.720293022
289.400807232
246.243235694
203.635417651
161.2697987
118.331359675
75.3852317888
32.9504130973
-9.86884859745
568.599978842
506.684225578
445.540568569
383.186036086
321.625793479
260.415482775
198.377555347
136.32851897
75.0182277221
13.1524890086
265.442363298
238.285987554
211.468254803
184.119429597
157.118981552
130.272014354
103.062052772
75.847218782
48.9563999134
21.8219606528
681.019779416
607.420360287
534.738734013
460.61773687
387.440914197
314.680056499
240.93540862
167.177555504
94.29785067
20.7578839697
110.360320218
105.510921887
100.721996087
95.8382314589
91.0166776216
86.2225313356
81.3635640155
76.5037266144
71.7017495994
66.8562685347
840.774232863
750.571709611
661.494021749
570.652259037
480.96766469
391.792871791
301.412358008
211.015660052
121.695209596
31.5655504933
670.171173547
586.642424211
504.155287571
420.0345939
336.985453695
254.408396484
170.714825523
87.0062678003
4.29432973367
-79.1669464201
477.192973013
423.425362965
370.32824093
316.179595221
262.720710455
209.565706383
155.692000351
101.808647312
48.5668201844
-5.15735725219
494.653755363
434.650186573
375.394868889
314.966071985
255.307034385
195.987121515
135.865151746
75.7324161126
16.3156104622
-43.6394884083
541.388852476
481.584640735
422.526194095
362.298167026
302.837341798
243.714514584
183.792295242
123.859345804
64.6399477293
4.88404487015
339.195470686
300.02849038
261.349926628
221.905381145
182.963291569
144.242563685
104.998297829
65.7470046177
26.9630305361
-12.1723113122
598.24806
533.097143903
468.758666899
403.14604491
338.369215274
273.960601849
208.681127861
143.389964469
78.8761464119
13.7778581785
148.633702371
135.008346658
121.552900631
107.830985922
94.28386489
80.8137508614
67.1615091568
53.5068227854
40.0147067557
26.4003573864
667.946443417
596.241502625
525.430730335
453.217637156
381.924415018
311.036450753
239.190019457
167.330722832
96.3269706035
24.6799519114
-122.16459997
-99.4939628401
-77.1060310498
-54.2747336045
-31.7342677586
-9.32193051941
13.3934410436
36.1128801815
58.561825594
81.2141497474
766.991514588
685.972959756
605.964715219
524.372005083
443.818646234
363.723183407
282.544760147
201.351800506
121.125510244
40.1724009001
626.070761296
568.683487847
512.011840014
454.217879386
397.160114766
340.426688246
282.926176377
225.41536806
168.589273512
111.248356581
508.920933826
457.891704252
407.498814787
356.107955671
305.371728023
254.923904448
203.793982351
152.65490457
102.124679831
51.1366708494
1577.13856966
1409.16121614
1243.27855869
1074.11079775
907.097944147
741.034455317
572.725643454
404.386693026
238.051957118
70.2102929997
1180.74042881
1052.5224139
925.90329174
796.776632461
669.294825515
542.537673791
414.066654953
285.572631186
158.608435114
30.4939926547
2419.51291422
2153.58434691
1890.9719381
1623.15881116
1358.75716446
1095.85847758
829.405171436
562.904152281
299.576048312
33.8622938276
1775.78055294
1579.19532815
1385.06154276
1187.08317476
991.626711864
797.281298066
600.308164971
403.299760476
208.636904078
12.2104776822
3452.10082045
3066.10302334
2684.91866123
2296.18540824
1912.40395064
1530.80405326
1144.04459283
757.215876529
374.992676228
-10.6933180607
2505.18457606
2224.79438434
1947.90068916
1665.52345242
1386.74321771
1109.54767621
828.604209509
547.610435088
269.962124099
-10.2015729292
4919.46258193
4362.84008984
3813.15874148
3252.59162514
2699.16517311
2148.88460817
1591.16377061
1033.34306362
482.163673792
-74.0091875861
3541.70608261
3142.22462208
2747.72473932
2345.41226804
1948.22456813
1553.29463462
1153.02490438
752.683499011
357.108489392
-42.0502764297
442.709220187
394.644843168
347.179834219
298.774838719
250.986439902
203.469688574
155.310469374
107.142626444
59.548261548
11.5227101604
271.354853752
243.737710884
216.464956827
188.652099174
161.193529659
133.891045129
106.219407223
78.5428142389
51.1957339988
23.6008998155
737.241596343
656.072755172
575.916098381
494.172036868
413.4692546
333.225217733
251.896211584
170.552642088
90.1775351066
9.07426082123
570.081995234
508.472996446
447.632268652
385.586664526
324.331415059
263.424363797
201.693796143
139.952174579
78.9456381153
17.386406087
998.11312951
887.623191518
778.51107521
667.238126658
557.382604762
448.15154356
337.443583255
226.715798801
117.306320258
6.90563426364
834.668891975
742.9528208
652.380459125
560.01442241
468.824970698
378.153874617
286.25682633
194.343322308
103.524124619
11.8821402131
1317.89113791
1171.45921026
1026.85330487
879.383656077
733.792517863
589.028975219
442.308103369
295.560958643
150.560960122
4.2473178382
1159.00121701
1030.37970227
903.362111963
773.829093364
645.946103417
518.790049171
389.9147343
261.016342106
133.652591945
5.13497559343
1772.31251826
1574.80513164
1379.76068386
1180.85361894
984.480289112
789.223220208
591.326105635
393.393554208
197.817553612
0.469710286262
1619.89452101
1438.82842856
1260.02025021
1077.67099419
897.644555176
718.641455116
537.218077205
355.762212344
176.466729725
-4.45310044498
422.452231491
375.41780768
328.96990831
281.602165002
234.837805561
188.33927258
141.212038926
94.0763663359
47.5018829375
0.50545277881
245.109582417
220.078905462
195.360363803
170.152301606
145.265346918
120.519859174
95.4397908792
70.3552315702
45.5693246994
20.5588671232
644.453417361
572.87480456
502.188784937
430.102914997
358.935295494
288.17221989
216.452365859
144.719669165
73.8410095894
2.32021684179
502.619097008
448.368773755
394.794958003
340.16017824
286.221351934
232.589134493
178.231762751
123.864657395
70.1448374209
15.9383367081
841.083039132
747.765287511
655.61121852
561.632150707
468.850215149
376.595687508
283.093798286
189.575165956
97.1699503383
3.92757929758
730.698952788
650.568371386
571.437027152
490.738583259
411.068099234
331.850492633
251.561794981
171.258720268
91.911720117
11.8458669119
1082.11289808
962.147169838
843.677427429
722.861536416
603.584632791
484.985744588
364.7832961
244.559323313
125.766716418
5.89789456597
1010.28071149
898.425942676
787.966015141
675.318563604
564.106047537
453.525705836
341.450221585
229.354668306
118.593705357
6.82929103269
1424.62901342
1266.79510788
1110.92940851
951.976979266
795.049331544
639.013720438
480.86837194
322.69470482
166.404226109
8.69781626314
1407.58110543
1250.64459661
1095.66510334
937.616430411
781.581026704
626.432587757
469.186406759
311.912068149
156.510210699
-0.29952732198
403.097718181
357.047361814
311.571258458
265.194556398
219.408614039
173.882936442
127.741712025
81.5922252346
35.9921862772
-10.0209713517
220.033572307
197.47413082
175.19600805
152.476694258
130.046785587
107.744377072
85.1404205666
62.5324164366
40.193579306
17.6523609728
555.799073324
493.383431654
431.746119903
368.888156448
306.830895717
245.126392129
182.5875899
120.037589031
58.2322976881
-4.13292562925
438.161759288
390.942272934
344.311618771
296.757501436
249.809142053
203.127655055
155.814993687
108.493860179
61.7361239281
14.5547807173
691.048845021
614.138236368
538.186711468
460.731059349
384.262059489
308.227738595
231.165367446
154.089196965
77.9306820806
1.08220058209
631.361010613
562.299770236
494.099731125
424.549073507
355.884372066
287.609986982
218.412472736
149.202567494
80.8166634506
11.8112096338
856.838887747
762.160255051
668.662275323
573.31268226
479.177679596
385.577776198
290.712320567
195.829877658
102.077088755
7.47493593793
868.185899335
772.35089596
677.710965623
581.196807014
485.912073372
391.168974506
295.144866409
199.103563557
104.205711898
8.44812249924
1092.43526425
972.507334232
854.074918695
733.297093766
614.057771328
495.496250687
375.331675002
255.145581801
136.390403504
16.5593493383
1204.72653068
1070.84460094
938.632193593
803.801480945
670.688280492
538.331746251
404.185636365
270.01550533
137.442780743
3.66899867641
384.365995227
339.268040939
294.732463104
249.314912525
204.475903699
159.891776906
114.704833879
69.5097993584
24.8528491271
-20.2086757575
195.76445912
175.59673358
155.680501796
135.369853358
115.317927771
95.3799849789
75.1724638313
54.9613241822
34.9908148772
14.8393805015
469.997452551
416.449935536
363.570161951
309.643169012
256.403113538
203.465694851
149.812516146
96.149729925
43.1258435843
-10.3784186065
375.778532531
335.363644507
295.452734583
254.751437817
214.568605815
174.614188359
134.119552373
93.6176651318
53.5979863769
13.2157448502
545.84245761
484.811042179
424.540695215
363.076767615
302.39578511
242.059736459
180.907891869
119.745096998
59.3104958178
-1.67161941568
535.21956898
476.871479899
419.250997909
360.489412624
302.476349226
244.79305421
186.329830796
127.856138544
70.078623991
11.7776675591
638.813754133
568.608527742
499.278768248
428.576017515
358.77389865
289.368561657
219.024804046
148.668450185
79.1497469428
9.00123120534
730.663420112
650.332697477
571.003707793
490.103704323
410.234228245
330.818760738
250.329526927
169.825880147
90.280695905
10.0148631378
770.930859719
687.68916512
605.485503611
521.653898952
438.890165259
356.596892201
273.190942402
189.770057345
107.342366962
24.1679136668
1008.39941909
896.830217193
786.652295522
674.292434632
563.363845798
453.065817382
341.276463535
229.467091898
118.988903362
7.50982527588
364.749850274
320.649265918
277.098620701
232.685508129
188.838142492
145.240022008
101.052416955
56.8568993579
13.1875659733
-30.8773946389
170.349474961
152.686390708
135.24356706
117.455309586
99.8936440248
82.4318056705
64.7338680499
47.0327613116
29.5424008983
11.8935846015
380.144691307
335.884009204
292.175262678
247.600917792
203.594373664
159.837979522
115.489960812
71.1340008331
27.3061352663
-16.9187937683
310.449869401
277.16086016
244.286968528
210.762049608
177.664180698
144.754452702
111.399756513
78.0390875973
45.0756050539
11.8134861402
393.780121936
349.377638972
305.528859857
260.811709207
216.664178417
172.767599034
128.277499657
83.7794335683
39.8111537829
-4.55546156857
434.538790191
387.409675961
340.868266971
293.4051622
246.546656038
199.954511501
152.732400581
105.501833736
58.8335858774
11.7425417888
410.494520773
365.918217398
321.897785431
277.005582555
232.685229404
188.616810048
143.952547272
99.2802865985
55.1398861581
10.5995908053
586.647789869
522.553385652
459.258245708
394.709622796
330.983238712
267.619099706
203.398222341
139.165845132
75.698207532
11.655577745
434.246561224
389.423249897
345.158890195
300.017928892
255.451986071
211.139373069
166.227614937
121.307814589
76.9228216387
32.1357178628
802.802684148
714.599709949
627.496636544
538.668593117
450.972066723
363.774040839
275.397021684
187.004177116
99.6637225149
11.5319972619
345.152837814
302.048650611
259.481977365
216.072323127
173.215633484
130.602557615
87.4133158382
44.2163402905
1.53366048617
-41.5357078469
144.959279159
129.798393307
114.82656537
99.5582386603
84.4844042647
69.4962552942
54.3054534927
39.1119315191
24.0993009985
8.95066186663
290.379567435
255.396662384
220.849998008
185.619179124
150.83714049
116.252816233
81.2008817842
46.1426706884
11.5018566096
-23.4527898128
245.184924206
219.014843564
193.171106707
166.815566196
140.7957501
114.923840565
88.702120275
62.4757045386
36.5615359863
10.4125951151
241.866099386
214.076329955
186.633102007
158.646394435
131.016189552
103.543045295
75.6984401935
47.8488490408
20.3308303188
-7.43649098265
333.956209819
298.035128077
262.561986178
226.386342013
190.671513554
155.159701805
119.167739425
83.1693320702
47.5995155469
11.7074502781
182.39797726
163.42559988
144.689810133
125.582980946
106.719540016
87.9633260798
68.9535117921
49.9402934728
31.1534432528
12.1963914544
442.772624441
394.898702642
347.621773915
299.408583337
251.809546175
204.481080099
156.512691931
108.535714206
61.129942105
13.2946920908
97.8906458185
91.4482466158
85.08618484
78.5981301984
72.1927222531
65.8237250902
59.3686135374
52.9123460867
46.5329458431
40.095750707
597.406476799
532.546940181
468.496209121
403.177031534
338.689908321
274.569354517
209.581834967
144.582678293
80.3573903719
15.5502462456
325.576135508
283.467312801
241.883591747
199.476355868
157.609315493
115.980263348
73.7883501527
31.5888817756
-10.1081670067
-52.1829748828
119.59539751
106.934116804
94.4307236625
81.6797160852
69.0911344907
56.5741111964
43.887846843
31.1993107975
18.6618422746
6.01078914823
200.707475265
174.992731867
149.598654149
123.701677727
98.1345843992
72.7128241838
46.9473396243
21.1772413152
-4.28604264652
-29.9800140875
179.987618966
160.929088934
142.108220869
122.914628491
103.965529584
85.1241445846
66.0280076462
46.9284512187
28.0562908171
9.0131559599
90.1095190498
78.9152458974
67.860566563
56.5869628014
45.4569654301
34.3902352098
23.1738731562
11.9555026216
0.870696072477
-10.3145345259
233.477872255
208.753207106
184.336861252
159.436979479
134.854279524
110.411317014
85.6378643576
60.8599755918
36.3770880976
11.6723951359
-45.4621692138
-38.8571562591
-32.3345085428
-25.6826877521
-19.1155997579
-12.5858415971
-5.96779541757
0.651435836006
7.19185966351
13.7915371948
299.046569835
267.376319703
236.101001076
204.206312948
172.717908483
141.408496121
109.67575323
77.9373280491
46.5767750866
14.9321076743
-238.116673588
-206.217938271
-174.716983693
-142.59219117
-110.876613446
-79.3413191647
-47.3796402329
-15.4122380172
16.1745658192
48.0475338505
392.223140081
350.682848132
309.660568194
267.825892088
226.524118056
185.457119063
143.834858469
102.205144699
61.0710671236
19.5643307552
2209.83088172
1972.73480884
1738.59535009
1499.81904522
1264.08434124
1029.68964325
792.125724753
554.519266381
319.741709537
82.8371590631
2134.6812709
1899.97654955
1668.19862191
1431.83061539
1198.47353216
966.442939624
731.275091341
496.065132243
263.655542366
29.1404117208
3136.24399077
2793.61673637
2455.26208153
2110.20672586
1769.54678403
1430.82328328
1087.51994571
744.155133828
404.878364195
62.5278785842
2810.13782673
2499.61394169
2192.96232367
1880.23784475
1571.49693972
1264.51103577
953.374414977
642.182079861
334.694747034
24.4216982007
3956.78131593
3520.68358646
3090.02404366
2650.83581442
2217.2420905
1786.11307872
1349.15482713
912.118330709
480.285115463
44.5396587315
3408.39934761
3030.72134616
2657.75303094
2277.39853361
1901.88910069
1528.51420665
1150.09095877
771.599947751
397.615185455
20.2422662258
4962.6012629
4411.92682205
3868.11935207
3313.54243911
2766.02988553
2221.62960218
1669.86855274
1118.00870108
572.719197663
22.489582783
4141.75217965
3681.75622905
3227.49647857
2764.24066835
2306.88594318
1852.13099675
1391.22736729
930.241205165
474.74346481
15.1190915469
6391.92434544
5678.43036737
4973.83373772
4255.28343208
3545.88622583
2840.52150393
2125.61963651
1410.58975371
704.072893421
-8.84473567015
5183.88515151
4606.91106264
4037.13190414
3456.06896508
2882.40777198
2312.00748795
1733.89489518
1155.67878149
584.346809156
7.83879068744
849.788816848
308.40078128
295.24630425
284.540766768
263.66177035
232.699337833
195.4253965
156.406062474
109.679231614
16.9135932664
290.315229002
270.902104713
256.861100609
244.625551142
222.274118601
194.426298001
166.105735411
135.461118992
95.9126247852
21.8415300882
1165.61659325
1037.2920676
910.567762901
781.33383807
653.74613195
526.883683025
398.305943275
269.705179487
142.635514221
14.4146470585
984.695920278
876.88690079
770.422271638
661.849240492
554.659243681
448.078555704
340.056803978
232.015709115
125.260932899
17.5389998055
1445.34976664
1285.59665081
1127.83567392
966.950433488
808.114595287
650.181640583
490.113294749
330.016285947
171.82536453
12.2012947029
1248.48278773
1110.84464446
974.922863983
836.309318594
699.461472207
563.391521184
425.481785887
287.547355498
151.255148657
13.7281872694
529.747978076
499.436181921
490.288140156
473.339384324
447.400705108
410.244340336
360.434858357
295.94053148
207.60647136
9.4881531058
462.810004408
439.797261813
427.902893299
409.361836467
382.38957474
347.353215856
306.070133889
254.891034059
183.119026038
9.05686867672
2275.52563604
2022.50057518
1772.63076467
1517.81258763
1266.24035745
1016.09815979
762.573821704
509.004085764
258.453307382
5.63263609933
2031.33413629
1805.17085148
1581.82784771
1354.06180845
1129.19711815
905.610644544
679.001087035
452.350951218
228.399272842
2.41867909768
271.116940423
255.708248261
234.04924905
216.676054437
197.300994299
172.663352021
147.921624467
121.247233627
86.472439093
9.63064331354
243.782226322
229.957505798
207.034696067
190.100355406
172.624367619
152.040144012
131.69813004
108.684365372
77.3811139526
21.0351812659
947.910215594
843.260927004
739.916626557
634.525718417
530.477309819
427.020352068
322.164566123
217.29000396
113.664060253
9.09930567736
783.029006696
697.615047346
613.266209467
527.246945839
442.323420203
357.882632283
272.300131351
186.702305411
102.12359243
16.7786291042
1167.89768918
1038.67392908
911.061603487
780.92207159
652.440294286
524.688856418
395.210107821
265.708173845
137.748067567
8.62869234245
1009.86456346
898.744983813
789.011077552
677.104025256
566.62247701
456.768948032
345.430103644
234.071322136
124.038359081
13.0085400468
470.141567366
430.616135501
421.253576796
399.870668907
369.878923446
331.736264506
287.456198503
235.941889583
167.270399112
8.05181148031
421.440563582
387.007436828
374.62389726
350.857189363
321.89831044
288.327899575
252.045037763
209.97034882
150.901621428
8.38714055699
1820.76373983
1618.60929008
1418.97572857
1215.3886681
1014.39495787
814.543772555
611.990425119
409.40080705
209.223186045
7.23203341306
1683.05395772
1495.64673075
1310.57649251
1121.84116417
935.510000438
750.238014125
562.460989158
374.650339511
189.075731079
1.81988865044
555.979609884
494.302406769
433.394325163
371.280033366
309.95697119
248.982492693
187.18358613
125.373613418
64.2995395842
2.67215832315
194.335087306
191.904383819
169.931018768
152.540949944
137.924853016
121.893857613
105.443401177
86.8041676853
61.092987132
12.1612886034
739.902942299
657.87412794
576.868221924
494.258092841
412.700275219
331.606063345
249.415387083
167.209993177
85.9833225181
4.02076971886
590.346618336
526.329989853
463.111655771
398.641359768
334.992304842
271.705055425
207.562107263
143.407673213
80.017050793
16.052133914
902.806465294
802.751938121
703.945101912
603.181516947
503.701487359
404.786940208
304.534982212
204.265072392
105.188958831
5.21525409792
781.877093716
696.094640939
611.381904788
524.991536325
439.701633094
354.89655021
268.944828728
182.977716123
98.0341131401
12.3209540508
1102.49465477
980.344092536
859.716761251
736.700552948
615.251360304
494.492531202
372.100937532
249.687427559
128.731351731
6.67946075612
384.890645591
350.530231107
330.672978289
302.575977363
273.25300512
241.789887552
210.181059379
174.471589092
125.06475253
4.24796298258
1386.26208193
1232.71189092
1081.07648768
926.438130424
773.769600805
621.96889735
468.115716145
314.234984902
162.186331114
8.76017548093
1350.29011742
1199.91231513
1051.40974058
899.966253849
750.451897585
601.78743796
451.112905332
300.411391859
151.504104622
1.24777510215
417.041362466
370.100907899
323.745805965
276.472697834
229.80176808
183.396133695
136.363054707
89.3215536438
42.8401205819
-4.0624162403
226.198227433
203.159699543
180.408464631
157.20666929
134.300425056
111.524388653
88.4404003963
65.3522785578
42.5390399172
19.5191221804
538.588935919
478.452713208
419.066395812
358.504004906
298.713075064
239.262019676
179.00713423
118.741459118
59.1932967429
-0.894348892861
403.864372091
360.556550249
317.788781711
274.174049733
231.11489469
188.300504311
144.907226077
101.506177536
58.6218543961
15.3490159169
646.245358119
574.421455053
503.493203962
431.160305456
359.748804107
288.743232974
216.777604664
144.79908968
73.6775384856
1.91165361487
561.225814502
499.965189445
439.468491124
377.773729554
316.864853509
256.302206752
194.920700252
133.528202345
72.8666329345
11.6554932264
778.21129501
692.06055796
606.984130081
520.22286742
434.566794547
349.397623469
263.076891003
176.740701337
91.4324154605
5.35126959209
299.414674878
273.631086781
255.305662976
233.162020425
205.737844639
178.426508079
154.162478849
127.676913425
90.9611120652
-1.08049401648
965.741836908
859.231914723
754.050182987
646.785455474
540.887096751
435.590704697
328.870613695
222.13141264
116.663030109
10.2391449281
1028.23396618
913.694054157
800.582467446
685.230843861
571.348602262
458.113710769
343.347784898
228.561308231
115.141459565
0.694071048037
271.543118254
240.035210728
208.920210275
177.189015228
145.862021223
114.713101802
83.1430218548
51.5672887466
20.3674908728
-11.114965072
71.3105906237
65.4503534239
59.6631940269
53.7614270037
47.9348383775
42.1413703038
36.2695694948
30.3967172396
24.5937861509
18.7382827567
327.769848965
290.55988094
253.813925311
216.340260896
179.343946739
142.557933746
105.274541811
67.9844736492
31.1383746093
-6.04153580065
208.577329756
186.956084951
165.604459448
143.82999107
122.332892101
100.957990844
79.2940823006
57.6262944649
36.2164795755
14.6127000648
377.570667594
335.310303128
293.576930058
251.017078487
208.999366483
167.220499183
124.876745201
82.5254088486
40.6783002046
-1.5479270175
330.156441559
294.57544716
259.438151678
223.605004958
188.228311114
153.052711894
117.401507929
81.7439200073
46.51086518
10.9586125377
438.616832365
390.165659359
342.318677811
293.524145211
245.351171329
197.452031008
148.905252583
100.349781029
52.3724025471
3.96036761991
225.414477813
210.192999557
193.261082535
177.822778019
153.659294999
128.44309885
110.586564226
91.2556764018
63.6505245048
-1.52933204384
525.366645461
468.118007686
411.583266723
353.928924241
297.008999269
240.412628865
183.05102623
125.679152021
68.9903374549
11.7879442099
690.971870134
613.96194146
537.91233507
460.356659076
383.788909474
307.65640017
230.494513018
153.318808714
77.0619450387
0.114223747639
126.186784916
110.096372385
94.2066090688
78.0021683903
62.0041445136
46.0970595076
29.9748968549
13.849847254
-2.08322028643
-18.1606352408
-83.4259774217
-72.1246786784
-60.9643083741
-49.5829205619
-38.3465121241
-27.1739757184
-15.8503768876
-4.52475037325
6.66603518448
17.9582049201
117.156383192
102.850308863
88.7226328557
74.3151754736
60.0912444059
45.9481675886
31.6138640521
17.276993714
3.11081568233
-11.1837024294
13.4807595117
13.524939866
13.5685692864
13.6130627342
13.6569894117
13.7006663932
13.7449339255
13.7892093848
13.832957708
13.8771023741
109.158027379
96.432366887
83.8653967812
71.0495531759
58.3969614534
45.816291889
33.0655207125
20.3124662928
7.71124754038
-5.00413336784
99.3124407957
89.3860305768
79.5834037856
69.5866479392
59.7172336291
49.9039208349
39.9579235029
30.0101451704
20.1808033717
10.2624115476
99.3535912217
88.5652122062
77.9113654642
67.046532295
56.3200984794
45.6546378055
34.8449708122
24.0333681637
13.3504865922
2.57082225596
168.303482933
158.093136964
144.536128462
133.11399386
110.43685302
89.1833130547
80.1129920138
67.3896692663
46.2694739711
-1.67251122843
85.4209714188
77.3855713441
69.4503735925
61.3580289378
53.3687668847
45.4249188449
37.3736630593
29.320965559
21.3641420868
13.3352328793
354.038720735
314.522170751
275.498396493
235.701804032
196.412151952
157.345837242
117.751311926
78.1496965344
39.0195711478
-0.465058002037
-19.0189025321
-19.7077986098
-20.3881040776
-21.0818821646
-21.7668227078
-22.4478697877
-23.1381252174
-23.8285042491
-24.510663747
-25.1990033455
-238.002177993
-209.557129356
-181.466793605
-152.820163051
-124.538441473
-96.4174839903
-67.9163066646
-39.4100257168
-11.2431356353
17.1789355486
-93.2388048335
-84.6647228391
-76.1975605906
-67.5627165316
-59.0378655869
-50.5614731471
-41.9704724973
-33.3779334822
-24.8876957553
-16.3205397666
-181.413614545
-159.726462867
-138.309752357
-116.468910044
-94.9062826298
-73.4662254152
-51.7362799498
-30.0024433669
-8.52736609516
13.1422670496
-158.976432586
-142.197998585
-125.628793502
-108.731455542
-92.0493607084
-75.4620932654
-58.6505515166
-41.8359993745
-25.2216383911
-8.45675773955
-131.292315491
-115.590729692
-100.084944395
-84.2720859528
-68.6606562254
-53.1379678202
-37.4053991452
-21.6700132854
-6.12197021675
9.56693209337
-239.558040799
-212.722659177
-186.221917716
-159.196361427
-132.515064406
-105.985434056
-79.0970999919
-52.2039511134
-25.6309874287
1.1827170033
130.027411163
116.568539674
107.237258559
97.8560190031
82.5699291832
69.2555257269
63.8230834416
53.9113560026
36.6971527222
-1.55644557464
-354.068747207
-312.941913702
-272.327936336
-230.909648736
-190.018959133
-149.36070781
-108.152721509
-66.937356216
-26.2126939557
14.8809179537
17.4547655738
15.392736507
13.3564211697
11.2797790932
9.22958987774
7.19105471986
5.1249567908
3.05848889165
1.01662400303
-1.04373938974
3793.59100214
3376.78612984
2965.17886016
2545.42021106
2131.00856772
1718.95259826
1301.32527313
883.623164703
470.894145562
54.4259615451
3760.44160798
3342.06139485
2928.89842903
2507.5532751
2091.5753363
1677.9619748
1258.75620033
839.475359917
425.1864049
7.14415259216
4695.34941188
4178.07225659
3667.24560436
3146.30265396
2631.99562392
2120.61211123
1602.31424797
1083.92357463
571.704771272
54.8454641687
4439.53522466
3946.70546949
3460.02135559
2963.69905703
2473.69905392
1986.48439775
1492.682175
998.791528535
510.781058955
18.3494037468
5494.04971764
4887.782826
4289.07614922
3678.51281768
3075.72701655
2476.36767987
1868.90448283
1261.33250914
660.994182615
55.2170236353
5041.01814228
4482.24736416
3930.44451913
3367.71389246
2812.15148953
2259.74711523
1699.87375257
1139.90013503
586.593466832
28.2740547695
6473.10170535
5757.75062076
5051.32004292
4330.89946997
3619.65582042
2912.4551511
2195.69251265
1478.80152563
770.445719099
55.6724836266
5778.31978325
5138.71807376
4507.09226797
3862.95788427
3227.02866865
2594.71431729
1953.85052506
1312.87197524
679.52480552
40.4397560231
7864.38610894
6994.0206449
6134.50873396
5257.97523903
4392.60727855
3532.15839969
2660.07550241
1787.8364438
925.982113051
56.3197162458
6826.06422041
6071.59750319
5326.53906897
4566.72566211
3816.59097584
3070.72034128
2314.76488598
1558.67406397
811.585128919
57.7278578045
1256.86841351
1119.25152349
983.350731227
844.758589702
707.931874531
571.882934605
433.994494494
296.081363104
159.81020168
22.3044763723
1102.38922159
981.744411442
333.024301562
323.38166319
300.172405259
280.470526028
248.662973841
204.439294207
138.801401907
22.3224708006
1593.99159016
1418.51138003
1245.21942742
1068.49563927
894.023009301
720.542148317
544.715674967
368.857716886
195.093493335
19.7550332958
1399.30984532
1245.30080513
1093.21227462
938.111816457
784.987072304
632.732747611
478.419811813
324.07924365
171.576227683
17.691593524
1892.58640377
1683.5701101
1477.16027262
1266.66274032
1058.84658581
852.211737605
642.783006243
433.316773093
226.344408801
17.4969551422
1662.29668348
1478.73646812
1297.46526884
1112.60421478
930.097973716
748.62916775
564.706745443
380.751388689
198.986172696
15.5742343257
2258.6058527
2008.48081149
1761.47485706
1509.57725128
1260.88838928
1013.61316964
762.994573614
512.331100056
264.651982598
14.7289883734
531.625437449
510.248961362
502.176898359
489.303960513
465.016454281
431.210134686
384.787457265
319.907130436
223.761942167
12.3282638862
2778.73875382
2470.19601872
2165.50084547
1854.77155633
1548.00042578
1242.97309936
933.821537772
624.61461732
319.089061152
10.7955619124
2442.77375158
2171.5132744
1903.63544522
1630.4526227
1360.74968113
1092.57983397
820.784096864
548.939690093
280.33181596
9.29045864034
351.294940762
319.502962106
308.839877886
300.148540326
282.254799764
255.26095155
218.908199454
175.377366557
121.969379541
18.6019617277
310.425797744
282.444324813
270.773458511
260.749984662
243.274728861
217.607949241
187.248204535
152.362833654
107.252450637
21.8506042998
1251.36701383
1113.64704945
977.644468178
838.948521836
702.019324143
565.868484246
427.876766387
289.860338756
153.487110917
15.8783945129
1063.43891638
946.861320936
831.737460932
714.333713438
598.425488471
483.176130073
366.36849995
249.539953428
134.102347439
17.6189215004
1494.71233923
1329.58257065
1166.51198845
1000.21199247
836.030373423
672.782025329
507.326417356
341.841181733
178.326184795
13.3298053873
1289.03017413
1146.92159624
1006.58512795
863.469467252
722.176854786
581.687403431
439.298412306
296.883924004
156.164998045
14.1712131817
1793.00660909
1594.27772567
1398.02701331
1197.88979519
1000.30198222
803.837333753
604.716312092
405.559634416
208.774081807
10.2057283947
469.562458711
434.035561948
425.502943536
406.643417621
380.644064814
346.359608516
304.966462805
253.390368387
180.636496782
9.51998399412
2216.89846625
1970.42347229
1727.02204862
1478.80035694
1233.74058419
990.073824672
743.112478297
496.10690928
252.042145981
5.76625056297
1958.52681002
1740.64886488
1525.48788169
1306.06589793
1089.43897417
874.043440493
655.735571557
437.388610874
221.641251458
3.93930462286
288.349823177
267.529920763
249.263815659
236.62718201
220.285508779
195.940349456
168.522560925
137.8453765
98.0871945291
11.5990053502
260.058898794
240.924577749
222.202335886
209.570917004
193.719101591
172.446960971
149.461311428
123.011105187
87.5328551796
21.0720706076
924.006811273
822.364824227
721.990323944
619.628029234
518.569654721
418.085734561
316.243184265
214.382397323
113.734347348
12.174465067
742.531477385
661.717706772
581.911692771
500.5252181
420.17546763
340.282455794
259.30922084
178.321486246
98.2979776578
17.5494871106
1114.56408557
991.365639874
869.703492355
745.631974545
623.140915229
501.346141822
377.904596978
254.440947819
132.447235581
9.34830761375
932.393176819
829.889511643
728.66407845
625.433999143
523.518894122
422.183113437
319.47718472
216.752864753
115.25156283
12.8306984678
487.926001652
444.644015973
435.163997384
415.050257724
385.754101167
346.939886699
300.655384613
246.740317041
174.740941908
8.05582309899
441.731372686
405.435144314
393.181894794
370.040534356
340.935594814
306.139482492
267.530921787
222.155959984
159.006789587
7.66506154424
1680.0888996
1492.9164476
1308.07805667
1119.57916708
933.481430283
748.441544014
560.899757287
373.324388003
187.982258725
0.961001623522
1495.85370417
1328.98002932
1164.18728756
996.131026754
830.215514679
665.243129669
498.040174299
330.807278387
165.565428501
-1.1734484721
449.716729706
400.933774858
352.759148826
303.630483143
255.12763246
206.900490484
158.021275535
109.133307929
60.8273920367
12.0838432769
256.631995745
230.722665507
205.136427467
179.043485222
153.282922341
127.668792327
101.708336961
75.7432329334
50.0872649573
24.1988638594
607.180419286
540.45549088
474.562629673
407.3648408
341.023036589
275.058344502
208.201752313
141.33318831
75.2607499016
8.5897208208
431.950211651
385.749455991
340.124828838
293.596661649
247.661183566
201.986820264
155.694899781
109.39468994
63.6457224152
17.4822869836
746.648258628
664.031867927
582.445712708
499.243843297
417.101823104
335.426729489
252.647317459
169.853082362
88.0445811534
5.49492664542
587.232060025
523.058898991
459.685984338
395.058046483
331.253357793
267.811359293
203.511569707
139.200266146
75.654641878
11.5333188937
428.730558247
392.863761552
376.280622052
354.990744481
326.897668453
290.802940104
251.071936791
206.765661975
147.31136417
3.98012311132
385.045991139
349.141416074
331.369212426
308.981076972
282.876232315
251.782694881
218.999034953
181.66866157
130.654701053
3.43313964255
1160.5528141
1030.77466433
902.614862363
771.917011996
642.884028243
514.584517194
384.550284988
254.492767934
125.983693255
-3.68962381052
1048.06851326
930.557891122
814.51263937
696.16925309
579.333358726
463.161604156
345.419106262
227.655524565
111.294015768
-6.12168317981
178.336386235
159.421155538
140.74179985
121.692522328
102.885899953
84.186181595
65.2336267543
46.2776781353
27.5474157723
8.64746449503
-27.7282937134
-21.7856838604
-15.9171790062
-9.93245557833
-4.02396726989
1.85093493701
7.80527093963
13.7606731677
19.6451714036
25.5829809118
275.395006622
245.235752676
215.452587945
185.079604
155.093519814
125.277887971
95.0591228106
64.8349464652
34.9706139524
4.83572216698
106.704790111
96.7513097414
86.9219503676
76.8979325324
67.0016035044
57.161528986
47.188408088
37.2135013325
27.357354097
17.4119139894
361.361213251
321.242967284
281.625000258
241.222447766
201.334554548
161.673399332
121.475990746
81.2713841289
41.5454466262
1.45960753357
225.774092926
201.74121836
178.008036384
153.804847716
129.90996619
106.150912287
82.0706152765
57.9860062784
34.1881444826
10.1746832867
350.421654209
320.915676988
301.565192434
282.845197957
260.004810416
230.334304745
198.410972319
163.479590458
116.726762652
-1.03933095875
318.59256533
289.799602458
271.285937227
252.745046558
230.692951838
204.676854849
177.822163399
147.316885934
105.351525624
-0.224946500559
616.486729698
546.812765475
478.007643252
407.83991959
338.566012468
269.685884662
199.874437523
130.050489453
61.0578532711
-8.559829443
579.141056121
513.32417297
448.328033595
382.044725036
316.605752226
251.538759501
185.592004352
119.633440312
54.4601675625
-11.3035497666
-92.7792679816
-81.8559058406
-71.0687592276
-60.0679863462
-49.2073444573
-38.4084386001
-27.4635221283
-16.5166457824
-5.70010105904
5.21443736543
-311.811234003
-274.047750664
-236.755182118
-198.724079784
-161.177428513
-123.844206731
-86.0062072679
-48.1614322656
-10.7672306296
26.9657479736
-56.0668010511
-49.6960446574
-43.4047322969
-36.9888281764
-30.6546516783
-24.3564810559
-17.97315368
-11.5886832604
-5.28022524489
1.08538495412
-218.223405183
-191.964963832
-166.033968135
-139.589440727
-113.481771277
-87.5225077786
-61.2122524239
-34.8972857691
-8.89562057031
17.341609633
-23.5500446269
-21.2115961807
-18.902308444
-16.5472880832
-14.2222666456
-11.9104615167
-9.56739876861
-7.22391645515
-4.90833523807
-2.57177575304
-135.331328228
-119.263066924
-103.395178606
-87.2130461343
-71.2370462959
-55.3518601351
-39.2518924192
-23.1490417293
-7.23790880352
8.81737281704
279.460438094
259.670592657
239.84105364
223.06347018
201.052285745
174.546573802
149.541641203
122.941036786
87.2426001058
-2.89828606474
253.884482703
234.994455258
216.940949789
200.421956442
179.168573933
156.394780174
135.365721697
112.204582475
79.5493062259
-0.84548104577
72.9512970192
63.3228960725
53.8145623451
44.1179276773
34.5448115162
25.0261125995
15.3787125812
5.72958503138
-3.80466166946
-13.4252849485
110.670964671
96.4974013208
82.5005838652
68.226576529
54.1343955824
40.1223199682
25.9207888852
11.7167147757
-2.31824807629
-16.4803622497
-363.613940572
-322.88291002
-282.659799902
-241.640120197
-201.142960909
-160.876002923
-120.064600587
-79.2458902737
-38.9131604874
1.78496819176
-595.599753497
-526.048375516
-457.364310873
-387.320042187
-318.168017437
-249.409079177
-179.720460172
-110.019362231
-41.1481135452
28.3470819491
-387.185084932
-344.322177545
-301.99377533
-258.82711079
-216.210315573
-173.835770478
-130.888284619
-87.9331082796
-45.489348864
-2.66106544574
-542.814848055
-480.382014668
-418.727725584
-355.85244858
-293.778094844
-232.056595415
-169.500567546
-106.933337952
-45.1110230074
17.2713781394
-408.062384222
-363.311243067
-319.118153567
-274.049873886
-229.555686847
-185.314421741
-140.474976189
-95.6275013706
-51.3139728548
-6.59898095324
-496.062503236
-439.934666489
-384.506750042
-327.981151384
-272.175591975
-216.687252655
-160.448662648
-104.200002163
-48.6210285311
7.4614690508
221.801726308
208.574115925
192.305505436
178.393820879
153.965922926
128.583426476
111.484635751
92.7560977456
65.0767388366
-2.11453937666
201.431973176
188.740804413
174.342401451
161.109935963
135.730167223
114.689061101
100.779685266
84.0894366719
58.5987151075
-1.03283419015
-470.020820825
-419.665889133
-369.93888898
-319.227106302
-269.161304821
-219.380096455
-168.925802786
-118.462474415
-68.5999537305
-18.2856979432
-357.313608933
-319.897375118
-282.947725855
-245.266333902
-208.0649383
-171.075009623
-133.584944887
-96.0881669156
-59.0378191175
-21.6518095347
5377.35112256
4780.83745084
4191.76237024
3591.02137689
2997.9327942
2408.21555326
1810.52482151
1212.72706302
622.046581588
26.0147640272
5386.20194506
4784.14624016
4189.59823614
3583.27593482
2984.67714044
2389.48100997
1786.23730932
1182.88558759
586.717267435
-14.8521065365
6254.45483298
5562.52777682
4879.22912719
4182.39858207
3494.4444638
2810.40093919
2117.10855023
1423.69201543
738.531178349
47.1630497532
6068.93262258
5393.79699728
4727.08038752
4047.16026932
3375.90116812
2708.45775973
2031.98993502
1355.40097721
686.867370876
12.2771092929
7031.31811935
6254.88206555
5488.12825478
4706.18982094
3934.2119426
3166.62228101
2388.65413852
1610.54668757
841.703249766
65.8943885391
6673.63693696
5933.77338216
5203.13600731
4458.02925131
3722.41387836
2990.98002381
2249.65654636
1508.2003223
775.571748209
36.3058433131
7983.60214781
7103.57441948
6234.52073376
5348.25650084
4473.28175531
3603.28070002
2721.51647256
1839.59435018
968.172240535
88.8553844702
7414.88738684
6595.67991847
5786.68805738
4961.6751002
4147.17139412
3337.29763783
2516.47368284
1695.50274532
884.306146231
65.7604204992
9336.84787245
8309.61092242
7295.1837302
6260.66704597
5239.32833127
4223.79529545
3194.53136831
2165.0831339
1147.89133268
121.484168162
8468.24328931
7536.28394375
6615.94623379
5677.38235915
4750.77417969
3829.43319461
2895.63487679
1961.66934645
1038.82344868
107.616924922
1663.94801017
1481.55486365
1301.43617973
1117.75046519
936.404591845
756.089557621
573.336507053
390.550731435
209.941171746
27.6953594783
1517.90640551
1350.74776172
1185.67360461
1017.33035536
851.13151059
685.877403454
518.388916829
350.870438533
185.346406358
18.3227906335
2022.36658707
1799.73069245
1579.87109194
1355.65744047
1134.29988665
914.200613609
691.125406658
468.010254285
247.551472449
25.0954195331
1813.92377037
1613.71470948
1416.00227761
1214.37439242
1015.31490093
817.386939518
616.782819647
416.142778186
217.891522467
17.8441872426
2339.82304089
2081.54356939
1826.48487133
1566.37504715
1309.57857634
1054.24183463
795.452717737
536.617260239
280.863453072
22.7926155816
2076.11057924
1846.62829178
1620.0076737
1388.89911096
1160.73447522
933.866814317
703.931705
473.955421879
246.717196735
17.420281382
711.261563606
677.126477003
670.816932667
656.953188185
631.570279072
593.159695964
537.251368175
451.474607273
321.697493836
19.969823641
619.992992361
590.266998932
585.447466765
575.158165445
551.639093457
516.241140977
466.047652559
394.553004709
282.051894224
16.9006548433
3281.9518716
2917.89146226
2558.37092627
2191.73052503
1829.76049411
1469.84803894
1105.06925384
740.225148876
379.724814921
15.9584877255
2854.21336686
2537.85569732
2225.44304273
1906.84343695
1592.30224411
1279.5490234
962.567106693
645.528428967
332.264359078
16.162238183
1253.70732164
1117.06441668
378.197261517
370.914110389
353.204311286
328.489710261
293.714687748
242.217552079
164.413551404
27.881024383
1090.55387267
329.953999701
326.192691044
320.511076939
305.056104777
283.810418227
253.015528051
209.080589219
141.004692459
21.9878095514
1554.82381206
1384.03317189
1215.3723098
1043.37132526
873.561338467
704.716616424
533.58896665
362.430673552
193.310161581
22.6574833485
1343.84882607
1196.10759453
1050.2087124
901.420481036
754.52755674
608.469627863
460.436868549
312.377601445
166.081102448
18.4592138966
1821.52698928
1620.49121222
1421.96237342
1219.50191336
1019.62045256
820.875194239
619.442726891
417.974189622
218.904302023
18.0309184322
1568.1957848
1395.09820867
1224.15917835
1049.83490925
877.731232562
706.60585883
533.166720969
359.696525872
188.29163701
15.3338863166
605.700443547
562.802170072
558.118986275
542.870396595
518.947516799
483.922668041
432.932368807
359.823974395
250.277764501
12.359645309
530.169831344
495.111331533
489.629080123
475.647368606
452.674983761
419.354064897
371.859594982
306.795409946
215.517453569
11.5028396056
2613.03319266
2322.23765449
2035.06836868
1742.21204578
1453.08621051
1165.60387679
874.234531475
582.81301151
294.861105917
4.30046771288
2233.99966232
1985.65099901
1740.39927087
1490.29063168
1243.36794791
997.848866861
749.010153957
500.126882236
254.206771838
6.05872059528
355.036941218
320.380436343
311.391312637
303.984419588
289.094401887
265.368323035
230.844012003
185.3934506
127.754556742
20.9535946675
313.813726096
285.475551338
276.38949856
267.331420736
252.561692944
229.65065738
199.153954726
161.439076583
112.756702438
21.7722179425
1108.11068025
986.855520514
867.112425965
744.997965627
624.439034223
504.565405777
383.070981448
261.554801469
141.485372178
20.3281604151
894.716336434
797.105423691
700.711729771
602.409076432
505.358630419
408.859856164
311.056334417
213.23529928
116.578904523
19.0468403073
1326.32170584
1179.97934163
1035.4618828
888.082432143
742.580343099
597.905343435
451.274211744
304.616823247
159.705512332
13.4813611296
1082.90925992
963.684382346
845.946252113
725.876461961
607.33615515
489.469676665
370.009540712
250.528013383
132.469012519
13.3404428849
527.567600199
480.598327667
474.680224065
456.531478418
430.844938459
394.726600294
346.14508965
284.801154067
200.770136127
9.25209492036
489.608144485
449.687453014
443.338268643
425.760336914
399.815502271
364.352342336
319.837795838
264.959709252
188.046615471
10.6427714063
1973.91571728
1753.12100428
1535.07962566
1312.72020374
1093.19325976
874.914190678
653.683798429
432.413791104
213.778186336
-6.83817223389
1641.41729092
1458.04774352
1276.96483455
1092.29579966
909.979131773
728.698821378
544.967443265
361.203164915
179.62675238
-3.59467204635
482.392096945
431.766641818
381.772491687
330.788268452
280.453496841
230.404847273
179.679496363
128.945062215
78.8146634914
28.230102794
287.065764058
258.28563147
229.864390302
200.880301154
172.265419626
143.813196001
114.976273526
86.134187309
57.6354899973
28.8786055384
675.771902653
602.458268551
530.058863534
456.225676695
383.332998115
310.854669327
237.396370396
163.924917503
91.3282030602
18.0737905345
460.036051211
410.942361733
362.460875965
313.019273564
264.207472441
215.673136216
166.482573485
117.283202345
68.6695904344
19.6155580504
847.051159138
753.642280801
661.398221455
567.327381138
474.454842101
382.110226004
288.517030253
194.907075043
102.411623821
9.07819967598
613.238305547
546.152608538
479.903477552
412.342363413
345.641862077
279.320511835
212.102439162
144.872329947
78.4426508215
11.4111445609
1057.00637676
938.964618397
822.394853746
703.51656723
586.152586341
469.455747092
351.181064917
232.885203642
115.997752496
-1.94865363441
445.019611699
409.701485642
396.511909566
377.152119733
349.799995584
314.455620873
274.059839343
227.306562976
162.793439983
7.84300776743
1355.36379129
1202.31741393
1051.17954174
897.048568518
744.880959736
593.578329691
440.229956281
286.854123229
135.304356402
-17.6183925492
1067.90306035
947.421728087
828.442811294
707.10766232
587.318115189
468.209497543
347.490427625
226.749740898
107.44657197
-12.9374374077
85.1296542158
78.8071003486
72.5633894238
66.1960294272
59.9097786841
53.6592613884
47.3242316537
40.9880675239
34.7273406718
28.409894062
-126.76717805
-109.021721145
-91.4975520392
-73.6263381603
-55.9827729172
-38.4395004297
-20.6590276155
-2.87537090426
14.6965566563
32.427679067
223.02016428
199.911624412
177.091250579
153.818947104
130.843092889
107.997842195
84.8437038099
61.6854192813
38.8028532955
15.7129801346
4.83225046542
6.5465345319
8.23944128744
9.96587399435
11.6703149075
13.3650671282
15.0827338754
16.8007082
18.4982286186
20.211127914
345.151758909
307.17563144
269.673070459
231.427817046
193.669742614
156.126299481
118.075236291
80.0173594092
42.4125930479
4.46714208465
121.391744294
108.90698956
96.577921091
84.0046904742
71.5916212665
59.2491126795
46.7397226244
34.2280925496
21.8654237853
9.3907540356
494.86145555
438.66054328
383.16046257
326.561270524
270.683055179
215.122472928
158.810663203
102.488769889
46.837435325
-9.3180787508
388.579132315
353.915227764
335.096890937
317.907766725
295.326488781
265.083858821
231.13883799
191.860382787
137.99202792
3.32649463901
707.606813935
625.507523264
544.432019781
461.750914939
380.123025667
298.959140458
216.697848816
134.421826886
53.1253690873
-28.9076030959
467.310242107
412.686404481
358.743732121
303.732790995
249.422594977
195.421118832
140.689495686
85.9480719095
31.8583900863
-22.7213232808
-311.745320879
-273.808184066
-236.344127524
-198.138141083
-160.418833428
-122.913936708
-84.9019411115
-46.8831388189
-9.31698183164
28.5895099716
-540.196490584
-475.97082265
-412.546055863
-347.865239006
-284.008344902
-220.514437744
-156.162037648
-91.7981141579
-28.2004964436
35.9732910271
-229.289985294
-202.242398178
-175.53209745
-148.292831826
-121.400547763
-94.6611297003
-67.560171412
-40.4543602348
-13.6712661721
13.3544723376
-449.927569877
-397.45486753
-345.636505556
-292.791944189
-240.620531965
-188.74568195
-136.169438773
-83.583780923
-31.6241988486
20.8061168919
-156.258116633
-138.855559248
-121.670013669
-104.144129342
-86.8414947445
-69.6372149224
-52.2003182497
-34.7602992031
-17.5279180165
-0.139418138237
-369.975097251
-327.912164424
-286.373760998
-244.012740208
-202.191326221
-160.607641105
-118.461708341
-76.3082286291
-34.6566209787
7.37233408651
-66.7351808549
-61.1555631411
-55.6455238743
-50.0263650071
-44.4787845933
-38.962738743
-33.3721111474
-27.7804824547
-22.255426729
-16.6803161409
328.518623442
297.947626646
277.015608606
260.058910486
241.101577755
215.908345477
188.24036226
156.495210252
112.340094561
0.364432142825
60.4816226195
49.2602208008
38.1787510977
26.8778264167
15.7208561478
4.6273063541
-6.61623789688
-17.8617954963
-28.9734654258
-40.1858027762
-132.696791393
-121.527368109
-110.497228763
-99.2486509737
-88.1433607869
-77.1011973061
-65.9097341557
-54.7162669829
-43.6560673004
-32.4956664973
-708.208978612
-626.058021431
-544.931495726
-462.19835823
-380.51909911
-299.304136059
-216.991075958
-134.663276298
-53.3156572277
28.7689397291
-953.197329
-842.539621677
-733.26182814
-621.819921323
-511.797593402
-402.400674364
-291.52461368
-180.628698746
-71.053091455
39.5152283495
-681.13136503
-603.979632252
-527.78999007
-450.091505048
-373.382765559
-297.110067809
-219.80609674
-142.488283077
-66.0910019728
10.9984088751
-904.216081566
-801.03756647
-699.14569881
-595.235987115
-492.649907058
-390.646965415
-287.264855142
-183.864232538
-81.6946799196
21.4004892291
-657.148335858
-584.42448755
-512.607513632
-439.36829223
-367.062012985
-295.166750216
-222.299400862
-149.419003367
-77.4063073184
-4.74120416692
-860.832690981
-764.278603286
-668.92855569
-571.690216816
-475.690527725
-380.236537489
-283.491926151
-186.72999104
-91.1200868454
5.35600600822
-627.749783969
-560.453665012
-493.996736063
-426.223708776
-359.313993701
-292.784618973
-225.355709141
-157.914725012
-91.276681613
-24.0349233798
271.982489377
251.305993065
231.120221708
213.203325062
192.874521043
171.623560566
149.775269863
124.640974153
88.6676598763
-0.0681440340155
-585.972894444
-526.389864564
-467.549841623
-407.544563867
-348.303650508
-289.399485101
-229.698884063
-169.987592613
-110.987213505
-51.4523138401
-732.08198344
-655.187486742
-579.25187288
-501.812446896
-425.359466478
-349.341073967
-272.294846566
-195.234822723
-119.092262238
-42.2598796796
6961.11124299
6184.88877184
5418.34588032
4636.62254273
3864.85702068
3097.47850827
2319.72436988
1541.83096135
773.199017613
-2.39643349068
7011.96228213
6226.23108546
5450.29804326
4658.99859453
3877.77894458
3101.00004515
2313.71841831
1526.29581526
748.248129969
-36.8483656651
7813.56025409
6946.98329705
6091.21265003
5218.49451017
4356.89330369
3500.18976715
2631.90285248
1763.46045623
905.357585426
39.4806353378
7698.3300205
6840.88852508
5994.13941945
5130.62148161
4278.10328233
3430.43112172
2571.29769505
1712.01042588
862.953682796
6.20481483892
8568.58652106
7621.9813051
6687.18036034
5733.8668242
4792.69686864
3856.87688216
2908.40379422
1959.76086599
1022.41231692
76.571753443
8306.25573163
7385.29940017
6475.8274955
5548.34461016
4632.67626719
3722.21293239
2799.43934016
1876.50050958
964.550029586
44.3376318568
9494.10259026
8449.39821819
7417.7214246
6365.61353171
5326.9076902
4294.10624894
3247.34043247
2200.38717473
1165.89876197
122.038285314
9051.45499043
8052.64176319
7066.28384679
6060.39231613
5067.31411959
4079.88095838
3079.09684062
2078.13351539
1089.08748694
91.0810849754
10809.309636
9625.20119995
8455.85872644
7263.35885292
6086.04938399
4915.43219121
3728.9872342
2542.32982399
1369.80055231
186.648620078
10110.4223582
9000.97038431
7905.35339862
6788.03905619
5684.95738354
4588.14604793
3476.50486759
2364.66462892
1266.06176845
157.505992039
2071.02760683
1843.85820381
1619.52162824
1390.74234069
1164.87730916
940.296180636
712.678519613
485.020099765
260.072141812
33.0862425843
1933.42358943
1719.751112
1508.74315387
1293.55644076
1081.11083757
869.872856229
655.778753364
441.646313298
230.063297144
18.75638284
2450.74158398
2180.95000488
1914.52275646
1642.81924167
1374.576764
1107.8590789
837.53513835
567.162791685
300.009451564
30.4358057703
2228.53769541
1982.12861382
1738.7922806
1490.63696839
1245.64272955
1002.04113142
755.145827482
508.206312722
264.206817251
17.9967809611
2787.05967802
2479.51702869
2175.80947003
1866.08735398
1560.31056686
1256.27193165
948.122429231
639.917747385
335.382497344
28.0882760209
2489.92447499
2214.52011544
1942.55007856
1665.19400715
1391.37097673
1119.10446088
843.156664557
567.159455069
294.448220773
19.2663284384
3199.3205675
2845.50241271
2496.09640924
2139.77084648
1787.98426069
1438.19736405
1083.68104386
729.10124147
378.743005074
25.2106589086
2810.33407577
642.434814821
638.994357434
630.282208959
608.559345884
572.324964646
516.507543113
437.373038695
316.250665171
21.5668567823
3785.16498938
3365.58690579
2951.24100708
2528.68949372
2111.52056245
1696.72297852
1276.31696991
855.835680432
440.360568691
21.1214135386
3265.65298214
2904.19812024
2547.25064024
2183.2342512
1823.85480709
1466.51821283
1104.35011652
742.117167842
384.196902195
23.0340177257
1530.7923517
1364.27995301
1199.84398226
1032.15155788
866.595247576
701.980022499
535.139056175
368.26821413
203.384107559
37.0062149177
1372.36863609
1221.89472766
1073.29724543
921.756971495
772.147060926
623.387590163
472.616761765
251.396769967
177.322204216
21.3164072225
1858.28061029
1654.41929433
1453.10015142
1247.79412868
1045.10335279
843.564748602
639.301166914
435.001008347
233.133212245
29.436572184
1624.25873576
1445.35386812
1268.67996386
1088.50724864
910.629625009
733.763125652
554.505237149
375.215249462
198.059857457
19.2995062927
2148.34163933
1911.39985379
1677.41275839
1438.79183424
1203.2105317
968.96836315
731.559036426
494.107197511
259.482419252
22.7320314771
1847.36139547
1643.27482109
1441.73322875
1236.20035125
1033.28561034
831.524314228
627.035029632
422.50912774
220.418275974
16.4965594515
2503.9003201
2226.40828151
1952.37659918
1672.91805396
1397.01933164
1122.68892292
844.649328085
566.559945519
291.781447196
14.5135622233
588.557014867
548.997414573
544.739501616
533.313831591
512.258198792
480.300163494
432.687713179
361.977054432
253.587516107
13.7325855299
3009.16791907
2674.05183669
2343.11468874
2005.62373462
1672.43183683
1341.13392891
1005.35658465
669.51911374
337.680065853
2.8346848628
2509.47251462
2230.65313315
1955.31066005
1674.51536544
1397.29692164
1121.65429323
842.284736356
562.865153598
286.772292217
8.1781365677
1014.62528499
906.067541632
798.863525279
689.53646427
581.602042644
474.281161447
365.509208444
256.717777968
149.221599505
40.7515473478
836.309415999
324.226693489
320.699429204
315.805044936
302.363843419
282.089330996
251.131631047
206.43663921
140.562754739
21.9666823137
1292.21454922
1151.3462168
1012.23452799
870.367902019
730.308413725
591.045076993
449.898778631
308.727205615
169.236397008
28.4818557632
1046.90119548
932.49314061
819.51176677
704.292934765
590.541793207
477.437256533
362.803447993
248.149112314
134.859831387
20.544193504
1538.07932611
1368.59304338
1201.22027324
1030.53288974
862.019770968
694.464545049
524.64382651
354.792698674
186.963789082
17.6144146454
1233.42534302
1097.47925305
963.228425776
826.318924779
691.153416178
556.756239892
420.541896704
284.303162013
149.686462209
13.8501873019
1839.46195585
1634.89560499
1432.88021904
1226.86416501
1023.47240243
821.236796213
616.266788426
411.260077263
208.694140657
4.29303521068
522.5278182
480.479672022
475.792855315
460.525473349
436.838504827
403.168535949
356.053890518
294.284086108
207.42232349
11.2027894118
2267.74253495
2013.32556097
1762.08119464
1505.8612404
1252.90508924
1001.38683734
746.467839571
491.503194205
239.574113947
-14.6373460913
1786.98087767
1587.11545771
1389.74238153
1188.46057256
989.742748866
792.154513087
591.894712232
391.599051443
193.688076259
-6.0158956206
515.067464184
462.599508777
410.785834548
357.946053761
305.779361221
253.909204062
201.337717192
148.7568165
96.8019349462
44.3763623112
317.49953237
285.848597433
254.592353138
222.717117086
191.247916911
159.957599675
128.244210091
96.5251416845
65.1837150373
33.5583472174
744.36338602
664.461046223
585.555097395
505.086512589
425.64295964
346.650994153
266.590988479
186.516646695
107.395656219
27.5578602481
488.121890771
436.135267475
384.796923092
332.44188548
280.753761316
229.359452168
177.270247189
125.171714749
73.6934584535
21.7488291171
947.454059647
843.252693675
740.350730202
635.410918979
531.807861097
428.793722519
324.386743048
219.961067725
116.778666489
12.6614727065
639.244551069
569.246318084
500.120970766
429.626680343
360.03036636
290.829664376
220.693308618
150.544393748
81.230659765
11.2889702282
1196.40391764
1062.41664862
930.100215579
795.163417135
661.945482238
529.484808904
395.233151874
260.957454794
128.280421013
-5.59861524766
483.366653668
446.003268519
437.18377102
419.646292126
393.653429654
358.834651927
315.261184783
261.150891871
184.955353795
10.3477877274
1550.17476847
1373.86016353
1199.74422111
1022.18012504
846.877891228
672.572142187
495.909627574
319.215478524
144.625019548
-31.5471612878
1087.73760744
964.285565051
842.372983218
718.046071549
595.302871653
473.25739093
349.561748988
225.843957232
103.599128173
-19.7531916355
-8.07707780345
-1.80695484113
4.3849789979
10.6995365267
16.9336574149
23.1323411819
29.4148365532
35.6984569126
41.9072655713
48.172323629
-225.806062387
-196.257758429
-167.077925072
-137.320220742
-107.941578565
-78.7299357965
-49.1233261706
-19.5114149762
9.74794190893
39.2723772221
170.645321938
154.587496148
138.729913212
122.558290208
106.592665964
90.7177964195
74.6282848092
58.5358920973
42.6350926386
26.5902381023
-97.0402891798
-83.6582406776
-70.4430677927
-56.9661845437
-43.6609736895
-30.4313947296
-17.0229403372
-3.61208493238
9.6391031402
23.0103418385
328.942304566
293.108295595
257.72114066
221.633186326
186.004930679
150.57919963
114.674481836
78.7633346895
43.2797394695
7.47467663572
17.0093956613
16.0727607594
15.1478057977
14.2045332323
13.2732763427
12.3473130726
11.4088299724
10.4701788207
9.5427030879
8.60682478455
522.983767143
462.907985241
403.58135495
343.07983318
283.348997104
223.957693888
163.763368514
103.558264319
44.069951714
-15.9573019362
444.624295879
408.11459766
391.701935891
374.528003352
350.491545902
316.792474135
277.157126663
229.750645552
163.962898657
7.57471577893
798.726898172
704.202281053
610.856396309
515.661910288
421.680038866
328.232396255
233.521260109
138.793164318
45.1928849035
-49.2553767488
355.479428093
312.048635991
269.159430647
225.420856954
182.239437729
139.303478163
95.7869870201
52.2627035074
9.25661261009
-34.1390967951
-530.711373777
-465.760462292
-401.61949582
-336.208295819
-271.630322399
-207.419434815
-142.340360095
-77.2496318554
-12.9338626042
51.9645825778
-768.581747165
-677.893894636
-588.336929607
-497.006398229
-406.83926129
-317.184668756
-226.317868029
-135.43479605
-45.6337622577
44.9808340806
-402.513169537
-354.788751699
-307.659462602
-259.596835476
-212.146443847
-164.965778345
-117.147189144
-69.3200372092
-22.0623070993
25.6235597211
-681.631734571
-602.944771228
-525.239042977
-445.994447651
-367.759292653
-289.968856122
-211.126625123
-132.270276077
-54.3527771269
24.2706241509
-288.966188639
-256.499522316
-224.437718895
-191.740970602
-159.460722843
-127.363968328
-94.8332377307
-62.2966819511
-30.147500795
2.29293947657
-604.618866274
-536.561261925
-469.35234339
-400.812434281
-333.145606146
-265.863422075
-197.671524263
-129.467415529
-62.0753331539
5.92729535598
-149.779566893
-136.015950815
-122.423968543
-108.562813658
-94.8782261297
-81.2714270172
-67.4806521273
-53.6874077638
-40.0583833896
-26.3058853393
387.320199545
351.643414854
329.179944282
313.379020265
293.651058507
264.606543466
231.291714246
192.985870789
138.941063618
3.81458012347
48.0119482198
35.1975455292
22.5429398502
9.63772515616
-3.10309922066
-15.7714998913
-28.611188375
-41.4531760239
-54.1422691821
-66.946320604
-376.064547457
-339.552137539
-303.495041391
-266.723878476
-230.421117156
-194.32471458
-157.740257197
-121.149248742
-84.9938865244
-48.510970745
-1052.80401665
-929.233132842
-807.20319155
-682.756596262
-559.895237311
-437.732269195
-313.917551328
-190.080662323
-67.7181539681
55.7529112664
-1310.7949045
-1159.03086784
-1009.15934541
-856.31980046
-705.427169366
-555.39226955
-403.328767187
-251.23803526
-100.958069365
50.6833747499
-975.077645128
-863.637086958
-753.58620481
-641.355899306
-530.555215545
-420.38436514
-308.723908862
-197.043457874
-86.6926550815
24.657883196
-1265.61731508
-1121.69311827
-979.563672037
-834.61952565
-691.521719272
-549.237335415
-405.029142738
-260.795127124
-118.278336832
25.5296003189
-906.234287494
-805.537732032
-706.096873697
-604.686710574
-504.568339124
-405.019078691
-304.123825535
-203.210505363
-103.498641782
-2.88342738061
-1225.60287873
-1088.62254008
-953.350361337
-815.399282247
-679.205463475
-543.785822323
-406.535189654
-269.259979917
-133.61914516
3.25054296565
-821.845655555
-734.31916793
-647.884145237
-559.73738245
-472.713458349
-386.184211431
-298.485013715
-210.770111961
-124.099528705
-36.6437435713
333.244472551
302.331231249
279.159499893
262.840034707
244.775095359
219.742504388
191.813673498
159.765465331
114.933066838
3.00522232841
-701.924968062
-633.113839995
-565.160794266
-495.862021433
-427.445996196
-359.418873746
-290.471965339
-221.512710812
-153.37447328
-84.618929737
-1106.85035795
-990.477598367
-875.556019904
-758.358559891
-642.653994657
-527.60713831
-411.004748244
-294.38147853
-179.146705359
-62.8679498245
