3.404879801e-09
2.5991053848e-10
-2.84584061127e-09
-6.01309737065e-09
-7.96880340409e-09
-1.00533270868e-08
-1.21660353457e-08
-1.38919192923e-08
-1.51440138279e-08
-1.64074518544e-08
3.16546005787e-09
-2.77242873184e-10
-3.67701491986e-09
-7.14411530104e-09
-8.96451361753e-09
-1.09337348308e-08
-1.29295816304e-08
-1.42043717334e-08
-1.47923537183e-08
-1.5385662592e-08
2.05989735011e-08
1.59395134732e-08
1.13381574246e-08
6.64567713735e-09
4.5967705185e-09
2.40760516485e-09
1.88840388542e-10
-1.1159463009e-09
-2.46932178918e-09
-3.83495833461e-09
2.0952364423e-08
1.58147488625e-08
1.07411999334e-08
5.5671755622e-09
4.57990088952e-09
2.47223406636e-09
3.36069751677e-10
1.07354695672e-09
1.34124836876e-09
1.61137505179e-09
3.58280279212e-08
2.98271617868e-08
2.39011271135e-08
1.78577345587e-08
1.57262788499e-08
1.34444308735e-08
1.11317303246e-08
1.01999154915e-08
8.75683401653e-09
7.30067878294e-09
3.67064797178e-08
3.00676558284e-08
2.35116188034e-08
1.68257474696e-08
1.657638231e-08
1.43460922324e-08
1.20856466901e-08
1.46054177965e-08
1.56310102173e-08
1.66658941077e-08
5.44959010813e-08
4.68507306874e-08
3.93008964096e-08
3.16015468817e-08
2.93689019659e-08
2.69734430325e-08
2.45455954075e-08
2.40709718822e-08
2.251792823e-08
2.09508146045e-08
5.60179758857e-08
4.75389611415e-08
3.91656806441e-08
3.06265775497e-08
3.1281746632e-08
2.89011441779e-08
2.64883539049e-08
3.11928723743e-08
3.31474924832e-08
3.51198206924e-08
8.10239313614e-08
7.10421180724e-08
6.11847790935e-08
5.11322275512e-08
4.12077282867e-08
4.61988813637e-08
4.36074036832e-08
4.10154619545e-08
3.84543794371e-08
4.0348376035e-08
8.34606283347e-08
7.23666055337e-08
6.14109264177e-08
5.0238283453e-08
3.92079608111e-08
4.95846390479e-08
4.69553588943e-08
4.43256079233e-08
4.17271663139e-08
6.13438216286e-08
7.72470495706e-09
7.89106737883e-09
8.05535524289e-09
8.22289662751e-09
8.49261625732e-09
8.79113093201e-09
9.09368178515e-09
9.50336395601e-09
9.88828970635e-09
1.02767027347e-08
7.97187598842e-09
8.2888596428e-09
8.60189047613e-09
8.92112050293e-09
9.54025105917e-09
1.01444858799e-08
1.07568904817e-08
1.15738677062e-08
1.23693069505e-08
1.31719525659e-08
2.57965213497e-08
2.6320699849e-08
2.68383417847e-08
2.7366234987e-08
2.82523917171e-08
2.92486448857e-08
3.02583682651e-08
3.15502160103e-08
3.27981551968e-08
3.40574002286e-08
2.68600422983e-08
2.78698345413e-08
2.8867034564e-08
2.98839829155e-08
3.20048071788e-08
3.4023013891e-08
3.60685085162e-08
3.88951928091e-08
4.1667831939e-08
4.44655901044e-08
4.18029872974e-08
4.26440886083e-08
4.34747012932e-08
4.43217632483e-08
4.57539071243e-08
4.73681572447e-08
4.9004233433e-08
5.10774278298e-08
5.30897503456e-08
5.51203037231e-08
4.35895610299e-08
4.52129837372e-08
4.68161621846e-08
4.84510896238e-08
5.19019854562e-08
5.51725672724e-08
5.84873702038e-08
6.30940807574e-08
6.76179540717e-08
7.21828119242e-08
6.14238165237e-08
6.26534038616e-08
6.38676581101e-08
6.51059591815e-08
6.72073776235e-08
6.95791723945e-08
7.1983035897e-08
7.50140100601e-08
7.79633185924e-08
8.09393467164e-08
6.40967130235e-08
6.64723279127e-08
6.88183186228e-08
7.12107688146e-08
7.62920749575e-08
8.10978262559e-08
8.59685554984e-08
9.27572337262e-08
9.94277812021e-08
1.06158761252e-07
8.93060475294e-08
9.10876939584e-08
9.28471230604e-08
9.46413955076e-08
9.64128119989e-08
1.01142193923e-07
1.04637123609e-07
1.08132679121e-07
1.11586617153e-07
1.17629565707e-07
9.32384553302e-08
9.6682974899e-08
1.0008454093e-07
1.03553470823e-07
1.06978212494e-07
1.17938983759e-07
1.2502076618e-07
1.32103816715e-07
1.39102537672e-07
1.54440373454e-07
8.20194052581e-09
8.73412452659e-09
9.25967213432e-09
9.79562757076e-09
1.03112025868e-08
1.08729850153e-08
1.14423632317e-08
1.20879734954e-08
1.2653750155e-08
1.32246525317e-08
8.50286799791e-09
9.2352055384e-09
9.95841074918e-09
1.06959381562e-08
1.15845772937e-08
1.24731163882e-08
1.33736693053e-08
1.44217359221e-08
1.53700095505e-08
1.63268741703e-08
2.6370723919e-08
2.74675683461e-08
2.85507350024e-08
2.96553524519e-08
3.08657622654e-08
3.22139266724e-08
3.35803194366e-08
3.51590321049e-08
3.66943532673e-08
3.8243583844e-08
2.75126969565e-08
2.92016281817e-08
3.08694982486e-08
3.25703984458e-08
3.50345920145e-08
3.75086073607e-08
4.00160735496e-08
4.30735643906e-08
4.61229381876e-08
4.91999381289e-08
4.24630749244e-08
4.40600471576e-08
4.56371049713e-08
4.72453944895e-08
4.90712294093e-08
5.11159035687e-08
5.31882235039e-08
5.55933983019e-08
5.7987458881e-08
6.04032087207e-08
4.43499740342e-08
4.68861739514e-08
4.93907471766e-08
5.19449204166e-08
5.5804605053e-08
5.96828993649e-08
6.36136315945e-08
6.8450898177e-08
7.33612464091e-08
7.83160804922e-08
6.21891826084e-08
6.4399214733e-08
6.65816875138e-08
6.88073815034e-08
7.1387608489e-08
7.42860687964e-08
7.72237188121e-08
8.06419762208e-08
8.40886851172e-08
8.75666198597e-08
6.49892169035e-08
6.85640042498e-08
7.20942136045e-08
7.56943344453e-08
8.12646210356e-08
8.68642895636e-08
9.25396704882e-08
9.95585976571e-08
1.06750140358e-07
1.14006835647e-07
9.02210198436e-08
9.33022423402e-08
9.63450416531e-08
9.94480998915e-08
1.02511630486e-07
1.07212093067e-07
1.11379422671e-07
1.15547498507e-07
1.1966594995e-07
1.26167256742e-07
9.43186672968e-08
9.93693420423e-08
1.04357034318e-07
1.09443501749e-07
1.14465176303e-07
1.25490475635e-07
1.33645094179e-07
1.41801172947e-07
1.49860146847e-07
1.64725277183e-07
8.6579146247e-09
9.53962237385e-09
1.04103351303e-08
1.12982912899e-08
1.20487685126e-08
1.28620897716e-08
1.36864078426e-08
1.45574352935e-08
1.52960057174e-08
1.60412673029e-08
9.01020361767e-09
1.01393904845e-08
1.12544962668e-08
1.23916853576e-08
1.3537826116e-08
1.46980033564e-08
1.58738672038e-08
1.71427278777e-08
1.82370269182e-08
1.93412398836e-08
2.69193450115e-08
2.8563342349e-08
3.01868388587e-08
3.18424867346e-08
3.33627037318e-08
3.50471012704e-08
3.67542733311e-08
3.86070707143e-08
4.04169706089e-08
4.22432674947e-08
2.81362749946e-08
3.04740886704e-08
3.27827495524e-08
3.51371306445e-08
3.79293959662e-08
4.08389130745e-08
4.37877693887e-08
4.70657840437e-08
5.03795636158e-08
5.3723364746e-08
4.30937547827e-08
4.54129228983e-08
4.77031707323e-08
5.00387741285e-08
5.22407606402e-08
5.46966828836e-08
5.71858113352e-08
5.99081763727e-08
6.26669680842e-08
6.54507533789e-08
4.50765096428e-08
4.84848213494e-08
5.1850631034e-08
5.528309647e-08
5.95333578335e-08
6.39922902533e-08
6.85115113238e-08
7.35690623621e-08
7.8848667548e-08
8.41761039098e-08
6.29204506313e-08
6.60672474427e-08
6.91748033517e-08
7.23439006113e-08
7.53816045925e-08
7.87832667967e-08
8.22309224371e-08
8.60192091153e-08
8.99411585379e-08
9.38986393015e-08
6.58419585663e-08
7.05624936656e-08
7.52241631727e-08
7.99781513529e-08
8.60156336709e-08
9.23738493758e-08
9.88180336958e-08
1.06056951914e-07
1.1374627882e-07
1.21505268046e-07
9.10952289424e-08
9.541812969e-08
9.96871233897e-08
1.04040659297e-07
1.08338738619e-07
1.13011570252e-07
1.17821343477e-07
1.22631977973e-07
1.27385337885e-07
1.34324582455e-07
9.53507544051e-08
1.0193602801e-07
1.08439182528e-07
1.15071124081e-07
1.21618586066e-07
1.32705538655e-07
1.41885197067e-07
1.51066499253e-07
1.60138490438e-07
1.74551974977e-07
9.09921636957e-09
1.0319200877e-08
1.15239720434e-08
1.27526022318e-08
1.37304229678e-08
1.47871890301e-08
1.58582434902e-08
1.69474346445e-08
1.78532386675e-08
1.87672489237e-08
9.50121417021e-09
1.10144805287e-08
1.25088762893e-08
1.40328667333e-08
1.54282232143e-08
1.68512978168e-08
1.82936136277e-08
1.97761636381e-08
2.10117892786e-08
2.22586092084e-08
2.74503125511e-08
2.96238564892e-08
3.17702960952e-08
3.3959243317e-08
3.57792985091e-08
3.77891098553e-08
3.98260956017e-08
4.19441581902e-08
4.40198014109e-08
4.61142491542e-08
2.8739787512e-08
3.17056038713e-08
3.46344361742e-08
3.7621270425e-08
4.07310507928e-08
4.40620560689e-08
4.74380994381e-08
5.09295418825e-08
5.44992191694e-08
5.81012363484e-08
4.37041405977e-08
4.67222657458e-08
4.97027545412e-08
5.27422682782e-08
5.53083025599e-08
5.8162239729e-08
6.10547646148e-08
6.40841133307e-08
6.71958998407e-08
7.03358779298e-08
4.57796667576e-08
5.00320274032e-08
5.42313606437e-08
5.85138565519e-08
6.3142126648e-08
6.81630133778e-08
7.32517868701e-08
7.85225340417e-08
8.41595142154e-08
8.98475632438e-08
6.36281878805e-08
6.76816061248e-08
7.16844777974e-08
7.57666214564e-08
7.9247081719e-08
8.31357537678e-08
8.70770040502e-08
9.12234131803e-08
9.56053108192e-08
1.00026906752e-07
6.66672606715e-08
7.24966756037e-08
7.82533970902e-08
8.41241234171e-08
9.06137680189e-08
9.77061223372e-08
1.04894371464e-07
1.1234620185e-07
1.2051729524e-07
1.28762415567e-07
9.19413077035e-08
9.74659319265e-08
1.02921663477e-07
1.08485439131e-07
1.13978341818e-07
1.18624431612e-07
1.24055975879e-07
1.29488492757e-07
1.34856331026e-07
1.42219421393e-07
9.63496309703e-08
1.04420123046e-07
1.12389975198e-07
1.20517660541e-07
1.28541813103e-07
1.39688435069e-07
1.49860149572e-07
1.60033685494e-07
1.70086097051e-07
1.84062468869e-07
9.5613542635e-09
1.11355873332e-08
1.26901895432e-08
1.4275578752e-08
1.54914770704e-08
1.68031822304e-08
1.81326227869e-08
1.94502782869e-08
2.05312118765e-08
2.16219383053e-08
1.0015407883e-08
1.19308881223e-08
1.38224821123e-08
1.57515368117e-08
1.7407875785e-08
1.91062605005e-08
2.08276088569e-08
2.2533937588e-08
2.3917562592e-08
2.53137227021e-08
2.8006349828e-08
3.07344430141e-08
3.3428516578e-08
3.61759429795e-08
3.83099932862e-08
4.06605829171e-08
4.30429545676e-08
4.54388069104e-08
4.77927405808e-08
5.01679999774e-08
2.93717949921e-08
3.29952653056e-08
3.65735505455e-08
4.02226993558e-08
4.36649863054e-08
4.74373803964e-08
5.12607805418e-08
5.49757278107e-08
5.88133850736e-08
6.26858100232e-08
4.43433458994e-08
4.80934294744e-08
5.17967490945e-08
5.55734084381e-08
5.85206790773e-08
6.17914235253e-08
6.51063912876e-08
6.84572179769e-08
7.19386660045e-08
7.54516546013e-08
4.65160235744e-08
5.16522850965e-08
5.67244968721e-08
6.18971576092e-08
6.69212841949e-08
7.25306580185e-08
7.82158754627e-08
8.37098848651e-08
8.97211135572e-08
9.57868016504e-08
6.43693410838e-08
6.93721870708e-08
7.43126470179e-08
7.93509467423e-08
8.32950681115e-08
8.76937442709e-08
9.21518943638e-08
9.66733347681e-08
1.01536897169e-07
1.0644452156e-07
6.75315295786e-08
7.4522180324e-08
8.14256568853e-08
8.84658483713e-08
9.54290041884e-08
1.0329015962e-07
1.11257604721e-07
1.18932399964e-07
1.27608006537e-07
1.36362210742e-07
9.28273342404e-08
9.961042155e-08
1.06308923014e-07
1.13140080122e-07
1.19884219996e-07
1.2450230533e-07
1.30584977683e-07
1.36668739241e-07
1.42680068583e-07
1.50487016711e-07
9.73956696898e-08
1.07021505121e-07
1.16527305325e-07
1.26221356297e-07
1.35791921673e-07
1.47001030316e-07
1.58211641035e-07
1.69424259204e-07
1.80503381875e-07
1.94022002609e-07
1.00230414139e-08
1.19511775315e-08
1.38552695796e-08
1.57970698459e-08
1.7250813539e-08
1.88172091433e-08
2.04047837808e-08
2.19506807952e-08
2.32065731398e-08
2.44738433819e-08
1.05291000799e-08
1.2846401903e-08
1.51348067174e-08
1.74685305952e-08
1.9385597513e-08
2.13590238193e-08
2.33591325685e-08
2.52890217591e-08
2.68205017762e-08
2.83658564084e-08
2.85618447771e-08
3.18439463348e-08
3.50851197249e-08
3.83904805968e-08
4.08382197646e-08
4.35292553042e-08
4.62566759886e-08
4.89300471451e-08
5.15619998362e-08
5.42177969981e-08
3.00031860473e-08
3.4283668876e-08
3.85107736128e-08
4.2821590998e-08
4.65960602209e-08
5.08094126208e-08
5.50797332156e-08
5.90179673149e-08
6.31233431809e-08
6.72659121605e-08
4.4981927756e-08
4.94632558463e-08
5.38887012823e-08
5.84017872619e-08
6.17299224217e-08
6.54170676182e-08
6.91540662297e-08
7.28260573408e-08
7.66768063387e-08
8.05624416295e-08
4.72516621899e-08
5.32709624807e-08
5.92152014345e-08
6.52771587833e-08
7.06967557622e-08
7.68940427021e-08
8.31751223601e-08
8.88921762357e-08
9.52772884251e-08
1.01720247255e-07
6.51097714075e-08
7.10611191185e-08
7.69382528686e-08
8.29317760771e-08
8.73391063239e-08
9.22472891643e-08
9.72218349124e-08
1.02117940806e-07
1.07462698181e-07
1.12855876984e-07
6.8394955526e-08
7.654570948e-08
8.45948226352e-08
9.28033386491e-08
1.00239543845e-07
1.08868750544e-07
1.17614631634e-07
1.25512174268e-07
1.3469180195e-07
1.439545935e-07
9.37124965965e-08
1.01752819558e-07
1.09692878807e-07
1.17790181236e-07
1.25784337909e-07
1.30374446098e-07
1.37107611461e-07
1.43841982513e-07
1.50496175304e-07
1.58746548278e-07
9.84406881615e-08
1.09620349953e-07
1.20660600131e-07
1.31919488985e-07
1.43034958891e-07
1.54306493266e-07
1.66554986918e-07
1.78805673872e-07
1.9091050626e-07
2.03971822375e-07
1.04842500762e-08
1.27659224601e-08
1.50191421383e-08
1.73169840812e-08
1.90083266483e-08
2.08291487384e-08
2.26745899293e-08
2.44484919107e-08
2.58791616846e-08
2.73227927719e-08
1.10422598911e-08
1.37609668541e-08
1.64457712421e-08
1.91837449031e-08
2.13612695495e-08
2.36094523962e-08
2.58880326335e-08
2.80412505876e-08
2.97204323824e-08
3.14148269131e-08
2.91167640167e-08
3.29522997771e-08
3.67400059845e-08
4.06027230888e-08
4.33638260138e-08
4.63949546272e-08
4.946706674e-08
5.24176690924e-08
5.5327352668e-08
5.82633968485e-08
3.0633922735e-08
3.55707371575e-08
4.0445988961e-08
4.54177891741e-08
4.95240963999e-08
5.41779501038e-08
5.88947279639e-08
6.30560174813e-08
6.74288344896e-08
7.18412675245e-08
4.56198477925e-08
5.08316625436e-08
5.59784853911e-08
6.12272347813e-08
6.49358397375e-08
6.90389541287e-08
7.31975462009e-08
7.7190368882e-08
8.14100361104e-08
8.56679318877e-08
4.79865383967e-08
5.48879622834e-08
6.17033246549e-08
6.8653656957e-08
7.44683144675e-08
8.12529052163e-08
8.81292295423e-08
9.406909673e-08
1.00827704927e-07
1.07647543495e-07
6.58494343565e-08
7.27483007734e-08
7.9561137567e-08
8.65088942753e-08
9.13789533343e-08
9.6796114808e-08
1.02286521024e-07
1.07556904108e-07
1.13382357749e-07
1.19260587742e-07
6.92574866272e-08
7.856714147e-08
8.77607038926e-08
9.71363335942e-08
1.05045097905e-07
1.1444155987e-07
1.23965070187e-07
1.32085129357e-07
1.41768255787e-07
1.51539107587e-07
9.45967415789e-08
1.03892997205e-07
1.13073327501e-07
1.2243546303e-07
1.31678340998e-07
1.36240501036e-07
1.43623485246e-07
1.51007791505e-07
1.58304181487e-07
1.66997519746e-07
9.94846235862e-08
1.12216501367e-07
1.2478961123e-07
1.37611716184e-07
1.50270489496e-07
1.61604384905e-07
1.74889685839e-07
1.88177365734e-07
2.01306844802e-07
2.13911330244e-07
3.94752580761e-09
1.40665586538e-09
-1.10252914908e-09
-3.66140550921e-09
-5.23860225637e-09
-6.98277455192e-09
-8.75052957633e-09
-1.02776672471e-08
-1.14065124676e-08
-1.25455845881e-08
3.79970653876e-09
1.00997000817e-09
-1.74497820091e-09
-4.55448479567e-09
-6.03351310973e-09
-7.68659606066e-09
-9.36203013315e-09
-1.04436992492e-08
-1.09773201948e-08
-1.15157755393e-08
2.12317240367e-08
1.75260624213e-08
1.3866610814e-08
1.01346882355e-08
8.58609370856e-09
6.79286683096e-09
4.97539396382e-09
3.93782882833e-09
2.86669267217e-09
1.78585243777e-09
2.17813316039e-08
1.77730372619e-08
1.38147267915e-08
9.77802681498e-09
9.12469678773e-09
7.55006615829e-09
5.954145151e-09
6.78382315357e-09
7.26059070375e-09
7.74167758307e-09
3.65405853253e-08
3.1803251085e-08
2.71249919241e-08
2.23540855523e-08
2.08308244204e-08
1.89941491987e-08
1.71326405279e-08
1.65286967808e-08
1.55086743674e-08
1.44794109464e-08
3.77079138044e-08
3.2620325401e-08
2.75961797847e-08
2.24725370987e-08
2.25505398398e-08
2.10453955522e-08
1.95199004027e-08
2.20424858532e-08
2.34141689282e-08
2.479827892e-08
5.53062862597e-08
4.930432106e-08
4.33772010268e-08
3.7332701618e-08
3.58404943251e-08
3.39505598429e-08
3.20350718001e-08
3.19626639484e-08
3.10052970906e-08
3.00392568603e-08
5.7230821018e-08
5.08202269908e-08
4.44895737765e-08
3.80335497046e-08
3.90080248713e-08
3.75880573899e-08
3.61488907112e-08
4.07466530333e-08
4.32153293323e-08
4.57063708814e-08
8.19733349559e-08
7.41742626034e-08
6.64724455412e-08
5.86181033956e-08
5.08638121075e-08
5.52044065479e-08
5.32122109763e-08
5.12196586681e-08
4.92508293441e-08
5.21506168432e-08
8.49738996899e-08
7.66832450394e-08
6.84959757647e-08
6.01465676181e-08
5.19035166214e-08
6.10960505277e-08
5.97795611496e-08
5.84628360316e-08
5.71617876159e-08
7.54178699844e-08
7.70315270723e-09
7.85171227859e-09
7.99841929574e-09
8.14803166626e-09
8.41179140061e-09
8.69641932468e-09
8.98489566624e-09
9.39172802058e-09
9.77478896882e-09
1.01613203007e-08
7.95263254027e-09
8.24526030297e-09
8.53423896528e-09
8.82894049717e-09
9.43753719567e-09
1.00264301693e-08
1.06232854889e-08
1.14469939063e-08
1.22386161008e-08
1.30374100853e-08
2.58376726221e-08
2.63135055583e-08
2.67834048054e-08
2.72626098335e-08
2.81478768535e-08
2.91143256928e-08
3.00938417624e-08
3.13931856564e-08
3.26512261463e-08
3.39206639953e-08
2.69252668095e-08
2.78724665995e-08
2.88078547038e-08
2.97617670276e-08
3.18641255302e-08
3.38588371065e-08
3.5880518921e-08
3.87140801472e-08
4.14822388518e-08
4.42754760009e-08
4.18996759752e-08
4.2665379606e-08
4.34215348283e-08
4.44295075932e-08
4.56284096831e-08
4.71987570475e-08
4.87903368762e-08
5.08801909909e-08
5.29132133607e-08
5.49646541248e-08
4.37296000194e-08
4.52565636049e-08
4.67644857866e-08
4.89112794131e-08
5.17276751979e-08
5.49675403937e-08
5.82512113894e-08
6.28649279607e-08
6.73837332885e-08
7.19434772404e-08
6.15885833113e-08
6.27096123097e-08
6.38166619532e-08
6.49456353632e-08
6.70561596033e-08
6.93667696757e-08
7.17086212092e-08
7.47674878527e-08
7.77504880105e-08
8.07605129932e-08
6.43284600831e-08
6.65661018697e-08
6.8775840017e-08
7.10293393304e-08
7.60765425326e-08
8.08427250684e-08
8.56733505442e-08
9.24691930222e-08
9.91339522754e-08
1.05859091663e-07
8.95675568942e-08
9.11935219412e-08
9.27992110253e-08
9.44366988212e-08
9.6053327829e-08
1.00868682358e-07
1.04276709472e-07
1.07685346851e-07
1.11053401581e-07
1.17417786122e-07
9.36005243842e-08
9.68480772986e-08
1.00055132871e-07
1.03325700263e-07
1.06554606232e-07
1.17612724343e-07
1.24641653554e-07
1.31671841414e-07
1.3861832907e-07
1.5405496479e-07
8.11805809685e-09
8.56373418963e-09
9.00385265248e-09
9.45268712415e-09
9.91982775513e-09
1.04285887382e-08
1.0944228613e-08
1.15647175973e-08
1.21148073892e-08
1.26698807812e-08
8.41142981347e-09
9.04458382977e-09
9.66984234582e-09
1.03074833434e-08
1.11467118092e-08
1.19832885702e-08
1.28311765778e-08
1.38653828505e-08
1.48034121658e-08
1.5749939663e-08
2.63465178677e-08
2.72843042068e-08
2.8210396247e-08
2.91548284094e-08
3.03089779091e-08
3.15803037661e-08
3.28688190562e-08
3.44263345357e-08
3.5941692371e-08
3.74707787606e-08
2.74935464863e-08
2.89882077996e-08
3.04642305218e-08
3.1969484072e-08
3.43762791051e-08
3.67653161451e-08
3.9186655047e-08
4.22415966105e-08
4.5262898283e-08
4.83115717771e-08
4.24917250934e-08
4.38653805077e-08
4.52219062879e-08
4.67405006915e-08
4.8367939474e-08
5.03146799336e-08
5.22877420202e-08
5.46751952525e-08
5.70455047834e-08
5.94372883996e-08
4.4394849825e-08
4.66525604586e-08
4.8882117192e-08
5.16853018167e-08
5.49510387101e-08
5.87151119971e-08
6.25300788341e-08
6.73748145123e-08
7.22413002725e-08
7.71518745068e-08
6.22826242732e-08
6.41905708121e-08
6.60747250478e-08
6.79961926576e-08
7.05047310697e-08
7.32793991067e-08
7.60915830728e-08
7.9496379357e-08
8.29146941923e-08
8.63639776344e-08
6.51125764984e-08
6.83056379115e-08
7.14588814975e-08
7.46745712227e-08
8.01717117742e-08
8.56213133641e-08
9.11445983149e-08
9.81832751661e-08
1.05311599486e-07
1.12504503659e-07
9.04065336339e-08
9.30737359815e-08
9.57076780222e-08
9.83937820692e-08
1.01045669754e-07
1.05913473721e-07
1.09918094042e-07
1.13923431459e-07
1.17881082019e-07
1.24628220231e-07
9.45535565078e-08
9.90758006078e-08
1.03541651826e-07
1.08095943775e-07
1.12592221851e-07
1.23856441623e-07
1.31807336525e-07
1.3975965517e-07
1.47617294881e-07
1.6274245035e-07
8.51447890775e-09
9.24403459164e-09
9.96449263587e-09
1.0699218472e-08
1.13606791142e-08
1.20835877349e-08
1.28162707099e-08
1.36408976414e-08
1.4350574923e-08
1.50666816056e-08
8.84978706703e-09
9.80829644618e-09
1.07548531079e-08
1.17201551686e-08
1.27797404543e-08
1.38529663655e-08
1.49407032259e-08
1.61760293987e-08
1.72539432058e-08
1.8341622494e-08
2.6832693391e-08
2.82118525036e-08
2.95738133503e-08
3.09627461687e-08
3.23737990812e-08
3.39364192853e-08
3.55201674758e-08
3.73243526584e-08
3.90855640141e-08
4.08627312618e-08
2.80365085589e-08
3.00542412674e-08
3.2046812627e-08
3.40788444296e-08
3.67765129469e-08
3.95423077345e-08
4.2345498477e-08
4.56119575937e-08
4.88751243831e-08
5.21678541984e-08
4.30573976476e-08
4.5011919797e-08
4.69420688402e-08
4.89485360194e-08
5.09854196234e-08
5.32917843728e-08
5.56293331827e-08
5.83011271021e-08
6.09936972092e-08
6.37106609574e-08
4.50304618803e-08
4.79863638233e-08
5.09054053439e-08
5.43357378878e-08
5.80307971546e-08
6.22957243756e-08
6.66183171279e-08
7.16837797092e-08
7.68824562831e-08
8.21282308509e-08
6.29457448009e-08
6.56055506729e-08
6.8232188473e-08
7.09108436278e-08
7.37996641589e-08
7.70177157703e-08
8.02792782428e-08
8.40145925492e-08
8.78488282224e-08
9.17178005842e-08
6.58617595e-08
6.99676753435e-08
7.40223899646e-08
7.81574032583e-08
8.40844358608e-08
9.01870092904e-08
9.63720948291e-08
1.03642787464e-07
1.11214024419e-07
1.18853853844e-07
9.12081328607e-08
9.48701840228e-08
9.84865690038e-08
1.02174572074e-07
1.05815596306e-07
1.10733513019e-07
1.15308147539e-07
1.19883601224e-07
1.24404580347e-07
1.31517420054e-07
9.54641298017e-08
1.01204275925e-07
1.06872841794e-07
1.1265366669e-07
1.18360853783e-07
1.29821993117e-07
1.38653778931e-07
1.47487146227e-07
1.56215344974e-07
1.71042897045e-07
8.89814367288e-09
9.90244425829e-09
1.08942211049e-08
1.1905638881e-08
1.27551666968e-08
1.36853321033e-08
1.46280741563e-08
1.56502702754e-08
1.65143998337e-08
1.73863580708e-08
9.27403884218e-09
1.05474342854e-08
1.18049503474e-08
1.30873699796e-08
1.4360221434e-08
1.56624815889e-08
1.69823494355e-08
1.84123238636e-08
1.96256209534e-08
2.08499100443e-08
2.73032247376e-08
2.91095541117e-08
3.08933583598e-08
3.27124886731e-08
3.43721783495e-08
3.62167196188e-08
3.80862006928e-08
4.01291182303e-08
4.21282720214e-08
4.41455373707e-08
2.85619991748e-08
3.10859718648e-08
3.35784703376e-08
3.61203296996e-08
3.90995119617e-08
4.222994117e-08
4.54026965082e-08
4.88738669573e-08
5.23711161177e-08
5.59000489995e-08
4.36048679663e-08
4.61215656962e-08
4.86068799284e-08
5.11414127747e-08
5.35186743848e-08
5.61730914182e-08
5.88633984823e-08
6.18103835619e-08
6.48148445306e-08
6.78465247507e-08
4.56456211836e-08
4.92772480065e-08
5.28635880433e-08
5.65209511658e-08
6.10114550004e-08
6.57611196561e-08
7.05750039156e-08
7.58540908402e-08
8.13742689775e-08
8.69444577883e-08
6.35875274079e-08
6.69749992513e-08
7.03202289481e-08
7.37317068347e-08
7.69885727506e-08
8.06357407207e-08
8.4332221579e-08
8.83874184844e-08
9.26241914773e-08
9.68993479907e-08
6.6586835259e-08
7.15762316641e-08
7.6503409747e-08
8.15281645761e-08
8.78712561447e-08
9.46057900584e-08
1.01431380737e-07
1.08926623342e-07
1.1692652087e-07
1.24998894368e-07
9.19839381934e-08
9.66088258823e-08
1.01176040713e-07
1.05833703657e-07
1.10432035957e-07
1.15398452887e-07
1.20524759664e-07
1.25651984393e-07
1.30718165268e-07
1.38184938911e-07
9.63454026293e-08
1.03264261072e-07
1.10096840589e-07
1.17064731001e-07
1.23943862431e-07
1.35595584841e-07
1.45279916221e-07
1.54965981746e-07
1.64536726645e-07
1.79076251613e-07
9.29992324568e-09
1.05919408674e-08
1.18678468872e-08
1.31690206679e-08
1.42154952861e-08
1.53627031483e-08
1.65254222603e-08
1.77545158352e-08
1.8780390165e-08
1.98155585184e-08
9.7183217487e-09
1.13214706637e-08
1.29046281354e-08
1.45191381079e-08
1.60153251354e-08
1.7557433431e-08
1.91203923741e-08
2.07542054135e-08
2.21092779343e-08
2.34766268867e-08
2.77959723146e-08
3.00496408786e-08
3.22752059476e-08
3.45448456155e-08
3.64649114898e-08
3.86046847829e-08
4.0773389675e-08
4.30663113627e-08
4.53146420883e-08
4.75833418185e-08
2.91123009339e-08
3.21664158261e-08
3.51824455696e-08
3.82582040998e-08
4.15321918338e-08
4.5044471749e-08
4.86042407484e-08
5.22897880158e-08
5.60321717925e-08
5.98084601152e-08
4.41781872042e-08
4.72836037456e-08
5.0350295401e-08
5.34777191405e-08
5.61715372702e-08
5.91904399449e-08
6.22501608137e-08
6.54853302585e-08
6.88164080775e-08
7.21776641699e-08
4.6289825355e-08
5.06290815414e-08
5.49142267256e-08
5.92842339783e-08
6.41328451952e-08
6.93901342593e-08
7.47185064514e-08
8.02213040349e-08
8.60781634955e-08
9.19880838318e-08
6.42596119075e-08
6.84091066149e-08
7.25068566666e-08
7.6685757655e-08
8.03280462913e-08
8.44245914338e-08
8.85765254353e-08
9.29667082599e-08
9.76250244514e-08
1.02325543181e-07
6.73461456133e-08
7.32607362891e-08
7.91015713684e-08
8.50580770552e-08
9.18368718963e-08
9.92332044331e-08
1.06729541829e-07
1.14459936575e-07
1.2290873397e-07
1.31434074194e-07
9.27963733281e-08
9.84295580607e-08
1.0399249636e-07
1.0966560186e-07
1.15266441719e-07
1.20283648813e-07
1.25987675161e-07
1.31692722912e-07
1.37329847348e-07
1.45167265987e-07
9.72682849275e-08
1.05421508825e-07
1.13473061124e-07
1.21684064586e-07
1.29790473936e-07
1.41641777838e-07
1.52218907892e-07
1.62797931962e-07
1.73251003995e-07
1.87488902604e-07
9.70131094508e-09
1.128076498e-08
1.28405230492e-08
1.44311702227e-08
1.56743995522e-08
1.70384381792e-08
1.84209197968e-08
1.98567090312e-08
2.10441703756e-08
2.22423896594e-08
1.01621713264e-08
1.20947520902e-08
1.40032333591e-08
1.59495097694e-08
1.76688145409e-08
1.94505370427e-08
2.12563499849e-08
2.30938028226e-08
2.45905124947e-08
2.6100781776e-08
2.82882392931e-08
3.09888107372e-08
3.36557057583e-08
3.63754153791e-08
3.85556034948e-08
4.09903208589e-08
4.34579577229e-08
4.60006397207e-08
4.84979043475e-08
5.10177932234e-08
2.96620659593e-08
3.32458059827e-08
3.67848563736e-08
4.03939933365e-08
4.39624990056e-08
4.78562571918e-08
5.18026623808e-08
5.57023773753e-08
5.96896566778e-08
6.37130591846e-08
4.47509472585e-08
4.84445084079e-08
5.20920104434e-08
5.58117468034e-08
5.8821812701e-08
6.22048455181e-08
6.5633619886e-08
6.91566926171e-08
7.28140687225e-08
7.65045792373e-08
4.69334012056e-08
5.19795965732e-08
5.69628653293e-08
6.20448216388e-08
6.725119096e-08
7.3015609324e-08
7.88579676458e-08
8.45842576934e-08
9.07774700971e-08
9.70267906037e-08
6.49310408934e-08
6.98418152301e-08
7.46913516704e-08
7.9636927259e-08
8.36642626958e-08
8.82097467132e-08
9.28166896343e-08
9.75415316514e-08
1.02620979892e-07
1.07746445964e-07
6.81047153785e-08
7.49435979422e-08
8.16971988879e-08
8.85845466546e-08
9.57986198074e-08
1.03856105486e-07
1.1202253539e-07
1.19987852922e-07
1.28885112353e-07
1.37862977505e-07
9.36080160589e-08
1.00248514398e-07
1.06806204993e-07
1.13493762643e-07
1.20096132271e-07
1.2516407999e-07
1.31445262435e-07
1.37727569632e-07
1.43935080762e-07
1.52142782891e-07
9.81902670978e-08
1.07576652519e-07
1.16845988682e-07
1.2629889273e-07
1.35631382981e-07
1.47682073716e-07
1.59151131658e-07
1.70622243331e-07
1.81956781925e-07
1.95893348364e-07
1.01022826502e-08
1.19688752019e-08
1.38121911391e-08
1.56920116979e-08
1.71317918242e-08
1.87124364947e-08
2.0314452858e-08
2.19567235347e-08
2.33056044265e-08
2.46667056562e-08
1.06055609028e-08
1.28672320952e-08
1.5100699999e-08
1.73783990077e-08
1.9320590286e-08
2.13416786603e-08
2.339009391e-08
2.54309754958e-08
2.70691755277e-08
2.87222170167e-08
2.87799960909e-08
3.19270072493e-08
3.50347748324e-08
3.8204087958e-08
4.06441287269e-08
4.3373484485e-08
4.61397435106e-08
4.89319269693e-08
5.16778675046e-08
5.44486851964e-08
3.02112612137e-08
3.43240774698e-08
3.83856064546e-08
4.25275690621e-08
4.63902874306e-08
5.06651285276e-08
5.49977692002e-08
5.91114299605e-08
6.33433509813e-08
6.76136115656e-08
4.53231137098e-08
4.96042099199e-08
5.38319203893e-08
5.81433555027e-08
6.14693414122e-08
6.52161269907e-08
6.90135723742e-08
7.28242500115e-08
7.68075862309e-08
8.08270099319e-08
4.75763100604e-08
5.33287119444e-08
5.90093807438e-08
6.48025482532e-08
7.03663049016e-08
7.66373269816e-08
8.2993138743e-08
8.89426896292e-08
9.5471906383e-08
1.02060275309e-07
6.56017740168e-08
7.1273039e-08
7.68735826848e-08
8.25850382994e-08
8.6997021478e-08
9.19909790945e-08
9.70524593684e-08
1.02111613741e-07
1.07611757573e-07
1.13161730575e-07
6.88624989694e-08
7.66247154939e-08
8.42901363242e-08
9.21073614551e-08
9.97562618015e-08
1.08474215409e-07
1.17310043344e-07
1.25510040191e-07
1.34855296876e-07
1.44285217962e-07
9.4418817611e-08
1.02065585588e-07
1.09616997526e-07
1.17317955958e-07
1.24920817378e-07
1.30039453137e-07
1.36897193518e-07
1.43756161895e-07
1.50533468577e-07
1.59111070437e-07
9.91112937348e-08
1.09729562643e-07
1.2021542057e-07
1.30908938111e-07
1.41466238565e-07
1.5371610949e-07
1.66076170935e-07
1.78438445659e-07
1.90653537272e-07
2.04289083838e-07
4.49017181421e-09
2.55340119228e-09
6.4078231312e-10
-1.30971364777e-09
-2.50840110865e-09
-3.91222201699e-09
-5.33502380694e-09
-6.66341520182e-09
-7.66901110735e-09
-8.68371732186e-09
4.43395301965e-09
2.29718288952e-09
1.87058518044e-10
-1.9648542903e-09
-3.10251260192e-09
-4.4394572905e-09
-5.79447863593e-09
-6.68302676504e-09
-7.16228667133e-09
-7.64588848655e-09
2.18644745722e-08
1.91126113693e-08
1.63950642034e-08
1.36236993337e-08
1.25754168986e-08
1.11781284971e-08
9.76194753909e-09
8.99160395756e-09
8.20270713352e-09
7.40666321016e-09
2.26102987848e-08
1.97313256613e-08
1.68882536496e-08
1.39888780678e-08
1.36694926859e-08
1.26278982502e-08
1.15722205503e-08
1.24940993504e-08
1.31799330387e-08
1.38719801143e-08
3.72531427293e-08
3.37793403833e-08
3.03488567347e-08
2.68504365459e-08
2.59353699908e-08
2.45438675238e-08
2.31335507313e-08
2.28574780702e-08
2.22605147183e-08
2.16581431099e-08
3.8709347891e-08
3.51729949735e-08
3.1680740766e-08
2.81193267278e-08
2.85246973695e-08
2.7744698872e-08
2.69541541153e-08
2.94795539098e-08
3.11973276391e-08
3.29306637323e-08
5.6116671438e-08
5.17579114326e-08
4.74535056441e-08
4.30638563543e-08
4.23120866844e-08
4.09276766534e-08
3.95245481927e-08
3.98543560146e-08
3.94926659512e-08
3.91276991161e-08
5.84436661503e-08
5.41014928401e-08
4.98134669088e-08
4.54405218594e-08
4.67343031106e-08
4.62749706019e-08
4.58094275175e-08
5.03004336923e-08
5.32831661814e-08
5.62929210704e-08
8.29227385504e-08
7.73064071343e-08
7.1760111989e-08
6.610397924e-08
6.05198959283e-08
6.42099317322e-08
6.28170182694e-08
6.14238553817e-08
6.00472792511e-08
6.39528576513e-08
8.64871710451e-08
8.09998845452e-08
7.55810251117e-08
7.00548517833e-08
6.45990724318e-08
7.26074620076e-08
7.26037634049e-08
7.26000641399e-08
7.25964089178e-08
8.94919183403e-08
7.73819666445e-09
7.81235717835e-09
7.9414833486e-09
8.1112693797e-09
8.3309665439e-09
8.60170771735e-09
8.9266181396e-09
9.28009208515e-09
9.66128823129e-09
1.00545467117e-08
8.0730640631e-09
8.20166096315e-09
8.46658745443e-09
8.8532093483e-09
9.33482333216e-09
9.90837445872e-09
1.05699825055e-08
1.13201201064e-08
1.2107925251e-08
1.29389591143e-08
2.58788238944e-08
2.63063112676e-08
2.67284678262e-08
2.73177495198e-08
2.80433619898e-08
2.89800064999e-08
2.99293152598e-08
3.12361553025e-08
3.25042970958e-08
3.37839277621e-08
2.69904913207e-08
2.78750986576e-08
2.87486748437e-08
3.00353844487e-08
3.17234438816e-08
3.3694660322e-08
3.56925293258e-08
3.85329674854e-08
4.12966457646e-08
4.40853618974e-08
4.1996364653e-08
4.26866706038e-08
4.33683683634e-08
4.43292033582e-08
4.55029122419e-08
4.70293568502e-08
4.85764403193e-08
5.06829541521e-08
5.27366763758e-08
5.51293602671e-08
4.38696390088e-08
4.53001434727e-08
4.67128093885e-08
4.87967395377e-08
5.15533649397e-08
5.47625135151e-08
5.80150525749e-08
6.2635775164e-08
6.71495125052e-08
7.20251864979e-08
6.23713841106e-08
6.27658207578e-08
6.37656657962e-08
6.51819532246e-08
6.69049415832e-08
6.9154366957e-08
7.16676542314e-08
7.45209656452e-08
7.75376574287e-08
8.10815256475e-08
6.58637871716e-08
6.66598758267e-08
6.87333614112e-08
7.17945296467e-08
7.58610101076e-08
8.05876238809e-08
8.60019346271e-08
9.21811523183e-08
9.88401233486e-08
1.06044529537e-07
8.98290662589e-08
9.12993499241e-08
9.27512989901e-08
9.42320021348e-08
9.56938436591e-08
1.00595170793e-07
1.03916295335e-07
1.07238014581e-07
1.1052018601e-07
1.17206006537e-07
9.39625934381e-08
9.70131796982e-08
1.00025724812e-07
1.03097929703e-07
1.0613099997e-07
1.17286464927e-07
1.24262540927e-07
1.31239866113e-07
1.38134120468e-07
1.53669556126e-07
8.08688643901e-09
8.39334385266e-09
8.74803317065e-09
9.11660261843e-09
9.52845292347e-09
9.98419246112e-09
1.0495373626e-08
1.10414616992e-08
1.15758646233e-08
1.20804290387e-08
8.45998478583e-09
8.85396212114e-09
9.38127394246e-09
1.00064497875e-08
1.07088463247e-08
1.14934607522e-08
1.23638855779e-08
1.33090297789e-08
1.42368147811e-08
1.51354094184e-08
2.63223118164e-08
2.71010400676e-08
2.78700574917e-08
2.87563138317e-08
2.97521935527e-08
3.09466808598e-08
3.21573186758e-08
3.36936369664e-08
3.51890314746e-08
3.66979736773e-08
2.7474396016e-08
2.87747874175e-08
3.00589627951e-08
3.17321771745e-08
3.37179661957e-08
3.60220249295e-08
3.83572365445e-08
4.14096288305e-08
4.44028583784e-08
4.74232054254e-08
4.25203752623e-08
4.36707138579e-08
4.48067076046e-08
4.61514866206e-08
4.76646495386e-08
4.95134562986e-08
5.13872605365e-08
5.37569922031e-08
5.61035506858e-08
5.85692815318e-08
4.44397256159e-08
4.64189469657e-08
4.83734872075e-08
5.09749642888e-08
5.40974723672e-08
5.77473246294e-08
6.14465260736e-08
6.62987308476e-08
7.1121354136e-08
7.60308106571e-08
6.30825537652e-08
6.39819268912e-08
6.55677625817e-08
6.74746016522e-08
6.96218536504e-08
7.22727294171e-08
7.50684754432e-08
7.83507824933e-08
8.17407032673e-08
8.53355905429e-08
6.66101391116e-08
6.80472715732e-08
7.08235493904e-08
7.45628968804e-08
7.90788025129e-08
8.43783371647e-08
9.03312345291e-08
9.6807952675e-08
1.03873058613e-07
1.11091799249e-07
9.05920474243e-08
9.28452296227e-08
9.50703143913e-08
9.7339464247e-08
9.95797090226e-08
1.04614854375e-07
1.08456765413e-07
1.12299364411e-07
1.16096214088e-07
1.23089183721e-07
9.47884457188e-08
9.87822591733e-08
1.02726269335e-07
1.06748385802e-07
1.10719267398e-07
1.2222240761e-07
1.2996957887e-07
1.37718137393e-07
1.45374442915e-07
1.60759623516e-07
8.3710431908e-09
8.94844680942e-09
9.51865014139e-09
1.01001456542e-08
1.06725897159e-08
1.13050856982e-08
1.19461335772e-08
1.27243599892e-08
1.34051441286e-08
1.40920959083e-08
9.28340546976e-09
1.02881489134e-08
1.15531600983e-08
1.28735110627e-08
1.42370095719e-08
1.56316880011e-08
1.69950695047e-08
1.84459989038e-08
1.98264554255e-08
2.11348803362e-08
2.67460417705e-08
2.78603626582e-08
2.89607878419e-08
3.01307882187e-08
3.13848944306e-08
3.28257373002e-08
3.42860616205e-08
3.60416346025e-08
3.77541574194e-08
3.9482195029e-08
2.79367421232e-08
2.96343938644e-08
3.13108757016e-08
3.33533755613e-08
3.56236299276e-08
3.82457023945e-08
4.09032275653e-08
4.41581311436e-08
4.73706851505e-08
5.06123436509e-08
4.30210405125e-08
4.46109166957e-08
4.61809669481e-08
4.78925847762e-08
4.97300786065e-08
5.18868858619e-08
5.40728550302e-08
5.66940778314e-08
5.93204263341e-08
6.18559497971e-08
4.49844141177e-08
4.74879062973e-08
4.99601796538e-08
5.30561462733e-08
5.65282364756e-08
6.05991584978e-08
6.47251229321e-08
6.97984970563e-08
7.49162450181e-08
7.98579790117e-08
6.29710389704e-08
6.5143853903e-08
6.72895735943e-08
6.94777866443e-08
7.22177237253e-08
7.52521647439e-08
7.83276340486e-08
8.2009975983e-08
8.5756497907e-08
8.95369618669e-08
6.89035670845e-08
7.33933483671e-08
7.97343030917e-08
8.65319451909e-08
9.41501856207e-08
1.02229168525e-07
1.10871322093e-07
1.19502116695e-07
1.2815952757e-07
1.36481437997e-07
9.13210367791e-08
9.43222383555e-08
9.72860146179e-08
1.00308484851e-07
1.03292453993e-07
1.08455455787e-07
1.12794951601e-07
1.17135224476e-07
1.2142382281e-07
1.28710257653e-07
9.55775051984e-08
1.0047252384e-07
1.0530650106e-07
1.10236209298e-07
1.15103121501e-07
1.26938447579e-07
1.35422360795e-07
1.439077932e-07
1.52292199511e-07
1.67533819114e-07
8.69707097618e-09
9.48568763956e-09
1.02644701664e-08
1.10586755303e-08
1.17799104258e-08
1.25834751764e-08
1.33979048225e-08
1.43531059062e-08
1.51755609999e-08
1.60054672178e-08
9.04686351416e-09
1.00803880421e-08
1.11010244055e-08
1.21418732259e-08
1.32922196538e-08
1.44736653609e-08
1.56710852432e-08
1.70484840892e-08
1.82394526281e-08
1.94412108802e-08
2.7156136924e-08
2.85952517342e-08
3.00164206244e-08
3.14657340293e-08
3.296505819e-08
3.46443293822e-08
3.63463057839e-08
3.83140782705e-08
4.0236742632e-08
4.21768255872e-08
2.83842108376e-08
3.04663398583e-08
3.25225045011e-08
3.46193889742e-08
3.74679731305e-08
4.03978262711e-08
4.33672935784e-08
4.68181920321e-08
5.0243013066e-08
5.36988616505e-08
4.35055953349e-08
4.55208656466e-08
4.75110053157e-08
4.9577657801e-08
5.17290462097e-08
5.41839431074e-08
5.66720323497e-08
5.9536653793e-08
6.24337892205e-08
6.53571715716e-08
4.55115756097e-08
4.85224686098e-08
5.14958154429e-08
5.50703598951e-08
5.88807833528e-08
6.33592259343e-08
6.7898220961e-08
7.31856476387e-08
7.85890237396e-08
8.40413523328e-08
6.35468669353e-08
6.62683923779e-08
6.89559800987e-08
7.1696792213e-08
7.47300637822e-08
7.81357276737e-08
8.15874391078e-08
8.55514237885e-08
8.96430721354e-08
9.37717892298e-08
7.3941635869e-08
8.69319805695e-08
1.0577047757e-07
1.25427853113e-07
1.44878954334e-07
1.63860803909e-07
1.82451368436e-07
2.00324103602e-07
2.1705857672e-07
2.32873320541e-07
9.20265686834e-08
9.57517198382e-08
9.94304179482e-08
1.03181968183e-07
1.06885730097e-07
1.12172474163e-07
1.16993543448e-07
1.21815476029e-07
1.26579999511e-07
1.34150456428e-07
9.63411742884e-08
1.02108399098e-07
1.0780370598e-07
1.13611801461e-07
1.1934591176e-07
1.31502734612e-07
1.4069968287e-07
1.49898277999e-07
1.5898735624e-07
1.74090034358e-07
9.03849222785e-09
1.00482944016e-08
1.10455042311e-08
1.20624625838e-08
1.29395135017e-08
1.39222240663e-08
1.49182217338e-08
1.60587533834e-08
1.70295684535e-08
1.80091787316e-08
9.42123561442e-09
1.07120532052e-08
1.19867741586e-08
1.32867394041e-08
1.46227744857e-08
1.60086063614e-08
1.74131758913e-08
1.89744732389e-08
2.03009932765e-08
2.16395310714e-08
2.75855948011e-08
2.9364838743e-08
3.11218953172e-08
3.29137482515e-08
3.46198296933e-08
3.65487866487e-08
3.85038247824e-08
4.0693815815e-08
4.28365435958e-08
4.49986836595e-08
2.88528068757e-08
3.13375663467e-08
3.37913405937e-08
3.62937088438e-08
3.93993973621e-08
4.26515631016e-08
4.5947700955e-08
4.96038482208e-08
5.32509585115e-08
5.69311102072e-08
4.40130285089e-08
4.64737780168e-08
4.89038417076e-08
5.13820298429e-08
5.38223954631e-08
5.65894563645e-08
5.93939303398e-08
6.25134425401e-08
6.56941501505e-08
6.89036737385e-08
4.60636271357e-08
4.96058779863e-08
5.31039565791e-08
5.66713103475e-08
6.13444061955e-08
6.62496105e-08
7.122113744e-08
7.67327232048e-08
8.24352134338e-08
8.81893660132e-08
6.41498827313e-08
6.74460261589e-08
7.07010663153e-08
7.40205685678e-08
7.73610244711e-08
8.11554385968e-08
8.50011565069e-08
8.92600817516e-08
9.37131517337e-08
9.82065648031e-08
8.67458137633e-08
1.19226287563e-07
1.69367912196e-07
2.17544953411e-07
2.60772459545e-07
3.00586535341e-07
3.38726512942e-07
3.74669225745e-07
4.0859560841e-07
4.40888905058e-07
9.27654124158e-08
9.72486945714e-08
1.01676069705e-07
1.06191123598e-07
1.10648663442e-07
1.16064992295e-07
1.21390372639e-07
1.26716706583e-07
1.31979626113e-07
1.39847515263e-07
9.71409001653e-08
1.0382151253e-07
1.10418816923e-07
1.17146772875e-07
1.23789026198e-07
1.3628252536e-07
1.4622617475e-07
1.56171604721e-07
1.65998626116e-07
1.80955802599e-07
9.37958047627e-09
1.06103524284e-08
1.18257765188e-08
1.30652705994e-08
1.40979855655e-08
1.52596672152e-08
1.64370558127e-08
1.77627372672e-08
1.88817676115e-08
2.00109359369e-08
9.79524257302e-09
1.13431022773e-08
1.28716600008e-08
1.44304889436e-08
1.59520315687e-08
1.7542050266e-08
1.91535674013e-08
2.08985838862e-08
2.23605232132e-08
2.38357071436e-08
2.8014633809e-08
3.01336751396e-08
3.22262917916e-08
3.43603501614e-08
3.62729872249e-08
3.84513864137e-08
4.06592394572e-08
4.30712322963e-08
4.54338088588e-08
4.78177894488e-08
2.93209458714e-08
3.22079430893e-08
3.50589391343e-08
3.79663956751e-08
4.13289377902e-08
4.49031017629e-08
4.85255915461e-08
5.23867874358e-08
5.62559701746e-08
6.01602062088e-08
4.45199667609e-08
4.74257609695e-08
5.02953196046e-08
5.32217063449e-08
5.59137029803e-08
5.89926234181e-08
6.21131735423e-08
6.54873278935e-08
6.89513311063e-08
7.2446716845e-08
4.66151402213e-08
5.06882306657e-08
5.47105292241e-08
5.88124844944e-08
6.38056261578e-08
6.91371759458e-08
7.45408129316e-08
8.02763391512e-08
8.62776517691e-08
9.23333339523e-08
6.47523103793e-08
6.86225113417e-08
7.24444504722e-08
7.63420784408e-08
7.99894190677e-08
8.41722042622e-08
8.84115443563e-08
9.29651224965e-08
9.77792616033e-08
1.02637014944e-07
1.24696373465e-07
1.94486857365e-07
2.99247908968e-07
3.95422694141e-07
4.78789121007e-07
5.55124234439e-07
6.27138771386e-07
6.9467406527e-07
7.58294442083e-07
8.19126314393e-07
9.35035355213e-08
9.8744209239e-08
1.03919531179e-07
1.09197344051e-07
1.14407926632e-07
1.19953713883e-07
1.25782913408e-07
1.3161315675e-07
1.37373986221e-07
1.45539017505e-07
9.79398460341e-08
1.05532955086e-07
1.13031377232e-07
1.20678296474e-07
1.28227807071e-07
1.41057654166e-07
1.51747276398e-07
1.62438812789e-07
1.73003057591e-07
1.87814874352e-07
9.72031522415e-09
1.11718279437e-08
1.26052401399e-08
1.40670393146e-08
1.5255257e-08
1.6595724251e-08
1.79543157868e-08
1.94649551586e-08
2.07320471684e-08
2.20106185405e-08
1.01688619144e-08
1.19734973363e-08
1.37556287558e-08
1.55730531123e-08
1.72799110226e-08
1.90739049243e-08
2.08921551865e-08
2.28207004039e-08
2.4417918673e-08
2.60296071203e-08
2.84432281651e-08
3.09017147216e-08
3.33295436802e-08
3.58054528272e-08
3.792443144e-08
4.03520143428e-08
4.28124202812e-08
4.54461848463e-08
4.80283823412e-08
5.06339735443e-08
2.97885996923e-08
3.3077417782e-08
3.63252239482e-08
3.96373489501e-08
4.32564784613e-08
4.71523069514e-08
5.11008104365e-08
5.51668424397e-08
5.9257867473e-08
6.33859556068e-08
4.50263796271e-08
4.83767572963e-08
5.16853553874e-08
5.50594762241e-08
5.80028430868e-08
6.13932998527e-08
6.48295985476e-08
6.8458131141e-08
7.22051363514e-08
7.59860879762e-08
4.71660817242e-08
5.17694616053e-08
5.63154368328e-08
6.09514395493e-08
6.62642953357e-08
7.20217487469e-08
7.78570479438e-08
8.38162825285e-08
9.01161078386e-08
9.64730071234e-08
6.53541136772e-08
6.97977772266e-08
7.41860278026e-08
7.86611823235e-08
8.26150896217e-08
8.7185843381e-08
9.18183977129e-08
9.66663233733e-08
1.01841157396e-07
1.07062873409e-07
2.10470562277e-07
3.06601701007e-07
4.61233656089e-07
6.00921394873e-07
7.19439417128e-07
8.23023048681e-07
9.18617161012e-07
1.00787113394e-06
1.09220605627e-06
1.17083673074e-06
9.42408936432e-08
1.0023817397e-07
1.06160667551e-07
1.12200448886e-07
1.18163293758e-07
1.23838405237e-07
1.3017090179e-07
1.36504532284e-07
1.42762755666e-07
1.51224621129e-07
9.87379638833e-08
1.0724262392e-07
1.1564122991e-07
1.24206160037e-07
1.32661987634e-07
1.45827834075e-07
1.5726265603e-07
1.68699525584e-07
1.80000229741e-07
1.94666837431e-07
5.03281782081e-09
3.70014651918e-09
2.38409377532e-09
1.04197821367e-09
2.21800039067e-10
-8.41669482058e-10
-1.91951803754e-09
-3.04916315657e-09
-3.93150974708e-09
-4.82185005558e-09
5.06819950054e-09
3.58439577088e-09
2.119095237e-09
6.24776215073e-10
-1.71512094116e-10
-1.19231852034e-09
-2.22692713871e-09
-2.92235428088e-09
-3.34725314786e-09
-3.77600143382e-09
2.24972251078e-08
2.06991603174e-08
1.89235175927e-08
1.71127104319e-08
1.65647400887e-08
1.55633901632e-08
1.45485011144e-08
1.40453790868e-08
1.35387215949e-08
1.30274739825e-08
2.34392659657e-08
2.16896140608e-08
1.99617805076e-08
1.81997293206e-08
1.82142885842e-08
1.77057303421e-08
1.71902959497e-08
1.82043755473e-08
1.90992753737e-08
2.00022826456e-08
3.79657001334e-08
3.57554296815e-08
3.35727215453e-08
3.13467875394e-08
3.10399155612e-08
3.0093585849e-08
2.91344609346e-08
2.91862593595e-08
2.90123550692e-08
2.88368752734e-08
3.97107819776e-08
3.77256645461e-08
3.57653017473e-08
3.37661163568e-08
3.44988548992e-08
3.44440021918e-08
3.43884078279e-08
3.69166219665e-08
3.898048635e-08
4.10630485445e-08
5.69270566164e-08
5.42115018052e-08
5.15298102614e-08
4.87950110906e-08
4.87836790437e-08
4.79047934638e-08
4.70140245853e-08
4.77460480808e-08
4.79800348119e-08
4.8216141372e-08
5.96565112826e-08
5.73827586894e-08
5.51373600412e-08
5.28474940142e-08
5.44605813499e-08
5.49618838139e-08
5.54699643239e-08
5.98542143513e-08
6.33510030306e-08
6.68794712593e-08
8.38721421449e-08
8.04385516653e-08
7.70477784368e-08
7.35898550844e-08
7.0175979749e-08
7.32154569165e-08
7.24218255625e-08
7.16280520953e-08
7.08437291581e-08
7.57550984594e-08
8.80004424003e-08
8.53165240509e-08
8.26660744587e-08
7.99631359484e-08
7.72946282422e-08
8.41188734874e-08
8.54279656602e-08
8.67372922483e-08
8.80310302197e-08
1.03565966696e-07
7.66004820757e-09
7.77300207811e-09
7.88454740145e-09
7.99830174374e-09
8.25014168719e-09
8.50699611002e-09
8.7673234284e-09
9.16845614972e-09
9.54778749376e-09
9.93055543269e-09
8.04129361076e-09
8.14251961352e-09
8.37653040014e-09
8.73140830077e-09
9.19335472084e-09
9.75110355077e-09
1.0412856423e-08
1.11686556053e-08
1.19295240367e-08
1.27733160843e-08
2.59199751668e-08
2.62991169769e-08
2.66735308469e-08
2.72329808647e-08
2.79388471262e-08
2.8845687307e-08
2.97647887571e-08
3.10791249486e-08
3.23573680453e-08
3.36471915288e-08
2.70557158318e-08
2.78777307158e-08
2.86894949836e-08
2.99326892232e-08
3.1582762233e-08
3.35304835374e-08
3.55045397306e-08
3.83518548236e-08
4.11110526774e-08
4.38952477939e-08
4.20930533307e-08
4.27079616015e-08
4.33152018985e-08
4.42288991232e-08
4.53774148007e-08
4.68599566529e-08
4.83625437625e-08
5.04857173133e-08
5.25601393909e-08
5.49317840594e-08
4.40096779983e-08
4.53437233405e-08
4.66611329905e-08
4.86821996622e-08
5.13790546814e-08
5.45574866365e-08
5.77788937605e-08
6.24066223673e-08
6.6915291722e-08
7.17996652404e-08
6.19181168865e-08
6.28220292059e-08
6.37146696392e-08
6.46249877265e-08
6.67537235631e-08
6.89419642382e-08
7.11597918337e-08
7.42744434378e-08
7.73248268469e-08
8.04028455468e-08
6.61217496103e-08
6.67988375374e-08
6.8656543834e-08
7.15752705657e-08
7.5570256617e-08
8.03289520349e-08
8.5615214061e-08
9.17577039822e-08
9.84030125142e-08
1.05571723391e-07
9.00905756236e-08
9.14051779069e-08
9.2703386955e-08
9.40273054484e-08
9.53343594891e-08
1.00321659228e-07
1.03555881198e-07
1.06790682311e-07
1.09986970439e-07
1.16994226952e-07
9.43246624921e-08
9.71782820977e-08
9.99963167529e-08
1.02870159144e-07
1.05707393708e-07
1.16960205511e-07
1.23883428301e-07
1.30807890811e-07
1.37649911865e-07
1.53284147462e-07
7.98106943105e-09
8.1799521811e-09
8.41521477299e-09
8.69053164431e-09
9.01396956098e-09
9.40663302741e-09
9.86164308583e-09
1.0376525661e-08
1.08937741414e-08
1.13858355826e-08
8.3265291363e-09
8.60020059114e-09
8.99940402761e-09
9.51816262038e-09
1.01365834017e-08
1.0863985633e-08
1.16858606315e-08
1.2611341333e-08
1.35376483158e-08
1.44356394218e-08
2.62981057652e-08
2.69177759283e-08
2.75297187363e-08
2.82913200562e-08
2.91954091964e-08
3.03130579534e-08
3.14458182953e-08
3.29609393972e-08
3.44363705783e-08
3.59251685939e-08
2.74552455458e-08
2.85613670354e-08
2.96536950684e-08
3.11821812198e-08
3.30596532863e-08
3.52787337139e-08
3.75278180419e-08
4.05776610504e-08
4.35428184737e-08
4.65348390736e-08
4.25490254313e-08
4.3476047208e-08
4.43915089212e-08
4.55624725498e-08
4.69613596033e-08
4.87122326635e-08
5.04867790528e-08
5.28387891538e-08
5.51615965883e-08
5.76581358278e-08
4.44846014068e-08
4.61853334729e-08
4.7864857223e-08
5.02646267608e-08
5.32439060243e-08
5.67795372616e-08
6.03629733132e-08
6.52226471829e-08
7.00014079994e-08
7.49319205232e-08
6.24695076027e-08
6.37732829703e-08
6.50608001157e-08
6.63738149661e-08
6.87389762311e-08
7.12660597275e-08
7.38273115941e-08
7.72051856296e-08
8.05667123424e-08
8.39586931837e-08
6.6751084154e-08
6.77634366628e-08
7.00324118356e-08
7.33376086582e-08
7.76450380075e-08
8.27791743595e-08
8.86123236687e-08
9.49635370581e-08
1.01943823091e-07
1.09205429133e-07
9.07775612146e-08
9.2616723264e-08
9.44329507604e-08
9.62851464247e-08
9.81137482908e-08
1.03316235029e-07
1.06995436784e-07
1.10675297364e-07
1.14311346158e-07
1.21550147211e-07
9.50233349299e-08
9.84887177388e-08
1.01910886843e-07
1.05400827828e-07
1.08846312946e-07
1.20588373597e-07
1.28131821215e-07
1.35676619616e-07
1.43131590949e-07
1.58776796682e-07
8.37664470654e-09
8.85590450644e-09
9.46534758765e-09
1.01317542498e-08
1.08775075563e-08
1.17125721047e-08
1.26464683589e-08
1.36463209611e-08
1.47043871707e-08
1.57134323683e-08
8.55300625611e-09
9.04719787665e-09
9.72690306349e-09
1.05447474859e-08
1.14661477867e-08
1.25079970707e-08
1.36303744396e-08
1.48854168723e-08
1.61452164649e-08
1.73125432583e-08
2.665939015e-08
2.75088728129e-08
2.83477623335e-08
2.93025088502e-08
3.039598978e-08
3.1715055315e-08
3.30519557652e-08
3.47589165466e-08
3.64227508246e-08
3.81016587961e-08
2.78369756874e-08
2.92145464614e-08
3.05749387761e-08
3.23760067108e-08
3.44707469083e-08
3.69490970544e-08
3.94609566536e-08
4.27043046936e-08
4.58662459178e-08
4.90568331034e-08
4.29846833774e-08
4.42099135945e-08
4.54198650559e-08
4.6836633533e-08
4.84747375896e-08
5.0481987351e-08
5.25163768777e-08
5.50870285608e-08
5.7647155459e-08
6.0263025053e-08
4.49383663552e-08
4.69894487712e-08
4.90149539637e-08
5.17765546588e-08
5.50256757966e-08
5.89025926201e-08
6.28319287363e-08
6.79132144034e-08
7.29500337532e-08
7.79246297293e-08
6.4749173573e-08
6.67602952051e-08
6.94772708949e-08
7.24930533453e-08
7.58747099654e-08
7.98203479481e-08
8.42566263036e-08
8.90695530475e-08
9.40537858185e-08
9.88320836069e-08
6.84355303435e-08
7.1307802979e-08
7.5610472177e-08
8.09204100152e-08
8.71535574892e-08
9.4430068272e-08
1.02414016343e-07
1.10711153072e-07
1.19338287673e-07
1.27593844354e-07
9.14339406974e-08
9.37742926882e-08
9.60854602321e-08
9.84423976274e-08
1.0076931168e-07
1.06177398554e-07
1.10281755663e-07
1.14386847727e-07
1.18443065273e-07
1.25903095252e-07
9.56908805951e-08
9.97407717552e-08
1.03740160327e-07
1.07818751906e-07
1.11845389219e-07
1.24054902041e-07
1.32190942659e-07
1.40328440174e-07
1.48369054047e-07
1.64024741183e-07
8.49599827949e-09
9.06893102084e-09
9.63471922785e-09
1.02117121795e-08
1.08046541548e-08
1.14816182495e-08
1.21677354886e-08
1.30559415371e-08
1.38367221661e-08
1.46245763648e-08
8.81968818613e-09
9.61334179881e-09
1.03970984636e-08
1.11963764722e-08
1.22242178735e-08
1.3284849133e-08
1.4359821051e-08
1.56846443147e-08
1.68532843028e-08
1.80325117161e-08
2.70090491104e-08
2.80809493567e-08
2.91394828889e-08
3.02189793854e-08
3.15579380304e-08
3.30719391457e-08
3.4606410875e-08
3.64990383106e-08
3.83452132426e-08
4.02081138037e-08
2.82064225003e-08
2.98467078519e-08
3.14665386645e-08
3.31184482488e-08
3.58364342994e-08
3.85657113722e-08
4.13318906485e-08
4.47625171069e-08
4.81149100143e-08
5.14976743016e-08
4.34063227035e-08
4.4920165597e-08
4.6415130703e-08
4.80697945097e-08
4.99394180345e-08
5.21947947966e-08
5.44806662172e-08
5.72629240242e-08
6.00527339104e-08
6.28678183924e-08
4.53775300358e-08
4.77676892131e-08
5.01280428425e-08
5.32398316764e-08
5.67501117052e-08
6.09573322126e-08
6.52214380064e-08
7.05172044371e-08
7.58037785017e-08
8.11382468774e-08
6.72562720181e-08
7.27815806987e-08
8.03623090195e-08
8.8751897176e-08
9.83510407094e-08
1.08828969061e-07
1.20127514251e-07
1.3148693041e-07
1.42355697554e-07
1.52806952061e-07
7.1308875351e-08
7.86373013655e-08
8.9412399772e-08
1.02214726672e-07
1.16608982139e-07
1.31973424925e-07
1.47883712145e-07
1.6361429112e-07
1.78730549518e-07
1.930398478e-07
9.20691991733e-08
9.4894613794e-08
9.76847951835e-08
1.00530232709e-07
1.03339424237e-07
1.08946495438e-07
1.13462327233e-07
1.17978967664e-07
1.22441833754e-07
1.30115973946e-07
9.63369459474e-08
1.00952537124e-07
1.05510571371e-07
1.10158871921e-07
1.14747961088e-07
1.27409884384e-07
1.3611944952e-07
1.44830574252e-07
1.53437985835e-07
1.69103817102e-07
8.77706121003e-09
9.50464793582e-09
1.02231615751e-08
1.09559044997e-08
1.16635317174e-08
1.24817449842e-08
1.33110212072e-08
1.43629909317e-08
1.52787467419e-08
1.62027989447e-08
9.12414948015e-09
1.01026357467e-08
1.10689201817e-08
1.20543407003e-08
1.32302238361e-08
1.44597792919e-08
1.57059594085e-08
1.71947410643e-08
1.84927086188e-08
1.9802435256e-08
2.73752172877e-08
2.86800366075e-08
2.99685846867e-08
3.12826508875e-08
3.27747478969e-08
3.44928885144e-08
3.62342598898e-08
3.83213202673e-08
4.03584451034e-08
4.24140255006e-08
2.85933128175e-08
3.05087168673e-08
3.24002356178e-08
3.43292135877e-08
3.72666028905e-08
4.02586544542e-08
4.32911611616e-08
4.69179084258e-08
5.04697452304e-08
5.40537602992e-08
4.38478698136e-08
4.56639522881e-08
4.74573880142e-08
4.92863405453e-08
5.1473253656e-08
5.3988472784e-08
5.65376998658e-08
5.95415548217e-08
6.25718922235e-08
6.56296833071e-08
4.58374289163e-08
4.85826744312e-08
5.12936864326e-08
5.40583867166e-08
5.85559671958e-08
6.31090867408e-08
6.77237684286e-08
7.32441423746e-08
7.87922633721e-08
8.43906481946e-08
7.07790284491e-08
8.37898524231e-08
1.03177184603e-07
1.25648547973e-07
1.48914603709e-07
1.7218087572e-07
1.94918839e-07
2.16967921188e-07
2.37625689524e-07
2.58048402533e-07
7.56780874542e-08
9.29245831035e-08
1.19834727697e-07
1.50606727409e-07
1.81409902948e-07
2.11313522511e-07
2.40493766356e-07
2.68443147376e-07
2.95150580545e-07
3.21461721879e-07
9.27344515035e-08
9.60678310821e-08
9.93596430506e-08
1.02716645336e-07
1.06030885166e-07
1.11846335778e-07
1.16793070117e-07
1.21740690254e-07
1.26629404878e-07
1.3452776454e-07
9.7013515403e-08
1.02221516234e-07
1.07364572722e-07
1.12609481164e-07
1.17787578461e-07
1.30923272882e-07
1.40233441608e-07
1.49545277479e-07
1.58746248237e-07
1.74422702594e-07
9.05785000747e-09
9.93993987682e-09
1.08110299884e-08
1.16993709762e-08
1.25215715787e-08
1.34808962511e-08
1.44531918287e-08
1.56687655032e-08
1.67193648474e-08
1.77794822144e-08
9.4283138196e-09
1.05914524645e-08
1.17400866424e-08
1.29114681179e-08
1.42352485965e-08
1.56335634894e-08
1.70507848177e-08
1.87033649497e-08
2.01305339317e-08
2.15706325112e-08
2.7741028325e-08
2.9278539542e-08
3.07968778249e-08
3.23452849437e-08
3.3990370955e-08
3.59124519684e-08
3.78605211915e-08
4.01418248719e-08
4.23697133701e-08
4.46177856742e-08
2.89798257834e-08
3.1170080196e-08
3.33330218951e-08
3.55387980137e-08
3.86953765748e-08
4.1949946334e-08
4.52485207114e-08
4.90711974963e-08
5.28222836715e-08
5.6607353233e-08
4.42889862634e-08
4.64070135311e-08
4.84986287658e-08
5.06316658864e-08
5.30055932597e-08
5.5780401318e-08
5.85927271986e-08
6.18179631699e-08
6.50885934901e-08
6.83888544528e-08
4.6296879237e-08
4.93968647582e-08
5.24581931188e-08
5.558014735e-08
6.03600613556e-08
6.52587425677e-08
7.02236582173e-08
7.59684206089e-08
8.17778334411e-08
8.76398773009e-08
7.84817098744e-08
1.06256247606e-07
1.49509371185e-07
1.94773751377e-07
2.37218566938e-07
2.77201084485e-07
3.15296952335e-07
3.51998584866e-07
3.8761526668e-07
4.21960622228e-07
8.5827738211e-08
1.22895590731e-07
1.80637283353e-07
2.38495531162e-07
2.91604256357e-07
3.41877531411e-07
3.90586520306e-07
4.37614274285e-07
4.82170655659e-07
5.25725680916e-07
9.33990549837e-08
9.72399040795e-08
1.01032857364e-07
1.04900925458e-07
1.08719720994e-07
1.14743347775e-07
1.20120564381e-07
1.25498743869e-07
1.3081289168e-07
1.38935252119e-07
9.76894249704e-08
1.03489257653e-07
1.09216765783e-07
1.15057700219e-07
1.20824231161e-07
1.34433234616e-07
1.44343421138e-07
1.54255382247e-07
1.64049333257e-07
1.79736400341e-07
9.33834779812e-09
1.03747806855e-08
1.13982891407e-08
1.24420669313e-08
1.33787221759e-08
1.44790120072e-08
1.55941787156e-08
1.69731867826e-08
1.81584899104e-08
1.93545314248e-08
9.73216292609e-09
1.10797625774e-08
1.24105575127e-08
1.37677072169e-08
1.52392317591e-08
1.68061311884e-08
1.8394216463e-08
2.0210425312e-08
2.17666618183e-08
2.33369972239e-08
2.81064602393e-08
2.98764221939e-08
3.16243125281e-08
3.34068176964e-08
3.52047341531e-08
3.73305442006e-08
3.94850970518e-08
4.19604427232e-08
4.43788971779e-08
4.68192618922e-08
2.9365938171e-08
3.18307580942e-08
3.42648414417e-08
3.67471288381e-08
4.0122669492e-08
4.36394853753e-08
4.72038516729e-08
5.12222549188e-08
5.51723839646e-08
5.91582996479e-08
4.47296455443e-08
4.71493046727e-08
4.95387903855e-08
5.19755969455e-08
5.45363447615e-08
5.75704727147e-08
6.0645624721e-08
6.40920122705e-08
6.7602686472e-08
7.11451660204e-08
4.6755853388e-08
5.02102112663e-08
5.36214929217e-08
5.71003308454e-08
6.21622857698e-08
6.74061705122e-08
7.27209571445e-08
7.86898754277e-08
8.47603092942e-08
9.08857389378e-08
9.92079123388e-08
1.53075429541e-07
2.34793116916e-07
3.12255648478e-07
3.82472641227e-07
4.48072473312e-07
5.11772860073e-07
5.72164012167e-07
6.29776999254e-07
6.86205576148e-07
1.12655586841e-07
1.8251166312e-07
2.850663897e-07
3.81277520399e-07
4.69161832446e-07
5.50654349964e-07
6.28508441284e-07
7.03810308591e-07
7.74855472448e-07
8.44507659474e-07
9.40629696754e-08
9.84107623519e-08
1.02704337575e-07
1.07082941814e-07
1.11405770139e-07
1.17637357337e-07
1.23444610062e-07
1.29252902674e-07
1.34992042756e-07
1.4333817182e-07
9.83646340318e-08
1.04755685196e-07
1.11067039249e-07
1.17503381964e-07
1.23857736703e-07
1.37939558661e-07
1.48449141125e-07
1.58960605509e-07
1.69346922211e-07
1.85044591024e-07
5.57546382742e-09
4.84689184608e-09
4.12740523752e-09
3.39367007511e-09
2.95200118678e-09
2.22888305287e-09
1.49598773185e-09
5.65088888688e-10
-1.94008386815e-10
-9.59982789293e-10
5.70244598143e-09
4.87160865223e-09
4.05113195595e-09
3.21440672044e-09
2.75948841369e-09
2.05482024982e-09
1.34062435851e-09
8.38318203278e-10
4.67780375615e-10
9.38856189089e-11
2.31299756434e-08
2.22857092654e-08
2.14519709821e-08
2.060172153e-08
2.05540632788e-08
1.99486518293e-08
1.93350546896e-08
1.9099154216e-08
1.88747360562e-08
1.86482847549e-08
2.42682331466e-08
2.36479024602e-08
2.30353073657e-08
2.24105805733e-08
2.27590844824e-08
2.27835624341e-08
2.2808371349e-08
2.39146517441e-08
2.50186177087e-08
2.61325851769e-08
3.86782575375e-08
3.77315189797e-08
3.67965863559e-08
3.5843138533e-08
3.61444611317e-08
3.56433041741e-08
3.5135371138e-08
3.55150406488e-08
3.57641954201e-08
3.60156074369e-08
4.07122160643e-08
4.02783341186e-08
3.98498627287e-08
3.94129059859e-08
4.04730124289e-08
4.11433055115e-08
4.18226615405e-08
4.43536900231e-08
4.67636450609e-08
4.91954333568e-08
5.77374417948e-08
5.66650921779e-08
5.56061148786e-08
5.45261658269e-08
5.5255271403e-08
5.48819102743e-08
5.45035009778e-08
5.5637740147e-08
5.64674036725e-08
5.73045836278e-08
6.0869356415e-08
6.06640245387e-08
6.04612531735e-08
6.02544661691e-08
6.21868595892e-08
6.36487970259e-08
6.51305011302e-08
6.94079950103e-08
7.34188398797e-08
7.74660214483e-08
8.48215457394e-08
8.35706961963e-08
8.23354448846e-08
8.10757309288e-08
7.98320635698e-08
8.22209821007e-08
8.20266328556e-08
8.18322488089e-08
8.16401790651e-08
8.75573392675e-08
8.95137137555e-08
8.96331635567e-08
8.97511238057e-08
8.98714201135e-08
8.99901840525e-08
9.56302849673e-08
9.82521679155e-08
1.00874520357e-07
1.03465651522e-07
1.17640015052e-07
7.69389670757e-09
7.73364697787e-09
7.82761145431e-09
7.97681241098e-09
8.16931683048e-09
8.41228450269e-09
8.71584421692e-09
9.05682021429e-09
9.43428675623e-09
9.83433639201e-09
8.02617307268e-09
8.1144622835e-09
8.33128443273e-09
8.67456488111e-09
9.12939560515e-09
9.67226303756e-09
1.03232622932e-08
1.10663725066e-08
1.18465435515e-08
1.26749970991e-08
2.59611264392e-08
2.62919226862e-08
2.66185938676e-08
2.71482122095e-08
2.78343322625e-08
2.87113681141e-08
2.96002622544e-08
3.09220945947e-08
3.22104389948e-08
3.35104552955e-08
2.7120940343e-08
2.78803627739e-08
2.86303151235e-08
2.98299939978e-08
3.14420805844e-08
3.33663067529e-08
3.53165501354e-08
3.81707421617e-08
4.09254595902e-08
4.37051336905e-08
4.21897420085e-08
4.27292525993e-08
4.32620354336e-08
4.41285948882e-08
4.52519173595e-08
4.66905564557e-08
4.81486472057e-08
5.02884804745e-08
5.2383602406e-08
5.47342078517e-08
4.41497169877e-08
4.53873032083e-08
4.66094565925e-08
4.85676597868e-08
5.12047444231e-08
5.43524597579e-08
5.7542734946e-08
6.21774695706e-08
6.66810709388e-08
7.1574143983e-08
6.25850560777e-08
6.2878237654e-08
6.36636734823e-08
6.49432575266e-08
6.66025055429e-08
6.87295615195e-08
7.11446346867e-08
7.40279212303e-08
7.7111996265e-08
8.05856489951e-08
6.62113884428e-08
6.68474237407e-08
6.86484041996e-08
7.15364113992e-08
7.54299452577e-08
8.00774215059e-08
8.5510488614e-08
9.16050709104e-08
9.82524654951e-08
1.05485774007e-07
9.03520849883e-08
9.15110058897e-08
9.26554749199e-08
9.3822608762e-08
9.49748753192e-08
1.00048147663e-07
1.03195467061e-07
1.0634335004e-07
1.09453754868e-07
1.16782447367e-07
9.46867315461e-08
9.73433844973e-08
9.99669086939e-08
1.02642388584e-07
1.05283787446e-07
1.16633946095e-07
1.23504315674e-07
1.3037591551e-07
1.37165703263e-07
1.52898738798e-07
7.91251012925e-09
8.05256317873e-09
8.23639420698e-09
8.4666608956e-09
8.74570326016e-09
9.09539990692e-09
9.52496455072e-09
9.99494990297e-09
1.04979790916e-08
1.09843350751e-08
8.26425496709e-09
8.47271870388e-09
8.80413713574e-09
9.26851949487e-09
9.83311535573e-09
1.05138051162e-08
1.13041439724e-08
1.21963236357e-08
1.31036200117e-08
1.39934041019e-08
2.62738997139e-08
2.67345117891e-08
2.71893799809e-08
2.78263262807e-08
2.863862484e-08
2.96794350471e-08
3.07343179149e-08
3.2228241828e-08
3.3683709682e-08
3.51523635105e-08
2.74360950755e-08
2.83479466534e-08
2.92484273417e-08
3.0632185265e-08
3.24013403769e-08
3.45354424983e-08
3.66983995394e-08
3.97456932703e-08
4.26827785691e-08
4.56464727218e-08
4.25776756003e-08
4.32813805582e-08
4.39763102379e-08
4.49734584789e-08
4.62580696679e-08
4.79110090284e-08
4.9586297569e-08
5.19205861044e-08
5.42196424907e-08
5.67469901239e-08
4.45294771977e-08
4.595171998e-08
4.73562272384e-08
4.95542892328e-08
5.23903396815e-08
5.58117498938e-08
5.92794205528e-08
6.41465635182e-08
6.88814618628e-08
7.38330303894e-08
6.31225362923e-08
6.35646390494e-08
6.45538376496e-08
6.59925237542e-08
6.78560988118e-08
7.02593900378e-08
7.29470112268e-08
7.60595887658e-08
7.93927214174e-08
8.30951854551e-08
6.66971068692e-08
6.75305388966e-08
6.95528851763e-08
7.27491263547e-08
7.68929839902e-08
8.18923847658e-08
8.76501826056e-08
9.40573076929e-08
1.00995976868e-07
1.08286148555e-07
9.09630750049e-08
9.23882169053e-08
9.37955871294e-08
9.52308286025e-08
9.66477875591e-08
1.02017615683e-07
1.05534108156e-07
1.09051230316e-07
1.12526478227e-07
1.200111107e-07
9.52582241409e-08
9.81951763044e-08
1.01095504351e-07
1.04053269854e-07
1.06973358493e-07
1.18954339584e-07
1.2629406356e-07
1.3363510184e-07
1.40888738983e-07
1.56793969849e-07
8.26563947459e-09
8.61152021141e-09
9.06328171923e-09
9.57678976614e-09
1.01980005199e-08
1.09241522665e-08
1.17811584205e-08
1.27281294135e-08
1.37295024317e-08
1.47013824247e-08
8.55063124947e-09
8.97659497017e-09
9.56553685369e-09
1.03044365823e-08
1.11876819235e-08
1.2192970168e-08
1.32612511854e-08
1.44353191119e-08
1.56182279223e-08
1.67507798268e-08
2.65727385294e-08
2.71573829675e-08
2.77347368251e-08
2.84742294816e-08
2.94070851294e-08
3.06043733299e-08
3.18178499099e-08
3.34761984907e-08
3.50913442299e-08
3.67211225632e-08
2.77372092517e-08
2.87946990583e-08
2.98390018507e-08
3.13986378603e-08
3.33178638889e-08
3.56524917144e-08
3.80186857419e-08
4.12504782436e-08
4.43618066851e-08
4.75013225558e-08
4.29483262423e-08
4.38089104932e-08
4.46587631638e-08
4.57806822898e-08
4.72193965728e-08
4.90770888401e-08
5.09598987252e-08
5.34799792901e-08
5.5973884584e-08
5.86701003089e-08
4.48923185927e-08
4.64909912451e-08
4.80697282736e-08
5.04969630444e-08
5.35231151177e-08
5.72060267423e-08
6.09387345404e-08
6.60279317505e-08
7.09838224882e-08
7.59912804469e-08
6.44943328998e-08
6.58809499141e-08
6.7886292059e-08
7.03077982579e-08
7.32421603339e-08
7.67092643017e-08
8.06186473104e-08
8.51603757984e-08
8.98979536383e-08
9.46454740796e-08
6.83060997341e-08
7.03384613567e-08
7.36633718351e-08
7.81330279608e-08
8.36991600412e-08
9.04076612878e-08
9.78987616571e-08
1.05839122216e-07
1.14282736904e-07
1.22416017631e-07
9.15468446158e-08
9.32263470209e-08
9.48849058462e-08
9.65763104041e-08
9.82461693668e-08
1.03899341322e-07
1.07768559725e-07
1.11638470978e-07
1.15462307735e-07
1.23095932851e-07
9.58042559918e-08
9.90090196704e-08
1.02173819593e-07
1.05401294515e-07
1.08587656937e-07
1.21171356502e-07
1.28959524523e-07
1.36749087148e-07
1.44445908584e-07
1.60515663252e-07
8.2949255828e-09
8.65217440211e-09
9.00496828934e-09
9.36474882877e-09
9.82939788373e-09
1.03797613227e-08
1.09375661547e-08
1.17587771679e-08
1.24978833323e-08
1.32436855118e-08
8.59251285811e-09
9.14629555551e-09
9.69317252173e-09
1.02508797186e-08
1.11562160932e-08
1.2096032905e-08
1.30485568588e-08
1.43208045403e-08
1.54671159776e-08
1.6623812552e-08
2.68619612968e-08
2.75666469791e-08
2.82625451535e-08
2.89722247415e-08
3.01508178708e-08
3.14995489092e-08
3.28665159661e-08
3.46839983507e-08
3.64536838532e-08
3.82394020202e-08
2.80286341631e-08
2.92270758454e-08
3.0410572828e-08
3.16175075234e-08
3.42048954683e-08
3.67335964733e-08
3.92964877187e-08
4.27068421817e-08
4.59868069627e-08
4.92964869527e-08
4.33070500721e-08
4.43194655474e-08
4.53192560903e-08
4.65619312184e-08
4.81497898594e-08
5.02056464858e-08
5.22893000846e-08
5.49891942554e-08
5.76716786003e-08
6.03784652133e-08
4.52434844619e-08
4.70129098164e-08
4.87602702421e-08
5.14093034578e-08
5.46194400576e-08
5.85554384908e-08
6.25446550518e-08
6.78487612356e-08
7.30185332638e-08
7.82351414219e-08
6.34655459901e-08
6.4855178631e-08
6.62274823999e-08
6.76269629695e-08
7.02130458454e-08
7.31357015797e-08
7.60978741655e-08
7.98794343967e-08
8.36808334517e-08
8.75166717081e-08
7.05008376323e-08
7.52544777457e-08
8.25877270432e-08
9.1867434421e-08
1.03183138335e-07
1.16077679513e-07
1.30238906954e-07
1.44184818906e-07
1.58401368592e-07
1.71933680925e-07
9.21118296632e-08
9.40375077499e-08
9.59391724189e-08
9.78784972349e-08
9.97931183765e-08
1.05720516713e-07
1.09931111017e-07
1.141424593e-07
1.18303667996e-07
1.26081491464e-07
9.63327176065e-08
9.97966751498e-08
1.03217436761e-07
1.0670594238e-07
1.10150010416e-07
1.23317034156e-07
1.31539216169e-07
1.39762870505e-07
1.47888615429e-07
1.64117599847e-07
8.51563019221e-09
8.96100147003e-09
9.40081891902e-09
9.84934641559e-09
1.0387549933e-08
1.10412659022e-08
1.17038206806e-08
1.26672284799e-08
1.35279250304e-08
1.43964191579e-08
8.82706334588e-09
9.4932182881e-09
1.01510662049e-08
1.08219419965e-08
1.18376731864e-08
1.29109522223e-08
1.39987429257e-08
1.54150088897e-08
1.6684423961e-08
1.79653394407e-08
2.71648397743e-08
2.79952344719e-08
2.88152740563e-08
2.96515535235e-08
3.09296661005e-08
3.24369903802e-08
3.39646949972e-08
3.59488247196e-08
3.78803466109e-08
3.98293673416e-08
2.83338187593e-08
2.96798673878e-08
3.10091306419e-08
3.23647183317e-08
3.51338084188e-08
3.78657458068e-08
4.06346213682e-08
4.42319686309e-08
4.76885319493e-08
5.11764103912e-08
4.36827111184e-08
4.48541265593e-08
4.60109343208e-08
4.71906512476e-08
4.91241118489e-08
5.13874892036e-08
5.36814693919e-08
5.65696671034e-08
5.94496342965e-08
6.23556928758e-08
4.56112306969e-08
4.75594708762e-08
4.9483416286e-08
5.14454630857e-08
5.5767528196e-08
5.99685629816e-08
6.42263994172e-08
6.97555615445e-08
7.51493133104e-08
8.0591930376e-08
6.39304243789e-08
6.55198652471e-08
6.70894856127e-08
6.86901903933e-08
7.14269808307e-08
7.46171329226e-08
7.78504186499e-08
8.1846828735e-08
8.58894062982e-08
8.99686080467e-08
7.26521650248e-08
8.32727426444e-08
9.97221650772e-08
1.21099116498e-07
1.45202755155e-07
1.69690422091e-07
1.94295807311e-07
2.18161606554e-07
2.41309098691e-07
2.6400914315e-07
9.27034905912e-08
9.48869675929e-08
9.7043216396e-08
9.92421670741e-08
1.01413106889e-07
1.0762767926e-07
1.12195767595e-07
1.16764673925e-07
1.21279183643e-07
1.29208013816e-07
9.68861306407e-08
1.00621519938e-07
1.0431032852e-07
1.08072189453e-07
1.11786130724e-07
1.25564020404e-07
1.34240708466e-07
1.42918950237e-07
1.51493870358e-07
1.67889602589e-07
8.73611953866e-09
9.26952732526e-09
9.79628345806e-09
1.03334713529e-08
1.0945157592e-08
1.1702125287e-08
1.24693278446e-08
1.35747937392e-08
1.45569620833e-08
1.55480284919e-08
9.06138506619e-09
9.83980265161e-09
1.06085132841e-08
1.13924472921e-08
1.25184656244e-08
1.37250767127e-08
1.49480022341e-08
1.65081460133e-08
1.79005446501e-08
1.93055578788e-08
2.7467422841e-08
2.84234039444e-08
2.93674638582e-08
3.0330219726e-08
3.17077546851e-08
3.33735175231e-08
3.50618029258e-08
3.72124174475e-08
3.93056178814e-08
4.14177818995e-08
2.86387056954e-08
3.01322173027e-08
3.16071046558e-08
3.31112003523e-08
3.60618153595e-08
3.8996790905e-08
4.19714498767e-08
4.57556075567e-08
4.93885971684e-08
5.30545002572e-08
4.40580057658e-08
4.53882660927e-08
4.67019379269e-08
4.80416254279e-08
5.0097483539e-08
5.2568179218e-08
5.50722808549e-08
5.81485984462e-08
6.12258558739e-08
6.43309920606e-08
4.59786182528e-08
4.81054988507e-08
5.02058570136e-08
5.23478102056e-08
5.69144965534e-08
6.13803091896e-08
6.5906503503e-08
7.16605020666e-08
7.72780151131e-08
8.29464206495e-08
6.43948493512e-08
6.61839035649e-08
6.79506480757e-08
6.97523808044e-08
7.26397318115e-08
7.60971193601e-08
7.96012538001e-08
8.38123041866e-08
8.8095825026e-08
9.24181529033e-08
7.67271115681e-08
9.81977099612e-08
1.32739863423e-07
1.73556039226e-07
2.13335037453e-07
2.52051766164e-07
2.89925948372e-07
3.26860721746e-07
3.62193338655e-07
3.96782267662e-07
9.32945744462e-08
9.57355989201e-08
9.81461835502e-08
1.00604506866e-07
1.03031515356e-07
1.09532981667e-07
1.14458215354e-07
1.19384330988e-07
1.24251797138e-07
1.32331486732e-07
9.74390039068e-08
1.01445560219e-07
1.05402154334e-07
1.09437103964e-07
1.13420655251e-07
1.27808815066e-07
1.36939565878e-07
1.46071951706e-07
1.55095608923e-07
1.7165792633e-07
8.95638037209e-09
9.57773342728e-09
1.01913381415e-08
1.08170945479e-08
1.15021873517e-08
1.23622997635e-08
1.32340416444e-08
1.44814184066e-08
1.55849326523e-08
1.66984443091e-08
9.29546393774e-09
1.01860278184e-08
1.10654862696e-08
1.19623613216e-08
1.31985524957e-08
1.45383574525e-08
1.58962777395e-08
1.76001502202e-08
1.91154049636e-08
2.06443873275e-08
2.77696923135e-08
2.88511296661e-08
2.9919081376e-08
3.10081825656e-08
3.24850368662e-08
3.43090740584e-08
3.61577738224e-08
3.84747006001e-08
4.07294120145e-08
4.30045502401e-08
2.89432766497e-08
3.05840984064e-08
3.22044589353e-08
3.38569087261e-08
3.69888605227e-08
4.01266637991e-08
4.33068929092e-08
4.7277667398e-08
5.10869004563e-08
5.49306436891e-08
4.44329114616e-08
4.59218520491e-08
4.73922253837e-08
4.88917176669e-08
5.10698464362e-08
5.37476455767e-08
5.64616508943e-08
5.97258934e-08
6.30002365925e-08
6.63042440646e-08
4.63456250517e-08
4.86509609272e-08
5.09275490107e-08
5.32492221416e-08
5.80602762039e-08
6.27905922775e-08
6.75848663453e-08
7.3563468327e-08
7.94045107498e-08
8.52984707522e-08
6.4858792998e-08
6.68472536798e-08
6.88109180382e-08
7.08134703717e-08
7.3851225909e-08
7.7575571954e-08
8.13502744019e-08
8.57757426386e-08
9.02999570429e-08
9.48651590754e-08
8.58818969292e-08
1.27093908769e-07
1.90949541039e-07
2.55802458794e-07
3.16621632093e-07
3.74448993212e-07
4.32107096543e-07
4.87552979196e-07
5.40856485726e-07
5.93792626915e-07
9.38850457076e-08
9.65833507341e-08
9.92480076e-08
1.01965434742e-07
1.04648246519e-07
1.11436309437e-07
1.16718318334e-07
1.22001273064e-07
1.27221329845e-07
1.35451722512e-07
9.79913041803e-08
1.02268746473e-07
1.06492848589e-07
1.10800603891e-07
1.15053485773e-07
1.30051283246e-07
1.3963562622e-07
1.49221685434e-07
1.58693614681e-07
1.75422344617e-07
6.11810983402e-09
5.99363717298e-09
5.87071669971e-09
5.74536193655e-09
5.6822023345e-09
5.2994355878e-09
4.91149350124e-09
4.17934093394e-09
3.54349297345e-09
2.90188447699e-09
6.33669246232e-09
6.15882153358e-09
5.9831686749e-09
5.80403722581e-09
5.6904889215e-09
5.30195901998e-09
4.90817585573e-09
4.59899068744e-09
4.28281389909e-09
3.96377267164e-09
2.37627261789e-08
2.38722582135e-08
2.39804243715e-08
2.40907326282e-08
2.45433864688e-08
2.43339134954e-08
2.41216082649e-08
2.41529293452e-08
2.42107505176e-08
2.42690955273e-08
2.50972003275e-08
2.56061908596e-08
2.61088342238e-08
2.66214318261e-08
2.73038803806e-08
2.7861394526e-08
2.84264467483e-08
2.9624927941e-08
3.09379600437e-08
3.22628877082e-08
3.93908149416e-08
3.97076082779e-08
4.00204511665e-08
4.03394895266e-08
4.12490067021e-08
4.11930224993e-08
4.11362813413e-08
4.18438219381e-08
4.25160357709e-08
4.31943396004e-08
4.17136501509e-08
4.28310036912e-08
4.393442371e-08
4.5059695615e-08
4.64471699586e-08
4.78426088313e-08
4.92569152532e-08
5.17907580798e-08
5.45468037718e-08
5.73278181691e-08
5.85478269732e-08
5.91186825505e-08
5.96824194959e-08
6.02573205632e-08
6.17268637622e-08
6.18590270847e-08
6.19929773704e-08
6.35294322132e-08
6.49547725331e-08
6.63930258837e-08
6.20822015473e-08
6.3945290388e-08
6.57851463059e-08
6.76614383239e-08
6.99131378285e-08
7.23357102378e-08
7.47910379365e-08
7.89617756693e-08
8.34866767288e-08
8.80525716373e-08
8.57709493339e-08
8.67028407273e-08
8.76231113324e-08
8.85616067732e-08
8.94881473906e-08
9.1226507285e-08
9.16314401487e-08
9.20364455224e-08
9.24366289721e-08
9.93595800756e-08
9.10269851106e-08
9.39498030624e-08
9.68361731528e-08
9.97797042787e-08
1.02685739863e-07
1.07141696447e-07
1.11076370171e-07
1.15011748465e-07
1.18900272824e-07
1.31714063408e-07
7.61694370791e-09
7.69429187763e-09
7.77067550717e-09
7.84857182122e-09
8.08849197377e-09
8.31757289536e-09
8.54975119057e-09
8.94518427886e-09
9.3207860187e-09
9.69979056466e-09
8.01480790391e-09
8.09449176552e-09
8.30709215027e-09
8.63955108746e-09
9.0858048636e-09
9.62246036896e-09
1.02820673789e-08
1.10165414654e-08
1.17833029823e-08
1.26182656009e-08
2.60022777116e-08
2.62847283955e-08
2.65636568883e-08
2.68481092193e-08
2.77298173989e-08
2.85770489212e-08
2.94357357518e-08
3.07650642408e-08
3.20635099442e-08
3.33737190623e-08
2.71861648542e-08
2.7882994832e-08
2.85711352634e-08
2.92729034758e-08
3.13013989358e-08
3.32021299683e-08
3.51285605402e-08
3.79896294999e-08
4.0739866503e-08
4.3515019587e-08
4.22864306862e-08
4.2750543597e-08
4.32088689687e-08
4.40282906532e-08
4.51264199183e-08
4.65211562584e-08
4.79347506488e-08
5.00912436356e-08
5.22070654211e-08
5.43420557316e-08
4.42897559771e-08
4.5430883076e-08
4.65577801944e-08
4.84531199114e-08
5.10304341648e-08
5.41474328792e-08
5.73065761316e-08
6.19483167738e-08
6.64468501556e-08
7.09861385054e-08
6.22476504616e-08
6.29344461021e-08
6.36126773254e-08
6.43043400899e-08
6.64512875228e-08
6.85171588008e-08
7.06109624581e-08
7.37813990228e-08
7.68991656831e-08
8.00451781005e-08
6.62058360156e-08
6.6818612331e-08
6.85900825718e-08
7.13935226323e-08
7.53192074391e-08
8.00072180623e-08
8.52657288268e-08
9.14103487059e-08
9.80588728576e-08
1.05248766912e-07
9.0613594353e-08
9.16168338725e-08
9.26075628848e-08
9.36179120756e-08
9.46153911493e-08
9.97746360978e-08
1.02835052924e-07
1.0589601777e-07
1.08920539296e-07
1.16570667783e-07
9.50488006e-08
9.75084868969e-08
9.9937500635e-08
1.02414618024e-07
1.04860181184e-07
1.16307686679e-07
1.23125203048e-07
1.29943940209e-07
1.36681494661e-07
1.52513330134e-07
7.78252838099e-09
7.88217284176e-09
7.98057472514e-09
8.08092533768e-09
8.3543284285e-09
8.65100362982e-09
8.9516901383e-09
9.47169400485e-09
9.95903632575e-09
1.04507937791e-08
8.2323018373e-09
8.39936845038e-09
8.69591737186e-09
9.11155545876e-09
9.63570137323e-09
1.0281755703e-08
1.10616708579e-08
1.19348589908e-08
1.2813151222e-08
1.37119972741e-08
2.62496936626e-08
2.65512476498e-08
2.68490412256e-08
2.71527322395e-08
2.80818404837e-08
2.90458121408e-08
3.00228175345e-08
3.14955442587e-08
3.29310487857e-08
3.43795584271e-08
2.74169446052e-08
2.81345262713e-08
2.8843159615e-08
2.95658265769e-08
3.17430274676e-08
3.37921512827e-08
3.58689810369e-08
3.89137254903e-08
4.18227386645e-08
4.47581063701e-08
4.26063257692e-08
4.30867139083e-08
4.35611115545e-08
4.43844444081e-08
4.55547797326e-08
4.71097853934e-08
4.86858160853e-08
5.1002383055e-08
5.32776883931e-08
5.55736071153e-08
4.45743529885e-08
4.57181064872e-08
4.68475972539e-08
4.88439517049e-08
5.15367733386e-08
5.48439625261e-08
5.81958677924e-08
6.30704798534e-08
6.77615157262e-08
7.24950505651e-08
6.26563909321e-08
6.33559951285e-08
6.40468751835e-08
6.47514372746e-08
6.69732213925e-08
6.92527203482e-08
7.15630401155e-08
7.4913991902e-08
7.82187304925e-08
8.15534087331e-08
6.67436350557e-08
6.74949246288e-08
6.94127206431e-08
7.24559029065e-08
7.65387751968e-08
8.14795175552e-08
8.71035974956e-08
9.34485751548e-08
1.00289759285e-07
1.07532952503e-07
9.11485887952e-08
9.21597105466e-08
9.31582234985e-08
9.41765107803e-08
9.51818268273e-08
1.00718996337e-07
1.04072779527e-07
1.07427163269e-07
1.10741610297e-07
1.1847207419e-07
9.54931133519e-08
9.79016348699e-08
1.0028012186e-07
1.0270571188e-07
1.05100404041e-07
1.17320305571e-07
1.24456305906e-07
1.31593584063e-07
1.38645887017e-07
1.54811143015e-07
7.94073603995e-09
8.06168346279e-09
8.18112265796e-09
8.30292720056e-09
8.60832152088e-09
8.9695795882e-09
9.3357221793e-09
9.97474703273e-09
1.05688517454e-08
1.11683388164e-08
8.44983844083e-09
8.77553938289e-09
9.25320434542e-09
9.89245315109e-09
1.06671519195e-08
1.15778327844e-08
1.26325703197e-08
1.37851954748e-08
1.49044905118e-08
1.60234129368e-08
2.64860869089e-08
2.68058931221e-08
2.71217113167e-08
2.7443783905e-08
2.84181804788e-08
2.94936913448e-08
3.05837440545e-08
3.21934804348e-08
3.37599376351e-08
3.53405863303e-08
2.7637442816e-08
2.83748516553e-08
2.91030649253e-08
2.984569957e-08
3.21649808696e-08
3.43558863744e-08
3.65764148302e-08
3.97966517935e-08
4.28573674524e-08
4.59458120083e-08
4.29119691071e-08
4.34079073919e-08
4.38976612716e-08
4.47247310466e-08
4.59640555559e-08
4.76721903292e-08
4.94034205726e-08
5.18729300195e-08
5.43006137089e-08
5.67502912712e-08
4.48462708302e-08
4.5992533719e-08
4.71245025836e-08
4.92173714299e-08
5.20205544387e-08
5.55094608645e-08
5.90455403446e-08
6.41426490976e-08
6.90176112233e-08
7.39367386156e-08
6.30469214791e-08
6.37587635935e-08
6.44617289583e-08
6.51786156939e-08
6.74719024245e-08
6.99555116649e-08
7.24727014658e-08
7.59961262846e-08
7.94795069606e-08
8.29944457149e-08
6.81887136673e-08
6.98026220616e-08
7.26415911901e-08
7.65821542832e-08
8.16829777105e-08
8.77951287498e-08
9.49260197164e-08
1.02617188272e-07
1.10850563538e-07
1.18920502224e-07
9.16597485341e-08
9.26784013536e-08
9.36843514604e-08
9.47102231808e-08
9.57230270537e-08
1.01621284089e-07
1.05255363788e-07
1.0889009423e-07
1.12481550198e-07
1.20288770451e-07
9.59176313885e-08
9.82772675856e-08
1.0060747886e-07
1.02983837123e-07
1.05329924655e-07
1.18287810964e-07
1.25728106387e-07
1.33169734122e-07
1.4052276312e-07
1.57006585321e-07
8.0938528861e-09
8.23541778339e-09
8.37521735083e-09
8.51778547801e-09
8.8541416127e-09
9.2779043958e-09
9.70739682089e-09
1.04616127988e-08
1.11590444984e-08
1.18627946588e-08
8.36533753008e-09
8.6792493122e-09
8.98924657985e-09
9.30538296491e-09
1.0088214313e-08
1.0907216677e-08
1.17372926665e-08
1.29569647658e-08
1.40809476523e-08
1.52151133879e-08
2.67148734832e-08
2.70523446016e-08
2.7385607418e-08
2.77254700976e-08
2.87436977113e-08
2.99271586726e-08
3.11266210571e-08
3.28689583908e-08
3.45621544638e-08
3.62706902367e-08
2.78508458259e-08
2.86074438389e-08
2.93546069915e-08
3.0116566798e-08
3.25733566371e-08
3.49014815743e-08
3.72610847888e-08
4.06511672565e-08
4.3858703911e-08
4.70952996038e-08
4.32077774407e-08
4.37187654978e-08
4.42233814776e-08
4.47379907608e-08
4.63601616843e-08
4.8216498175e-08
5.00979339521e-08
5.27154644866e-08
5.52906232903e-08
5.78891120342e-08
4.51094388879e-08
4.62581304197e-08
4.73924976417e-08
4.85493296216e-08
5.248876841e-08
5.61535447691e-08
5.98678720972e-08
6.5180318034e-08
7.02332880258e-08
7.53320359664e-08
6.34248855176e-08
6.41485717576e-08
6.48632335506e-08
6.55920483478e-08
6.7954536877e-08
7.06356885326e-08
7.33530916943e-08
7.70434397007e-08
8.06997141098e-08
8.43891129472e-08
7.0083019166e-08
7.35466995491e-08
7.90186268939e-08
8.64406331391e-08
9.56871056653e-08
1.06784254808e-07
1.1957670721e-07
1.32659578494e-07
1.46160176051e-07
1.58817004416e-07
9.21544601531e-08
9.31804017057e-08
9.41935496543e-08
9.52267617609e-08
9.62468125162e-08
1.02494537988e-07
1.06399894802e-07
1.10305950936e-07
1.14165502239e-07
1.22047008982e-07
9.63284892655e-08
9.86408131757e-08
1.00924302152e-07
1.0325301284e-07
1.05552059745e-07
1.19224183928e-07
1.26958982819e-07
1.34695166757e-07
1.42339245024e-07
1.59131382591e-07
8.25419917439e-09
8.41735500425e-09
8.57847626296e-09
8.74278833148e-09
9.1115681487e-09
9.60078682009e-09
1.00966201541e-08
1.09714660282e-08
1.17771033189e-08
1.25900393711e-08
8.52997721161e-09
8.88380082955e-09
9.23321222804e-09
9.58954329268e-09
1.04451225368e-08
1.13621251527e-08
1.22915264429e-08
1.36352767151e-08
1.48761393033e-08
1.61282436253e-08
2.69544622608e-08
2.73104323364e-08
2.76619634259e-08
2.80204561595e-08
2.90845843041e-08
3.0381092246e-08
3.16951301046e-08
3.35763291719e-08
3.54022481185e-08
3.72447091827e-08
2.80743247011e-08
2.88510179084e-08
2.9618025666e-08
3.04002230757e-08
3.30010139472e-08
3.54728371594e-08
3.79780815748e-08
4.15460288359e-08
4.49073186683e-08
4.82990604832e-08
4.35175524231e-08
4.40443008306e-08
4.45644806274e-08
4.509496195e-08
4.67749700418e-08
4.87865056232e-08
5.0825238918e-08
5.3597779385e-08
5.63273763695e-08
5.90817024444e-08
4.53850324775e-08
4.65362673211e-08
4.76731461395e-08
4.88325394549e-08
5.29790891963e-08
5.68280392224e-08
6.07290304058e-08
6.62669807143e-08
7.15063632487e-08
7.67932125573e-08
6.38206952027e-08
6.45567847911e-08
6.52836952614e-08
6.60250013061e-08
6.84599590105e-08
7.13479800856e-08
7.42750497214e-08
7.81402022267e-08
8.19775335805e-08
8.58496296684e-08
7.18602420277e-08
7.90979841231e-08
9.02960443728e-08
1.05676770939e-07
1.24846714283e-07
1.45837934481e-07
1.67620534677e-07
1.88882329482e-07
2.09752594527e-07
2.30027463617e-07
9.26725296789e-08
9.37061041036e-08
9.47267897414e-08
9.57676888122e-08
9.67953286127e-08
1.03409022743e-07
1.07598465074e-07
1.11788657596e-07
1.15928962408e-07
1.23888263092e-07
9.67587458785e-08
9.90215236427e-08
1.01256084319e-07
1.03534897742e-07
1.05784682987e-07
1.20204767926e-07
1.28247975324e-07
1.36292622996e-07
1.44241492479e-07
1.61356502584e-07
8.41438906985e-09
8.59911477369e-09
8.78153692768e-09
8.96757172971e-09
9.36874360522e-09
9.92335432287e-09
1.04854638606e-08
1.14808219752e-08
1.23945593192e-08
1.33165747693e-08
8.69445631277e-09
9.08815283876e-09
9.47693992575e-09
9.87342646631e-09
1.08016826522e-08
1.18165899361e-08
1.28452196506e-08
1.43129270768e-08
1.56705553686e-08
1.70404832463e-08
2.71938173569e-08
2.75682683467e-08
2.79380498915e-08
2.83151545084e-08
2.94251384152e-08
3.08345830778e-08
3.22630846601e-08
3.4283010023e-08
3.62415223927e-08
3.82177781249e-08
2.82975856075e-08
2.90943544093e-08
2.98811874166e-08
3.06836026908e-08
3.34282541441e-08
3.60436354761e-08
3.8694379042e-08
4.24400176172e-08
4.59549106652e-08
4.95016472814e-08
4.38270252683e-08
4.43695186543e-08
4.49052470881e-08
4.54515849694e-08
4.71893738183e-08
4.93559571179e-08
5.15518345111e-08
5.44792337226e-08
5.73631182577e-08
6.02731296684e-08
4.56603572685e-08
4.68141329433e-08
4.79535209084e-08
4.91154730611e-08
5.34689317512e-08
5.75018758115e-08
6.15893487887e-08
6.73525835244e-08
7.2778196785e-08
7.82529639981e-08
6.42161188371e-08
6.49645996765e-08
6.57037468774e-08
6.64575319863e-08
6.89648881834e-08
7.2059576909e-08
7.51961085221e-08
7.92358950317e-08
8.32541067374e-08
8.7308721883e-08
7.37484308486e-08
8.74374608995e-08
1.09591979006e-07
1.39614240697e-07
1.71773544109e-07
2.03818346763e-07
2.35768079363e-07
2.66737123651e-07
2.96985651937e-07
3.2651004868e-07
9.31900939086e-08
9.42312937606e-08
9.5259509736e-08
9.63080882733e-08
9.73433097172e-08
1.0432261556e-07
1.08795866327e-07
1.13269918107e-07
1.17690702597e-07
1.25727721346e-07
9.71885828431e-08
9.94018627859e-08
1.01587542884e-07
1.03816507708e-07
1.06017079341e-07
1.21184395517e-07
1.29535710618e-07
1.37888521164e-07
1.46141884589e-07
1.63579452319e-07
8.57441294606e-09
8.78068616908e-09
8.98438714231e-09
9.19212216461e-09
9.62565252759e-09
1.02455875198e-08
1.08739045732e-08
1.19896500306e-08
1.30113753942e-08
1.40423571934e-08
8.85876494939e-09
9.29229305953e-09
9.72041502643e-09
1.01570154262e-08
1.11578732322e-08
1.22705837166e-08
1.3398339016e-08
1.49898751283e-08
1.64641481089e-08
1.79517774311e-08
2.74329243877e-08
2.78258371384e-08
2.82138502238e-08
2.86095474347e-08
2.97653395793e-08
3.12876039162e-08
3.2830450593e-08
3.4988958477e-08
3.70799268511e-08
3.9189838588e-08
2.85206151284e-08
2.93374387187e-08
3.01440764289e-08
3.09666886141e-08
3.38550515534e-08
3.66138422229e-08
3.94099341455e-08
4.33330798772e-08
4.7001416948e-08
5.07029877302e-08
4.41361773789e-08
4.46943994255e-08
4.52456603818e-08
4.58078383883e-08
4.76033481108e-08
4.99248184387e-08
5.22776770677e-08
5.53597745295e-08
5.8397786713e-08
6.14633221089e-08
4.59353967155e-08
4.70917105882e-08
4.82336050996e-08
4.93981134377e-08
5.39582666379e-08
5.81750140428e-08
6.2448775546e-08
6.84370612262e-08
7.40487122054e-08
7.97112025666e-08
6.46111326583e-08
6.53719919065e-08
6.6123363156e-08
6.68896143958e-08
6.94692940527e-08
7.27704362404e-08
7.61162127464e-08
8.03304522713e-08
8.45293568663e-08
8.87663019087e-08
7.77505693354e-08
1.0351465907e-07
1.45152003218e-07
1.93781266982e-07
2.40462050229e-07
2.85997407789e-07
3.31656489583e-07
3.75967127114e-07
4.18757476489e-07
4.60747803891e-07
9.37071217397e-08
9.47559391163e-08
9.57916776247e-08
9.68479276697e-08
9.78907228994e-08
1.05235261538e-07
1.09992026605e-07
1.14749643453e-07
1.19450616935e-07
1.27565273203e-07
9.76179743288e-08
9.97818077493e-08
1.01918657929e-07
1.04097825817e-07
1.06249234842e-07
1.22163007831e-07
1.30822111315e-07
1.3948276536e-07
1.4804030715e-07
1.6580009821e-07
