8534.79465303
6673.51621903
4835.44813192
2960.97935049
9290.88403809
8450.05185475
7597.85088781
-4062.49162546
-993.188332981
2103.9216572
1996.88654848
1530.53339733
1069.9957213
600.337658871
3971.14078542
-3751.84157615
-11579.2453871
-5078.87008015
-1482.42587826
2146.60071357
12110.2711958
8757.09478164
5445.73284637
2068.7934309
14893.4477426
22161.1139236
29527.0452826
-1107463.86391
16659.6378725
1150967.2627
3093.76398026
1526.30908873
-21.5994678214
-1600.16246345
7045.89964582
5401.36485311
3734.59451738
10218.246921
4003.13723841
-2268.27892795
15277.1218479
10602.55008
5986.27073631
1278.57161642
19855.7184524
34305.1974704
48950.0460323
-2084762.22221
32294.998226
2168531.93619
4065.28399127
1522.56755826
-988.440921041
-3549.1768575
9769.25749361
13508.4905476
17298.2812899
23767.1219791
8861.77885603
-6178.60089616
19159.0678086
12864.7210908
6648.86556914
309.912618013
25938.501903
49191.4934309
72758.8856609
-3282740.85497
51460.9238205
3415869.27789
5256.17948863
1517.98116606
-2173.60141208
-5938.29127602
13107.5671135
23446.2575279
33924.7360433
40375.4204375
14817.533097
-10971.8987927
24675.5173317
16079.3851588
7590.44770001
-1066.60280077
-9613.37731531
70345.70348
106592.49987
142845.786867
178667.44848
5188401.28978
6948.50466909
1511.46366136
-3857.77684672
-9333.3486076
-14739.1709687
37568.3474474
57551.8033244
77538.8375802
97287.9096521
-17783.4273824
710.914248491
832.83200898
953.22944158
1076.01119834
903.64958301
697.764932
489.096541153
-240.29025401
65.330685726
373.720432671
217.564443448
400.080016846
580.31960096
764.128609977
385.69973808
-387.02346422
-1170.19455737
-305.324007128
29.093954761
366.541613714
618.285200149
790.44284607
960.453667202
1133.83134508
1968.46589071
2316.2418173
2668.71997737
-110038.917063
1537.75224238
114125.262908
470.678315771
566.129165649
660.389732925
756.517015651
1042.96077167
679.136492954
310.392993049
1014.45692665
405.464166242
-209.045832442
536.242328761
752.898158921
966.852267039
1185.04347504
2911.58890611
3749.7499157
4599.24359231
-207289.12938
2841.89704971
214876.6291
694.8648884
713.201268874
731.308992666
749.77531782
1625.10625856
1623.44959788
1621.7705377
2183.40575372
738.820639268
-718.85185618
435.673647704
706.87563919
974.695712
1247.81963436
4067.67518304
5506.95339117
6965.69189449
-326499.067058
4440.52616836
338378.303787
969.674235493
893.48320186
818.2422788
741.511301123
2338.70395217
2780.99469424
3229.26559244
3616.31076754
1147.45115459
-1343.77536915
292.760258833
641.475216414
985.841660103
1337.02786076
1683.74055111
8004.0320142
10328.5394818
12653.4631921
14950.7067616
513880.683605
1360.19278136
1149.67331716
941.779053832
729.767698448
520.45700437
4425.92719959
5513.60067023
6601.46890735
7676.3851728
-2231.82457179
-153.434163717
187.578520668
524.338739354
867.76808301
-22.93574412
-158.6741425
-296.247842274
181.969994835
182.27128116
182.575297022
20.9926457248
275.192424759
526.222304577
782.223524675
-10.404255858
-15.292936396
-20.2477161536
222.036682898
196.080117655
169.888395996
-651.299626668
-89.6783463668
464.93945477
1030.54078431
540.569889766
123.866319631
-298.471445781
152.269985327
-132.848170481
-420.549386225
180.891175381
460.052647471
735.732945287
1016.87275481
379.782090991
157.445161525
-67.897956915
-2.33791893921
8.00883119284
18.4493188691
-1092.26617957
-335.248714312
412.328659852
1174.71089117
1039.67487978
374.116443232
-300.440923174
125.964262619
-411.953970505
-954.745534243
322.515587362
623.785987588
921.299512772
1224.70493008
725.375712486
310.44176254
-110.102455875
-201.069709138
-158.568593959
-115.682435157
-1632.80582506
-636.270455664
347.838008018
1351.4355383
1651.48099657
680.87465926
-302.855121268
93.71853801
-754.083660858
-1609.56661891
496.119705274
824.491372247
1148.7682084
1479.46695137
1149.00660335
497.98598314
-161.837002988
-444.676419704
-362.760276404
-280.102004609
-2400.94111076
-1064.03819337
256.193397517
1602.57056316
2931.79719123
1116.7942294
-306.285823822
-1729.62070381
-3136.00960412
-2540.10184449
742.820293885
1109.70428729
1472.01319692
1841.49719216
2206.27459455
764.496191361
-235.354517305
-1235.3842663
-2223.50783352
-513.750866461
-979.274721697
-428.928079333
114.555679842
668.802471311
-908.24048092
-976.95773413
-1046.60410447
585.417996351
294.002019853
-0.0540723962447
-166.821620863
155.868738526
474.535113626
799.512287215
-388.861297893
339.876509375
1078.46748663
725.902763239
355.626828208
-18.0036632194
-1864.32278605
-930.588986551
-8.49895027925
931.851953354
-823.711473518
-1970.83597718
-3133.47060344
105434.295279
-1729.02114614
-109863.195665
-95.9855682281
358.701977159
807.719518823
1265.62930468
-253.85111057
-341.004137573
-429.335549424
-973.833221964
-371.739347936
235.809263127
-2648.22250019
-1374.91721866
-117.490194101
1164.83863745
-748.842924105
-2851.12813531
-4981.83807396
198300.443729
-3520.84166459
-207170.549647
-33.245064466
538.354274234
1102.82570628
1678.47580586
-134.27065894
-944.06985344
-1764.8182385
-2479.313666
-1015.97796109
460.614997891
-3609.1318272
-1919.57763221
-251.092363947
1450.43521795
-657.068573211
-3930.19594205
-7247.57884427
312136.367636
-5717.26681624
-326450.531948
43.6626498231
758.573219036
1464.56877478
2184.54571054
12.3118301536
-1683.3116987
-3401.86153479
-4324.74130708
-1805.68980948
736.183317924
-4974.63455506
-2693.56874621
-440.948078991
1856.28299025
4124.25127283
-5463.60808846
-10467.3157284
-15471.9193676
-20416.9390586
-495953.664691
152.952559602
1071.51593007
1978.62471423
2903.69768035
3816.98680233
-2733.81326827
-5728.18621899
-8723.09536327
-11682.3476356
1127.78040429
-1778.54134696
-1025.59670365
-282.041362896
476.239183555
-1765.05784412
-1768.91056143
-1772.81537084
975.88383086
402.137482068
-176.806786173
-348.592391966
40.3846549608
424.51111531
816.244731216
-755.140333081
683.617297564
2141.82818474
1213.55541935
510.039637901
-199.849723736
-3038.31323445
-1744.44076828
-466.703034129
836.338735813
-2144.09293288
-3998.1348541
-5877.24503724
207328.55107
-3273.83239968
-215784.191802
-363.952960167
260.612573041
877.389705325
1506.38135567
-867.095235934
-823.414313856
-779.142787658
-1914.06770767
-739.267973954
446.174989824
-4154.11119194
-2381.13122551
-630.260514365
1155.28405353
-2479.80972578
-5972.59065618
-9512.59702747
390098.056339
-6529.6914378
-406750.732817
-377.558034859
455.671586198
1278.51074219
2117.64522305
-966.255292746
-2158.21374111
-3366.28850607
-4684.24819161
-1845.79757303
1018.36830755
-5521.86352692
-3161.59049567
-830.750328847
1546.24928169
-2891.33353643
-8392.89131679
-13968.834951
614138.095056
-10520.7444523
-640838.750835
-394.235223191
694.776182971
1770.20749707
2866.93641531
-1087.80633013
-3794.41949065
-6537.62841896
-8079.95330095
-3202.18869447
1719.76656798
-7465.5115819
-4270.66419538
-1115.65690732
2101.83144803
5278.33451612
-11832.2659398
-20301.3835792
-28772.0177585
-37141.8020278
-973490.14486
-417.934385558
1034.55639944
2468.93446452
3931.7186359
5375.86944397
-6119.55397685
-11044.2693478
-15969.8665731
-20836.820487
2716.49041176
-2615.54550381
-1650.43715492
-697.363813341
274.583982134
-2662.33000837
-2598.2555979
-2533.31484559
1384.78558687
515.378581491
-361.904914242
-538.94550593
-80.5520324203
372.125224034
833.767200865
-1138.71330526
1043.58787496
3255.39566824
1724.23269193
671.743078903
-390.281681917
-4267.73387375
-2596.71872262
-946.541314301
736.31584284
-3526.81646365
-6121.15304793
-8750.56732286
314033.764275
-4891.58222168
-326706.268693
-644.572485444
157.891858334
950.349383443
1758.5005623
-1509.2938038
-1328.6015819
-1145.46624374
-2898.69555034
-1124.14953664
666.473175857
-5731.1007157
-3434.85382544
-1167.24138658
1145.27834804
-4292.50446689
-9241.43364652
-14257.2766599
590951.431112
-9680.60464735
-615754.133755
-738.127810156
369.085018716
1462.49078178
2577.550111
-1837.52224537
-3429.68367226
-5043.37250864
-6993.28913635
-2714.79728184
1602.45604989
-7524.90523164
-4462.2452418
-1437.77695905
1646.58722538
-5231.08976119
-13066.2937351
-21007.4364923
930398.893687
-15551.0192337
-970070.871572
-852.808530772
627.966957248
2090.27701199
3581.54633199
-2239.86678664
-6005.20365399
-9821.45115593
-12012.4683708
-4664.62355014
2749.78989547
-10073.9958595
-5922.22251768
-1822.22224625
2358.97352475
6486.90802769
-18501.6212294
-30599.7688859
-42700.082922
-54656.3327055
-1473573.60426
-1015.77587059
995.851817269
2982.39428651
5008.27780392
7008.35503744
-9665.15310171
-16611.3523916
-23558.7955169
-30423.5235822
4380.21167604
-3451.73329348
-2274.66817166
-1112.28118143
73.1254639503
-3558.72702338
-3426.79173747
-3293.07257156
1793.28852291
628.50923186
-546.822507919
-729.112960081
-201.3707649
319.790427035
851.272580075
-1521.91216176
1403.20735713
4367.87704012
2234.41187838
833.288803385
-580.527903385
-5495.95540472
-3448.16541258
-1425.91158697
636.390506619
-4908.19136298
-8242.10056819
-11621.0871302
420634.903164
-6507.75418072
-437520.158376
-924.918310085
55.2713316828
1023.23790076
2010.37386592
-2150.866007
-1833.29611845
-1511.43240835
-3882.36304191
-1508.65570732
886.556495325
-7306.55213182
-4487.54868311
-1703.6985176
1135.28240155
-6103.43120664
-12507.0883897
-18997.3285964
791608.904704
-12828.4446319
-824553.684431
-1098.3459058
282.582902942
1646.29137749
3037.00643338
-2707.93941279
-4699.91348253
-6718.82077699
-9300.07797132
-3582.9494168
2185.97410561
-9525.99328117
-5761.63140182
-2044.21152933
1746.82730502
-7568.56391821
-17735.1379773
-28039.1729743
1246351.22917
-20576.3877655
-1298981.87766
-1310.93457152
561.222893518
2410.03434896
4295.45925801
-3390.80358763
-8213.83154173
-13102.0710353
-15941.1478848
-6125.63202841
3778.80859564
-12679.9359671
-7572.1700021
-2528.09844074
2615.86479943
7694.30276405
-25164.4716019
-40888.1097218
-56614.5634274
-72153.7806866
-1973169.31014
-1613.03425438
957.18498539
3495.35330842
6083.78695616
8639.24839549
-13207.2940469
-22173.0056129
-31140.3226426
-40000.8763418
6042.31023936
-4287.05446626
-2898.25224144
-1526.76853319
-128.124264585
-4454.19502124
-4254.46919024
-4052.04289201
2201.36809048
741.522634723
-731.548454801
-919.083326533
-322.064282022
267.50986931
868.75981688
-1904.71387468
1762.45413317
5479.20544712
2744.06232009
994.66710345
-770.576955521
-6722.90401884
-4298.72967147
-1904.78504496
536.568732045
-6288.13461882
-10360.8499591
-14488.6319587
527125.561671
-8122.25115487
-548219.201621
-1204.97358704
-47.2428400524
1096.05087713
2261.98613049
-2791.77329101
-2337.46759449
-1877.01928918
-4865.01107007
-1892.76337954
1106.41172258
-8880.37076542
-5539.15253806
-2239.59966966
1125.29681477
-7912.48111953
-15769.35864
-23732.4679891
992058.418841
-15973.0222256
-1033136.83728
-1458.19067492
196.17043712
1829.90148405
3495.98657969
-3577.45448833
-5968.82683898
-8392.53262705
-11604.4760728
-4450.20180732
2768.8874089
-11525.0074225
-7059.67089066
-2650.01759672
1846.96349683
-9903.61553975
-22399.1434748
-35063.6218329
1561976.11473
-25596.5480543
-1627552.00358
-1768.5858149
494.548002687
2729.46029253
5008.63229161
-4540.54756891
-10420.170429
-16379.2909122
-19865.7557535
-7585.12633171
4806.76083084
-15283.1753037
-9220.40749699
-3233.24307202
2872.48983449
8900.44616825
-31820.416661
-51165.7878214
-70514.6231006
-89633.0944829
-2472247.23989
-2209.67364539
918.558227439
4007.78070459
7158.18146118
10268.4515115
-16745.7639517
-27728.8947911
-38713.9923474
-49568.3032261
7702.68621991
6959.52661622
6241.29946269
5532.0286808
4808.71165704
9934.24574242
9000.33535946
8053.79769456
-606.262934286
74.7115585991
761.855416341
2943.42164059
2681.91365745
2423.66670763
2160.30549228
5462.09592349
243.808886282
-5045.03393754
-1459.44518561
-155.698207894
1159.86021191
9438.07921344
7578.46381016
5742.03801559
3869.2440503
16681.9175951
19853.9245676
23068.8198375
-547773.979978
15187.6735959
583249.541462
4166.52373085
2847.27626589
1544.47996198
215.883367892
6725.60011666
6161.83089968
5590.43903175
11995.2594652
6001.82339162
-45.9108887825
11633.3686567
8762.80937506
5928.04628354
3037.14417004
22658.4269504
29467.1035804
36367.8394499
-1032408.24365
28573.4399718
1099167.20625
5249.84272508
2993.7402905
765.771701537
-1506.31908514
7844.70383062
11403.5075401
15010.429376
23912.2835844
11455.6282369
-1113.87957797
14324.3686194
10214.5878095
6156.05641845
2017.15076843
29984.4706762
41251.0004349
52669.8634908
-1626476.05072
44981.7987551
1731582.40824
6577.78213736
3173.2768368
-188.773908034
-3617.40596304
9216.50838321
17828.7885832
26557.5143141
38520.2486338
18140.9374021
-2423.0024873
18148.421198
12277.6413741
6480.07082069
567.686460879
-5269.3842553
57996.5380703
75835.8976543
93678.45168
111308.575334
2630277.69528
8464.85393377
3428.40771839
-1545.23345848
-6617.37152639
-11624.8992483
26959.4511182
42966.5297524
58976.4747272
74795.8080573
-4283.33504266
857.7557695
997.140958515
1134.78799888
1275.16097083
1261.72968646
1060.52507345
856.599998789
196.193781543
217.709395617
239.419932811
519.310741881
658.162896187
795.28354885
935.119708624
785.587090515
235.836209445
-321.347782449
116.909794914
191.377505302
266.519864272
773.590480604
959.63364567
1143.356832
1330.71843171
2412.68357948
2445.52176059
2478.80394251
-54140.3127216
1618.8150391
57883.0988766
725.689443237
799.083911499
871.563142665
945.477736513
1254.8350999
1075.58231016
893.90586654
1445.23333492
753.781947765
56.0662791557
699.044081867
926.412882865
1150.94636989
1404.82833953
3432.09988473
3672.23311205
3915.6131498
-102266.932767
2859.79432333
108938.928798
908.482007296
923.899667918
939.125068616
1435.14952212
1670.45476536
1819.35742793
1970.27338422
2621.74847035
1251.9115968
-130.335467662
607.664625351
885.69065749
1160.24967441
1440.24599745
4681.70696857
5175.94380095
5676.86314584
-161260.854113
4380.99473626
171523.494509
1132.55031163
1076.8996274
1021.94291333
965.897848636
2179.9240327
2731.08176585
3289.69163169
4063.92831378
1862.52213433
-358.827931502
477.809608196
827.822231958
1173.47015979
1525.96322281
1873.96612835
7312.79583253
8179.69208758
9046.74357519
9903.47209728
260459.456308
1450.96316515
1294.32062245
1139.6314295
981.87880595
826.135680453
4026.69003552
5164.65440442
6302.82254524
7427.43985242
-683.527748539
183.658560657
417.789045898
648.999898225
884.789599191
303.627683977
183.369230173
61.4847773097
284.845723077
233.50717715
181.703523904
251.505471609
434.587679446
615.386832006
799.766491038
268.946654382
234.955422647
200.504599849
291.058664023
229.720926483
167.827492825
-183.624698002
228.413963422
635.314457399
1050.27311886
836.280423105
522.316835759
204.108187205
394.196300081
119.786329224
-157.109689566
345.560977643
572.808493436
797.222207701
1026.08016158
650.44868149
513.675600811
375.053228931
279.712153238
174.001064795
67.3322748805
-508.932727101
60.6817475148
623.193066953
1104.04025506
1308.05856347
822.527572136
330.431778827
491.049668285
19.062149633
-457.201392924
428.867282988
695.232642971
958.276397604
1120.90966187
988.350476929
760.542044326
529.653443261
269.662386542
124.6491873
-21.6777752987
-907.697407931
-144.925484888
608.334588341
1376.51205764
1886.36725167
1190.52782963
485.280052428
609.77315189
-104.406199543
-825.055738977
530.98468954
845.300955303
1155.69766265
1472.2413978
1402.55267779
1063.15252347
719.163383407
257.34331769
64.153337467
-130.786869067
-1474.36300701
-437.104183566
587.219908209
1631.82948799
2663.13253206
1713.47556396
705.327599124
-303.000891808
-1299.32439757
-1347.79612547
676.098898851
1058.55592546
1436.24367086
1821.41106093
2201.67207858
1493.17794121
988.466982563
483.665646805
-15.1256112819
-285.836633895
-460.406734334
-135.751979948
184.854293927
511.809783618
-611.789619
-654.708171043
-698.207019298
369.548104464
248.601146818
126.558456633
-4.36872299589
220.973031538
443.504749596
670.443436635
-224.676773423
234.113876056
699.107774788
457.448972844
266.356098013
73.5319958313
-1098.19468626
-470.228923942
149.906036224
782.322012135
-669.891907264
-1315.2067899
-1969.24689191
52499.121494
-1312.45868761
-55611.5509202
-17.6322667665
356.613941713
726.193258791
1103.09164301
72.9884698795
-23.1974284291
-120.683843875
-833.883532741
-379.949820214
78.0963557351
-1663.09258655
-766.47993148
118.951865116
816.65267385
-721.353934011
-1900.21985231
-3095.02506479
98671.0293534
-2695.11168382
-104979.590654
-29.3799769633
476.753033582
976.574509793
820.669599106
336.634828234
-251.101726687
-846.784991833
-1977.63518055
-952.392204929
82.1390745071
-2355.54807721
-1129.62632782
81.0080424671
1315.61754835
-784.436418411
-2617.3326385
-4475.01121219
155268.851891
-4389.97664691
-165495.252263
-43.7803959142
624.020307487
1283.49346263
1956.02667845
659.814235248
-530.468285842
-1736.84446352
-3379.65332947
-1654.09577329
87.0946652598
-3339.56377448
-1645.67646998
27.08787344
1732.97927235
3417.14053853
-3636.38765044
-6436.04415851
-9236.20199283
-12003.0216308
-251491.192444
-64.2441491603
833.294854615
1719.64144825
2623.541054
3515.92652795
-927.462869905
-3001.66581803
-5076.24018759
-7126.11503237
94.13682054
-1083.74726878
-671.481139045
-264.356013312
150.831728465
-1497.75058494
-1465.81788188
-1433.45342086
451.524929009
263.209422086
73.18784969
-252.009386849
14.2320848843
277.153496168
545.281744994
-702.416365506
233.299408786
1181.66687549
618.485167209
301.81242143
-17.7292566364
-1983.33560242
-1146.39085067
-319.882892063
522.993047553
-2127.59856012
-3093.60250192
-4072.66765855
102927.412182
-2698.61686318
-109281.576775
-369.138663461
147.3761075
657.44988243
1177.62504571
-485.890202402
-542.794934426
-600.469067999
-1911.64588922
-916.075650009
88.5140695367
-2780.11384079
-1567.02516667
-369.063841813
852.62164446
-2685.46390956
-4535.35459396
-6410.25741193
193691.769463
-5321.94871584
-206138.654013
-472.881737031
265.303670387
994.283824547
1737.70054063
-294.10988651
-1230.19278127
-2178.93233223
-4152.61911063
-1994.77651328
182.61530129
-3756.80974588
-2082.64142501
-429.350167313
1256.68250518
-3369.29885404
-6302.66361
-9275.69001285
304951.304195
-8537.64582556
-324866.684177
-600.050665924
409.860037798
1407.17704392
2424.24469569
-59.0243379978
-2072.80949676
-4113.82278516
-6899.61854332
-3317.05499084
297.965198278
-5144.74603207
-2815.35926579
-515.020208814
1830.87425463
4146.8860432
-8814.10273807
-13347.620551
-17881.9501676
-22362.2948376
-493585.463883
-780.764406983
615.282244119
1993.92003986
3399.86007393
4787.89084158
-3270.21219772
-6863.40395512
-10457.2391348
-14008.2867325
461.883472945
-1736.51894968
-1232.5048562
-734.775873934
-227.189976861
-2425.54237288
-2315.22429793
-2203.41462649
537.372305517
278.507429956
17.2973389984
-511.342453558
-202.2701764
102.947935453
414.210519361
-1202.71252679
232.446486284
1687.01009944
787.124717298
338.94282216
-113.299427165
-2910.26862176
-1854.47789631
-811.852997389
251.419814687
-3654.13112051
-4955.96551875
-6275.40185215
155736.684575
-4150.2227708
-165485.643501
-737.241504103
-71.7409323839
585.460773975
1255.67755773
-1071.15644158
-1086.9253393
-1102.90744625
-3040.29500824
-1477.51476675
99.4236577531
-3949.87547418
-2405.36830327
-880.121306735
675.331344344
-4742.30972555
-7294.90774291
-9882.01910916
293198.932585
-8072.81237718
-312073.96253
-937.3235203
43.8706837444
1012.8292881
2000.97693457
-954.635337543
-2255.51181338
-3573.97727243
-6430.29533657
-3086.37720264
287.835532966
-5224.23226101
-3080.65331824
-963.805040772
1194.96483231
-6076.20608011
-10161.9982112
-14303.0338113
461701.043049
-12881.1480237
-491762.869727
-1182.58534661
185.588148676
1536.70036992
2914.56971909
-811.803016462
-3687.97265259
-6603.03060775
-10585.77961
-5058.53115632
518.792025163
-7035.1603265
-4040.26886584
-1082.72403125
1933.39136784
4911.086626
-14236.2846662
-20585.528388
-26935.9090502
-33210.6831751
-747110.264166
-1531.1153103
386.976125158
2281.14874936
4212.83314972
6119.9112015
-5723.57489777
-10907.4748211
-16092.3030101
-21215.4015287
846.993356179
-2388.65395349
-1792.98138212
-1204.73691326
-604.842980895
-3352.42924445
-3163.80225032
-2972.6248549
623.13595128
293.790517003
-38.5386592057
-770.422581256
-418.561273451
-71.0877148731
283.267133292
-1702.5207271
231.594395674
2191.8604398
955.599785773
376.037007968
-208.776383878
-3836.29756233
-2561.87431334
-1303.34326251
-19.8885407915
-5179.17478616
-6816.51209055
-8475.98762165
208494.449748
-5600.41286296
-221634.891914
-1104.98531776
-290.644257726
513.541879683
1333.65394169
-1655.85184471
-1630.52502971
-1604.85577412
-4167.84330584
-2038.40628709
110.322605366
-5118.4961873
-3242.89376672
-1390.6803147
498.2139633
-6797.14940882
-10051.7693776
-13350.3946436
392609.041969
-10820.9929995
-417905.947654
-1401.31231295
-177.346329511
1031.35666343
2263.99654341
-1614.51654888
-3279.83080649
-4967.66156358
-8705.75004413
-4176.91320556
392.953138696
-6690.22353404
-4077.69180633
-1497.73863675
1133.30735541
-8780.47313982
-14017.5686327
-19325.4742189
618297.896949
-17220.413812
-658496.274045
-1764.55185544
-38.4649981518
1666.09736609
3404.41650681
-1563.84747658
-5301.56046834
-9089.81059583
-14268.3454007
-6798.30878305
739.403469875
-8923.73081625
-5263.98375737
-1649.87414703
2035.80849157
5674.54185017
-19653.1781005
-27816.3767733
-35981.0372062
-44048.4905996
-1000387.7905
-2280.73436319
158.892683254
2568.09731198
5025.01329691
7450.63238304
-8174.54472465
-14947.6013259
-21721.8707584
-28415.4869071
1231.72762471
-3040.11309092
-2352.87703561
-1674.21088953
-982.10458903
-4278.35549948
-4011.50074478
-3741.03788132
708.810712436
309.057764806
-94.3167895245
-1029.23420083
-634.628208514
-244.942996344
152.459455675
-2201.81093105
230.743188163
2696.18755817
1123.90024833
413.092749722
-304.154389203
-4761.36677551
-3268.53759161
-1794.3241519
-290.91571493
-6702.6379114
-8675.13040998
-10674.2927255
261197.537287
-7049.09999222
-277725.947793
-1472.34800531
-509.32071379
441.697521433
1411.54951168
-2239.94127521
-2173.5613387
-2106.28388762
-5294.22302336
-2598.71650491
121.210257415
-6285.90575328
-4079.55122692
-1900.71018429
321.280144987
-8849.85947624
-12805.7738277
-16815.1755874
491916.123683
-13566.3254342
-523628.249538
-1864.82023213
-398.334075607
1049.86483718
2526.74356128
-2273.71386576
-4303.08820535
-6359.9014539
-10978.8464926
-5266.31898758
497.961801561
-8154.69546798
-5073.69697343
-2031.11886914
1071.71377972
-11481.9375235
-17869.1431785
-24342.7094182
774732.455393
-21555.1824275
-825056.877485
-2345.91521985
-262.285938478
1795.36025648
3893.75562209
-2315.11252514
-6913.47597738
-11574.0133093
-17947.0946161
-8536.28332117
959.786275032
-10810.3440099
-6486.43040269
-2216.43647395
2138.11947119
6437.20583677
-25064.4575191
-35039.7311778
-45016.7910793
-54875.0658258
-1253402.82246
-3029.57651819
-68.95437519
2854.74848391
5836.35170849
8779.9744181
-10622.9743903
-18983.5406828
-27345.6040774
-35608.110187
1616.06315838
5384.25857942
5809.08270636
6228.60922968
6656.44396359
10577.6074467
9550.61886417
8509.7445013
2849.96575689
1142.61145018
-580.210824522
3889.95673269
3833.29391756
3777.33769397
3720.27332569
6953.05106156
4239.45934871
1489.17751197
2159.97970892
1171.02946248
173.119710261
6765.88723111
6399.83283868
6038.3431848
5669.69466969
18470.3874476
17546.7352115
16610.5943925
11915.9039498
13715.7093193
15531.8202275
5239.28348144
4168.24344304
3110.55939177
2031.92919923
6405.3005875
6922.29694624
7446.28354612
13772.2720094
8000.50954484
2176.45715039
7989.61546547
6923.06867017
5869.82183077
4795.71672365
25461.1354484
24629.0096905
23785.6328675
19945.7349206
24851.8817176
29802.4763022
6434.4014589
4464.91302275
2519.98432411
536.538687228
5920.15016763
9298.52453262
12722.5774621
24057.4451898
14049.4776178
3950.84174022
9489.66943016
7564.45452812
5663.24726776
3724.38891884
34030.4394493
33310.507439
32580.8413208
29788.75353
38502.6736898
47295.5385873
7899.3847861
4828.57250755
1796.05359601
-1296.52065007
5325.44965294
12211.3196385
19190.2925849
36665.0768302
21464.3417072
6125.89381807
11621.3250642
8475.89758942
5369.69394137
2201.97572253
-925.391195286
45647.3726606
45079.2954386
44511.1164927
43949.7021874
72154.1007819
9981.20319845
5345.35177543
767.309929769
-3901.39444517
-8510.62752797
16350.554789
28381.2561804
40414.1118741
52303.7064626
9216.75729713
303.16772672
1161.44990805
1316.34655619
1506.44601725
1619.80978992
1423.2852149
948.82797219
632.677817095
370.088105507
37.455678811
362.767025577
916.245775528
1010.24749674
1145.12344422
1185.47444295
858.69588311
659.721593842
539.143596956
353.661055844
35.7241316132
928.895761059
1128.82444527
1326.25999679
1542.4012519
2856.90126825
2574.80170388
2288.88790764
1758.29161988
1699.87783582
1640.93484552
980.700570704
1032.03865735
1082.73655241
1349.23879014
1466.70942814
1472.02812736
1477.41874003
1876.00974318
1102.09972929
321.178390754
861.845834973
1099.92760681
1335.04047275
1574.24731688
3952.61086335
3594.7163084
3231.98270729
2755.26384521
2877.69159695
43.6007145691
1122.09912619
1134.59806696
1146.94114457
1530.02666796
1715.80327217
2015.26525799
2318.77623073
3060.09118698
1765.00255434
43.938511638
1037.93299156
1064.50567579
1345.80363683
1613.28442879
5295.73875411
4844.93421072
6076.36015816
3977.35883109
4321.46330415
47.1387654602
1265.64372715
1260.31605294
1225.64354786
1751.63761496
2021.14411323
2681.16883746
2916.80599713
4511.54586003
2577.59311408
48.6680031674
662.858957559
1014.1692475
1361.09865947
1714.89858487
2064.19170558
6621.55965086
6030.84469335
5440.02395826
4856.23743297
7038.22900971
1541.73354893
1438.96792775
1337.48380517
1233.98991345
1131.81435654
3627.45287145
4815.7081386
6004.17618314
7178.49453203
864.769074711
338.472867288
647.999571129
773.661057097
777.982783801
630.191112075
525.412602845
460.031418279
387.721451318
284.74307314
36.4649404567
277.582612241
593.982934133
704.551359434
629.858839014
548.297564621
485.203781691
423.134053929
360.080645148
263.361735311
35.0789747404
284.050230664
546.506273211
805.689460028
1008.51829095
1131.99095644
920.767351888
706.687820192
636.122614836
372.420828929
106.330007093
510.230779906
685.564339401
858.711470116
938.480799395
921.115271989
869.906040096
818.004414778
561.762225415
339.993298397
116.215230892
74.400725367
456.612209341
834.057474053
1212.70688299
1576.44224717
1270.93870104
961.304480828
856.135073951
450.078269771
44.9634333175
535.218978615
766.679298353
995.253282435
1211.83167859
1251.32524137
1210.64232611
1169.4093424
740.394482222
407.866968559
43.5862966446
360.722640378
346.419485888
868.831168664
1463.00257647
2121.25350677
1700.181
1463.14894561
1125.82776577
545.271261771
49.8565049647
308.655780269
866.110538359
1162.62711689
1546.90694986
1656.09875223
1628.31906381
1333.47514439
959.363055083
491.066951338
48.4844516803
-547.784903256
189.829826244
918.246418901
1661.08841283
2394.4678729
2310.15689852
1716.94102207
1123.6189202
537.36080897
-155.490406454
609.377503816
1007.40756363
1400.4741448
1801.3249297
2197.06956262
2221.85969106
2212.28848243
2202.71555991
2193.25661095
-57.9224013285
58.4612530288
157.424119437
255.152908012
354.817095924
-315.33875708
-332.458607956
-349.80993413
153.678212577
203.200273783
253.170985663
354.820516473
509.840216145
476.899736226
429.646015136
407.244993126
374.725554016
332.875876227
284.117382807
212.787228039
34.1714966584
-332.066586479
-9.86886133281
308.311022727
498.420515396
-516.072341009
-659.577602617
-805.023180375
-436.052290778
-895.896229079
-1359.90617516
60.7210346951
354.525906266
644.666998759
546.022615308
399.828050329
294.609280715
187.967861674
-693.933843519
-388.160292492
-79.6165516566
-677.962672901
-158.0426443
355.393924333
867.273549126
-693.864943917
-949.311569316
-1208.21205562
-958.38502232
-1869.38170304
46.2654411603
-25.5148894606
415.15179293
850.323313302
907.812692893
807.540315407
441.866400066
71.2482548347
-1475.95669509
-888.806448765
43.2497732906
-1101.96432722
-339.675023422
413.108448881
1180.79987876
-911.804263611
-1304.46933495
-1702.44358012
-1598.66385453
-3062.68647758
-4539.97257791
261.633044104
830.358214839
1151.49095241
1041.18539288
850.863364261
749.350339276
615.791952497
513.083051463
382.844527267
47.218410374
-1704.49299389
-597.784193753
495.123825871
1609.67555446
2710.02980423
-1809.16721242
-2404.77258861
-3000.4846181
-3589.10420287
-7028.72019746
-281.440857923
595.073779159
1460.65818227
2343.38442766
3214.86625357
878.887528464
-275.145417077
-1429.3850119
-2569.88242912
-939.506763207
-388.953190598
-317.365574438
-246.670663728
-174.575726626
-1230.44332576
-1162.72520233
-1094.09147088
-72.8339728422
124.281362104
323.182485553
-155.426381731
-11.9204851922
129.795877026
274.318758772
-649.69239793
-217.018479992
221.505566238
23.414915071
93.5852049582
164.391210463
-928.357970391
-548.340933058
-173.062749996
209.647359294
-2111.10418735
-2189.07014974
-2268.09027986
-1473.72670653
-2123.40132668
-2778.96174697
-374.324366754
34.1396419578
437.510059535
848.868735745
-104.68516887
-262.175554997
-421.79534834
-1909.22407077
-1092.88332606
-269.14685075
-1406.11648964
-752.919107835
-107.867169261
532.955583814
-2891.11809334
-3098.11853174
-3307.91779639
-2714.51741351
-4114.20599388
-5526.57521006
-568.205439204
74.9357545764
710.0569069
613.576443091
378.035519726
-302.171821429
-991.576158395
-3620.99002965
-2143.75545354
-653.137704968
-1991.75596484
-1003.69235434
-27.9500057796
967.115728677
-3847.26417164
-4212.43590321
-4582.54507471
-4235.48666723
-6554.54719884
-8894.61751966
202.555891152
797.723221967
818.057341775
785.997868177
691.519692972
604.0637731
533.804050542
400.224680009
302.006978233
43.1732984706
-2823.98048224
-1360.05433621
85.6164896938
1559.91706124
3015.43757027
-5795.93953636
-6393.85752285
-6991.88257676
-7582.78764749
-13680.782907
-1143.59442841
196.008088799
1518.90561521
2868.00151196
4199.91223918
-420.870418585
-2682.53856243
-4944.61169654
-7179.75297792
-1792.72346587
-857.492395553
-814.572557488
-772.187934526
-728.963935855
-2188.7547374
-2032.19299795
-1873.5144074
-310.040975835
41.6362784218
396.499592239
-483.739401187
-323.988320379
-166.229353129
-5.34616214405
-1266.71174832
-578.694902395
118.624530645
-149.983257337
6.14256541703
163.682827587
-1552.80336977
-1112.23707001
-677.164680477
-233.476213466
-3781.44577737
-3790.77798958
-3800.23638143
-2560.39512478
-3408.86331991
-4265.01830789
-829.910522762
-301.373723101
220.572164508
752.854553162
-633.019079363
-845.2490967
-1060.34864875
-3181.89446613
-1830.87999686
-467.625860351
-2168.65023265
-1375.88278109
-593.00122689
205.384340651
-5192.1149842
-5348.38183931
-5506.76155843
-4553.56594241
-6465.020107
-8393.79130515
-1136.51923044
-281.343651227
563.167794415
1424.40375815
-71.7484297183
-1081.33995451
-2104.58203622
-5867.30153678
-3457.95712345
-1026.78498395
-2923.55929038
-1699.06139468
-489.833122493
743.342439245
-6921.32239903
-7257.70268737
-7598.63113024
-6996.80758984
-10211.2768138
-13454.8678824
118.429548077
681.881288478
522.374860112
493.006448972
452.645772331
416.63661058
348.088234572
266.076315541
216.941665958
39.9084104385
-3996.32479346
-2158.315214
-343.225816245
1507.80921093
3335.26522431
-9970.94810302
-10571.2878902
-11171.7351784
-11765.0336448
-20646.9240712
-2046.45475001
-221.899566953
1579.9032122
3417.38849552
5231.46736556
-1781.99669383
-5203.59725064
-8625.8105034
-12007.2794752
-2686.22496368
-1325.57461349
-1311.29459257
-1297.19264508
-1282.81142574
-3146.13146553
-2900.81276317
-2652.17713825
-547.016620345
-40.9281978544
469.745189508
-811.732202431
-635.751782002
-461.965856781
-284.738313491
-1883.12929244
-940.018565785
15.8438394768
-323.212306837
-81.2147874497
162.975135629
-2176.63971993
-1675.58321411
-1180.77493805
-676.167588202
-5450.15820934
-5390.92361291
-5330.88811313
-3646.00366725
-4693.0715452
-5749.62545211
-1285.05232544
-636.559847134
3.84585860674
656.934017459
-1160.83768242
-1427.75394098
-1698.27913989
-4453.32356976
-2568.15686686
-665.911284594
-2930.44024278
-1998.23885032
-1077.66211181
-138.854474954
-7490.86761101
-7596.45036554
-7703.46069089
-6390.82076593
-8813.54136713
-11258.2108776
-1704.2787201
-637.275561965
416.421949379
1490.98665344
-521.09368498
-1859.74813045
-3216.50235018
-8111.42211693
-4770.87699433
-1400.06782822
-3854.45378691
-2393.75221085
-951.265744171
519.787405802
-9992.38236144
-10299.9992881
-10611.7754636
-9755.435274
-13864.4398585
-18010.6704313
258.791757147
839.111622394
531.441360888
437.74147614
375.445934218
331.468301057
282.561646101
219.725505271
167.969067596
37.9490449579
-5167.52566541
-2955.79751264
-771.649853313
1455.75218372
3654.78093629
-14141.8845991
-14744.6438249
-15347.5109849
-15943.2005125
-27606.2708498
-2948.43447201
-639.399618882
1640.84131554
3966.23963766
6262.0163706
-3141.7954024
-7722.19703879
-12303.4188742
-16830.0974724
-3578.85498995
-1793.17171558
-1807.50182977
-1821.65324587
-1836.08491348
-4102.51597773
-3768.53229931
-3430.03287062
-783.746665603
-123.407105111
542.914875752
-1139.38507513
-947.192135007
-757.395861998
-563.840905531
-2498.90798741
-1300.96775685
-86.830330783
-496.261823436
-168.481604006
162.268177115
-2799.82953217
-2238.34551175
-1683.86325884
-1118.40016191
-7117.14120399
-6989.41086088
-6859.95349227
-4730.48709559
-5975.94882957
-7232.69396394
-1739.72242358
-971.398587528
-212.65583426
561.112892866
-1688.10925942
-2009.65508292
-2335.54848606
-5723.43497664
-3304.66963028
-863.991207752
-3691.44074114
-2619.94991578
-1561.82069891
-482.7365248
-9787.23783296
-9842.18901542
-9897.88318573
-8226.17147643
-11159.6286427
-14119.6617934
-2271.44978935
-992.838588334
269.828190309
1557.50054287
-969.97324319
-2637.34957172
-4327.27028074
-10353.2169123
-6082.43616783
-1772.96380578
-4784.38351344
-3087.72305621
-1412.22014157
296.46406262
-13060.2595072
-13339.1428823
-13621.7970035
-12511.2039433
-17513.8168006
-22561.7513907
151.834828858
131.664267547
781.224889442
421.539870379
365.319551738
302.308903538
242.259202825
169.327272295
124.37358584
37.6665367739
-6337.51271618
-3752.45330839
-1199.62987588
1403.7491079
3973.9655053
-18308.4983773
-18913.6745341
-19518.959058
-20117.0371687
-34558.4050291
-3849.47939099
-1056.46697782
1701.71626322
4514.5219558
7291.49732467
-4500.18482882
-10238.1865746
-15977.2158075
-21647.9171478
-4470.55990314
3808.99054261
5376.86595002
6925.18977857
8504.17627014
11220.9691511
10100.9023689
8965.69130805
6306.19444807
2210.51134176
-1922.27706538
4836.4918248
4984.67417768
5131.00868031
5280.2411591
8444.00619963
8235.10981114
8023.38896149
5779.40460346
2497.75713285
-813.620791391
4093.69524878
5221.2018672
6334.64835402
7470.14528908
20258.8573001
15239.5458554
10152.3689474
571605.787878
12243.7450426
-552185.901007
6312.04323203
5489.21062019
4676.63882157
3847.97503057
6085.00105835
7682.7629928
9302.12806049
15549.2845536
9999.19569805
4398.82518956
4345.86227423
5083.32796527
5811.597378
6554.28927727
28263.8439464
19790.9158006
11203.4262851
1072299.71349
21130.3234634
-1039562.25364
7618.96019271
5936.08575499
4274.19694669
2579.39645959
3995.59650463
7193.54152513
10434.7255482
24202.6067951
16643.3269987
9015.56305841
4654.97024092
4914.32124678
5170.43811706
5431.62706926
38076.4082225
25370.0144431
12491.8191507
1686053.55778
32023.5486244
-1636991.33106
9220.98743484
6483.86817829
3780.88110006
1024.36466291
1434.39092266
6593.85069379
11823.0708556
34809.9050266
24787.7460123
14674.7901234
5094.22893043
4674.15380472
4259.31706205
3836.26498418
3418.60186472
33298.2072508
14322.6932229
-4656.21869459
-23409.170959
-2485969.49372
11497.5524631
7262.29583246
3079.85331802
-1185.41736396
-5396.3558076
5741.65845977
13795.9826084
21851.7490211
29811.6048679
22716.8496369
1151.43881152
1325.75885758
1497.9051135
1673.46051582
1977.88989338
1786.04535635
1591.60691406
1069.16185265
522.466815397
-29.1810669082
1071.62089243
1235.41911271
1064.26035552
1185.02381142
1374.65446442
1210.99236349
928.619148239
718.980253585
396.367573619
35.1324556602
1084.20104151
1298.01524487
1509.16316158
1720.79162657
3301.11895702
2704.08164717
2098.97187278
57656.8959613
1780.94063254
-54601.2291855
1235.71169817
1264.9934032
1293.90996215
1519.97731696
1678.58375638
1868.47394457
2060.93161352
2306.78615145
1450.41751081
586.290502352
1024.64758808
1273.44233075
1519.13457561
1743.66629423
4473.12184197
3517.19950475
2548.35226479
107777.460458
2895.58887058
990.85591116
1335.71624509
1345.29646601
1354.75722052
1624.9038138
1761.15177897
2211.17308804
2667.27907724
3498.43390362
2278.09351188
64.6448504287
951.646580645
1243.32069409
1531.35759925
1825.09872363
5909.77053965
4513.92462049
3099.20564854
169215.571776
4261.93187205
-162186.124048
2153.43554768
2125.94969139
2028.19892702
2864.16109272
3936.96688034
3351.5996726
5068.49082975
4986.72028077
3323.67488695
38.5995656442
847.908306922
1200.51626304
1548.72715915
1903.83394692
2254.41728282
5930.32346919
3881.99729913
1833.30434133
-190.997231337
-246382.998288
1632.50393272
1583.61523305
1535.33618084
1486.10102095
1437.49303262
3228.21570738
4466.76187279
5705.52982103
6929.54921165
2413.06589796
361.18018315
978.784141837
974.02313438
1221.7293242
1116.26086325
850.660001937
623.902949406
482.433022851
337.411974051
37.3259137857
332.075931624
761.711348481
873.008258928
952.154364472
796.066376461
621.913429575
523.851379075
422.355224569
303.489907647
35.3303030483
751.72515933
864.598583
976.064462657
1151.27107174
1427.70148978
1319.21786802
1209.26745318
878.04892959
625.055328634
369.769703753
674.900582169
798.320185366
920.200732531
1090.95306174
1191.78186249
1226.13647938
1260.95560062
843.812297591
505.985531999
165.098186903
657.734177835
852.542671168
1044.92188115
1321.37351093
1844.82593087
1719.34982994
1592.17718283
1221.22047962
881.094389909
45.1256820057
641.570674242
838.125953736
1032.23016727
1302.75369531
1514.30000582
1660.7426079
1809.16524153
1211.1265779
691.084749818
42.9786557396
542.519426325
837.764456664
1129.32774899
1426.66509634
2356.13976187
2209.83417037
2061.55039982
1641.88237965
1194.94872309
743.966020892
525.48247289
595.101633063
1091.4982044
1502.27834313
2135.22115293
2082.61823805
2039.227146
1396.62134205
705.96717012
47.8310908507
378.793200494
816.763836053
1249.27292959
1690.34733767
2125.80321373
2906.83823308
2728.55444502
2550.2387322
2374.04601551
1036.81531257
542.656108782
956.259201801
1364.70461874
1781.23879847
2192.46704665
2950.54144092
3436.1099823
3921.76547301
4401.63883319
169.991831238
312.650836337
694.588838116
751.168840631
747.378706826
624.966436414
510.654455136
443.553375924
377.6186615
274.567852982
36.0926593819
222.15590122
611.345533043
711.551363648
629.802280199
534.002904257
472.044069459
407.290564797
327.31686326
238.931053564
34.4129057821
434.061513306
450.491201277
466.71600923
607.123403815
-362.252774754
-3.9484153355
359.200531157
-53371.2260756
-479.333770548
52891.7385699
139.074336157
352.43787082
563.140738728
681.042399201
726.667630778
612.415989858
496.619567224
-553.984154296
-396.370764769
-237.329459048
307.167240744
450.394642879
591.835983549
917.894424402
-666.375953823
1.59671368001
678.600953548
-100587.799398
-1043.65172227
-858.471026351
-21.6498019579
353.550552279
724.072116811
994.955786681
1278.44580258
1134.83452682
989.281501503
-974.278209636
-825.220692602
22.2777184107
441.634089463
1075.39937173
1536.02421407
1622.39492905
1523.88021257
1228.09333849
939.473193706
719.093346637
478.586872541
50.0553151883
370.783107626
1088.90862011
1239.54807715
1537.87147853
1584.08557908
1208.98368989
1024.60071468
743.745730815
463.258479514
46.9046546815
-69.422213311
450.108082474
963.159778302
1486.37183657
2002.91906993
18.053225597
1626.49898129
3235.23275663
4824.81322501
237433.75205
-498.637566685
356.852703704
1201.67491629
2063.22780132
2913.80597919
2685.23792683
2451.37498388
2217.47016378
1986.35017413
-1973.15034695
305.840887585
36.7499901697
-228.985314144
-499.983181716
-963.136066579
-859.632522781
-754.729520904
-597.192874693
-14.6466978781
573.177121416
-58.8433766135
-38.0730552686
-17.5617421164
3.35577254988
-596.968430355
-667.33636877
-738.655743013
-571.655337067
-114.642011513
346.511677563
126.619661638
49.7089845512
-26.2426079287
-103.698328966
-2094.60981459
-1284.53779756
-463.512901176
-105874.865595
-1548.18579017
103723.653281
-379.510070048
-79.0968235839
217.57023664
520.112425782
276.519864662
18.443824433
-243.121628681
-1906.80225231
-1269.69100212
-626.807771037
-32.1191384872
61.1869510035
153.329503291
527.39850514
-3096.77227712
-1660.88246951
-205.578180846
-199120.80429
-2906.46327192
195085.503593
-663.529141376
-115.432161235
425.829989253
697.062212287
1050.18092596
625.849138413
195.780015442
-3089.36094867
-2292.7343938
-1488.89071123
272.960240481
1077.92283084
1381.97517689
1392.29522315
1324.87118135
1076.25147818
1050.71045019
854.738565513
446.930513485
46.1968266156
255.200599499
1317.28904795
1629.17806447
1312.52320889
1222.56843343
1076.48092061
960.498515107
569.933786066
371.024318605
43.3810834891
-503.214932406
95.2505933779
686.253188201
1288.95986784
1883.98909735
-2777.77633466
559.905505296
3898.18501412
7196.71954268
466223.898069
-1506.42444983
-223.266066521
1043.89119056
2336.14295
3611.93363679
2428.47136055
1498.32683026
568.015741723
-351.219223388
-4047.33040469
21.5341585769
-396.640258771
-809.599995119
-1230.73789485
-1951.96710191
-1749.16169798
-1543.6141883
-1157.45425719
-195.234873113
775.70184548
-456.136348815
-445.706464359
-435.40664171
-424.902843649
-1330.71096985
-1389.83629107
-1449.76103815
-1087.09123197
-326.657691326
440.66508234
-195.338117782
-369.996243698
-542.476363564
-718.372241619
-3908.76043423
-2625.59046041
-1325.07091072
-160857.474824
-2667.50386902
156955.606885
-922.579541421
-531.006513819
-144.316444959
250.031548593
-194.881717144
-603.572854102
-1017.78985126
-3323.49392403
-2184.24522697
-1034.67537846
-387.424991128
-346.397258919
-305.881147045
-264.562663042
-5641.92024285
-3401.85593571
-1131.50400771
-302306.06447
-4857.22783682
295286.37992
-1335.71494059
-606.557986198
113.506300734
847.83058172
811.138478106
92.8319043595
-635.186800012
-5304.30773699
-3829.53704425
-2341.40550087
220.149013694
1114.52116558
1217.79357027
1055.54901453
1078.9455314
1017.0064822
888.615799426
474.03501585
306.606324647
42.8039381268
191.11165924
993.887066247
1244.78605608
1049.63642499
1116.62351751
1199.53098045
1035.69597067
467.370198812
278.671021602
41.4507379994
-957.489260414
-276.361562156
396.272398756
1082.22705402
1759.44382263
-5705.61153982
-557.047392335
4592.4386934
9680.61588561
705816.416023
-2561.79418972
-830.775259064
878.65767505
2621.94384133
4343.02352962
2159.58151012
500.28031982
-1159.31799666
-2799.15742172
-6219.44328353
-262.495273502
-829.60780303
-1389.64837691
-1960.77987059
-2939.8336866
-2637.82327602
-2331.72942159
-1717.16919197
-375.646912711
978.029038221
-853.041823606
-852.942290553
-852.843998689
-852.743760274
-2063.73785778
-2111.63152724
-2160.17276084
-1602.02439945
-538.466582867
534.726655136
-516.981877537
-789.292114871
-1058.20661358
-1332.44663561
-5721.14163252
-3965.33513527
-2185.78860462
-215786.457083
-3785.73022743
210135.64101
-1465.11933311
-982.475436542
-505.85016247
-19.7859067701
-665.823520133
-1224.98285225
-1791.70250565
-4738.80383369
-3097.90744663
-1442.14517455
-742.384298254
-753.583933931
-764.643908919
-775.922913209
-8184.5858132
-5141.13135347
-2056.52673815
-405390.683501
-6806.08973475
395389.525899
-2007.24512725
-1097.20479442
-198.512764675
717.976763477
572.329178925
-439.665454407
-1465.34313677
-7517.09418973
-5364.8407831
-3193.08879513
153.805392016
1483.39251289
1253.82911377
1116.18086272
1125.12689116
1116.53652965
955.325883791
406.54320979
252.488291925
41.6680642784
157.605161005
1582.18802344
1031.79440252
1175.44090368
1026.88859584
1052.77477072
958.419882677
406.613434289
222.603257647
39.268096316
-1411.32051457
-647.611267915
106.574440401
875.695875863
1635.02002242
-8630.59109779
-1672.9108764
5286.01523634
12162.0895746
945175.248796
-3616.13458082
-1437.69192102
713.585319101
2907.4659784
5073.40035815
1890.95391985
-496.792751706
-2884.96699004
-5244.70803764
-8389.4376046
-546.23034024
-1262.12662394
-1969.0956022
-2690.06523792
-3926.67645597
-3525.56385385
-3119.02785992
-2276.30404364
-555.871975028
1180.14654103
-1249.53594942
-1259.7560615
-1269.84872765
-1280.14126674
-2796.00504378
-2832.67870185
-2869.84821973
-2116.4238952
-750.055957734
628.690743433
-838.292288828
-1208.15343188
-1573.40236579
-1945.88460888
-7531.64449657
-5303.69131178
-3045.61425907
-270658.511479
-4902.79766692
263260.559865
-2007.09684185
-1433.47646127
-867.009189952
-289.323725947
-1136.27724362
-1845.74882713
-2564.8130845
-6152.64692993
-4010.62275565
-1849.19267292
-1096.97572901
-1160.34860463
-1222.93121353
-1286.75319459
-10724.6161897
-6878.6042031
-2980.59078404
-508368.466635
-8752.93185117
495388.925952
-2678.07934656
-1587.34310106
-510.208456561
588.257524467
333.767379378
-971.610938091
-2294.63910758
-9727.58733212
-6898.55334808
-4043.88941312
188.427076182
1158.95345439
1398.88001448
1412.98542205
1340.67552932
1374.60423857
1345.94272396
271.915469322
190.618595978
39.2350558656
169.45341479
1164.69773465
1088.81856119
1037.53105632
1031.19006838
1056.5744159
968.755026544
753.815007223
171.874731763
36.3715456817
-1864.68142244
-1018.47621409
-182.823277807
669.378744606
1510.72517382
-11552.5392354
-2787.6178904
5978.87296331
14640.9914883
1184286.0124
-4669.38226379
-2043.97958045
548.684042537
3192.69220311
5803.02023123
1622.60473261
-1492.8324664
-4608.82753759
-7687.7241087
-10557.1829647
2233.72250581
4944.64919368
7621.77032745
10351.9085767
11864.3308554
10651.1858736
9421.63811479
9762.42313924
3278.41123334
-3264.34330625
5783.02691691
6136.05443779
6484.67966664
6840.2089925
9934.9613377
12230.7602736
14557.600411
9398.829498
3824.48480322
-1800.36129304
1421.50326644
4042.57089572
6630.95352324
9270.59590847
22047.3271526
12932.3564993
3694.14350235
1131295.67181
10771.780766
-1119903.62224
7384.80298261
6810.17779735
6242.71825137
5664.02086191
5764.70152919
8443.22903936
11157.9725749
17326.2970978
11997.8818513
6621.19322873
702.109083001
3243.58726038
5753.37292523
8312.86183089
31066.5524444
14952.8219107
-1378.78029725
2124653.69205
17408.7652092
-2108926.98358
8803.51892652
7407.25848724
6028.40956927
4622.25423196
2071.04284164
5088.55851763
8146.87363426
24347.7684004
19237.1763795
14080.2843766
-179.728948311
2264.18796545
4677.62896637
7138.86521967
42122.3769956
17429.5214472
-7597.20301933
3342318.36203
25544.423559
-3321278.20071
10542.5900836
8139.16384904
5765.70860411
3345.24997589
-2456.66780761
976.381749067
4455.84912643
32954.733223
28111.1503174
23223.6864288
-1432.86720333
872.410020021
3148.94018273
5470.55424583
7762.59492474
20949.0418411
-16433.9089928
-53823.5538819
-90768.0441053
-5044093.08821
13013.9017278
9179.23988949
5392.39670626
1530.55971726
-2282.08408723
-4867.23786942
-789.290963647
3289.3861681
7319.50327312
36216.9419767
1347.20400741
1490.06780712
1679.4636708
1883.48476051
2335.96999683
2148.8054978
2714.8268152
1505.6458882
674.845525288
37.2322125526
1292.26212341
1432.41153421
1440.17539252
1657.90039039
1985.24914782
2104.41523044
1928.76656556
1383.61120104
678.228156927
35.1602356681
1239.50632197
1467.20604447
1692.06632638
1899.18200123
3745.33664579
2833.36159046
1909.05583791
113555.500303
1862.00342926
-110843.393217
1490.72282564
1497.94814905
1505.08337189
1690.71584378
1890.45808461
2264.91976177
2644.44448701
2737.56255971
1798.73529234
851.402613949
1187.44934119
1446.9570547
1703.22867846
1913.08527158
4993.63282059
3439.6827011
1864.72182228
212799.65707
2913.4861442
1938.11110775
1549.33336398
1555.99486505
1562.57329647
1719.78095964
1806.50028577
2407.08091809
3015.78192375
3936.77662025
2791.18446941
85.3511892194
1307.55870424
1422.13571239
1716.91156166
1930.12799008
6523.80232518
4182.91503027
6951.88414244
334453.78472
4202.40043994
3032.55653226
1498.74871737
1627.14890402
1633.04481692
1755.40916618
1703.58427429
2581.34298068
2929.69961704
5406.78095252
4007.73507357
114.249010961
1032.95765629
1386.86327859
1736.35565884
2092.76930897
2444.64286005
5239.08728751
1733.14990491
-1773.41527561
-5238.23189565
-499804.225586
1723.2743165
1728.26253834
1733.18855651
1738.21212846
1743.1717087
2828.9785433
4117.81560698
5406.88345892
6680.60389127
3961.36272121
1024.98014051
1108.42062159
1022.98337484
1140.45707765
1283.31796827
1209.49934819
935.686948657
593.472907801
387.21486512
37.5565481281
369.835619351
912.773443507
882.880414291
1073.78778932
1106.9993851
985.700499778
695.501426086
498.124607398
330.643352967
36.2794130887
1219.400088
1182.69089279
1146.43946529
1294.02385253
1723.41202312
1717.66838414
1711.84708617
1119.97524434
877.689828339
633.209400412
839.570384432
911.076031331
981.689994946
1243.42532409
1462.44845299
1582.36691867
1703.90678647
1125.86236977
671.977765601
213.981142915
1241.0676303
1248.47313299
1255.78628825
1430.04013886
2113.20961456
2167.76095885
2223.04988483
1586.30588528
1312.11051005
45.2879306938
747.922369869
909.572609119
1069.2070521
1393.67571203
1777.27477026
2110.84288969
2448.92114067
1681.85867358
974.302531077
42.3710148345
1223.17003768
1329.10942744
1389.82432931
1596.76978016
2591.02601697
2719.48734074
2987.32923746
2157.93699353
1844.6261844
49.7393327771
983.450031614
907.729704471
1176.48602538
1577.85360693
2163.19090111
2758.65214448
2847.61616025
2363.40252987
1344.89417908
45.8783006882
1305.37130424
1443.69784586
1580.29944028
1719.6062625
1857.13855456
3503.51956764
3740.16786796
3976.8585442
4210.73122206
2229.12103159
475.934713747
905.110839972
1328.93509268
1761.15266725
2187.86453068
3679.22319077
4659.93148217
5640.81538612
6610.02105542
397.906063804
318.620462712
806.247267247
942.10645449
979.780891777
952.555792349
866.258161737
603.980290433
465.186420944
310.43150776
35.4522490315
288.894525423
725.840626519
883.658658283
890.901687048
744.345884545
641.348536817
496.152496995
405.040599668
282.49697645
34.2924369031
1200.18961309
910.851263886
625.120995734
715.826292234
-208.4332085
651.680771946
1523.42424269
-106306.39986
-62.7713120168
107143.383315
217.427637618
350.349835373
481.614478696
816.062183094
1053.50721123
930.222699002
805.271272773
-414.034465073
-404.581237047
-395.04236644
1292.29715439
1058.83193006
828.278042766
968.515299679
-638.88696373
952.504996676
2565.41396272
-200217.213774
-217.921741493
-1763.20749386
-17.7847144552
291.949311627
597.820920321
1082.09888047
1749.35128976
1827.80265357
1907.31474817
-472.599724181
-761.634936438
1.3056635309
570.608886239
554.962010978
1138.43588241
1729.41157794
1923.62100493
2077.1001054
1507.6047238
1145.5760045
681.714557159
49.5308988399
525.269921868
455.486900475
1216.23665184
1895.37538076
2192.92611151
1799.67631423
1353.66379283
854.120718644
539.306681644
45.789247724
1565.64856727
1498.0003587
1431.19573073
1363.06811867
1295.80833563
1845.27366362
5657.77055119
9470.95013137
13238.7306529
481896.224297
-715.834275448
118.631628249
942.691650304
1783.07117498
2612.74570481
4491.5883252
5177.89538484
5864.32533946
6542.58277739
-3006.7939307
1000.63496577
390.865554777
-211.299964561
-825.390636807
-695.828807397
-556.53984323
-415.367570927
-1121.55177654
-153.57475786
823.171757279
37.7396285041
-64.2256253451
-164.919361259
-267.607213672
-544.244462779
-1117.65425755
-1698.81705226
-1166.7255892
-322.869227985
528.632144662
1181.59729367
647.75890216
120.577534138
-417.044017226
-2078.11544183
-380.005445383
1341.06447751
-210276.004483
-972.97025367
210226.268309
-384.695773342
-192.333289126
-2.36958625485
191.356115819
657.724898193
299.063203862
-64.4479090216
-1904.38043386
-1446.49867817
-984.468691324
1341.87821266
875.293009842
414.526175843
521.841426467
-3302.42646089
-223.64640729
2896.7614347
-395527.091166
-1698.72054996
395697.582397
-758.852843548
-305.800077046
141.603071606
780.547981484
1722.3263322
1553.87009825
1383.13618928
-2557.73186769
-2441.71333405
-2324.64371748
1538.35159724
1154.205787
774.850317287
387.982175663
-4803.19480685
-31.9804896281
4803.74480157
-622609.068391
-2588.34994541
623049.515795
439.162272559
1155.83360274
1473.98476731
1612.60935324
1431.93553073
1321.34224649
1215.61949653
851.900765755
475.618581145
44.9223504305
1817.55061742
1550.55552296
1286.88988671
1018.00267445
752.540624427
240.38686705
7513.66853345
14788.252605
21976.2267328
946128.579046
-1869.25447126
-642.54022184
568.876765902
1804.28438803
3023.95503439
5277.81313968
5679.19222294
6080.64317999
6477.31453115
-6301.93734351
900.560712707
21.2920399467
-847.012055711
-1732.51185384
-1715.17946643
-1466.130398
-1213.71396921
-2004.86753854
-432.106024647
1154.90409872
-428.533296443
-567.424608338
-704.583930291
-844.459525153
-1394.71019137
-2200.97767975
-3018.14660695
-2024.19920661
-659.457948069
717.647337092
1162.12713421
372.244582611
-407.788046652
-1203.26826977
-4036.07509109
-1460.40293124
1150.09456
-319154.554524
-1926.14441813
318176.232078
-1015.24856008
-760.639304536
-509.205054427
-252.791455977
243.255645076
-361.896611504
-975.231053768
-3465.09338193
-2537.61045708
-1601.72489656
1393.8002504
683.088263256
-18.7610671994
-734.509666735
-6091.72550151
-1455.3300321
3243.75354301
-600058.562997
-3249.43556665
598966.551145
-1534.91065073
-931.772321169
-336.155192947
271.257405293
1694.02538593
1267.00376323
834.208436195
-4741.31393721
-4201.11696505
-3656.02601779
1677.78665088
1064.12245243
458.110714065
-159.902346884
-8611.55503686
-1449.11163962
5810.17423187
-944392.508867
-4871.53439386
943161.135807
286.555910881
1257.49691901
1753.28257784
2260.42142771
1986.80358303
1928.04686554
2586.67819295
1476.83245169
411.299919334
43.361449942
2081.34627263
1605.59208969
1135.77061376
656.644897114
183.622420939
-1440.27497661
9457.19310551
20356.6125652
31126.265416
1432279.75612
-3077.13362943
-1439.65095118
177.412137897
1826.49918713
3454.57969369
6101.15971406
6204.15789028
6307.17451008
6408.96463177
-9752.66160339
800.584066491
-347.921013486
-1482.10410874
-2638.74831543
-2733.53590767
-2374.83378887
-2011.28170494
-2887.3217636
-710.365627568
1486.31288693
-894.35144478
-1070.1327991
-1243.7221406
-1420.74920706
-2244.34642312
-3283.2444887
-4336.18936116
-2880.83649206
-995.718378285
906.478174643
1142.67596486
96.9989843646
-935.638289118
-1988.72568302
-5992.1250557
-2539.74665763
959.310903897
-427926.910499
-2878.38890967
426020.907472
-1645.18634079
-1328.39102595
-1015.54618355
-696.505830999
-170.809357844
-1022.21176352
-1885.12587142
-5024.28409762
-3627.65802639
-2218.37906451
1445.67164627
491.070982461
-451.625706027
-1412.99135146
-8878.30401538
-2685.81234139
3590.40721458
-804390.546235
-4798.63810238
802037.262675
-2310.2115344
-1557.13402687
-813.447478729
-55.0331264902
1665.75204283
980.417221634
285.816076632
-6922.76626254
-5958.80457186
-4986.10976205
1817.08570735
974.126980128
141.680040989
-707.252493421
-12416.2008047
-2864.86059891
6815.62204702
-1265862.09972
-7152.49195152
1262960.5368
193.493016945
1512.53867968
1216.34414418
1264.49800109
1338.92068937
1253.31556403
1355.09006034
1239.99491792
333.413735163
40.3900223028
2344.88463626
1660.57497681
984.798734116
295.639568008
-384.740891459
-3119.29759643
11398.8220721
25919.5414576
40267.3796616
1917956.76844
-4283.83468963
-2235.98422315
-213.670677338
1848.69231915
3884.7843457
6923.70324211
6728.61153537
6533.48489415
6340.68139707
-13200.0202193
700.711035099
-716.751418103
-2116.53795854
-3544.04556237
-3750.83693421
-3282.59540838
-2808.02284922
-3768.86142168
-988.336844944
1817.3782063
-1359.68682372
-1572.31998799
-1782.30159331
-1996.44162794
-3093.10210014
-4364.38964686
-5652.86610869
-3736.58596696
-1331.63031146
1095.11330975
1123.24495451
-177.961352021
-1462.94147273
-2773.36905586
-7946.14778916
-3617.97176269
768.72497412
-536586.535862
-3829.64650427
533753.813694
-2274.47126012
-1895.554335
-1521.36254565
-1139.76034476
-584.445227824
-1681.84257135
-2794.07768294
-6581.85888322
-4716.57588102
-2834.39413808
1497.48928313
299.252706508
-884.041728154
-2090.76986437
-11661.9945464
-3915.01939079
3936.70161765
-1008510.76179
-6346.23505968
1004897.5137
-3084.70890378
-2181.84761379
-1290.24510343
-380.985493941
1637.50800195
694.127695541
-262.007934426
-9101.9577519
-7714.67052834
-6314.81502045
1956.24039564
884.224778254
-174.422686417
-1254.03537159
-16216.9034746
-4279.14228975
7820.02782584
-1586998.52261
-9431.08554696
1582428.5008
151.285265186
1767.34522596
1739.16791918
1804.99129155
1856.57025726
1758.09775082
1584.7721974
1285.47517632
225.883066665
38.3420474259
2608.1498713
1715.50088021
833.983320262
-64.9916186874
-952.515157649
-4796.58009353
13338.4387533
31476.7049846
49399.0201454
2403130.42983
-5489.28513659
-3031.49218308
-604.348178149
1870.86245042
4314.5431378
7745.39429404
7252.52164182
6759.56073233
6272.46893045
-16643.8060262
658.454469002
4512.43243734
8318.35087633
12199.6408832
12507.6925597
11201.4693783
9877.58492154
13218.6518304
4346.31112492
-4606.40954711
6729.56200901
7287.43469791
7838.35065298
8400.17682591
11425.9164758
16226.410736
21091.8118605
13018.2543925
5151.21247359
-2787.1017947
-1250.68871589
2863.93992424
6927.25869246
11071.0465279
23835.7970051
10625.1671432
-2764.08194272
1690985.55573
9299.81648938
-1687621.34348
8457.5627332
8131.1449745
7808.79768117
7480.06669325
5444.40200003
9203.69508592
13013.8170892
19103.309642
13996.5680045
8843.56126791
-2941.64410823
1403.84655548
5695.14847246
10071.4343845
33869.2609424
10114.7280207
-13960.9868796
3177007.67062
13687.206955
-3178291.71353
9988.07766034
8878.43121948
7782.62219185
6665.11200432
146.489178647
2983.57551014
5859.02172035
24492.9300057
21831.0257604
19145.0056948
-5014.42813755
-385.945315887
4184.81981568
8846.10337009
46168.3457687
9489.02845122
-27686.2251894
4998583.16628
19065.2984936
-5005565.07036
11864.1927323
9794.45951978
7750.53610816
5666.13528886
-6347.72653788
-4641.08719565
-2911.37260279
31099.5614194
31434.5546225
31772.5827342
-7959.9633371
-2929.33376468
2038.56330341
7104.84350749
12106.5879847
8599.87643139
-47190.5112085
-102990.889069
-158126.917252
-7602216.68271
14530.2509925
11096.1839465
7704.94009451
4246.53679847
832.187633145
-15476.1341986
-15374.5645357
-15272.9766849
-15172.5983216
49717.0343165
1445.12185354
1654.37675666
1861.02222811
2071.76006082
2694.05010029
2511.56563925
2326.61382933
1942.12992375
827.224235179
-297.782066628
1300.80719972
1574.83852213
1449.37370988
1856.38879903
2507.45335028
2152.81264324
2106.49343728
1612.08176432
547.399124202
34.5691113535
1394.81160242
1636.39684407
1874.96949117
2118.26677827
4189.55433456
2962.64153375
1719.13980305
169454.104644
1943.06622598
-167085.557248
1745.7339531
1730.9028949
1716.25678163
1701.32061996
2102.33241285
2661.36557897
3227.9573605
3168.33896798
2147.05307386
1116.51472555
1350.25109429
1620.47177864
1887.32278132
2082.50424893
5514.14379921
3362.16589745
1181.09137977
317821.853682
2931.38341783
-314811.872408
1762.95048288
1766.6932641
1770.38937242
1814.65810548
1851.84879258
2602.98874815
3364.28477027
4375.11933688
3304.27542695
2223.73008641
1295.62853594
1600.95073069
1902.46552407
2209.95144981
7137.83411071
3851.90544004
521.548151233
499691.997664
4142.86900784
-495895.742605
2985.06784592
2874.09400216
2006.29404618
2078.88344405
2266.43430437
2116.42197273
2811.7400181
5312.39860909
3316.66499802
46.273851845
1218.00700565
1573.21029413
1923.98415852
2281.70467102
2634.86843729
4547.85110584
-415.697489319
-5380.13489254
-10285.46656
-753225.452884
1814.04470029
1872.90984364
1931.04093218
1990.32323596
2048.85038479
2429.74137923
3768.86934117
5108.23709681
6431.65857088
5509.65954446
1532.02945815
1338.63114682
1147.64453371
952.875663911
1609.88139637
1551.54272086
1492.41525564
696.348636043
438.45076111
178.216431431
919.809044719
1017.38707063
908.099581599
1119.57666002
1502.1311155
1270.35563138
1028.63942487
655.470562549
388.348027975
35.1607315165
1687.07501666
1500.78320258
1316.81446792
1129.20245708
2019.12255646
2116.11890027
2214.42671915
1361.9015591
1130.32432804
896.649097071
1004.24018669
1023.8318773
1043.17925736
1062.90978867
1733.11504349
1938.59735795
2146.85797232
1407.91244195
837.969999203
262.864098926
1824.40108277
1644.40359482
1466.65069535
1538.70676679
2381.59329826
2616.17208775
2853.92258683
1951.39129095
1743.12663019
1532.97517235
854.274065496
981.019264501
1106.18393693
1484.59772876
2040.2495347
2560.94317147
3088.67703981
2152.59076926
1257.52031234
354.340864136
1992.73626058
1820.45439822
1650.32090963
1476.81813503
2825.91227207
3229.14051111
3637.82074721
2673.99160741
2494.30364571
2312.98778076
1195.13956539
1096.36763019
1319.98749537
1726.84134383
1945.38029903
2388.94024136
7765.28297967
3677.51889968
1760.25226386
46.0883428895
2231.94940799
2070.63185567
1911.32595098
1748.86518734
1588.4738954
4100.2009022
4751.78129091
5403.47835621
6047.4164286
3421.4267506
409.213318713
853.962478142
1293.16556661
1741.06653602
2183.26201472
4407.90494062
5883.75298203
7359.86529922
8818.40327765
625.82029637
1615.06521512
1036.95241759
466.048750266
-116.160967158
574.01382868
634.290081305
695.381321374
-493.931463086
66.9976546797
633.008572751
322.459079655
634.942884665
793.455100591
945.179849165
1135.98187875
823.806448752
609.264438671
479.759518767
318.008879501
34.902879203
1966.31771288
1371.2113265
783.525982237
184.202247259
-54.6136422449
1307.30995923
2687.64795422
-159241.573645
353.791146514
161395.02806
295.78093908
348.261799927
400.088218664
452.940996348
1380.34679168
1248.02940815
1113.92297832
-274.084775851
-412.791709325
-552.755273832
2277.42706803
1667.26921724
1064.72010198
1019.13617496
-611.397973636
1903.41327967
4452.22697189
-299846.628149
607.808239282
303784.24532
-13.9196269526
230.348070975
471.56972383
1169.24197426
2220.25677693
2520.77078033
2825.34799484
29.0787612732
-698.049180274
-1431.76461903
2658.78692274
2030.17888976
1409.40966812
776.346869965
-1293.90779921
2634.1205757
6615.25931612
-472201.21109
919.184030416
478325.866478
858.238073713
1031.46390465
1243.96856339
1382.11491092
1552.10004528
2025.84379379
1736.04289916
1074.80985941
605.572325131
47.3323920197
3200.71934786
2545.89263493
1899.23168316
1239.76440078
588.697601325
3672.49410164
9689.04212108
15706.6675061
21652.6480808
726358.696544
-933.030984211
-119.589447206
683.708384323
1502.91454863
2311.68543043
6297.93872357
7904.41578579
9511.18051514
11098.8153806
-4040.43751445
1695.42904395
744.981119385
-193.614614977
-1150.7980919
-428.521548215
-253.447163679
-76.0056209492
-1645.9106784
-292.502817842
1073.16639314
134.322633622
-90.3781954216
-312.276980401
-538.570199894
-491.520495204
-1567.97214633
-2658.97836152
-1761.79584134
-531.096444456
710.752611761
2236.5749257
1245.80881977
267.397676205
-730.389705485
-2061.62106906
524.526906797
3145.6418562
-314677.143372
-397.754717167
316728.883336
-389.881476636
-305.569754667
-222.30940915
-137.400194144
1038.92993173
579.682583292
114.225810638
-1901.9586154
-1623.30635423
-1342.12961161
2715.87556381
1689.39906868
675.722848395
-358.027991806
-3508.08064467
1213.58965493
5999.10105024
-591933.378043
-490.977827997
596309.6612
-854.17654572
-496.167992857
-142.623846041
217.921810949
2394.47173843
2481.8910581
2570.49236312
-2026.10278671
-2590.69227431
-3160.39672374
3303.40537828
2233.15485767
1176.25047882
98.4153991562
-5281.16012445
2058.24721716
9496.88973971
-931795.859253
-605.251318693
939021.582453
951.105977691
1096.5669936
1468.16846241
2354.75885677
2116.23527507
1600.62565553
1628.21717871
1184.97406968
547.089287264
46.1085188149
4138.31616725
3005.86045255
1887.52658522
747.045481049
-378.907848496
3258.55006875
14467.4315616
25678.3201959
36755.733923
1426033.26002
-2232.08449268
-1061.81437716
93.8623412476
1272.42582606
2435.976432
8127.15491881
9860.05761563
11593.2706182
13305.8482857
-8556.54428232
1779.58726684
439.224338664
-884.424116304
-2234.28581284
-1478.39183095
-1183.09909803
-883.813750116
-2852.28081989
-668.977176182
1534.10635196
-400.930244071
-689.142752318
-973.761218873
-1264.01620666
-1458.7094129
-3012.11906843
-4586.53217575
-2961.30718124
-992.258204811
994.629591844
2519.5923862
1114.48540892
-273.09972974
-1688.16429792
-4163.38974796
-295.215402065
3625.26003072
-477451.634224
-1184.78496724
479396.85727
-1107.91757874
-990.272095254
-874.093663894
-755.614460547
681.393007296
-120.220368906
-932.672256275
-3606.69283982
-2890.97568718
-2168.77441466
3175.02549192
1712.57378543
268.359012646
-1204.45667043
-6541.53076016
491.1958715
7619.01109374
-897811.061524
-1641.64329647
902646.72237
-1734.10636087
-1256.98665614
-785.816686627
-305.315771134
2576.91229376
2441.1756221
2303.6036724
-4178.32013742
-4572.69688586
-4970.64653471
3978.45962151
2445.71437599
932.082632344
-611.524739949
-9456.67135577
1455.18388426
12514.5769129
-1413090.35951
-2201.66318391
1421469.13765
1333.17793336
1790.6305426
2134.37961861
2113.01287235
2080.41966781
3798.61995887
2045.46268689
1607.82418455
559.063726624
44.3385844739
5120.18180567
3487.54574153
1875.26882876
231.062740205
-1392.19898075
2825.0615866
19471.4336033
36120.786437
52571.9149464
2158743.09621
-3592.47306914
-2048.52664329
-523.833399255
1031.05453293
2566.13585775
10042.737918
11908.0354607
13773.6670168
15617.0866853
-13285.8799232
1863.66340648
133.765776057
-1574.55984057
-3316.71676028
-2527.23812875
-2111.84430172
-1690.83398828
-4057.47433522
-1045.08434243
1994.59673565
-935.661065955
-1287.32330766
-1634.6002825
-1988.75465384
-2424.95498846
-4454.85745016
-6512.20596148
-4159.64858467
-1452.9701737
1278.22969415
2802.33380725
983.2900836
-813.069964655
-2645.00473044
-6263.10847888
-1114.15817999
4104.41041241
-640067.363914
-1971.0475919
641906.173934
-1825.25334847
-1674.30661536
-1525.24220462
-1373.22575523
324.204804445
-819.440674794
-1978.54923719
-5309.76436154
-4157.40860616
-2994.61295447
3633.72759079
1735.72589885
-138.607503134
-2050.05978972
-9572.02221757
-230.49332932
9237.34116731
-1203390.40897
-2791.18647001
1208684.99945
-2613.17794155
-2017.06325933
-1428.38219278
-828.043016457
2759.17490673
2400.49989768
2036.97529004
-6328.43833534
-6552.76836063
-6779.13072897
4652.85545448
2658.06657562
688.152933568
-1320.77244303
-13628.1100263
852.708745698
15529.3208023
-1893915.43194
-3796.51799802
1903446.14041
297.665645132
1563.6676272
1840.2809669
1966.55343558
48.8031132846
2533.03880465
2209.23571782
1738.65213473
1122.87357721
41.3175835746
6101.0897871
3968.76122154
1863.02302783
-284.416739847
-2404.50180533
2391.99590493
24470.5550206
46553.0676789
68372.6697487
2890738.28809
-4951.53479844
-3034.27652529
-1140.92667378
789.918659896
2696.16833325
11956.4525644
13954.0158225
15951.9367783
17926.0708318
-18010.6028339
1947.65241044
-171.376212268
-2263.98031488
-4398.02588681
-3574.99741245
-3039.62696292
-2497.01783852
-5261.41879972
-1420.80171486
2454.60987158
-1469.83769802
-1884.88391448
-2294.75445896
-2712.74198915
-3390.19915651
-5896.10059187
-8435.88399764
-5356.74803872
-1913.20466519
1561.53587607
3084.78219785
852.230727841
-1352.48057967
-3600.85350283
-8360.65108174
-1932.25221359
4583.06420731
-802514.560245
-2756.49534163
804247.067522
-2541.84567838
-2357.63220874
-2175.71590134
-1990.19696357
-32.6132120274
-1517.93631556
-3023.34228138
-7011.0708365
-5422.52900639
-3819.59560325
4091.95429527
1758.85401765
-545.152242776
-2894.78653416
-12599.3729031
-951.434578472
10853.9940193
-1508653.05695
-3939.53826819
1514406.10144
-3491.33846099
-2776.35212651
-2070.2817503
-1350.22851235
2941.24862451
2359.86632917
1770.62323873
-8476.32817168
-8530.78770859
-8585.74062779
5326.55235017
2870.19869548
444.47604116
-2029.2850887
-17795.2254583
250.858006511
18540.9402405
-2374242.18195
-5389.71992011
2384923.62689
222.397420389
2395.36331978
1738.41803439
2201.27503526
2384.51762771
2260.14948607
2626.78928066
1917.18270626
1284.04542066
41.3569146451
7080.98116504
4449.47797451
1850.78991833
-799.361981981
-3415.75548912
1959.37904833
29464.495397
56974.5370059
84157.0488025
3621974.84727
-6309.18800939
-4019.00478571
-1757.38039883
549.032697735
2826.06604437
13868.1838555
15997.87575
18127.9490023
20232.6619696
-22730.4290877
