-0.0173567098368
-0.0201618478295
-0.0229320054428
-0.0257570226455
-0.0179897579785
-0.0153161085949
-0.0126063091425
-0.00838083078702
-0.00437701224012
-0.000336920649669
-0.0198041718431
-0.0203156310639
-0.020820712332
-0.0213357961179
-0.0165453604016
-0.013538403537
-0.010490789996
-0.00677458496334
-0.00334725597076
0.000111123293533
-0.0196053346875
-0.0215543369005
-0.0234790348415
-0.0254418490753
-0.0189120647362
-0.0160798385734
-0.0132093182457
-0.00878260334871
-0.00456061657561
-0.000300380239419
-0.0223089399146
-0.0225681220146
-0.0228240720853
-0.0230850909346
-0.0181168789338
-0.0148245305791
-0.0114876668064
-0.00741114361648
-0.00366343642387
0.000118223542724
-0.021596973841
-0.0227876843634
-0.0239635465946
-0.0251626953417
-0.0197289650073
-0.0167562851259
-0.0137434120228
-0.00913845904621
-0.00472323755847
-0.000268015876054
-0.0245274487779
-0.024563185428
-0.0245984764382
-0.0246344663437
-0.0195087953481
-0.0159636716735
-0.0123706148385
-0.00797495270927
-0.00394348196805
0.000124512334864
-0.0240383379646
-0.0242995296405
-0.0245574642275
-0.024820506894
-0.0207303266299
-0.017585477674
-0.0143981076206
-0.00957466925605
-0.00492257940843
-0.00022834343064
-0.0272469112555
-0.0270087470316
-0.0267735527418
-0.0265337007162
-0.0212150154688
-0.0173600381764
-0.0134529382327
-0.00866607353268
-0.00428676360286
0.000132221176843
-0.0275076448772
-0.0264479413501
-0.0254014524426
-0.0243342391
-0.0232806202262
-0.0187638039266
-0.0153284645226
-0.0118925099626
-0.00849746328512
-0.000171966797682
-0.0311114105657
-0.030484018784
-0.0298644506469
-0.0292326127192
-0.0286088233238
-0.0193443484699
-0.0149909767403
-0.0106368254651
-0.0063345139644
0.000143175847023
0.00229066293479
0.00207050625769
0.00185309495857
0.00163137809413
0.00169973880758
0.00144175228628
0.00118027756247
0.000770087304303
0.000387683491162
1.81524775156e-06
0.00236834238687
0.00228143991067
0.0021956211179
0.00210810278873
0.00171955744962
0.00139812669475
0.00107234991606
0.000682912992125
0.000332584658689
-2.09175136076e-05
0.00227746071073
0.00211471212237
0.00195399302681
0.00179009108579
0.00173517092333
0.00147286276703
0.00120700797595
0.000789136692021
0.000399980950967
7.29960979485e-06
0.00243531725593
0.00234440299689
0.00225462244867
0.00216306390631
0.00176974624779
0.00144180544015
0.00110943058711
0.000709709267781
0.000348038104828
-1.69096586224e-05
0.00226576731227
0.00215386588822
0.00204335988725
0.00193066544984
0.00176655365443
0.00150041776427
0.00123068348504
0.000806009006856
0.000410872986794
1.21571876046e-05
0.00249463785424
0.00240017030184
0.00230688077021
0.0022117437533
0.00181419918331
0.00148049232893
0.00114227346718
0.000733443111933
0.000361725442837
-1.3359844207e-05
0.002251433469
0.00220186082702
0.00215290636133
0.00210298241222
0.00180502280868
0.00153419485766
0.00125970507682
0.000826691199235
0.000424224514582
1.81116378231e-05
0.00256735342636
0.00246853022402
0.0023709393579
0.00227141582382
0.00186868987846
0.00152791496679
0.00118253248145
0.000762536211217
0.000378503470074
-9.00845879452e-06
0.0022310643233
0.00227006416109
0.00230857766661
0.00234785388508
0.00238662979184
0.00158219388511
0.00130094628619
0.00101964832509
0.000741699449017
2.65732249756e-05
0.00267068608147
0.00256567327134
0.00246196998251
0.00235621297666
0.0022518031338
0.00159530503112
0.00123974265963
0.000884116618645
0.000532724599985
-2.8249111031e-06
0.00446121956157
0.00452664042147
0.00459124547605
0.00465712995486
0.00387494911299
0.00329308815745
0.00270335993491
0.00178104109111
0.000914066433774
3.92373222152e-05
0.00481786570247
0.00477786641613
0.00473836592529
0.00469808317546
0.00373738644592
0.0030482498462
0.00234979551932
0.00150678505861
0.000739117509498
-3.55048099488e-05
0.00469497714492
0.00472956611854
0.00476372376386
0.00479855785963
0.00401618807033
0.00341200916871
0.00279966124201
0.0018465810647
0.00094800627523
4.12907465947e-05
0.0051689555902
0.00509663083326
0.00502520797399
0.0049523706722
0.00396673444433
0.00323883977397
0.00250110333357
0.00160686591299
0.00079120843211
-3.18385892785e-05
0.00490201957589
0.00490930030738
0.00491649024734
0.00492382257529
0.00414128543255
0.00351733920725
0.00288495668545
0.00190463075559
0.000978067277663
4.31094939022e-05
0.00547992091933
0.00537896503129
0.00527926807427
0.00517759674074
0.00416987124292
0.00340764799571
0.00263511882619
0.00169550895545
0.000837346106424
-2.85913652562e-05
0.00515581352353
0.00512961963563
0.00510375238839
0.0050773728719
0.00429463058623
0.00364645344805
0.00298951239031
0.0019757884412
0.00101491624839
4.53389260856e-05
0.00586110422601
0.00572505211274
0.00559069658429
0.00545368030864
0.00441887764119
0.003614574203
0.00279939588166
0.00180416816877
0.00089390196526
-2.46108970998e-05
0.00551646808071
0.00544270499683
0.00536986174672
0.00529557592498
0.00522223637729
0.00382993157971
0.00313809154984
0.00244612763421
0.00176240212166
4.85070665568e-05
0.00640278576708
0.0062168600706
0.006033252888
0.00584600958933
0.00566115144937
0.00390862723442
0.00303284222365
0.00215690038864
0.00129138736609
-1.89544423513e-05
0.00653507504677
0.00687335059024
0.00720740780046
0.00754808060587
0.00595325094935
0.00506194458995
0.00415858699212
0.00274695556217
0.00141699832663
7.49921942313e-05
0.00715825954501
0.00716307384997
0.00716782812002
0.00717267654258
0.00566531851669
0.00462485784927
0.00357032924724
0.00229395254511
0.00112753878917
-4.94422231258e-05
0.00700479005456
0.00722792494322
0.00744827731528
0.00767299349702
0.00619558291485
0.00526476405753
0.00432135971838
0.00285691490511
0.00147161635328
7.37675337151e-05
0.00778080675509
0.00772624331356
0.00767236028416
0.00761741016714
0.00606584393823
0.00495581387375
0.00383077523581
0.00246405305421
0.00121463494067
-4.6102416514e-05
0.00742082334717
0.00754197651301
0.00766161888554
0.00778363062918
0.00641021979859
0.00544440415739
0.00446552984736
0.00295430746601
0.00151999231974
7.26828344007e-05
0.00833220571258
0.00822505055274
0.00811923162954
0.00801131709175
0.00642059502589
0.00524894635258
0.00406145596854
0.00261471350514
0.00129177724629
-4.31443020864e-05
0.00793079964134
0.00792694295339
0.00792313435876
0.00791925033957
0.00667332307542
0.00566460815077
0.0046422545216
0.0030736918955
0.00157929189153
7.13532029831e-05
0.0090081141121
0.00883649168464
0.00866700940774
0.00849417074128
0.00685545119785
0.00560827003631
0.00434422589899
0.00279939405788
0.00138633878221
-3.95182263364e-05
0.00865550279621
0.00847400052656
0.00829476161019
0.00811197308592
0.00793151297417
0.00597752961504
0.00489338958498
0.00380905542115
0.00273763115293
6.94637267581e-05
0.00996861552193
0.00970538171418
0.00944543046098
0.0091803311906
0.00891860883057
0.00611888790266
0.00474605685278
0.00337297997408
0.00201625071197
-3.43653818496e-05
0.00854219792168
0.00914454821907
0.00973938714198
0.0103460061235
0.00796467710053
0.00677388268469
0.00556698769099
0.00368178879616
0.00190374685558
0.00010959654445
0.00942334409462
0.00947152997723
0.00951911497658
0.00956764233875
0.00753121350702
0.00615073369274
0.00475158858879
0.00305579052264
0.00150346143232
-6.29311576269e-05
0.00924027770583
0.00964589147104
0.010046447188
0.0104549354218
0.00830484909908
0.00705790092049
0.00579409291625
0.0038347381801
0.00197837768389
0.000105199281394
0.0103086136617
0.0102712400113
0.0102343324143
0.0101966939075
0.00809740819728
0.0066175391077
0.00511766089885
0.00329365759103
0.00162443641298
-5.99072617081e-05
0.00985857694322
0.0100899383514
0.0103184146573
0.0105514156575
0.00860614429779
0.00730945992934
0.00599524325863
0.00397020763446
0.00204447927469
0.000101304562687
0.0110927095641
0.0109795546128
0.0108678107163
0.0107538538684
0.00859889492294
0.00703099533237
0.00544189637347
0.00350433985161
0.00173158568155
-5.72289538943e-05
0.0106164921374
0.0106342538821
0.0106517941358
0.0106696817528
0.0089754738962
0.00761782258535
0.00624181464607
0.0041362669656
0.00212550703115
9.65303913686e-05
0.0120538593798
0.0118478112212
0.0116443325059
0.011436824143
0.00921362058665
0.00753781264003
0.0058393463101
0.00376259552586
0.00186292994626
-5.39458668968e-05
0.0116935295187
0.0114077548994
0.011125543921
0.0108377440988
0.0105536103531
0.00805602214916
0.00659220556505
0.00512812685961
0.00368147922281
8.97460426532e-05
0.0134197038548
0.0130816495595
0.0127478108384
0.0124073608491
0.0120712476092
0.00825802670881
0.00640414358848
0.00454992849874
0.00271778937418
-4.92804274792e-05
0.0106440874996
0.0115229808925
0.0123909143882
0.0132760362471
0.0100710731347
0.00856665027471
0.00704188630704
0.00466076036594
0.00241347731246
0.000145834745899
0.0117953750586
0.0118889803165
0.0119814183065
0.012075686918
0.00948520709786
0.00774865406555
0.00598862132346
0.00385359883075
0.00189713333733
-7.70569748348e-05
0.0115813143481
0.0121780227661
0.0127672901644
0.0133682272841
0.0105137047028
0.0089357010946
0.00733636150295
0.00485872957416
0.00250906585083
0.000138115085247
0.0129557714708
0.0129363992307
0.0129172685647
0.0128977590391
0.0102248931641
0.00835772302677
0.00646530712264
0.00416243206991
0.00205358674274
-7.43639053948e-05
0.0124114295568
0.0127582027112
0.0131006515662
0.0134498822026
0.0109057498059
0.00926257467794
0.00759718239076
0.00503407373001
0.00259372998481
0.000131277671527
0.0139835511501
0.0138641131262
0.0137461645076
0.0136258800606
0.0108800436799
0.00889718410671
0.00688751454477
0.00443597008174
0.00219215975895
-7.19786153193e-05
0.0134289901352
0.013469391031
0.0135092881232
0.0135499753285
0.0113863212227
0.00966325842525
0.00791689831775
0.0052490117275
0.00269751182647
0.000122896325677
0.0152434101119
0.0150013108045
0.0147622305022
0.0145184155064
0.0116831314089
0.0095584589789
0.00740505912673
0.0047712747414
0.00236202345625
-6.90547113558e-05
0.0148749972729
0.0144800270644
0.0140899821778
0.0136922129285
0.0132995105777
0.0102326511188
0.00837123147716
0.00650947851657
0.00466989126574
0.000110985992099
0.0170337360049
0.0166173285579
0.0162061137577
0.0157867553503
0.0153727388504
0.0104981653762
0.00814051721689
0.00578244688045
0.00345245132288
-6.48996899341e-05
0.0127439270116
0.0138990937754
0.0150398554826
0.0162032085826
0.0121754147077
0.0103576692992
0.00851534638922
0.00563877710144
0.00292271060668
0.000182037602628
0.0141650924759
0.0143040728095
0.0144413200431
0.0145812852905
0.0114372948723
0.00934501591594
0.00722444752539
0.00465062900112
0.00229042127671
-9.11690145083e-05
0.0139200676738
0.0147076843614
0.0154854793823
0.0162786776839
0.0127204059119
0.0108116697671
0.00887712584687
0.00588172222411
0.00303923641412
0.000170998784862
0.0156003473897
0.0155989590025
0.0155975879287
0.0155961897024
0.0123503031007
0.0100962096675
0.00781163892746
0.00503035919461
0.0024823185032
-8.88064488773e-05
0.0149617922603
0.0154238645947
0.0158801748363
0.0163455217451
0.0132031124071
0.0112137844673
0.00919755908078
0.0060969021899
0.00314244498642
0.000161221546269
0.0168715731705
0.0167458582021
0.0166217109131
0.0164951050387
0.0131589675315
0.0107615527046
0.00833172274072
0.0053666916517
0.00265228461808
-8.6713890747e-05
0.0162387449793
0.0163017629452
0.0163639950702
0.0164274596265
0.0137948171432
0.0117066992611
0.00959034820623
0.00636067118022
0.00326895872021
0.000149236544122
0.018429849934
0.0181517346402
0.0178770874747
0.0175970012574
0.014150233608
0.011577134492
0.0089692448344
0.00577897014749
0.00286063017826
-8.41488194906e-05
0.0180533620009
0.0175493027065
0.0170515290869
0.0165438976685
0.0160427326043
0.0124071571259
0.0101485222266
0.00788948288015
0.00565733926667
0.000132205225283
0.0206442432296
0.0201495590523
0.0196610436411
0.0191628537786
0.0186710100012
0.0127361191373
0.0098751972833
0.00701376313247
0.00418639672329
-8.05037182314e-05
0.0148415902703
0.016272744078
0.0176860512402
0.0191273472253
0.0142775753616
0.012146832129
0.00998727939171
0.00661578022992
0.00343141613646
0.000218202939068
0.0165323539411
0.0167166623242
0.0168986723614
0.0170842868852
0.013387359522
0.0109397233124
0.00845899292907
0.00544683313719
0.0026833016163
-0.000105266428601
0.0162563971383
0.0172347242401
0.0182008514953
0.0191861117213
0.0149248201174
0.012685694204
0.0104162933576
0.00690365465443
0.00356885751379
0.000203848404129
0.0182421824959
0.0182587593233
0.0182751294358
0.0182918237384
0.0144735102831
0.0118328945576
0.0091565754071
0.00589738680808
0.00291060593023
-0.000103234024248
0.0175095117927
0.0180867638122
0.0186568174355
0.0192381602749
0.0154980940441
0.0131629720419
0.010796277156
0.00715862914471
0.00369059130514
0.00019113438747
0.0197566020729
0.0196246166653
0.0194942771303
0.0193613563799
0.0154355295286
0.012623989089
0.00977443417335
0.00629644863088
0.00311193260828
-0.000101433894679
0.0190455878207
0.0191311994168
0.0192157434268
0.0193019617277
0.0162008169219
0.0137480222947
0.0112620637475
0.0074711785199
0.00383981337195
0.000175549463822
0.021612987361
0.0212988934072
0.0209887162397
0.020672396392
0.0166147789264
0.0135937178694
0.0105318094352
0.00678562118785
0.00335872014912
-9.92272842385e-05
0.0212284327027
0.0206153973811
0.0200100066775
0.0193926269501
0.0187831115823
0.0145794094962
0.0119239710092
0.00926805702063
0.00664376388611
0.00015340246706
0.0242510085597
0.0236781287773
0.0231123928688
0.0225354532513
0.0219658628558
0.0149717535048
0.0116080795442
0.0082438032603
0.00491958146983
-9.60915746656e-05
-0.0148737389456
-0.0170538599885
-0.0192067946822
-0.0214023656188
-0.0152645058931
-0.0130264434978
-0.0107581205494
-0.0071504201009
-0.00373207412551
-0.00028275926106
-0.0168677905958
-0.0172945880915
-0.0177160633754
-0.0181458854628
-0.0141379879768
-0.0115866117378
-0.00900073866946
-0.00580622730704
-0.00287032499781
9.21754479431e-05
-0.0166498503121
-0.0181728638319
-0.0196768852055
-0.0212106918862
-0.016002390036
-0.0136405663996
-0.0112468088502
-0.00747970465999
-0.00389016700116
-0.000268109522993
-0.018866208765
-0.0190840746149
-0.0192992236538
-0.0195186334566
-0.0153826028945
-0.0126090801431
-0.00979805694794
-0.0063169475328
-0.00312356223758
9.87538901661e-05
-0.0182229775224
-0.0191639815217
-0.0200932510976
-0.0210409237229
-0.0166559445626
-0.0141845038269
-0.0116796470596
-0.00777135669804
-0.00403019211959
-0.000255134040706
-0.0206362362863
-0.0206690483928
-0.0207014513288
-0.0207344959654
-0.0164849761073
-0.0135146950163
-0.0105042531375
-0.00676929973276
-0.00334785807853
0.000104580510421
-0.020151327006
-0.0203788999802
-0.0206036350944
-0.0208328208132
-0.0174570759178
-0.0148512658346
-0.0122102229291
-0.00812886564791
-0.00420183581315
-0.000239228610805
-0.0228059474414
-0.0226119194754
-0.0224203110596
-0.022224908073
-0.0178362723036
-0.0146248035706
-0.0113699129827
-0.00732379597787
-0.00362280136743
0.00011172281912
-0.0228916131144
-0.0221053630529
-0.0213289176162
-0.0205370956256
-0.0197553600901
-0.0157987697402
-0.0129641991647
-0.010129121011
-0.00732779680898
-0.000216626157788
-0.0258892211881
-0.0253728415402
-0.0248629012033
-0.0243428621206
-0.0238294474446
-0.016202326253
-0.0126000611837
-0.00899715106747
-0.00543713657786
0.000121872415693
0.00190076536989
0.0017326315352
0.00156659434792
0.00139726899687
0.00142714221206
0.00121329594606
0.000996558292266
0.000651238864071
0.000328436977036
2.71063007135e-06
0.00198095989838
0.00190915029488
0.00183823616505
0.00176591766745
0.00144469190759
0.00117727977664
0.00090625200072
0.000576872137981
0.000280969620673
-1.76136587052e-05
0.00189585438926
0.00177046546181
0.00164664014809
0.00152036262521
0.00145723008541
0.00123950435946
0.00101883479202
0.000667095769726
0.000338529949418
6.98745018061e-06
0.00203666276973
0.00196161052848
0.00188749419693
0.00181191008193
0.00148630806273
0.00121324908353
0.00093649810907
0.000598824635016
0.000293615001248
-1.43597134569e-05
0.00189150466355
0.0018039755111
0.00171753785682
0.00165282207122
0.00148387934466
0.0012627175256
0.00103856540609
0.000681140457592
0.000347469439243
1.07754908488e-05
0.00208599959864
0.0020080753068
0.00193112273946
0.00175841938274
0.00152316808585
0.0012451076125
0.000963287519323
0.000618268275248
0.000304815195471
-1.14776476656e-05
0.00188617274171
0.00184505234571
0.00180444472558
0.0017630329211
0.00151654617859
0.00129117237443
0.00106275132011
0.000698356526589
0.000358427523544
1.54188955389e-05
0.00214647700183
0.00206503213185
0.00198460288836
0.0019025808419
0.00156835133999
0.00128416000284
0.000996126151246
0.000642102414886
0.00031854446581
-7.94479282458e-06
0.00187859580016
0.00190342468964
0.00192794396013
0.00195294880484
0.00197763513068
0.00133160821224
0.00109712077687
0.000862591352532
0.000630854195082
2.20174179931e-05
0.00223241857477
0.00214597077796
0.00206060099469
0.0019735405671
0.00188758914014
0.00133965550491
0.00104279157556
0.000745874487652
0.000452492443403
-2.9244201558e-06
0.00375393993558
0.00380808173125
0.00386154837277
0.00391607385584
0.00327116318258
0.00278644066994
0.00229516428666
0.0015131323479
0.000777024652559
3.4248106921e-05
0.00406328819577
0.00403069611671
0.00399851046446
0.00396568741467
0.00316619887339
0.00258737921498
0.00200073341055
0.00128204931158
0.000629110997975
-2.97426835755e-05
0.00394470350031
0.003973718083
0.00400237085064
0.00403159105137
0.00338609327725
0.00288339011296
0.00237388996397
0.00156711898735
0.000805698068811
3.73789719922e-05
0.00434592146074
0.00428664664828
0.00422811099924
0.00416841612315
0.0033499122652
0.00274028013492
0.00212240524716
0.00136284918337
0.00067112993858
-2.68560143505e-05
0.0041136655148
0.00412042456598
0.00412709933105
0.00388068802425
0.00348788850396
0.00296925961965
0.00244361842101
0.00161493572515
0.000831094523206
4.01520239125e-05
0.00459625378115
0.00451334569052
0.0044314714729
0.00404894523156
0.00351262984079
0.002875706664
0.00223017173101
0.00143441478409
0.000708346714545
-2.42992501798e-05
0.00432078024223
0.00430025831931
0.00427999230703
0.00425932495112
0.00361266974961
0.00307451901493
0.00252909201352
0.00167354979083
0.000862225660852
4.3551248847e-05
0.00490311275455
0.00479123483908
0.00468075205351
0.00456808129128
0.00371209009476
0.00304171337708
0.00236227258218
0.00152214035918
0.000753967278631
-2.11651521641e-05
0.00461510117068
0.00455581154773
0.0044972612729
0.00443755148136
0.00437860229023
0.00322409815561
0.00265055448708
0.00207690811578
0.00151009147927
4.83817263855e-05
0.00533917550623
0.00518612994492
0.0050349928786
0.00488086272721
0.00472869592979
0.00327761765355
0.00254999484437
0.00182224174191
0.00110315314242
-1.67114339312e-05
0.00552455314634
0.00579106790182
0.00605425918897
0.00632266265823
0.00503303060283
0.00428949973523
0.00353591568258
0.00233662734779
0.0012056271594
6.43805478567e-05
0.00605284603925
0.00605772429254
0.00606254171347
0.00606745453754
0.00481101044836
0.00393465687584
0.0030464542396
0.00195580991818
0.000961742220786
-4.13313444965e-05
0.00590227369909
0.00607881291322
0.00625315066393
0.00643094096094
0.00522902308671
0.00445403860234
0.00366857565262
0.00242704499142
0.0012520532364
6.64165116883e-05
0.00655229965149
0.00650809936269
0.00646445025635
0.00641993673275
0.00513049045876
0.00419927995225
0.00325547866848
0.00209283543707
0.00103182609084
-3.87955886667e-05
0.00623682618866
0.00633367278047
0.00642931168461
0.00600929963013
0.00540261642958
0.0045997730275
0.00378607448323
0.00250712919008
0.00129317347604
6.82197939392e-05
0.00699467285091
0.00690700299625
0.00682042639433
0.00623742515278
0.00541345846798
0.00443366039136
0.0034406145912
0.00221420089666
0.00109390037574
-3.65496335032e-05
0.00664692278878
0.00664608164999
0.00664525100028
0.00664440390058
0.00561540826921
0.00477841522608
0.00393010530785
0.00260529691746
0.00134357893107
7.04302689564e-05
0.00753693677277
0.00739598164384
0.00725678424089
0.00711483020331
0.00576032247928
0.00472096544575
0.0036675553997
0.00236297146003
0.00116999143465
-3.37965271737e-05
0.00722969164159
0.00709003109615
0.00695211213308
0.00681146185334
0.0066726032171
0.00503227519247
0.0041347806902
0.00323712547623
0.00235015759047
7.35714702966e-05
0.00830752234594
0.00809084603779
0.00787687170705
0.00765865987593
0.00744322768955
0.00512924104935
0.00399005023282
0.00285065542474
0.0017248260548
-2.98842181792e-05
0.00723819148966
0.00771024545879
0.00817641286297
0.00865181214344
0.00673820457807
0.0057441933018
0.00473674212714
0.00313362389042
0.00162043807649
9.35433858224e-05
0.00797838380556
0.00801952666923
0.00806015647687
0.00810159090824
0.00640289520628
0.00523858177864
0.00405852581918
0.00260789022723
0.00128367002192
-5.25471049919e-05
0.00779685312047
0.00811616991218
0.00843150478835
0.00875308448675
0.00701265102213
0.00597414669761
0.00492160088995
0.00325930025985
0.00168404556837
9.45196801931e-05
0.00868768091068
0.00865807007687
0.00862882849342
0.00859900781611
0.00685377313124
0.00561133201121
0.0043520920049
0.00279933216196
0.00138091574692
-5.03509708512e-05
0.00829166770777
0.00847570299947
0.00865744335083
0.00884278284796
0.0072557321583
0.00617781970534
0.005085332937
0.00337061361563
0.00174038363261
9.53843980644e-05
0.0093159154895
0.00922363709506
0.00913250942236
0.00903957707736
0.00725312215049
0.0059414822172
0.00461210776938
0.00296889501843
0.00146704767477
-4.84058234693e-05
0.00889821462123
0.00891642097744
0.00893440029838
0.00895273567783
0.00755370258328
0.00642748339223
0.00528603673662
0.00350706224529
0.00180944319522
9.64443748098e-05
0.0100860094893
0.00991691279479
0.00974992475462
0.00957962972019
0.00774264675474
0.0063461824697
0.00493083677102
0.00317674626184
0.00157262874763
-4.60214492594e-05
0.00976014970877
0.00954270441981
0.00932797069754
0.00910898443607
0.00889278768426
0.00678226863149
0.00557124739923
0.00436000931296
0.0031631920185
9.79506575533e-05
0.0111803535944
0.0109020940523
0.0106273044373
0.0103470729495
0.0100704111305
0.00692128282852
0.00538376745754
0.0038459767682
0.00232649474968
-4.26331280136e-05
0.00903273960583
0.00972003736317
0.0103987644419
0.0110909328816
0.00852388867934
0.00726757051243
0.00599426582947
0.00396825078224
0.00205483437296
0.000124083152943
0.00999483621783
0.0100739559326
0.0101520890159
0.0102317694295
0.00806994111747
0.00660407175328
0.0051183825583
0.00329075863687
0.00162079770776
-6.42924198344e-05
0.00978088548345
0.0102497211242
0.010712710333
0.0111848684778
0.00888049330281
0.00756602699685
0.00623378796134
0.00413085062515
0.00213643450361
0.00012394974535
0.0109238846178
0.010909552083
0.0108953982764
0.0108809641711
0.00865842093548
0.00709005438704
0.00550048215659
0.00353918626925
0.00174648774006
-6.24519426878e-05
0.0104435289751
0.0107188695983
0.0109907766938
0.0112680685772
0.00919634311217
0.00783037416877
0.00644593613529
0.00427486762888
0.00220870890505
0.000123831584339
0.0117467560578
0.0116496515304
0.0115537579072
0.0114559652279
0.00917964591714
0.00752049614837
0.00583891322937
0.00375922217221
0.00185781319723
-6.08218057865e-05
0.0112558016422
0.0112939548247
0.0113316322327
0.0113700557959
0.00958351384623
0.00815441263757
0.00670598873561
0.00445140460118
0.00229730333262
0.000123686741809
0.0127554371777
0.0125568702079
0.0123607793901
0.0121608052331
0.00981856686241
0.00804813443645
0.0062537642218
0.00402894360165
0.00199427666087
-5.88235734559e-05
0.0124100838534
0.0121111811989
0.0118160058934
0.0115149850013
0.0112177985996
0.00861488835639
0.00707553716765
0.00553591033182
0.00401461402764
0.000123480912952
0.0141888261377
0.0138460756971
0.0135075993922
0.0131624199773
0.0128216375566
0.00879793621425
0.00684328931631
0.00488829240549
0.00295657135083
-5.5983980144e-05
0.0108255374198
0.0117278690286
0.0126189484629
0.0135276746375
0.0103078311239
0.00878946190588
0.00725056301329
0.00480206362553
0.00248880698351
0.000154593133277
0.0120093218949
0.0121263814203
0.0122419812006
0.0123598702933
0.00973536108504
0.00796822990514
0.00617720557226
0.00397296101474
0.00195759657806
-7.60262789518e-05
0.0117629827319
0.0123811913894
0.012991690917
0.0136142806423
0.0107465137943
0.00915635466481
0.00754469519864
0.00500155092883
0.00258838220392
0.000153351106062
0.0131579072565
0.0131588381191
0.0131597573737
0.013160694833
0.0104613085869
0.00856733449952
0.00664775223258
0.0042783187641
0.00211170317466
-7.45411119113e-05
0.0125932914369
0.0129598483376
0.0133218342335
0.013690988818
0.0111350613023
0.00948131682272
0.00780521227709
0.00517823968319
0.00267657739914
0.000152251024814
0.0141752257197
0.0140732997666
0.0139726448414
0.0138699965682
0.0111042906599
0.0090979699974
0.00706452213172
0.00454877848497
0.00224819758879
-7.32256782469e-05
0.0136110892043
0.013669169758
0.0137265260407
0.0137850181947
0.0116113453445
0.00987965753242
0.00812455579261
0.00539482589821
0.00278468763844
0.000150902538123
0.0154222612552
0.0151942527539
0.0149690875436
0.0147394632113
0.0118924622334
0.00974842641416
0.00757540136292
0.0048803097557
0.00241551332224
-7.16132111744e-05
0.0150574334
0.014677152829
0.0143016143985
0.0139186388878
0.0135405418289
0.0104457206462
0.00857835973571
0.0067106644424
0.00486520560723
0.000148986267562
0.0171943643846
0.0167871859463
0.0163850850679
0.0159750210726
0.0155701805898
0.0106727592169
0.00830138763884
0.00592959142623
0.0035860334104
-6.93218105977e-05
0.0126164771956
0.0137336197968
0.0148368315069
0.0159618909779
0.0120899247079
0.0103097760259
0.00850555818294
0.0056350123133
0.00292232982906
0.000185071493365
0.0140217197785
0.0141766797941
0.0143297074413
0.0144857656142
0.0113990550276
0.00933097425676
0.00723493123234
0.00465445636471
0.00229404639329
-8.77479772117e-05
0.013743025754
0.0145104526196
0.0152683095877
0.0160411749877
0.0126106003603
0.0107450341326
0.00885424382443
0.00587134884719
0.00303986151002
0.00018272199549
0.0153896145759
0.015405793017
0.0154217697112
0.0154380628043
0.0122623277431
0.0100430835733
0.00779383328901
0.00501668522923
0.00247654010354
-8.66177520374e-05
0.0147408259058
0.0151985045483
0.0156504758878
0.0161113979679
0.0130717702238
0.0111305484558
0.00916307967832
0.00608067549149
0.00314396099887
0.000180641011658
0.0166011785393
0.0164944361573
0.0163890248646
0.0162815260299
0.0130269407196
0.0106738089679
0.00828886082492
0.00533751650924
0.00263817738977
-8.56166954545e-05
0.0159639357692
0.0160419230416
0.0161189378041
0.01619747775
0.0136370752179
0.0116031144002
0.00954165266051
0.00633726944258
0.00327156682391
0.00017809012825
0.0180863214621
0.0178289019422
0.0175746924719
0.0173154486935
0.0139642082393
0.0114469562258
0.00889566877217
0.00573079356215
0.00283631341804
-8.43895938368e-05
0.0177020392593
0.017240465111
0.016784646843
0.0163198016508
0.0158608777897
0.0122746554792
0.0100796247931
0.00788420104925
0.00571491564199
0.000174465188672
0.0201967877209
0.0197252480575
0.0192595885455
0.0187847072155
0.0183158750598
0.0125456391713
0.00975797480246
0.00696981125479
0.00421484310161
-8.26458178536e-05
-0.0123907680544
-0.0139458721475
-0.0154815839215
-0.0170477085922
-0.0125392538076
-0.0107367784008
-0.00890993195623
-0.00592000941478
-0.00308713601091
-0.000228597872451
-0.0139314093485
-0.014273545119
-0.0146114144189
-0.0149559748077
-0.0117306155519
-0.00963481993863
-0.00751068734292
-0.00483786965073
-0.00239339402485
7.32276023528e-05
-0.0136943659366
-0.0147913907632
-0.0158747355695
-0.016979534697
-0.0130927153358
-0.0112012942258
-0.00928429945478
-0.00617680597127
-0.00321971742672
-0.000235838806568
-0.0154234776154
-0.0156000272153
-0.0157743752222
-0.0159521759786
-0.0126483268551
-0.0103936297071
-0.00810844708945
-0.00522275144911
-0.00258368805129
7.92842376081e-05
-0.0148489812038
-0.01554027868
-0.0162229556007
-0.0169191521042
-0.0135829241179
-0.011612722528
-0.00961588209634
-0.00640425434987
-0.00333714668072
-0.000242252205357
-0.0167450237946
-0.0167749113577
-0.0168044262195
-0.0168345255871
-0.0134611568664
-0.0110657183591
-0.00863789143637
-0.00556364675624
-0.002752234189
8.46486859771e-05
-0.0162643160474
-0.01645827032
-0.0166498059614
-0.0168451347323
-0.0141838252056
-0.0121170539952
-0.0100223382376
-0.00668306203977
-0.00348109221788
-0.00025011379097
-0.0183649836273
-0.0182150919193
-0.0180670693774
-0.0179161154298
-0.0144575291384
-0.0118895689648
-0.0092868877326
-0.00598151842306
-0.00295883913199
9.12244613972e-05
-0.0182755813515
-0.0177627847557
-0.0172563827898
-0.0167399521512
-0.0162300999539
-0.0128337355539
-0.0105999338068
-0.00836573205942
-0.00615813033284
-0.000261285517894
-0.0206670318105
-0.0202616642964
-0.0198613517597
-0.0194531115221
-0.0190500715654
-0.0130603040361
-0.0102091456272
-0.00735747666981
-0.00453975919132
0.000100568984363
0.00135041994875
0.0013947568127
0.00128009373726
0.00128290865251
0.00115454561653
0.000984839605846
0.00077547711296
0.000532390423839
0.00026919046291
6.05305033671e-06
0.00149039252172
0.0015368606791
0.00148085121219
0.00134928996851
0.00116982636556
0.000956432858523
0.000718014041983
0.000470831283837
0.000229354582657
3.19642196578e-06
0.00151424806778
0.00142621880126
0.00133928726937
0.0013104840525
0.00117928924748
0.00100614595188
0.000830661608087
0.000545054847432
0.00027707894787
6.67529056636e-06
0.00163800828353
0.00157881806006
0.00152036594519
0.00138618091996
0.00120286987767
0.000984692726919
0.000763565631031
0.000487940002252
0.000239191897668
-1.18097682914e-05
0.00151724201482
0.00145408513398
0.00139171582638
0.00133490797821
0.0012012050349
0.00102501728694
0.000846447327139
0.000556271908329
0.000284065891692
2.98517647646e-06
0.00167736134305
0.00161598031177
0.00155536470871
0.00141885576267
0.00123213698839
0.00100972289607
0.00078430157147
0.000503093438562
0.000247904948106
2.85926721168e-06
0.00146412940603
0.00148824386441
0.00145598308982
0.00136484698391
0.0012280695485
0.0010481498912
0.000824691627
0.000570021853944
0.000292630532506
1.21882485996e-06
0.00164233805564
0.00166153403967
0.00159826641882
0.00145890879567
0.00126801280153
0.0010404050389
0.000786087238185
0.000521668618555
0.000258585461546
2.66514780781e-06
0.00152612727702
0.00153678521818
0.00154731025365
0.00155804372459
0.00156864046951
0.00108102253936
0.000893295267554
0.000705534379972
0.000520008941146
1.74616110107e-05
0.00179415106806
0.00172626828458
0.00165923200688
0.00159086815754
0.00152337514648
0.00108400597871
0.000845840491482
0.000607632356659
0.00037226028682
-3.0239292085e-06
0.00276573869236
0.00308952304102
0.00313185126948
0.00295752977649
0.00266737725216
0.00227979318242
0.00179985598381
0.0012452236047
0.000639982871344
6.03972566531e-07
0.00295419845222
0.00328352581729
0.00325865500364
0.00298748086476
0.00259501130086
0.00212650858376
0.00160349404324
0.00105731356455
0.000519104486452
4.66117955607e-06
0.00319442985571
0.00321787004745
0.00324101793743
0.00305710928806
0.00275599848417
0.00235477105722
0.00194811868593
0.00128765691
0.000663389862392
3.34671973898e-05
0.00352288733128
0.00347666246329
0.00343101402449
0.00314378329928
0.00273309008606
0.00224172049586
0.00174370716075
0.00111883245374
0.000551051445051
-2.18734394225e-05
0.0033253114537
0.00333154882458
0.00333770841475
0.00314530828403
0.00283449157538
0.00242118003204
0.00200228015658
0.0013252406947
0.000684121768749
1.18555978141e-06
0.00371258664296
0.00364772634975
0.00358367487153
0.00328222259842
0.00285538843867
0.0023437653323
0.00182522463583
0.00117332061274
0.000579347322666
3.23273662301e-06
0.00330033281561
0.00347089700299
0.00345623222567
0.00325342318231
0.00293070891299
0.00250258458182
0.0019774541722
0.00137131114046
0.000709535073316
1.52041302634e-06
0.0036709081708
0.00385741756541
0.00377080752274
0.00345192238447
0.00300530254832
0.00246885255115
0.0018684554385
0.00124011254958
0.000614032592002
2.41029978277e-06
0.00371373426065
0.00366891809863
0.00362466079908
0.00357952703774
0.00353496820317
0.00261826473151
0.00216301742432
0.00170768859734
0.00125778083687
4.82563862141e-05
0.00427556524537
0.00415539981924
0.0040367328692
0.00391571586509
0.0037962404102
0.00264660807268
0.00206714746508
0.00148758309518
0.000914918918745
-1.4468425511e-05
0.00451403124591
0.0047087852134
0.00490111057748
0.00509724471058
0.00411281025632
0.00351705488052
0.00291324437305
0.0019262991334
0.000994255992172
5.37689014822e-05
0.00491391087233
0.00560883076383
0.00575007027974
0.00530156241012
0.00460698302635
0.0037734749186
0.00286166478388
0.00190430878753
0.000952911792906
6.67397573856e-06
0.00479975734361
0.00492970088322
0.00505802401259
0.00472592008097
0.00426246325857
0.00364331314715
0.00301579158686
0.00199717507774
0.00103249011953
5.90654896616e-05
0.0053237925479
0.00528995541182
0.00525654022854
0.0048230821898
0.00419513697929
0.00344274603075
0.00268018210114
0.00172161781993
0.000849017241001
-3.14887608195e-05
0.00505282903015
0.00512536904792
0.00519700448369
0.00487505288425
0.00439501306056
0.0037551418976
0.0031066191191
0.00205995091414
0.00106635463233
-5.33881632035e-07
0.00565713998923
0.00558895543976
0.00552162115912
0.00506257400027
0.00440632191007
0.00361837443013
0.00281977321385
0.00181368828819
0.000896023505187
3.58956748275e-06
0.00536304593623
0.00536522034659
0.0053673676418
0.00536955746158
0.00455749346301
0.00389222230138
0.00321795609411
0.00213690193942
0.00110786597061
6.95073349296e-05
0.00740627557962
0.00842965948396
0.00858525685087
0.00793251832309
0.00693328885185
0.00571541866934
0.00435151674383
0.00291223464844
0.00146049313682
1.12352381273e-06
0.00580388048698
0.00570606166574
0.00560946265597
0.00551095062076
0.00541369346003
0.00408702076991
0.00337617179543
0.00266519553131
0.00196268402802
7.7679213835e-05
0.00664642916995
0.0064763103614
0.00630831295311
0.00613698856126
0.00596784654854
0.00413959419605
0.00323404361286
0.0023283308754
0.00143340139763
-2.54030545088e-05
0.00593418505764
0.0062759426985
0.00661343858397
0.0069576181634
0.0055117320556
0.0047145039189
0.0039064965633
0.00258545898469
0.0013371292974
7.74902271946e-05
0.0065334235165
0.00656752336123
0.00660119797715
0.00663553947772
0.00527457690554
0.00432642986454
0.00336546304958
0.00215998993183
0.00106387861151
-4.21630523569e-05
0.00635342853512
0.00658644835331
0.00681656238873
0.00705123355167
0.00572045294518
0.00489039247474
0.00404910886364
0.00268386233959
0.00138971345285
8.38400789924e-05
0.00706674815962
0.00704490014247
0.0070233245725
0.00700132172471
0.00561013806521
0.00460512491473
0.00358652311095
0.00230500673288
0.00113739508086
-4.07946799942e-05
0.00672475847232
0.00686146764758
0.00699647204438
0.00654913768893
0.00590532001881
0.00504617948134
0.00417542261537
0.0027710195968
0.00143628799052
8.94642334419e-05
0.00753912141495
0.00746771957728
0.00739720812838
0.00678563717875
0.00590734937805
0.00485196910204
0.0037823191653
0.00243345018524
0.00120250966799
-3.95826930444e-05
0.00717993710502
0.00719858807281
0.00721700646097
0.00723578960283
0.00613193127036
0.00523714419911
0.00433025882717
0.00287785752498
0.00149337935929
9.6358358251e-05
0.0117282511282
0.0151679453954
0.0166188008393
0.0156421944812
0.0137721164615
0.0114357829392
0.00878409158565
0.00595020981559
0.00303023862672
1.01985042301e-05
0.00782676989885
0.00767765394023
0.00753039747403
0.0073802247733
0.00723196501541
0.00550851511383
0.00455028923341
0.0035918917663
0.0026449048142
0.000106155272453
0.008941003334
0.0087225385451
0.00850679803616
0.00828678504984
0.0080695746519
0.00558453894824
0.00436339132661
0.00314202503767
0.00193520012518
-3.5985828548e-05
0.00742139171209
0.0079170938338
0.00840661449551
0.00890582951625
0.00697670422394
0.00596849075015
0.00494664535189
0.00327574119854
0.00169619143346
0.000102331559986
0.00819429737702
0.00825893154876
0.00832275972527
0.00838785194088
0.00665467513708
0.005459489441
0.00424814379313
0.00272791844299
0.00134446207819
-5.1527864834e-05
0.00798045661881
0.00832141948244
0.00865813050165
0.00900150967148
0.00724728190282
0.0061963528991
0.00513121441973
0.00340297167615
0.0017638031564
0.000109784405452
0.0088919977648
0.00888270493521
0.00887352798823
0.00886416930302
0.00709194870688
0.0058223857473
0.00453565719054
0.00291594046859
0.00143938873738
-5.05399799808e-05
0.00847562839333
0.00867953648552
0.00888090182137
0.00908625495184
0.0074869364184
0.00639817365959
0.00529468987982
0.00351566152775
0.00182368782529
0.00011638549715
0.0095099609654
0.00943518993464
0.00936135130686
0.0092860503952
0.00747924815441
0.00614380819003
0.00479031191396
0.00308247426269
0.00152346663551
-4.96649962537e-05
0.0090826131492
0.00911851861834
0.00915397634232
0.00919013626324
0.00778070646976
0.00664556684988
0.00549507915348
0.00365379747486
0.00189709483876
0.000124477157942
0.0152907958403
0.0200119631986
0.0221158158882
0.0208648146842
0.0184530245627
0.0154578606101
0.012017926695
0.00828530937268
0.00431557162667
2.43449586229e-05
0.00994517043385
0.00974233533338
0.00954202960894
0.00933775707418
0.00913608662141
0.00699712559397
0.00577984285814
0.00456234214707
0.00335933678955
0.000135975833804
0.0113439162704
0.0110748228362
0.0108090850266
0.0105380846042
0.0102705362628
0.0070977070523
0.00554606141573
0.00399413793053
0.00246069137878
-4.70682703539e-05
0.0089071478281
0.0095566442818
0.0101980414432
0.0108521406924
0.00844024754012
0.00722125451257
0.00598577963737
0.00396535014961
0.00205490336034
0.000127148663927
0.0098535513138
0.00994869003107
0.0100426423581
0.0101384552962
0.00803342729777
0.00659144389434
0.00512996361912
0.00329529302836
0.00162477187941
-6.08835433953e-05
0.00960589779003
0.0100546984175
0.0104979024517
0.0109498836007
0.00877262167664
0.00750103956248
0.00621226455041
0.00412137963356
0.00213752799372
0.000135703427262
0.0107154671233
0.0107187172356
0.0107219268187
0.0107251999637
0.00857231407308
0.00703845933154
0.00548386553769
0.0035262783336
0.00174108784613
-6.02757749453e-05
0.0102247906135
0.0104958320805
0.0107634936306
0.011036455891
0.00906701019755
0.00774884917812
0.0064128654734
0.00425957717648
0.00221070981186
0.000143280503359
0.0114788782689
0.0114007413311
0.0113235787696
0.0112448880978
0.00904961378836
0.00743438729021
0.00579732152271
0.00373086531823
0.00184411055951
-5.97374657467e-05
0.0109834334293
0.0110365765707
0.0110890570113
0.0111425767629
0.00942787354577
0.00805261580374
0.00665876337899
0.00442898061619
0.00230041655667
0.000152568532124
0.0224173280878
0.0213352846501
0.0198740403151
0.0177541833116
0.0151978591633
0.0124434774218
0.00953772864434
0.00656489445333
0.00346280851839
4.35451393269e-05
0.0120615047991
0.0118050029514
0.01155169971
0.0112933801072
0.0110383510534
0.00848428416646
0.00700819724483
0.00553184600465
0.00407307194779
0.000165767309842
0.0137444855396
0.0134248128403
0.0131091264948
0.0127871883666
0.0124693511784
0.00860939929658
0.00672757799439
0.00484541971999
0.0029856700975
-5.81399029639e-05
0.0103913641209
0.0111944955157
0.0119876117735
0.0127964347305
0.00990227405424
0.00847271992281
0.00702383697417
0.00465424439668
0.00241324352166
0.000151940047662
0.0115110856159
0.0116366972641
0.0117607425212
0.0118872443432
0.00941075053313
0.00772222520109
0.00601086953561
0.00386207959223
0.00190479117028
-7.02295258223e-05
0.0112296543698
0.0117861809991
0.01233576768
0.0128962382542
0.0102963806032
0.0088043740613
0.00729219429125
0.00483904303995
0.00251086550625
0.00016159558685
0.0125370466559
0.0125528267108
0.0125684099867
0.0125843018703
0.010051145203
0.00825327258895
0.00643109117093
0.00413598365038
0.00204247427686
-7.00014798266e-05
0.0119721400189
0.0123102452844
0.0126441343401
0.0129846356608
0.0106454464036
0.00909812486968
0.00752988220066
0.00500272183827
0.0025973306926
0.000170147635846
0.0134457550056
0.0133642556493
0.0132837725989
0.01320169568
0.0106183519106
0.00872362884677
0.00680328747649
0.0043785843876
0.00216442217125
-6.97994962304e-05
0.0128822837177
0.0129526466664
0.0130221321814
0.0130929937722
0.0110733335139
0.00945820650575
0.00782124157349
0.00520336036525
0.00270332027587
0.000180630792679
0.037974648509
0.0231599715773
0.017979341154
0.0151778010366
0.0125395355048
0.0100276434518
0.00753056165891
0.00508003051481
0.00263136915184
9.58210109537e-05
0.014175645816
0.0138655328408
0.0135592870086
0.0132469763515
0.012938643997
0.00996990146228
0.00823527857698
0.00650034507786
0.00478606739786
0.000195527910284
0.0161425668821
0.0157723673377
0.0154067842223
0.0150339611797
0.0146658872637
0.0101195248377
0.00790787006076
0.00569581924929
0.00351010473339
-6.92000610417e-05
-0.00990779716314
-0.0108378843065
-0.0117563731609
-0.0126930515655
-0.00981400172219
-0.00844711330374
-0.00706174336311
-0.00468959872867
-0.00244219789631
-0.000174436483841
-0.0109950281011
-0.0112525021466
-0.0115067654623
-0.0117660641526
-0.00932324312704
-0.00768302813946
-0.00602063601638
-0.00386951199443
-0.00191646305189
5.42797567624e-05
-0.0107388815612
-0.0114099176946
-0.0120725859336
-0.0127483775079
-0.0101830406356
-0.00876202205204
-0.00732179005932
-0.00487390728255
-0.00254926785227
-0.000203568090142
-0.0119807464658
-0.0121159798156
-0.0122495267907
-0.0123857185006
-0.00991405081567
-0.00817817927105
-0.00641883723095
-0.00412855536542
-0.002043813865
5.98145850501e-05
-0.0114749848852
-0.0119165758383
-0.0123526601037
-0.0127973804855
-0.0105099036732
-0.00904094122912
-0.00755211713311
-0.0050371520017
-0.00264410124184
-0.000229370370009
-0.012853811303
-0.0128807743225
-0.0129074011101
-0.0129345552088
-0.0104373376256
-0.00861674170189
-0.00677152973529
-0.00435799377973
-0.00215661029947
6.47168615334e-05
-0.0123773050888
-0.0125376406597
-0.0126959768283
-0.0128574486515
-0.0109105744935
-0.00938284215585
-0.00783445354615
-0.00523725843163
-0.0027603486226
-0.000260998971135
-0.0139240198132
-0.0138182643632
-0.0137138276952
-0.0136073227866
-0.0110787859733
-0.00915433435905
-0.00720386248253
-0.00463924086824
-0.00229487689656
7.07261036743e-05
-0.0136595495887
-0.0134202064585
-0.0131838479634
-0.0129428086769
-0.0127048398177
-0.00986870136752
-0.00823566844888
-0.00660234310784
-0.0049884638567
-0.000305944877999
-0.0154448424329
-0.0151504870525
-0.0148598023162
-0.0145633609235
-0.0142706956861
-0.00991828181922
-0.00781823007073
-0.00571780227214
-0.00364238180479
7.92655530324e-05
0.00112097024009
0.00105688209021
0.000993593126603
0.000929050802347
0.000881949021005
0.000756383265628
0.000629119751853
0.000413541983607
0.000209943948784
4.50139471093e-06
0.00103072748457
0.0010558845022
0.00102070190806
0.000936332114224
0.00081758340385
0.000673767847816
0.000509784682494
0.000336076693593
0.000164096172798
2.16909321277e-06
0.00113264174631
0.0010819721407
0.00103193439065
0.000997693520286
0.000901348409555
0.0007727875443
0.000642488424153
0.000423013925138
0.000215627946322
6.36313095211e-06
0.00123935379733
0.00119602559164
0.00115323769345
0.00105498157165
0.000919431692604
0.000756136370304
0.000590633152992
0.000377055369487
0.000184768794087
-9.25982312584e-06
0.0011429793661
0.00110419475685
0.00106589379595
0.00101699388519
0.000918530725128
0.000787317048267
0.00065432924819
0.000431403359065
0.000220662344141
2.53367964842e-06
0.00126872308745
0.00122388531674
0.00117960667795
0.0010792921426
0.000941105890928
0.00077433817964
0.000605315623617
0.000387918601876
0.00019099470074
1.63086762323e-06
0.00115565128714
0.00113143538311
0.00110752145406
0.00108313393886
0.000939592918411
0.000805127407969
0.000668843806687
0.000441687181299
0.000226833541468
1.00334109704e-05
0.00113814279252
0.00114894066277
0.00110779855095
0.00101469004428
0.000886897982704
0.000731247992755
0.00055374248449
0.000366826575776
0.000179202989647
2.34493604122e-06
0.00117365875387
0.00117014574673
0.00116667654717
0.00116313864435
0.00115964580835
0.000830436866492
0.000689469758236
0.000548477407413
0.000409163687211
1.29058040283e-05
0.00135588356136
0.0013065657912
0.00125786301906
0.00120819574798
0.00115916115282
0.000828356452509
0.000648889407406
0.000469390225666
0.000292028130237
-3.1234382612e-06
0.00200292590766
0.00219796987808
0.00222837770523
0.00211899115134
0.00192445135409
0.00165751470898
0.00131752965637
0.000915504034675
0.000471565057412
2.81711679224e-06
0.00215717304305
0.002362352548
0.00234981369954
0.00216932469499
0.00189863752373
0.00156489964126
0.00118567442733
0.000785050678828
0.000387073146458
1.25696155043e-06
0.0024441562111
0.00246202201191
0.00247966502421
0.00234773725793
0.00212590369109
0.00182615200147
0.00152234740788
0.00100819483266
0.000521081655973
2.95554227873e-05
0.00269985320182
0.00266667827831
0.00263391704974
0.00242309930229
0.00211626790693
0.00174316085681
0.00136500907434
0.000874815724117
0.000430972951521
-1.68908644946e-05
0.0025369573926
0.00254267308318
0.00254831749846
0.00240992854381
0.0021810946468
0.00187310044443
0.00156094189215
0.00103554566426
0.000537149014292
4.49323512228e-06
0.00282891950478
0.00278210700898
0.00273587827016
0.00251549996529
0.00219814703655
0.00181182400059
0.00142027754064
0.00091222644139
0.000450347930788
2.03081623843e-06
0.00265071367961
0.00264153568667
0.00263247214431
0.00262322910956
0.00224874807637
0.00193065014871
0.00160825125995
0.00106907249009
0.000556844485781
3.99758943696e-05
0.00256285730396
0.00267397978729
0.00262312043351
0.00241706366887
0.00211934369901
0.001750148286
0.00132915609511
0.000885467728449
0.000438104543253
8.26284262949e-07
0.00281236735062
0.00278202464953
0.00275206032525
0.00272150259412
0.00269133411611
0.00201243130741
0.00167548036156
0.00133846907891
0.00100547019447
4.81310460427e-05
0.00321195498452
0.00312466969356
0.00303847285979
0.00295056900297
0.00286378489062
0.00201559849181
0.0015843000858
0.00115292444845
0.000726684695072
-1.22254170909e-05
0.00332886120464
0.00395226752321
0.00423605932927
0.00409710747214
0.00373779327517
0.00322123284423
0.00256523809655
0.00178839358541
0.000930385908912
1.4393728177e-06
0.00320096948769
0.00363042513053
0.00372358944105
0.00345800204099
0.00302561996262
0.00249251392577
0.00189423165621
0.00125998107894
0.00062663104761
5.93426337766e-06
0.00369724098814
0.00378058885322
0.00386289736124
0.00363763477824
0.00329590343043
0.00283258769197
0.00236300752111
0.00156730516405
0.000812927002656
5.17144676348e-05
0.00409528544431
0.00407181146094
0.00404863020073
0.00373026559552
0.00325978349982
0.00268621210925
0.00210488553381
0.00135040020279
0.000666208391165
-2.41819329722e-05
0.00386883187165
0.00391706531538
0.00396469728276
0.00374080613837
0.00338740969155
0.00291051076771
0.00242716375497
0.00161277263821
0.00083953578863
6.36548983239e-06
0.00431960712756
0.00427090788327
0.00422281592392
0.00388772284776
0.00339918535216
0.00280308846891
0.00219893183651
0.00141317567971
0.000698146634634
2.41294661881e-06
0.00474574560093
0.0053149242702
0.00552191362453
0.00529049616777
0.00481538528024
0.00414998685583
0.00330492132163
0.00231261347141
0.00120365864342
3.19747322149e-06
0.00527557814483
0.00591808348008
0.00603854903599
0.00562471245911
0.00495343213351
0.00410804185454
0.00313791284532
0.00210677329522
0.00105836879647
1.15728622444e-05
0.00437806933236
0.00432209223534
0.00426681317887
0.00421043938818
0.00415478370296
0.00314176634734
0.00261756290065
0.00209326558639
0.00157521046556
8.17869573735e-05
0.00498533599396
0.00486177468501
0.00473975419918
0.0046153172466
0.00449246540753
0.00314994734275
0.00247803699291
0.00180600632606
0.00114197674046
-2.09218908383e-05
0.00463017862561
0.00484163993821
0.00505046430497
0.00526342418336
0.00428525953313
0.00368481453601
0.00307625099945
0.00203729407895
0.00105382051832
6.14370685669e-05
0.00508846322744
0.00511552005323
0.00514223947744
0.00516948804721
0.0041462586048
0.00341427795044
0.00267240027997
0.00171208963642
0.000844087201097
-3.17789997219e-05
0.00491000394977
0.00505672679445
0.00520161998911
0.00534938261659
0.00442825486823
0.00380663825187
0.00317661683733
0.00210842441934
0.00109538133732
7.31604777918e-05
0.00544581540855
0.00543173020807
0.00541782065159
0.00540363563332
0.00436650299917
0.00359891781825
0.002820954217
0.00181068130381
0.000893874414796
-3.12383891372e-05
0.00515784923687
0.00524723229569
0.00533550073792
0.00502885869691
0.00455490787932
0.00391453925734
0.00326551229374
0.00217142557796
0.00113219234844
8.35440688195e-05
0.0057623273404
0.0057118020595
0.0056619068344
0.00521579028377
0.00456157660561
0.00376245598687
0.00295253056122
0.00189800535206
0.000937971661214
-3.07595626194e-05
0.00791737493533
0.0099482614323
0.0112463463888
0.0110784209054
0.0101906451342
0.00882537302896
0.0070621932916
0.00497746836867
0.00263315991807
5.78926866877e-06
0.00868204537093
0.0109806243151
0.0121440378251
0.0116028960388
0.0103013332521
0.00859885239248
0.00662482580061
0.0044937040285
0.00228679029175
3.61924390537e-06
0.00589339008893
0.00581260346065
0.00573282425052
0.00565146511054
0.00557114234656
0.00423476159617
0.0035293310676
0.00282377421965
0.00212661760989
0.000114359887353
0.00670165307362
0.00654298303792
0.00638629163503
0.00622649715021
0.00606873817326
0.00424779506795
0.00334301519568
0.00243807330713
0.00154390550069
-2.93385290825e-05
0.00581004381835
0.00611415030442
0.00641446454916
0.00672072615084
0.00542951976854
0.00466941098787
0.00389902487432
0.00258323161484
0.00133754849396
8.05799670293e-05
0.00639375853622
0.00644390716489
0.00649343043466
0.00654393445231
0.00523940915669
0.00431490712873
0.00337790502797
0.00216507824912
0.00106812644863
-3.87633098336e-05
0.00618002775416
0.00639311784063
0.00660355067027
0.00681815086518
0.00561407050283
0.00482667880134
0.00402864087813
0.00267509272714
0.00139117180919
9.56190655542e-05
0.00686011091181
0.00685585778745
0.00685165770001
0.00684737443498
0.00552547647828
0.00455471710757
0.0035708322245
0.00229269466793
0.0011322897347
-3.86280172739e-05
0.0065077278116
0.0066402033727
0.00677102694898
0.00690444132646
0.00577752972463
0.00496597315042
0.00414344362435
0.00275645542661
0.00143866674553
0.000108939409962
0.00727316587305
0.00722072833885
0.00716894470647
0.00711613556248
0.00577885039168
0.00476712023168
0.00374171059856
0.00240572635316
0.00118912007379
-3.85081867209e-05
0.010124613224
0.0140335717771
0.0169424170297
0.0171042830028
0.0158156578567
0.0136931910342
0.0109746792156
0.00774927962757
0.00413820579914
6.87709857931e-06
0.0110411372868
0.0153065856408
0.0177603476054
0.0172201599279
0.0153755895506
0.0129059334736
0.0100375315661
0.00691378896168
0.00359227668559
2.67629174508e-05
0.00748025701431
0.00737348946787
0.00726805332448
0.00716052914701
0.00705437464327
0.00537936283156
0.00448414854863
0.00358877396232
0.00270405955146
0.000148470754656
0.00849900640319
0.00830356997528
0.00811057066113
0.0079137492312
0.00771943496897
0.00539747789035
0.00424883351514
0.00309998345556
0.00196481140672
-3.81525605638e-05
0.00698875823636
0.00738541953499
0.00777713442357
0.00817660674726
0.00657266395632
0.00565304711926
0.00472099626144
0.0031286366737
0.00162099973717
9.9704194576e-05
0.00769778073274
0.00777099864184
0.00784330351556
0.00791704029903
0.00633149351049
0.00521465788354
0.00408272166598
0.00261762504198
0.00129194718076
-4.57408078388e-05
0.00744881284816
0.00772820544551
0.00800411398643
0.00828548655913
0.00679872955898
0.00584572446015
0.00487983390218
0.00324120833828
0.00168667378352
0.000118055748462
0.0082730269901
0.0082785963522
0.00828409626374
0.00828970509432
0.00668331955928
0.00550958416356
0.0043199788428
0.00277423790309
0.0013704725176
-4.60104379793e-05
0.00785628979004
0.0080318158234
0.00820515302782
0.00838192296393
0.00699895909277
0.00601638153352
0.0050205186697
0.00334091466977
0.00174484222458
0.000134309981905
0.00878253081805
0.00872818289566
0.00867451269784
0.00861977962728
0.00699493691678
0.00577080458302
0.0045301209137
0.0029129521515
0.00144002353022
-4.62492532466e-05
0.0120548645853
0.0161157480292
0.0179735173743
0.017093062908
0.0151241968153
0.012681350985
0.00990131033672
0.00687224992083
0.00364149604741
2.34251602353e-05
0.0131302527353
0.017115145562
0.0180515140384
0.0164762839434
0.0141832089147
0.0116562274486
0.00892742540649
0.00607303109337
0.00314768656971
2.8394931889e-05
0.00906557619819
0.00893285307392
0.00880178502162
0.00866812132657
0.0085361602779
0.00652284768673
0.00543803475395
0.0043530275669
0.00328093828835
0.000182548352121
0.0102946066945
0.0100624397343
0.00983316792162
0.00959935566061
0.00936852176707
0.00654603937623
0.00515376834993
0.00376124801375
0.0023853067846
-4.69579953302e-05
0.00816625104622
0.00865537123448
0.00913839204017
0.00963097848319
0.00771462340059
0.00663566381973
0.0055421157654
0.00367347648006
0.00190415721426
0.000118808601959
0.00900045145334
0.0090967147341
0.00919177760114
0.00928872307221
0.00742244603869
0.00611347614541
0.00478680783888
0.00306970281975
0.00151553594727
-5.27110744328e-05
0.00871628298563
0.00906190937858
0.00940322577238
0.00975130152064
0.00798216084601
0.00686371398995
0.00573014475807
0.00380673723271
0.00198186950248
0.000140469178211
0.00968447873591
0.00969986040455
0.00971505026208
0.00973054093619
0.00783996266298
0.00646346160463
0.00506834905284
0.00325528207153
0.00160840845017
-5.33852076157e-05
0.00920345413196
0.0094219860205
0.00963779279234
0.00985787335381
0.00821912258339
0.00706570128358
0.005896684723
0.00392476818506
0.00205070038634
0.000159654260034
0.0102903314719
0.0102340751412
0.0101785203332
0.01012186533
0.00820976310164
0.00677344872565
0.00531771412807
0.00341965226596
0.00169066695274
-5.39822970062e-05
0.0166388993448
0.0172721255952
0.0164788929442
0.0146322389802
0.0124787693103
0.0101789071748
0.00781198823715
0.00535663107264
0.00284323785122
7.84310157805e-05
0.0187485942994
0.0178739846268
0.0162574827148
0.0141366363719
0.0118121091605
0.00950630173314
0.00715636084395
0.0048539946256
0.00254306186946
5.00458425675e-05
0.0106492523727
0.0104906005707
0.0103339271741
0.0101741510523
0.0100164102043
0.00766514744532
0.00639093236087
0.00511648910648
0.00385721915374
0.000216590631895
0.0120883460432
0.0118194866178
0.0115539798991
0.0112832151439
0.0110158994677
0.00769341050416
0.00605776531906
0.00442182724378
0.00280536636517
-5.57543042298e-05
-0.00742482627193
-0.00772989646551
-0.0080311624002
-0.0083383945389
-0.00708874963675
-0.00615744820668
-0.00521355476998
-0.00345918804255
-0.0017972597817
-0.000120275095232
-0.00805864685382
-0.00823145917413
-0.00840211650578
-0.00857615349753
-0.00691587070217
-0.00573123634029
-0.00453058468984
-0.00290115433812
-0.00143953207894
3.53319111721e-05
-0.00778339718578
-0.00802844462595
-0.00827043629758
-0.00851722031881
-0.00727336593541
-0.00632274987825
-0.00535928066387
-0.00357100859382
-0.00187881827783
-0.000171297373717
-0.00853801531617
-0.00863193241597
-0.0087246783592
-0.00881926102259
-0.00717977477628
-0.00596272883504
-0.00472922737246
-0.00303435928173
-0.00150393967871
4.0344932492e-05
-0.00810098856663
-0.00829287299664
-0.00848236460669
-0.00867560886673
-0.0074368832285
-0.0064691599302
-0.00548835216988
-0.00367004965353
-0.00195105580297
-0.00021648853466
-0.0089625988114
-0.00898663728732
-0.00901037600079
-0.00903458483051
-0.00741351838478
-0.00616776504468
-0.0049051680342
-0.00315234080322
-0.00156098640994
4.47850370898e-05
-0.00849029413024
-0.00861701099941
-0.00874214769528
-0.00886976257063
-0.00763732378133
-0.00664863031647
-0.00564656885468
-0.00379145482348
-0.00203960502733
-0.0002718841513
-0.00948305599909
-0.00942143680703
-0.00936058601307
-0.00929853014344
-0.0077000428081
-0.00641909975328
-0.00512083723247
-0.00329696331343
-0.00163091466113
5.02277459515e-05
-0.0090435178259
-0.00907762816124
-0.00911131313696
-0.00914566520248
-0.00917957968157
-0.00690366718117
-0.00587140309096
-0.00483895415625
-0.00381879738056
-0.000350604238105
-0.0102226530553
-0.0100393098087
-0.00985825287263
-0.00967361032497
-0.00949131980691
-0.00677625960233
-0.00542731451422
-0.00407812787448
-0.00274500441825
5.79621217023e-05
0.000703282887443
0.00071900736771
0.000707092515945
0.000668896918918
0.000609352425479
0.00052792692541
0.000423197655783
0.000294693543375
0.000150697434658
1.89552165819e-06
0.000777519900329
0.000792281447531
0.000766081306476
0.000705778337167
0.000620095281497
0.000514739022293
0.000391361177452
0.000258749575549
0.000126124506625
6.71581695987e-07
0.000751035424832
0.000737725480145
0.000724581511933
0.000684902988071
0.000623407571628
0.000539429136722
0.000454315240219
0.000300973002844
0.000154176944774
6.05097133786e-06
0.000840699311132
0.000813233123228
0.00078610944171
0.000723782223348
0.000635993507543
0.000527580013688
0.000417700674954
0.000266170736722
0.000130345690507
-6.7098779603e-06
0.000768716717375
0.000754304379731
0.000740071765522
0.000699079792178
0.00063585641536
0.000549616809599
0.000462211169241
0.000306534809801
0.00015725879659
2.08218282038e-06
0.000860084831858
0.000831790321703
0.000803848647203
0.000739728522538
0.000650074793469
0.00053895346321
0.000426329675764
0.00027274376519
0.000134084453374
4.02468034772e-07
0.000764469269687
0.000774626901803
0.000759059818309
0.000716457810116
0.000651116288322
0.000562104924738
0.000447950835162
0.000313352508653
0.00016103655043
2.18965439861e-06
0.000846189229587
0.000854537855317
0.000825593479743
0.000759275598963
0.000667335724604
0.000552895111011
0.00042126272091
0.000280801025893
0.000138667453018
2.47523805588e-07
0.000821190230729
0.000803506275274
0.00078604284069
0.000768233564106
0.000750651147182
0.00057985119362
0.000485644248917
0.000391420434854
0.000298318433276
8.34999704582e-06
0.000917616054657
0.000886863297821
0.000856494031247
0.000825523338427
0.000794947159154
0.000572706926307
0.00045193832333
0.000331148094674
0.000211795973655
-3.22294731389e-06
0.0015276873724
0.00165240566057
0.00167245706291
0.0015975128035
0.00145980539133
0.00126649820739
0.00101470302472
0.000709406118292
0.000365899308914
2.84815504906e-06
0.00165507388152
0.00178918521845
0.00177894408199
0.00165007108143
0.0014526361558
0.00120476732132
0.000916674530058
0.000607842070486
0.000299091463406
5.86009467694e-08
0.00169388256649
0.00170617397636
0.001718312111
0.00163836522779
0.00149580889801
0.00129753294573
0.00109657612984
0.000728732755311
0.000378773449554
2.56436481848e-05
0.00187681907236
0.00185669409333
0.00183682007499
0.0017024153053
0.0014994457278
0.00124460121776
0.000986310987932
0.000630798994491
0.000310894457991
-1.19082895666e-05
0.00174860333151
0.00175379734178
0.00175892658217
0.00167454880359
0.00152769771821
0.00132502085682
0.00111960362771
0.000745850633813
0.000390176259836
7.80091046316e-06
0.00194525236659
0.00191648766822
0.00188808166879
0.00174877733215
0.00154090563442
0.00127988266888
0.00101533044546
0.000651132270039
0.000321348538909
8.28895853838e-07
0.00174071187641
0.00181217437035
0.00180871206295
0.00171890286425
0.00156678723975
0.00135871571559
0.00108866195656
0.000766833839719
0.000404153898245
1.06524969137e-05
0.0019183415321
0.00198978301808
0.00195091846119
0.00180560820378
0.00159172745545
0.0013231308993
0.00100965205123
0.000676056930387
0.000334163218744
1.27239898215e-06
0.00191100044059
0.00189513120043
0.00187945985143
0.0018634781505
0.00184770002905
0.00140659788331
0.00118794329881
0.000969249560469
0.000753159552076
4.80057058713e-05
0.00214834472366
0.00209393956789
0.00204021285039
0.00198542214085
0.00193132937104
0.00138458891094
0.00110145270652
0.000818265801727
0.000538450471399
-9.98240867073e-06
0.00262748309567
0.00309391246284
0.00332467850356
0.00324613188161
0.00298596889956
0.0025924968932
0.00207591937889
0.0014538543888
0.000756069407026
7.36942710384e-06
0.00273095768857
0.00311239733135
0.00320404573119
0.00299625747036
0.00263299258134
0.00217497244532
0.00164913561283
0.00109496387799
0.00054228990196
1.48648498994e-07
0.00259472463267
0.00263147682322
0.0026677707099
0.00254934947551
0.00232934360229
0.00202186223678
0.00171022345535
0.00113743525036
0.000593363885782
4.43634456081e-05
0.00286677834072
0.00285366751007
0.00284072017292
0.00263744900125
0.00232443002035
0.00192967818775
0.00152958896648
0.000979182585643
0.000483399541329
-1.68751051249e-05
0.00268483471314
0.00270876158283
0.00273239008183
0.00260655939249
0.00237980632254
0.00206587963782
0.00174770839084
0.00116559436228
0.000612716944926
1.32648612968e-05
0.00298207426588
0.00295286032678
0.00292401068871
0.00271287169525
0.00239204879425
0.00198780250768
0.00157809045916
0.00101266307123
0.000500269764081
1.23632575486e-06
0.00362262940745
0.00400283557638
0.00414889556646
0.00399316444205
0.0036589187256
0.00317517916184
0.00254416598524
0.00178542612937
0.000931626986727
2.65471486615e-06
0.00400651071896
0.0044360031241
0.00452042131352
0.00423568887496
0.00375219015136
0.00313402656799
0.00240449942322
0.00161822131984
0.000812962391305
8.6915745333e-06
0.00295225817775
0.00293812280493
0.00292416370176
0.00290992815559
0.00289587394589
0.00219651192477
0.00185895400588
0.00152133564147
0.0011877369031
8.5894700912e-05
0.00332424281798
0.00324723900862
0.00317119544524
0.00309364593193
0.00301708426651
0.00216030048944
0.00172203037295
0.00128368177671
0.000850552083289
-1.64407271679e-05
0.00332617219359
0.00340733717792
0.00348749002597
0.00356923020331
0.00305878701066
0.00265512515312
0.00224600543561
0.00148912917321
0.000770511739229
4.53839099392e-05
0.00364350293838
0.00366351674524
0.00368328097772
0.0037034366167
0.00301794030407
0.00250212603634
0.00197933751037
0.00126418934102
0.000624295790688
-2.13949470869e-05
0.00346657936441
0.00352700523558
0.00358667758949
0.00364753168151
0.00313605679128
0.00272288402899
0.00230412481103
0.00153298649908
0.000801049221797
6.24808765911e-05
0.00382488265749
0.00381856027367
0.00381231673067
0.00380594954192
0.00312286793314
0.00259271072176
0.00205538532305
0.00131635587473
0.000650353748735
-2.16820982803e-05
0.00359094000142
0.0036329969438
0.00367452943147
0.0035085797049
0.00320449573983
0.00278289903334
0.00235560197211
0.00157183155913
0.000828096706357
7.76239041971e-05
0.00398553326585
0.00395588454171
0.00392660554043
0.00364594338879
0.00321580383317
0.00267294287171
0.00212274195713
0.00136256051888
0.000673433654435
-2.19364321944e-05
0.0037433820726
0.00376292226354
0.00378221878615
0.00380189745283
0.00328838864451
0.00285646581287
0.00241870300828
0.00161944808436
0.000861251687431
9.61863251334e-05
0.00683896930427
0.00842909327088
0.0092961727311
0.00896059159567
0.00801963865476
0.00673207494892
0.00518256100424
0.00353401984177
0.0017921975004
3.81956164092e-08
0.00396001027901
0.00394755298107
0.00393525102701
0.00392270544777
0.00391031967771
0.00296100807851
0.00250837290178
0.002055656673
0.00160833040559
0.000122564502254
0.00446230281323
0.00436342753074
0.00426578523389
0.00416620925058
0.00406790169462
0.00291105118767
0.00232263906475
0.0017341215766
0.00115261087619
-2.26912296169e-05
0.00419869592461
0.00431120677505
0.00442231460281
0.00453562278544
0.00388233531314
0.00337033122559
0.00285140439675
0.00189072203114
0.000978905554465
5.88283740726e-05
0.00459321969541
0.00462888278103
0.00466410114404
0.00470001696374
0.00382414317631
0.00317032481645
0.0025076662628
0.00160223805524
0.000791790819057
-2.59987548333e-05
0.00437959888952
0.00446481619882
0.0045489708389
0.00463479205888
0.00398085910284
0.00345700470359
0.00292606733652
0.00194721377814
0.00101854046197
8.14537256564e-05
0.00482822405882
0.00482901063968
0.0048297874118
0.00483057956693
0.00395900424968
0.00328704846783
0.00260600725845
0.00166944886726
0.00082519073202
-2.67160545669e-05
0.00453982722987
0.00460087025988
0.00466115207659
0.00472262770108
0.00406812303086
0.00353377264125
0.00299219736888
0.00199724932548
0.00105364566576
0.000101493322774
0.0050363707807
0.00500626674307
0.00497653810609
0.00494622072976
0.00407845262895
0.00339043227334
0.00269310928316
0.00172897844363
0.000854773512074
-2.73513771881e-05
0.0047362361632
0.00476764620569
0.00479866456149
0.00483029719795
0.00417509171682
0.00362787527451
0.0030732599892
0.00205858322222
0.00109667785106
0.000126057990207
0.00884913267679
0.0120692509203
0.0142626970456
0.0141248356997
0.0127549850511
0.010761641375
0.00837536993732
0.00574567247011
0.00296977140409
3.20899365934e-06
0.00501534359477
0.00500464360236
0.00499407704003
0.00498330121984
0.00497266266512
0.00376160006914
0.00318845423913
0.00261520577757
0.00204878231337
0.000160965675508
0.00565409653595
0.00553231711439
0.00541205629562
0.00528941385816
0.00516833367516
0.0036972487284
0.00295160561456
0.0022058289806
0.00146893143467
-2.92368507736e-05
0.00507036864463
0.00521419478817
0.00535622740388
0.00550107280214
0.00470508037252
0.00408483972595
0.00345621288551
0.00229192319778
0.001187096114
7.22597252254e-05
0.00554201015168
0.00559330725262
0.00564396467307
0.00569562530188
0.00462955972322
0.00383787187274
0.00303547971284
0.0019399570556
0.000959122482115
-3.05980722823e-05
0.00529172790629
0.00540171247354
0.00551032552114
0.00562108951753
0.00482483744133
0.00419040935782
0.00354740325395
0.00236103704301
0.00123581957332
0.000100408069663
0.0058305868569
0.00583847546876
0.00584626570876
0.00585421022495
0.00479432504549
0.00398070899559
0.00315609214791
0.00202219747258
0.000999857189062
-3.17451010133e-05
0.00548778896662
0.0055677995663
0.00564681242499
0.00572739003689
0.00493090798798
0.00428391388891
0.00362817186601
0.00242225216306
0.00127897463729
0.00012533946045
0.00608618336724
0.0060556244602
0.00602544662608
0.00599467115681
0.0049402600452
0.00410722187582
0.0032629203047
0.00209503898477
0.00103593650093
-3.27610407464e-05
0.00572812187928
0.00577139019613
0.0058141189523
0.00585769389932
0.0050609299484
0.00439853234638
0.00372717855175
0.00249729005216
0.00133187439313
0.000155900520125
0.00992208438899
0.013864670569
0.015639959628
0.0147451869908
0.0128355049832
0.0105647793507
0.00806604757214
0.00549045760786
0.00282630550632
1.32195389299e-05
0.00606964759728
0.00606070319641
0.0060518703332
0.00604286254593
0.00603396950243
0.00456141120699
0.00386787226306
0.00317420912915
0.00248880462891
0.0001993293944
0.00684472784953
0.00670006662833
0.00655720934847
0.0064115229546
0.00626769235571
0.00448267945589
0.00357995870547
0.00267707630751
0.00178494347171
-3.57760876965e-05
0.00594113797152
0.00611624695331
0.00628917230682
0.00646552223583
0.00552697274693
0.00479860771664
0.00406039455663
0.00269270856345
0.00139507090685
8.56771562565e-05
0.00648981729075
0.00655673220407
0.00662281268106
0.00669020180122
0.00543414154426
0.00450472708974
0.00356274614215
0.00227732604727
0.00112628072426
-3.51926230434e-05
0.00620291160142
0.00633763775808
0.00647068386474
0.00660636478709
0.00566794108888
0.00492305391861
0.00416809522489
0.00277443142547
0.00145287349871
0.000119342769571
0.00683191081593
0.00684689409831
0.0068616905375
0.00687678000211
0.00562878012294
0.00467365062032
0.00370560693476
0.00237458049268
0.00117434262349
-3.67689354048e-05
0.00643476824505
0.00653372675659
0.0066314512446
0.00673111104679
0.00579279876317
0.00503327769749
0.00426348724535
0.00284681453184
0.00150407008007
0.000149160884222
0.00713490793823
0.0071038946332
0.00707326806749
0.00704203498004
0.00580117429263
0.00482326860454
0.00383214077964
0.00246072014432
0.00121691173422
-3.81650977821e-05
0.00671897961466
0.00677409391606
0.00682852093606
0.00688402581673
0.00594585010585
0.00516839071676
0.00438041939945
0.00293554221061
0.0015668271798
0.000185712121535
0.0116210823157
0.0149667264059
0.0149463701405
0.0131582853126
0.0110587189944
0.00892304256886
0.00672404879852
0.00451642700184
0.00230127475137
5.06532515663e-05
0.00712285892936
0.00711566830057
0.0071085673397
0.00710132575297
0.00709417641165
0.00536039342836
0.00454658614476
0.00373263313509
0.00292837090961
0.000237653353507
0.0080341252044
0.00786660589803
0.00770117557584
0.0075324691081
0.00736591167161
0.00526729617061
0.00420766057736
0.00314783523827
0.00210062799695
-4.23085474178e-05
-0.00494185538072
-0.0046219086245
-0.00430595163955
-0.00398373751226
-0.00436349755131
-0.00386778310963
-0.00336536617686
-0.00222877735643
-0.0011523216671
-6.6113706623e-05
-0.00512226560649
-0.00521041620167
-0.00529746754923
-0.00538624284244
-0.00450849827731
-0.00377944454112
-0.0030405333633
-0.00193279668181
-0.000962601105978
1.63840655817e-05
-0.00482791281036
-0.00464697155731
-0.0044682866616
-0.0042860631297
-0.00436369123521
-0.00388347770445
-0.00339677126842
-0.0022681099051
-0.00120836870338
-0.000139026657291
-0.00509528416657
-0.00514788501632
-0.00519982992768
-0.00525280354459
-0.00444549873689
-0.00374727839904
-0.00303961751396
-0.00194016319805
-0.000964065492421
2.0875279934e-05
-0.00472699224803
-0.00466917015494
-0.00461206910971
-0.004553837248
-0.00436386278381
-0.00389737863129
-0.00342458720665
-0.00230294730536
-0.00125801036409
-0.000203606699311
-0.00507138631978
-0.00509250025214
-0.00511335089145
-0.0051346144522
-0.00438969914395
-0.00371878838748
-0.00303880633312
-0.00194668782671
-0.000965362520414
2.48532126461e-05
-0.00460328317164
-0.00469638133913
-0.00478831856223
-0.00488207648978
-0.00436407306919
-0.0039144184771
-0.0034586841632
-0.00234565121534
-0.00131886143205
-0.000282769331465
-0.005042092185
-0.0050246092509
-0.0050073443309
-0.00498973750025
-0.00432129964293
-0.00368386514751
-0.0030378119824
-0.00195468575862
-0.000966952425696
2.97293882286e-05
-0.00442748606307
-0.00473504986403
-0.00503877831055
-0.00534852172811
-0.00565431954541
-0.00393863299482
-0.00350713773304
-0.00307556520467
-0.00264913090442
-0.000395263598211
-0.00500046367769
-0.00492813256492
-0.00485670342908
-0.00478385972641
-0.00471194392768
-0.00363423738544
-0.00303639895771
-0.00243845347681
-0.00184762703171
3.66586903722e-05
0.000341175110285
0.000381132645215
0.000420591905288
0.000460832607829
0.000336755829953
0.000299470585192
0.000261681211441
0.000175845103143
9.1450920532e-05
6.29215935051e-06
0.000606433493702
0.000615379170996
0.000595748458378
0.000550597450489
0.000486197980607
0.000404814506445
0.000310207731695
0.000206229295422
0.000100961530405
2.24459922346e-07
0.000369429103358
0.00039347881959
0.000417228633214
0.000441448782899
0.000345466733701
0.000306070729144
0.000266142056286
0.000178932080549
9.27259432253e-05
5.73881172361e-06
0.000442044824932
0.000430440654812
0.00041898118997
0.000407294784418
0.000352555322481
0.000299023657073
0.000244768196915
0.000155286103958
7.5922586927e-05
-4.15993279476e-06
0.000394454068651
0.000404414002607
0.000414249735091
0.000381165699164
0.000353182105592
0.00031191657093
0.000270093090291
0.000181666260538
9.38552490393e-05
5.2487038255e-06
0.000451446576263
0.00043969532667
0.000428090616452
0.000400164902472
0.00035904369601
0.00030356874678
0.000247343727911
0.000157568928505
7.71742060087e-05
-3.94886149986e-06
0.000425129832558
0.0004178184205
0.000410598182553
0.00040323495661
0.000362639658233
0.000319082441507
0.000274936293266
0.000185017836008
9.5239559392e-05
4.64792640202e-06
0.000660055682766
0.000664146497946
0.000641915586129
0.000592464534084
0.000523107782553
0.000436789170248
0.000335615841693
0.00022598892866
0.000112195242938
1.67304391153e-06
0.000468721707585
0.00043686680382
0.000405409134211
0.000373328483862
0.000341656486017
0.000329265520747
0.000281818739599
0.000234363462295
0.00018747317934
3.79419006338e-06
0.000479348547954
0.000467160804441
0.000455125043432
0.00044285092887
0.000430733165492
0.000317057400105
0.000254987239253
0.000192905963681
0.000131563817072
-3.32245636659e-06
0.000924821431604
0.000933846970345
0.000942759959625
0.000951849459776
0.000856019460915
0.000759850719875
0.000662381693679
0.000441497375088
0.000228857527699
1.42912457441e-05
0.00130610179719
0.00139663342881
0.00138744583758
0.00129270143051
0.00114498074171
0.000956039648804
0.000730689179562
0.000484738534576
0.000237112772706
3.3876202584e-06
0.00094360892188
0.000950325940816
0.000956959197786
0.000963723818312
0.00086571410493
0.000768913889981
0.000670804851799
0.000449270677964
0.000236465243135
2.17318735824e-05
0.0010537849429
0.00104670990834
0.00103972310024
0.00103259792693
0.000882623548665
0.000746041578702
0.000607612901523
0.000386782264865
0.000190815964461
-6.92571463862e-06
0.000960249270411
0.000964921600376
0.000969535665872
0.000939169063372
0.000874300789628
0.000776941269217
0.000678265363276
0.000456155603369
0.000243203505379
2.83221439535e-05
0.00106158522841
0.00105086832745
0.00104028506742
0.000982054699017
0.0008836642323
0.000747941337178
0.00061038335028
0.000390038098687
0.00019234914703
-7.13078987416e-06
0.000980647116997
0.00098281305403
0.00098495198159
0.000987133267999
0.00088482640313
0.000786781282475
0.000687410506377
0.000464595189349
0.000251463310709
3.64005398922e-05
0.00150395414267
0.00155174306651
0.00152241115613
0.00141279413966
0.00125035158374
0.00104514937793
0.000800173635633
0.000537782560526
0.00026538123419
1.77016929462e-06
0.00100963353057
0.00100823775133
0.00100685937761
0.00100545370688
0.00100406594199
0.00080076445921
0.000700406236048
0.000600030042033
0.000500848909679
4.78803656999e-05
0.00108473446281
0.00106320944221
0.00104195284099
0.00102027527873
0.000998873851461
0.000753579330075
0.000618605327237
0.000483607155
0.000350216247727
-7.73940025058e-06
0.00148246554462
0.00146193714813
0.001441664743
0.00142099086764
0.00135214921678
0.00119972031637
0.00104523044444
0.000695314490262
0.000360142490487
2.19339623584e-05
0.00220445047448
0.00249118148037
0.0025692833286
0.0024211690175
0.00214463815166
0.00178488312891
0.00136077980318
0.000904698070519
0.000447552712725
4.28848177223e-07
0.0014922082772
0.00148236479321
0.00147264405856
0.00146273081662
0.00136278377415
0.00121113678159
0.00105743938959
0.000707565336668
0.000373800768908
3.70124235813e-05
0.00163827123712
0.0016355235592
0.00163281014511
0.00163004299518
0.00138907654088
0.00117314426624
0.000954292399144
0.0006079649685
0.000300590691493
-9.56827727763e-06
0.00150083755463
0.00150045785029
0.0015000828809
0.00147231264661
0.00137220295352
0.00122124850792
0.00106825302671
0.000718416086342
0.000385898101223
5.03676320931e-05
0.0016445414042
0.00163481277029
0.0016252054535
0.00153802054274
0.00138491223635
0.00117251654646
0.000957249081821
0.000612150462758
0.000302392893528
-1.01709591704e-05
0.00151141537858
0.00152263643638
0.00153371756636
0.0015450181446
0.00138374904438
0.0012336435273
0.00108150845287
0.000731717005298
0.000400727089222
6.67385328494e-05
0.00316237948644
0.00347317782574
0.00353065282556
0.0033198264084
0.00295641840936
0.00248009847143
0.00191104904617
0.00128934334155
0.000644793050417
2.40264293117e-06
0.00152644702313
0.00155415337452
0.00158151422465
0.00160941692301
0.00163696418882
0.00125125750221
0.0011003451111
0.000949405696551
0.000800263340649
9.00024444504e-05
0.00166314964199
0.00163270333223
0.0016026366913
0.00157197461726
0.0015417031255
0.00117065363614
0.00096602375299
0.000761357227371
0.000559127426119
-1.19595634975e-05
0.00202216576157
0.00197303441764
0.00192451574697
0.00187503622327
0.00183231448819
0.00162543577022
0.00141575987176
0.000940964267474
0.000487202960142
2.93307513115e-05
0.00219854264932
0.00221151343724
0.002224322478
0.00223738518618
0.00188962200333
0.00158997412224
0.00128627474076
0.000816289045612
0.000404504380279
-1.10108944519e-05
0.00202315477906
0.00199728367672
0.00197173518987
0.00194568074644
0.00184385871433
0.00163912980612
0.00143163278472
0.000957548578823
0.000506717106272
5.18012753904e-05
0.00220394990643
0.00220539033927
0.00220681280975
0.00220826345053
0.0018792328671
0.00158650362528
0.0012898164291
0.000822030445659
0.000406833082675
-1.21258074233e-05
0.00202403076598
0.0020187615919
0.00201355812501
0.00200825160982
0.00185408360035
0.00165125880934
0.00144569165048
0.000972237540305
0.000524001064274
7.17037395746e-05
0.0022087391913
0.00219996702393
0.00219130424645
0.00218246991324
0.00187003106073
0.00158342975654
0.00129295335305
0.0008271156857
0.000408895647655
-1.31133017694e-05
0.00202510455639
0.00204508935891
0.00206482494874
0.00208495137783
0.00186661733158
0.00166612661975
0.00146292509883
0.000990243364056
0.000545187851502
9.61003085746e-05
0.0055973887779
0.0067350346818
0.00737987295837
0.00714982366344
0.00644010638363
0.00543372276063
0.00421574073369
0.00287284621973
0.00145907989181
7.09087482836e-06
0.00202663046909
0.00208250250149
0.0021376778035
0.002193945785
0.00224949700886
0.00168725456085
0.00148741473596
0.00128753912635
0.00109004320128
0.000130769117154
0.00222295255285
0.00218387202355
0.00214527883276
0.00210592135094
0.00206706521599
0.00157430730738
0.00130226293382
0.00103016984606
0.000761316251698
-1.60439301514e-05
0.00258734803086
0.00250826324568
0.00243016465646
0.00235051942004
0.00233515085774
0.00207125146331
0.00180378391918
0.00119821244744
0.000620262614967
3.70767811159e-05
0.00279268085461
0.00281385839716
0.00283477185343
0.00285609947516
0.00240887719592
0.00202574250418
0.00163742749764
0.00103939786136
0.000515455189488
-1.32341998329e-05
0.00257917002487
0.00253651455701
0.00249439100753
0.00245143325258
0.00234764770285
0.00208733060584
0.00182349379491
0.00121933482913
0.000645909114758
6.72883857587e-05
0.00279633720583
0.00280216349192
0.00280791712358
0.00281378469889
0.00239253202108
0.0020193798281
0.0016411822924
0.0010462030666
0.000518091729342
-1.48040918599e-05
0.00257192664813
0.00256153714705
0.00255127720419
0.00254081407569
0.00235871633709
0.00210157213208
0.00184095111341
0.00123804322435
0.000668624586003
9.40472355852e-05
0.00279957568835
0.00279180514728
0.00278413150571
0.00277630589704
0.00237805486622
0.002013744315
0.00164450796776
0.0010522305341
0.000520426950355
-1.61945676553e-05
0.0025630476702
0.00259220999936
0.00262100867107
0.00265037766531
0.00237228434035
0.00211902948683
0.00186235040706
0.00126097609591
0.000696469357205
0.00012684840634
0.0074510864256
0.00986334377195
0.0116423426515
0.0116788847818
0.0106519679821
0.0090348716194
0.0070511313337
0.00484580079785
0.00248926812527
4.38658298158e-05
0.00255043017524
0.00263579773685
0.00272010075558
0.00280607329267
0.00289095068698
0.00214383730673
0.00189275992962
0.00164163759282
0.00139350507527
0.000173460596361
0.00280918666872
0.00276106425351
0.00271354193011
0.00266507848512
0.00261723238135
0.00199701956645
0.00165437771398
0.00131167450564
0.000973051462613
-2.03211409835e-05
0.00315197905289
0.00304297004136
0.0029353203842
0.00282553885702
0.00283749678873
0.00251663233264
0.00219142950958
0.00145520972187
0.000753192490825
4.48152558748e-05
0.00338623957062
0.0034156158634
0.00344462583057
0.00347421030472
0.00292762593595
0.00246108586194
0.0019882377597
0.00126228906921
0.000626297783465
-1.54553367258e-05
0.00313464296442
0.00307521950157
0.00301653705585
0.00295669247594
0.00285094532367
0.00253509425549
0.00221497260573
0.00148086574773
0.000784965363121
8.27603908632e-05
0.0033881467237
0.00339835458532
0.00340843515377
0.00341871535558
0.00290533053169
0.00245183382761
0.00199220545303
0.00127015704207
0.000629241860528
-1.74797640473e-05
0.0031192881432
0.00310378330919
0.00308847182217
0.00307285710984
0.00286285688319
0.00255144624431
0.00223582506231
0.00150358965635
0.000813107050013
0.000116368938996
0.00338983591643
0.00338306602473
0.00337638055433
0.00336956268634
0.00288558317363
0.00244363916863
0.00199571969569
0.00127712581804
0.000631849471641
-1.92728282463e-05
0.00310046610429
0.00313879700885
0.00317664992282
0.00321525246753
0.00287745814971
0.0025714906177
0.00226138613812
0.00153144477015
0.000847603311364
0.000157566514126
0.00828244212262
0.0115018665468
0.0134117253338
0.012985108797
0.0114478346942
0.00948023070131
0.00728981062696
0.00495076615983
0.00256507011288
3.24047571116e-05
0.00307371899636
0.00318855331889
0.00330195564479
0.00341760376529
0.00353177872695
0.00259997472726
0.00229770977218
0.0019953906914
0.00169667096947
0.000216110436679
0.00339484900452
0.00333769352234
0.00328125077532
0.0032236902486
0.00316686294434
0.00241931953554
0.00200614906102
0.00159290460127
0.00118458015881
-2.45941800628e-05
0.00371602489682
0.00357712267213
0.00343995257346
0.00330006598847
0.00333932209328
0.00296155161356
0.00257867334786
0.00171194064683
0.000885984599452
5.25457105538e-05
0.00397918312816
0.00401674967405
0.00405384776099
0.00409168053024
0.00344583704983
0.00289597803407
0.00233868444541
0.00148494927479
0.000737025501256
-1.7674171654e-05
0.00368954021721
0.00361336613757
0.00353814195709
0.00346142805355
0.00335372133174
0.00298239384726
0.00260604569171
0.00174212561823
0.000923877494941
9.8216360932e-05
0.00397934289594
0.00399392779206
0.00400833081293
0.00402301906803
0.00341759758291
0.002883839636
0.00234286481667
0.00149387891382
0.0007402767968
-2.0152663194e-05
0.00366608235814
0.00364546749268
0.00362510969687
0.00360434873976
0.00336647494295
0.00300085411139
0.00263028976769
0.00176886087862
0.000957439773803
0.00013866750841
0.00397948440455
0.00397371412516
0.00396801580179
0.00396220463008
0.00339258548363
0.00287308848342
0.00234656743121
0.00150178802268
0.00074315651571
-2.2347898558e-05
0.00363732756314
0.00368481754088
0.00373171531338
0.00377954183899
0.00338210840184
0.00302348282227
0.00266000831244
0.00180163313328
0.000998580631763
0.000188252785963
0.00897824641893
0.012455954085
0.0134870136664
0.0121557419632
0.0102948414717
0.00830931344937
0.00628832247048
0.00422304580619
0.00219737328649
5.85005523033e-05
0.00359646548604
0.00374073603043
0.00388320750525
0.00402850045369
0.00417194261898
0.0030556394114
0.00270223992866
0.0023487771637
0.00199952266549
0.000258716075118
0.00397990436557
0.00391372517821
0.0038483712526
0.00378172307229
0.00371592387556
0.00284118183706
0.00235755583565
0.00187384323276
0.00139588962873
-2.88627906059e-05
