-1.28590354268
-1.14757495397
-1.01097133799
-0.871662454169
-0.840607519111
-0.813446888372
-0.785919022245
-0.82450840047
-0.859025945371
-0.893856205846
-1.23410221587
-1.09175031058
-0.951173549208
-0.807812836714
-0.849201161693
-0.879998484415
-0.911212213769
-1.02167776021
-1.11094368419
-1.20101832283
-2.18160392198
-2.06316710136
-1.94620720092
-1.82693105245
-1.81236473807
-1.79114869922
-1.76964580104
-1.81256759084
-1.85003424198
-1.88784032645
-2.14763180858
-2.02812500469
-1.91010846379
-1.78975474939
-1.84349144453
-1.87346357446
-1.9038409537
-2.01379187544
-2.10462482136
-2.19628067855
-2.97493854365
-2.87412014618
-2.77455896523
-2.67302609664
-2.67306398916
-2.65711316026
-2.64094666226
-2.68770573088
-2.72778444755
-2.76822626184
-2.95675801926
-2.85748544804
-2.7594508167
-2.65947472918
-2.72414855219
-2.75338979708
-2.78302640907
-2.89252152035
-2.98474239999
-3.07779876505
-3.94741324118
-3.86819162049
-3.78995790212
-3.71017486049
-3.72811468403
-3.71861798347
-3.70899287924
-3.760455709
-3.80373631243
-3.84740902136
-3.94859014849
-3.87412083021
-3.80058015253
-3.72558309151
-3.80366371642
-3.8320090377
-3.86073761242
-3.9696739883
-4.06359620606
-4.1583693227
-5.32935096924
-5.28081950502
-5.2328932335
-5.18401784069
-5.13576503662
-5.22707220592
-5.22674276653
-5.22641326814
-5.22608769271
-5.38098452172
-5.35803580581
-5.31881321541
-5.28007973502
-5.24057918535
-5.20158180498
-5.36478374806
-5.39222195402
-5.41966507327
-5.44678145946
-5.69391695724
-0.853326244408
-0.876484616471
-0.899354201086
-0.922676689902
-0.964706082562
-1.005390759
-1.0466255277
-1.09946890919
-1.15029800148
-1.20158758564
-0.791735071594
-0.836788598576
-0.881280303119
-0.926653111549
-1.01724063858
-1.09911339288
-1.18209313814
-1.27912994118
-1.37013121742
-1.46195692994
-1.79271828569
-1.81560863373
-1.83821353662
-1.861266102
-1.90218104955
-1.94182205622
-1.98199904384
-2.0343250461
-2.08443378763
-2.13499649492
-1.74597136779
-1.79028861578
-1.83405322281
-1.87868453445
-1.96702287515
-2.04683327002
-2.12772277095
-2.22302067658
-2.3126546249
-2.40310062204
-2.62475123655
-2.64740419188
-2.66977466237
-2.69258815271
-2.7325160203
-2.77123263376
-2.81047272955
-2.86234048166
-2.91181119821
-2.96173010028
-2.59115208728
-2.63481720244
-2.67793780882
-2.72191236616
-2.8082585704
-2.88624230406
-2.96528044573
-3.05903818507
-3.14746107153
-3.23668503505
-3.64466259566
-3.66702455348
-3.68910765523
-3.71162808585
-3.75034598446
-3.78792947074
-3.8260211185
-3.87732714459
-3.92601576603
-3.9751454875
-3.627180066
-3.67004579255
-3.71237697877
-3.75554648245
-3.83945071296
-3.91519531352
-3.99196404706
-4.08383384065
-4.17077219965
-4.25849818647
-5.0940103165
-5.11595875154
-5.13763348719
-5.15973746451
-5.18155987505
-5.23270918645
-5.2691688291
-5.30563500047
-5.34166701188
-5.41526209039
-5.09943035156
-5.14116010481
-5.18236948343
-5.22439496349
-5.26588511096
-5.37739169539
-5.45093548054
-5.52449243497
-5.59717363297
-5.71054845429
-0.805536978522
-0.846535730411
-0.887023223353
-0.92831252166
-0.978415954228
-1.02659588628
-1.07542725298
-1.129845355
-1.18247647638
-1.23558441531
-0.742864265933
-0.808621533188
-0.873558800085
-0.939782070269
-1.035804912
-1.12332025871
-1.21201888915
-1.30757214279
-1.39876513323
-1.4907842968
-1.74975588534
-1.78825944671
-1.82628286444
-1.86505928953
-1.91210356653
-1.95846779595
-2.00545891014
-2.05882384906
-2.11032923396
-2.16230123767
-1.70159766238
-1.7640134819
-1.82565096928
-1.88850911184
-1.98067009244
-2.06598640291
-2.15245626421
-2.2461353681
-2.33563685636
-2.4259491934
-2.58606405995
-2.62235759544
-2.65819854654
-2.69474928392
-2.73908402315
-2.7838400588
-2.82920123504
-2.88163337236
-2.93214167638
-2.98310756605
-2.5507615278
-2.61021777932
-2.66893260484
-2.7288102058
-2.81755068083
-2.90091927348
-2.98541508213
-3.0774342248
-3.16543752542
-3.25423810182
-3.61121601592
-3.64480048742
-3.67796615686
-3.71178863189
-3.75280200222
-3.79558670358
-3.83894989137
-3.89023859448
-3.93952467032
-3.9892572589
-3.59167207251
-3.64750046649
-3.70263267425
-3.75885670807
-3.8434043053
-3.92438537289
-4.00646137506
-4.09644572657
-4.18261253911
-4.26955998956
-5.06801090073
-5.09774564971
-5.1271096031
-5.15705507374
-5.1866190904
-5.23333193564
-5.27385587669
-5.31438707425
-5.35443571435
-5.41904892768
-5.07086074132
-5.12153375878
-5.17157487814
-5.22260700078
-5.27298906163
-5.37878456679
-5.45742189659
-5.53607330775
-5.61378830876
-5.71238583003
-0.759876787043
-0.817921106464
-0.875241606834
-0.93369726973
-0.991515033149
-1.04685629736
-1.10294582367
-1.15886849035
-1.21322135806
-1.26806664168
-0.696170718694
-0.781709347467
-0.866181300128
-0.952326116676
-1.05354212272
-1.14644867695
-1.24061140874
-1.33474720705
-1.42612337057
-1.51832736671
-1.70870751621
-1.76212870181
-1.81488371934
-1.86868348558
-1.92158402239
-1.97437194616
-2.02787360865
-2.08223119824
-2.13507100422
-2.18838951836
-1.65920086368
-1.73890893965
-1.81762304714
-1.89789599143
-1.99370930831
-2.08428623863
-2.17608784794
-2.26822026983
-2.3575951993
-2.44777983098
-2.54910044776
-2.59842685768
-2.64713816184
-2.6968141339
-2.74535941286
-2.79588580653
-2.84709536107
-2.90006673951
-2.95156640511
-3.00353263771
-2.51217042067
-2.58671429273
-2.6603285945
-2.73540073764
-2.82642881556
-2.91494236468
-3.0046526941
-3.09501069686
-3.18261310474
-3.27100915648
-3.57925952514
-3.62356653262
-3.66732102684
-3.7119420254
-3.75514860117
-3.80290279666
-3.85130267048
-3.90257482236
-3.95243173522
-4.00274033239
-3.55774600666
-3.62595956424
-3.69332249126
-3.76201945881
-3.84718175992
-3.93316600307
-4.0203128281
-4.10849573645
-4.19392537593
-4.28012897483
-5.043169793
-5.08034396543
-5.11705457184
-5.15449218699
-5.19145291109
-5.23392694054
-5.27833411017
-5.32274923167
-5.36663555439
-5.42266705641
-5.04356394464
-5.10278179219
-5.16126118666
-5.22089869414
-5.27977652199
-5.38011538395
-5.46361933431
-5.54713823748
-5.62966277898
-5.71414134828
-0.715685851155
-0.790227245107
-0.863839099674
-0.938908747146
-1.00419260935
-1.06646476806
-1.12957890061
-1.18695771801
-1.24297692963
-1.29950365359
-0.65097967841
-0.755663143207
-0.859041193679
-0.964466520223
-1.07070858471
-1.16883286796
-1.26828387701
-1.36104783094
-1.45260127339
-1.54498415453
-1.66898000326
-1.73683879312
-1.80385137641
-1.8721910621
-1.93075941573
-1.98976433195
-2.04956704605
-2.10488534474
-2.15901663275
-2.21363832924
-1.61816831098
-1.71461221244
-1.80985344783
-1.90698081961
-2.00632894775
-2.10199722146
-2.19895901357
-2.28959452265
-2.37884696574
-2.46890800136
-2.51332625226
-2.57526616422
-2.63643367867
-2.69881254105
-2.75143287281
-2.80754394568
-2.86441368915
-2.91790695698
-2.97036608409
-3.02330047054
-2.47482109983
-2.56396710233
-2.65200144437
-2.74177919907
-2.83502126929
-2.92851422026
-3.02327127737
-3.11202159245
-3.19923600754
-3.28724055142
-3.54833133169
-3.60301584493
-3.65701843627
-3.712090483
-3.75741969116
-3.80998347219
-3.86325796134
-3.91451409457
-3.96492347604
-4.01578954696
-3.52491161519
-3.60511180607
-3.68431189174
-3.76508043841
-3.85083766345
-3.94166408977
-4.03371856849
-4.12015800059
-4.20487418781
-4.29035787084
-5.0191280235
-5.06350223329
-5.10732309181
-5.15201176892
-5.19613118888
-5.23450279934
-5.28266824287
-5.33084231124
-5.37844282746
-5.42616876083
-5.01714550545
-5.08463322717
-5.15127936958
-5.21924535747
-5.28634557516
-5.38140337801
-5.46961735061
-5.55784711942
-5.64502643982
-5.71584037738
-0.6694084315
-0.761225812616
-0.851898220886
-0.944366285498
-1.01746875981
-1.08699905659
-1.15746946354
-1.21637318411
-1.27413741639
-1.33242497022
-0.603654934233
-0.728387162268
-0.851563965694
-0.977180135321
-1.0886855646
-1.19227393298
-1.29726290634
-1.38859024398
-1.48032933562
-1.57289954786
-1.62737674793
-1.71035481641
-1.79229813924
-1.87586424953
-1.94036802708
-2.00588347228
-2.07228474337
-2.12860911124
-2.18409285886
-2.24007926772
-1.5751983982
-1.68916831045
-1.80171700536
-1.91649458975
-2.01954442595
-2.12054443184
-2.22291004579
-2.31197796504
-2.40110213854
-2.49103374249
-2.47586297105
-2.55101193405
-2.62522378121
-2.70090530339
-2.75779309237
-2.81975252618
-2.88254970551
-2.93658950385
-2.99005339362
-3.0440016455
-2.43570832343
-2.54014589885
-2.64328112621
-2.74845882082
-2.84401941743
-2.94272687368
-3.04276894073
-3.12983566084
-3.21664376398
-3.30423831488
-3.51594285746
-3.58149485245
-3.64622940685
-3.71224595006
-3.75979801111
-3.81739846322
-3.87577772361
-3.92701708188
-3.97800501687
-4.02945488278
-3.49052694145
-3.58327971688
-3.67487585498
-3.76828594277
-3.85466618118
-3.9505634153
-4.04775726356
-4.13237090085
-4.21633995001
-4.30106972619
-4.9939511171
-5.04586531544
-5.09713213802
-5.14941423742
-5.20103035249
-5.23510584743
-5.28720701249
-5.33931750716
-5.39080758326
-5.42983579892
-4.98947971443
-5.06562777408
-5.14082625904
-5.21751395818
-5.29322478747
-5.38275218497
-5.47589856443
-5.56906162335
-5.66111549894
-5.71761962648
-0.62317614826
-0.732252666505
-0.839968988566
-0.949818500871
-1.03073196146
-1.10751331711
-1.18533282357
-1.24575996
-1.30526751095
-1.36531417723
-0.556376347973
-0.7011377848
-0.84409403058
-0.989881350268
-1.10664501074
-1.21569213488
-1.32621367114
-1.41610579368
-1.50803035344
-1.60078771407
-1.5858140701
-1.68389667068
-1.78075617045
-1.87953385435
-1.94996726672
-2.02198689089
-2.09498028312
-2.15230973891
-2.20914462702
-2.26649441717
-1.53227039588
-1.66374922503
-1.79358849872
-1.92599908069
-2.03274701451
-2.1390735523
-2.24683771751
-2.33433957587
-2.42333560488
-2.5131379034
-2.43843622944
-2.5267813601
-2.61402481726
-2.70299602457
-2.76414710853
-2.8319491991
-2.90066803301
-2.9552538288
-3.00972150125
-3.06468262969
-2.39663369545
-2.51634792924
-2.63456931335
-2.75513192764
-2.85300878927
-2.95692566487
-3.06224758716
-3.14763235437
-3.23403454186
-3.32121949967
-3.48358597315
-3.55999485035
-3.63545090044
-3.71240126548
-3.76217401138
-3.82480622207
-3.88828527481
-3.93950787448
-3.9910737987
-4.0431068902
-3.45617580461
-3.56146892149
-3.66544902161
-3.77148832067
-3.85849096479
-3.95945406093
-4.06178226608
-4.14457188932
-4.22779452913
-4.3117711338
-4.96879876685
-5.02824559966
-5.08695112392
-5.14681923941
-5.20592473772
-5.23570830734
-5.29174135525
-5.34778443684
-5.40316027916
-5.43349926039
-4.96184090709
-5.04664085784
-5.13038334388
-5.2157842476
-5.30009729018
-5.38409967637
-5.48217365191
-5.58026518927
-5.67718886569
-5.7193971402
-0.576991779708
-0.703309547881
-0.828052119586
-0.955265065621
-1.04398141726
-1.12800631685
-1.21316730629
-1.27511627972
-1.33636534257
-1.39816929819
-0.50914676078
-0.673916648322
-0.836631837235
-1.0025694018
-1.12458584389
-1.23908606639
-1.35513443165
-1.44359282654
-1.5357026622
-1.62864697725
-1.54429446742
-1.65746594593
-1.76922616364
-1.88319965602
-1.95955655781
-2.03807362008
-2.11765230144
-2.17598580347
-2.23417043176
-2.29288219022
-1.48938688372
-1.6383564837
-1.78546841638
-1.93549372127
-2.04593592003
-2.15758346937
-2.27074059083
-2.35667801134
-2.44554602867
-2.53521915577
-2.40104827654
-2.50257589848
-2.6028374598
-2.70508457894
-2.77049453945
-2.84413323152
-2.91876758285
-2.97389881023
-3.02936922504
-3.08534218031
-2.35759956404
-2.49257462361
-2.62586652933
-2.76179811851
-2.86198884462
-2.97110974057
-3.0817060461
-3.16541060359
-3.25140729611
-3.33818308532
-3.45126262321
-3.53851713065
-3.62468356478
-3.71255641994
-3.76454754919
-3.8322063036
-3.9007798633
-3.95198572173
-4.00412903616
-4.0567447488
-3.42186026894
-3.53968073059
-3.65603195812
-3.77468737965
-3.86231178443
-3.96833549238
-4.07579273321
-4.1567602328
-4.23923723685
-4.32246145057
-4.94367248425
-5.01064414478
-5.07678066132
-5.14422693083
-5.21081405046
-5.23631014287
-5.29627099867
-5.35624259148
-5.41550017286
-5.43715892508
-4.93423074434
-5.02767361946
-5.11995125165
-5.21405632968
-5.3069626703
-5.38544577125
-5.48844223595
-5.59145714392
-5.69324557416
-5.72117281172
-1.20516147966
-1.10004467412
-0.996238686719
-0.890376948473
-0.868199381251
-0.849480712716
-0.830508951475
-0.867712236992
-0.901600528547
-0.935795834882
-1.15314467453
-1.04826299517
-0.944689201882
-0.839064256078
-0.881690176274
-0.917421593923
-0.953636131465
-1.05905293308
-1.14680108538
-1.23534420193
-2.10619433668
-2.01649045009
-1.92790518084
-1.83756558848
-1.83025629419
-1.81839700828
-1.8063773745
-1.84729768412
-1.88413312402
-1.92130227873
-2.0715227318
-1.9845023286
-1.89856707939
-1.8109299875
-1.86566266477
-1.90247738727
-1.93978987689
-2.04386030581
-2.1332441596
-2.22343779645
-2.90425201004
-2.82819956595
-2.7530955042
-2.6765040982
-2.68236384565
-2.67658001293
-2.67071797775
-2.71493050873
-2.75437628002
-2.7941794147
-2.88494329681
-2.81374288106
-2.74343034233
-2.67172534962
-2.73718115458
-2.77495537567
-2.81324033713
-2.91611826452
-3.00695088248
-3.09860640874
-3.88251625481
-3.823197837
-3.76461912638
-3.70488033593
-3.72688277969
-3.72854627669
-3.73023226561
-3.77848042276
-3.82112595511
-3.86415783945
-3.88203947328
-3.83023130021
-3.77906918077
-3.72689385802
-3.80549414209
-3.84444452273
-3.88392154645
-3.98533769778
-4.0779462202
-4.17139373993
-5.27268123421
-5.23714274849
-5.2020474316
-5.1662570948
-5.13092266555
-5.22344570414
-5.23585783257
-5.2482721836
-5.26053873152
-5.38465349567
-5.29896561878
-5.27471484322
-5.2507664775
-5.22634384364
-5.20223231228
-5.36424488962
-5.40541589654
-5.44659427584
-5.48728239245
-5.69588100005
-0.858116189219
-0.879374251365
-0.900367223136
-0.921775935082
-0.963584593151
-1.00372124595
-1.04440058126
-1.09748643876
-1.14857124728
-1.20011886435
-0.796858741883
-0.839681241478
-0.88196973979
-0.92509571018
-1.01570790166
-1.09730467245
-1.18000470266
-1.27738765554
-1.36861203291
-1.46066286776
-1.79667975242
-1.81776853776
-1.83859434364
-1.85983257917
-1.90086744696
-1.9402492306
-1.98016349026
-2.03266099426
-2.08296293933
-2.13372060052
-1.75032964992
-1.79253578039
-1.83421559577
-1.87672082901
-1.96536862206
-2.04511244355
-2.12593447098
-2.22144874288
-2.31128449699
-2.40193412819
-2.62797890839
-2.64891776286
-2.66959550751
-2.69750343262
-2.73103226034
-2.76974544558
-2.80898206681
-2.86095845771
-2.91056700944
-2.96062499541
-2.59483245419
-2.63649265772
-2.67763335393
-2.73636474907
-2.8064966887
-2.88459932653
-2.96375798006
-3.05761713453
-3.14622296518
-3.23563153029
-3.64699077701
-3.66774584524
-3.68824209549
-3.70914424895
-3.74865364448
-3.78654725749
-3.82495322516
-3.87629083226
-3.92504941796
-3.97424973754
-3.63002944006
-3.67102044283
-3.71150028328
-3.75278177756
-3.83755689941
-3.91364776373
-3.99076744281
-4.08259774365
-4.16969592618
-4.25758318447
-5.09506027451
-5.11555417283
-5.13579250998
-5.15643164269
-5.17680786822
-5.2314761481
-5.26870171334
-5.30593394445
-5.34272289504
-5.41466384476
-5.10109884104
-5.1411388743
-5.18067960395
-5.22100338946
-5.26081351907
-5.37597975343
-5.45020194251
-5.52443742234
-5.59778906734
-5.70983027199
-0.819776129012
-0.854995539054
-0.889775759177
-0.925244759095
-0.97412233813
-1.02076107185
-1.06803040189
-1.12287089713
-1.17585550235
-1.22932012754
-0.757497815558
-0.816638032955
-0.875040765334
-0.934600092521
-1.03051359937
-1.11717737567
-1.20501292172
-1.30150832979
-1.39311674545
-1.48555509783
-1.76248592204
-1.7958146018
-1.82872766926
-1.86229253984
-1.90866826122
-1.95371093623
-1.99936262745
-2.05313912973
-2.10492879595
-2.15718765647
-1.71484562972
-1.77132814779
-1.82710632265
-1.88398911616
-1.97638370427
-2.06087014664
-2.14649891931
-2.24106794406
-2.33095362215
-2.42165362963
-2.597457453
-2.62911148595
-2.66037078962
-2.69668771089
-2.73640893595
-2.78003795897
-2.82425688438
-2.87709099289
-2.92782228457
-2.97901318209
-2.56278226512
-2.61691082094
-2.6703643877
-2.73809287461
-2.81415436861
-2.89671231522
-2.98038651718
-3.07324931669
-3.16160914151
-3.25076947209
-3.62097094257
-3.65057218264
-3.679804292
-3.70961530759
-3.7510587953
-3.79295495457
-3.83541758642
-3.88709650257
-3.93653043192
-3.98641221349
-3.60218846336
-3.65343151705
-3.70403556422
-3.75564176276
-3.84109905394
-3.92129303799
-4.00257131456
-4.09334261217
-4.17983203622
-4.26710502091
-5.07543748038
-5.10212159374
-5.12847295327
-5.15534616931
-5.18187706663
-5.23236331676
-5.272330163
-5.31230416598
-5.35180224538
-5.41797925812
-5.07923937664
-5.12638197994
-5.17293670979
-5.22041339922
-5.267285317
-5.37727617034
-5.45514971084
-5.53303719593
-5.60999736604
-5.71137132712
-0.783144168721
-0.831702930318
-0.879656158814
-0.928559042454
-0.984190612764
-1.03704175119
-1.09060748305
-1.14712444463
-1.2019242081
-1.25722043619
-0.719890470071
-0.794621429563
-0.868420485767
-0.943681042176
-1.04465968384
-1.13616472392
-1.22890699186
-1.32455439641
-1.41652974095
-1.50933834643
-1.7298154716
-1.77483874245
-1.81930056815
-1.86464290603
-1.91612153898
-1.96657290524
-2.01770641792
-2.07270493743
-2.12591604488
-2.17960922432
-1.68094246911
-1.75106534301
-1.82031377696
-1.89093359159
-1.98690805014
-2.07592582341
-2.16614719453
-2.25981308411
-2.34974646202
-2.44049460145
-2.56829576844
-2.61018760462
-2.651557045
-2.69590833062
-2.74154607362
-2.78987192739
-2.83885118881
-2.89250480249
-2.94430881459
-2.99658215095
-2.53215995397
-2.59820138063
-2.66341926344
-2.73974400988
-2.82147088886
-2.90828565439
-2.99627423118
-3.08818506464
-3.17630984353
-3.26523299875
-3.59611032585
-3.63416362922
-3.67174240371
-3.71006537995
-3.75335679351
-3.79907718036
-3.84541574667
-3.89742076611
-3.94749995166
-3.99803283521
-3.57558783864
-3.63662620095
-3.69690340816
-3.75837433187
-3.84448340084
-3.92859770526
-4.01384930836
-4.10360878271
-4.18951656927
-4.27620264706
-5.05668890743
-5.08928745365
-5.12147949241
-5.15430905519
-5.18672042561
-5.23321096089
-5.27579696047
-5.3183905858
-5.36047709877
-5.42114696547
-5.05835378002
-5.11228252455
-5.16553877171
-5.21984969382
-5.27346878786
-5.37851483018
-5.45987704961
-5.54125383834
-5.62166176904
-5.71284372622
-0.747690953211
-0.809159832139
-0.869862187384
-0.93176667866
-0.993934910028
-1.05279855013
-1.11245807793
-1.17059756044
-1.22715407394
-1.28422296752
-0.683493255352
-0.773313277375
-0.86201323384
-0.952469784646
-1.05835057501
-1.15454109648
-1.25203219759
-1.34685888572
-1.43918935207
-1.53235629665
-1.69819629231
-1.75453784519
-1.81017681271
-1.86691764205
-1.92333498485
-1.97902100126
-2.03545994112
-2.09164115574
-2.14622796521
-2.20130931001
-1.64813024585
-1.73145455562
-1.81373980209
-1.8976546074
-1.99709374316
-2.09049703797
-2.18516322671
-2.27795504225
-2.36793458508
-2.45872930767
-2.5400724498
-2.59187265675
-2.64302690943
-2.69519420961
-2.74651790826
-2.79938945797
-2.85297587709
-2.90742262586
-2.96026484034
-3.01358578479
-2.50252300886
-2.5800939735
-2.65669761968
-2.73481830755
-2.8285519778
-2.91948658616
-3.01165070963
-3.10264020946
-3.19053750574
-3.27923111744
-3.57204967511
-3.61828307093
-3.66393993121
-3.71050096986
-3.75558084663
-3.8050024049
-3.85509218569
-3.90741281505
-3.95811649372
-4.00927952807
-3.54984316997
-3.62036164703
-3.69000075093
-3.76101897225
-3.84775884608
-3.93566732264
-4.02476439839
-4.11354460799
-4.198889473
-4.2850075294
-5.03854362687
-5.07686629107
-5.11471106742
-5.15330531337
-5.19140793477
-5.23403132949
-5.27915220319
-5.32428115654
-5.36887281236
-5.42421274219
-5.03814024102
-5.09863676204
-5.1583788848
-5.21930412735
-5.27945328674
-5.37971363238
-5.46445227188
-5.54920608528
-5.63295083438
-5.71426874641
-0.710563807128
-0.785552357128
-0.859605791658
-0.935125764044
-1.00413928621
-1.06929930945
-1.13534035296
-1.19517896404
-1.25357517287
-1.3125004287
-0.645377538951
-0.750999056572
-0.855303462246
-0.961673489327
-1.0726878843
-1.17378511309
-1.27624926448
-1.37021648589
-1.46291884121
-1.55646104393
-1.66508420723
-1.73327843706
-1.80062227735
-1.86929978017
-1.93088901499
-1.99205683659
-2.05405170042
-2.11147145133
-2.16749891688
-2.22403396953
-1.61376878698
-1.71091784104
-1.8068554357
-1.90469295729
-2.00776035568
-2.10575623531
-2.2050771046
-2.29695357653
-2.38698146396
-2.47782496915
-2.5105165616
-2.57269296501
-2.63409402182
-2.69671105159
-2.75172448904
-2.80935636063
-2.86776746532
-2.92304479721
-2.976974233
-3.03139224856
-2.47148674952
-2.56113162157
-2.64965861219
-2.73993877178
-2.83596740176
-2.93121637213
-3.02775319156
-3.1177778568
-3.20543692983
-3.29389016006
-3.546852996
-3.60165270894
-3.65576906342
-3.71095712624
-3.75790990886
-3.81120739009
-3.8652254997
-3.91787664056
-3.96923429792
-4.02105723575
-3.52288296167
-3.60332915899
-3.68277218337
-3.76378847985
-3.85118894211
-3.9430707334
-4.03619484655
-4.12394955521
-4.20870492024
-4.29422813601
-5.0195416133
-5.06385866084
-5.10762306992
-5.15225417968
-5.1963167656
-5.23489043196
-5.28266586435
-5.33044985175
-5.37766493123
-5.42742327017
-5.01697231578
-5.08434671216
-5.15088094241
-5.21873280186
-5.2857203449
-5.38096903625
-5.46924351416
-5.55753379913
-5.64477291518
-5.71576104921
-0.673472872793
-0.761967907531
-0.849359399448
-0.938481573164
-1.01433370961
-1.08578397484
-1.1582003099
-1.21973639232
-1.27997050213
-1.34075030962
-0.607298998494
-0.728706599816
-0.84860023499
-0.970868217227
-1.08701120979
-1.19301036016
-1.30044271139
-1.39355130436
-1.48662518594
-1.58054228079
-1.63200441783
-1.71203976418
-1.79107706095
-1.87167959488
-1.93843567735
-2.00507995749
-2.07262532636
-2.13128240556
-2.18874912204
-2.24673646469
-1.57944084237
-1.69040115682
-1.79997778394
-1.91172444237
-2.01841656459
-2.12100054967
-2.2249715596
-2.31593358069
-2.40600976558
-2.49690200579
-2.48098950057
-2.55353198006
-2.62516984685
-2.69822641412
-2.75692599162
-2.81931354212
-2.88254462665
-2.93865173157
-2.99366732825
-3.04918134489
-2.44048076123
-2.54218776445
-2.64262647015
-2.74505424179
-2.84337559312
-2.94293471753
-3.04383996803
-3.13290073973
-3.22032182184
-3.30853490507
-3.52168089232
-3.58503856727
-3.64760616505
-3.7114128377
-3.76023669945
-3.81740632328
-3.87534893024
-3.92833026023
-3.98034125843
-4.03282345611
-3.49594904886
-3.58631328348
-3.67555066615
-3.76655528623
-3.85461569262
-3.95046692329
-4.04761414609
-4.13434435403
-4.21851079403
-4.30343974935
-5.00055813323
-5.05086371753
-5.10054198565
-5.15120407121
-5.20122080864
-5.23574869651
-5.28617609849
-5.33661253035
-5.38644847475
-5.43063066678
-4.99582503655
-5.0700706
-5.1433903131
-5.2181620336
-5.29198129053
-5.38222321568
-5.47403008334
-5.56585339059
-5.65658346537
-5.71725189649
-0.636420379141
-0.738407900628
-0.8391236265
-0.941833904355
-1.02451756762
-1.10225155569
-1.181036575
-1.24426836952
-1.30633847554
-1.36897091264
-0.569259922266
-0.706437246745
-0.841903954894
-0.980053415802
-1.10131969071
-1.21221568237
-1.32461108444
-1.41686193885
-1.51030696163
-1.60459856009
-1.598958912
-1.69082310284
-1.78154173712
-1.87405694318
-1.94597451842
-2.01808958136
-2.09117970277
-2.15107282791
-2.2099773037
-2.2694154312
-1.5451484749
-1.66990573589
-1.79310726011
-1.91874864009
-2.0290617295
-2.13622906498
-2.24484539619
-2.33489391416
-2.42501834646
-2.51595927117
-2.4514930411
-2.53439085337
-2.61625492081
-2.69974020615
-2.76212210342
-2.82926040409
-2.89730647308
-2.95424249105
-3.01034312293
-3.06695200478
-2.40950690724
-2.52326354056
-2.63560161616
-2.75016441018
-2.85077610671
-2.95464091815
-3.05991007231
-3.14800794944
-3.23519128731
-3.32316447241
-3.49653487677
-3.56844164435
-3.63945172662
-3.71186807687
-3.76256107857
-3.82359883196
-3.88546186895
-3.93877304588
-3.9914367078
-4.04457748207
-3.4690430501
-3.56931504307
-3.66833663325
-3.76931922512
-3.85803889168
-3.95785544783
-4.05902161078
-4.14472837978
-4.22830650512
-4.31264181587
-4.98159432746
-5.03788224205
-5.09346824014
-5.15015505107
-5.20611976917
-5.23660607156
-5.28968269465
-5.34276882201
-5.39522291509
-5.43383473928
-4.97469967417
-5.05580928346
-5.13590744701
-5.21759185688
-5.29823574738
-5.38347609529
-5.47881169176
-5.5741643597
-5.66838177522
-5.71874119868
-1.12441941665
-1.05251439428
-0.981506035453
-0.909091442777
-0.895791243392
-0.885514537059
-0.875098880705
-0.910916073515
-0.944175111722
-0.977735463919
-1.0721871332
-1.00477567976
-0.938204854556
-0.870315675441
-0.914179190854
-0.95484470343
-0.996060049162
-1.09642810594
-1.18265848658
-1.26967008103
-2.03078475139
-1.96981379883
-1.90960316076
-1.84820012451
-1.8481478503
-1.84564531735
-1.84310894796
-1.88202777741
-1.91823200607
-1.954764231
-1.99541365503
-1.94087965251
-1.887025695
-1.83210522561
-1.88783388501
-1.93149120008
-1.97573880009
-2.07392873619
-2.16186349785
-2.25059491435
-2.83356547644
-2.78227898571
-2.73163204317
-2.67998209977
-2.69166370214
-2.6960468656
-2.70048929325
-2.74215528657
-2.78096811249
-2.82013256756
-2.81312857436
-2.77000031409
-2.72740986796
-2.68397597005
-2.75021375697
-2.79652095426
-2.8434542652
-2.9397150087
-3.02915936497
-3.11941405243
-3.81761926844
-3.77820405351
-3.73928035064
-3.69958581137
-3.72565087536
-3.73847456991
-3.75147165198
-3.79650513651
-3.83851559778
-3.88090665754
-3.81548879806
-3.78634177022
-3.75755820901
-3.72820462453
-3.80732456777
-3.85688000777
-3.90710548049
-4.00100140726
-4.09229623435
-4.18441815717
-5.21601149919
-5.19346599196
-5.17120162969
-5.1484963489
-5.12608029448
-5.21981920235
-5.24497289861
-5.27013109907
-5.29498977033
-5.38832246961
-5.23989543174
-5.23061647103
-5.22145321998
-5.21210850194
-5.20288281958
-5.36370603117
-5.41860983906
-5.47352347841
-5.52778332544
-5.69784504286
-0.87438821904
-0.882263886258
-0.901380245186
-0.928716776577
-0.962463103739
-1.0020517329
-1.04663606696
-1.09550396832
-1.14684449307
-1.20073677652
-0.827363706928
-0.842573884379
-0.882659176461
-0.941903557894
-1.01417516475
-1.09549595202
-1.18406400574
-1.27564536989
-1.36709284839
-1.45875413429
-1.80064121914
-1.8199284418
-1.83897515066
-1.86610590996
-1.89955384438
-1.93867640499
-1.97832793669
-2.03099694242
-2.08149209104
-2.13244470612
-1.75468793206
-1.79478294501
-1.83437796874
-1.89277038378
-1.96371436897
-2.04339161709
-2.12414617101
-2.21987680919
-2.30991436907
-2.40076763434
-2.63120658024
-2.65043133384
-2.66941635266
-2.69636485668
-2.72954850038
-2.7682582574
-2.80749140407
-2.85957643377
-2.90932282067
-2.96339807695
-2.5985128211
-2.638168113
-2.67732889904
-2.73496671529
-2.80473480699
-2.882956349
-2.9622355144
-3.05619608399
-3.14498485882
-3.23448743301
-3.65919612717
-3.668467137
-3.68737653575
-3.71410163007
-3.7469613045
-3.78516504424
-3.82839276941
-3.87525451994
-3.92408306989
-3.97826367416
-3.65544372425
-3.67199509311
-3.7106235878
-3.76733641197
-3.83566308586
-3.91210021393
-3.99522118043
-4.08136164666
-4.16861965271
-4.25687933227
-5.09611023252
-5.11514959412
-5.13395153277
-5.15312582087
-5.1720558614
-5.23024310974
-5.26823459758
-5.30623288843
-5.34377877819
-5.41406559914
-5.10276733051
-5.1411176438
-5.17898972446
-5.21761181543
-5.25574192717
-5.37456781146
-5.44946840447
-5.52438240971
-5.59840450172
-5.70911208968
-0.849853986311
-0.863455347697
-0.892528295001
-0.928880471022
-0.969828722032
-1.01492625743
-1.06404989886
-1.11589643926
-1.16923452831
-1.22369055818
-0.802531684188
-0.824654532722
-0.876522730582
-0.946005844081
-1.02522228674
-1.11103449263
-1.20244202509
-1.2954445168
-1.38746835767
-1.47790448815
-1.77521595873
-1.80336975689
-1.83117247409
-1.86587563727
-1.9052329559
-1.94895407652
-1.99326634477
-2.0474544104
-2.09952835794
-2.15207407526
-1.72809359706
-1.77864281369
-1.82856167602
-1.89541332444
-1.97209731611
-2.05575389038
-2.14054157441
-2.23600052001
-2.32627038794
-2.41735806586
-2.60885084605
-2.63586537646
-2.6625430327
-2.69578564165
-2.73373384876
-2.77623585913
-2.81931253371
-2.87254861342
-2.92350289276
-2.97741353449
-2.57480300244
-2.62360386255
-2.67179617056
-2.73631709277
-2.8107580564
-2.89250535695
-2.97535795222
-3.06906440857
-3.1577807576
-3.24655805404
-3.64391464414
-3.65634387787
-3.68164242714
-3.71309467929
-3.74931558839
-3.79032320557
-3.83581886299
-3.88395441066
-3.93353619351
-3.98713282388
-3.63920903843
-3.6593625676
-3.70543845418
-3.76710235716
-3.83879380257
-3.91820070308
-4.00355489824
-4.09023949777
-4.17705153332
-4.26487374349
-5.08286406002
-5.10649753777
-5.12983630344
-5.15363726488
-5.17713504286
-5.23139469787
-5.2708044493
-5.31022125772
-5.34916877641
-5.41690958856
-5.08761801196
-5.13123020109
-5.17429854143
-5.21821979767
-5.26158157237
-5.37576777389
-5.45287752509
-5.53000108411
-5.60620642332
-5.71035682421
-0.806411550398
-0.845484754172
-0.884070710795
-0.923420815177
-0.97686619238
-1.02722720502
-1.07826914243
-1.1353803989
-1.19062705814
-1.2463742307
-0.759872698721
-0.805540101422
-0.881968553462
-0.968731472308
-1.0600964216
-1.15436811574
-1.25034068546
-1.3464962511
-1.43958580378
-1.52892554829
-1.75092342699
-1.78754878309
-1.82371741697
-1.86565562352
-1.91065905557
-1.95877386431
-2.00753922719
-2.06317867662
-2.11676108553
-2.17082893028
-1.70268407454
-1.76322174637
-1.82300450677
-1.89793851863
-1.98010679196
-2.0675654082
-2.15620654111
-2.25140589839
-2.34189772473
-2.43320937192
-2.58749108911
-2.62194835156
-2.65597592816
-2.69523223142
-2.73773273439
-2.78385804825
-2.83060701655
-2.88494286546
-2.93705122407
-2.99080458504
-2.55214948727
-2.60968846854
-2.66650993238
-2.73760730916
-2.81651296216
-2.90162894409
-2.98789576825
-3.08135943242
-3.17000658232
-3.25809091309
-3.61296112655
-3.64476072582
-3.67616378058
-3.7081887345
-3.75156498585
-3.79525156405
-3.83952882286
-3.89226670985
-3.94256816809
-3.99332533803
-3.59869320958
-3.63152531209
-3.69696903538
-3.77335312227
-3.85437698975
-3.93969227921
-4.02798531624
-4.1164860298
-4.20379439646
-4.29004869957
-5.07020802186
-5.09823094187
-5.12590441297
-5.15412592338
-5.18198794012
-5.23249498124
-5.27325981077
-5.31403193993
-5.35431864315
-5.41962687453
-5.0731436154
-5.12178325692
-5.16981635676
-5.2188006935
-5.26716105374
-5.37691427642
-5.45613476492
-5.5353694392
-5.6136607591
-5.71154610417
-0.779696055267
-0.828092419172
-0.875885275093
-0.924624610175
-0.983677210706
-1.0391323322
-1.09533725525
-1.15423740286
-1.21133121824
-1.26894228145
-0.716006832294
-0.790963411543
-0.864985274
-0.940473049068
-1.04599256531
-1.14024932499
-1.23578051817
-1.3326699405
-1.42577743075
-1.51972843877
-1.72741258137
-1.77223689726
-1.81650224901
-1.86164422199
-1.91591055396
-1.96827767056
-2.02135283619
-2.07839696674
-2.13343929767
-2.18898029078
-1.67809218071
-1.74829689881
-1.81762615635
-1.88832839518
-1.98785853857
-2.07899685449
-2.17136743984
-2.26631556185
-2.35702220441
-2.44855061398
-2.56681864734
-2.60847914929
-2.64962014018
-2.69469662884
-2.74160294371
-2.79123497025
-2.84153806503
-2.89693829474
-2.95016359659
-3.00387109904
-2.53022491788
-2.59622084467
-2.66139379499
-2.73885600891
-2.82208268631
-2.91045895205
-3.0000301419
-3.09325882648
-3.18183900394
-3.27122168346
-3.59576801854
-3.63355029693
-3.67086142615
-3.70891145672
-3.7537420021
-3.80002133761
-3.84692641005
-3.90031153552
-3.9513095114
-4.00276950917
-3.49667876119
-3.5648407463
-3.68369347601
-3.80124352134
-3.90925684907
-4.0116621386
-4.11110548709
-4.20540781642
-4.29382284126
-4.37779732229
-5.05795923024
-5.09023034884
-5.12209904304
-5.15459885782
-5.18668468066
-5.23355985965
-5.27563616351
-5.31772000185
-5.35930279726
-5.42225672356
-5.05913497658
-5.11264029692
-5.16547840001
-5.21936289723
-5.27256099831
-5.37802388675
-5.45928719315
-5.54056505113
-5.62087522894
-5.71269711544
-0.751719182755
-0.809878901639
-0.867313362429
-0.925885242591
-0.990809812608
-1.05159956231
-1.11321124238
-1.17398474398
-1.23301292935
-1.29257588718
-0.687100143668
-0.773610950876
-0.859042958799
-0.946166843332
-1.05669020401
-1.1552962932
-1.25523562262
-1.3518427278
-1.44550834681
-1.54002254001
-1.70279166653
-1.75620205772
-1.80894641546
-1.8627353108
-1.92141000289
-1.9782302009
-2.03581865747
-2.09433379142
-2.15090497489
-2.20798867135
-1.65233917576
-1.73266737162
-1.81199386604
-1.89289132483
-1.99597628541
-2.09096803878
-2.18724416341
-2.28192918801
-2.37286078939
-2.46461619581
-2.54517015215
-2.59437399596
-2.64296426242
-2.69251679979
-2.74565588572
-2.79896019507
-2.85298522512
-2.90950009058
-2.96389507237
-3.01878285161
-2.50726517562
-2.58211734429
-2.65603609817
-2.73141872273
-2.82791538609
-2.91970587058
-3.01273744239
-3.10572005277
-3.19423009567
-3.28354200524
-3.57776313454
-3.62181056542
-3.66530872
-3.70966830242
-3.7560218066
-3.80501631696
-3.85467327579
-3.90873619923
-3.96046357897
-4.01265958871
-3.2773246422
-3.46810034358
-3.72422480875
-3.92857745822
-4.09331191116
-4.2334982567
-4.35753006061
-4.46707274684
-4.56262459344
-4.64742310817
-5.0451321095
-5.08185200623
-5.11811400181
-5.15509412194
-5.19160317872
-5.2346750165
-5.27812471621
-5.32158219633
-5.36452227919
-5.42501074142
-5.04446491712
-5.10306565025
-5.16093562579
-5.21995164553
-5.27821590233
-5.37918588754
-5.4625884639
-5.5460059749
-5.62843033141
-5.71390247193
-0.723769597325
-0.791683148556
-0.85874981033
-0.927144645457
-0.997935457768
-1.06405463258
-1.13106779623
-1.19371282465
-1.25467349332
-1.31618644201
-0.658221649015
-0.756275414832
-0.8531064394
-0.951855084186
-1.06737740883
-1.17032858544
-1.27467175164
-1.37099681504
-1.46522001843
-1.56029684751
-1.67819476555
-1.74018285767
-1.80139795145
-1.86382533542
-1.92690408797
-1.98817302409
-2.0502703696
-2.11025507221
-2.16835361707
-2.22697851221
-1.62661128886
-1.71705308861
-1.80636706916
-1.89744980406
-2.00408611467
-2.10292754705
-2.2031054017
-2.29752758552
-2.38868392629
-2.48066610817
-2.5235427717
-2.58028260002
-2.63631487644
-2.69345680368
-2.74970487472
-2.80667788514
-2.8644212203
-2.92204963434
-2.97761315524
-3.03368006009
-2.484327827
-2.56802759967
-2.65068362695
-2.73497655594
-2.83374239698
-2.92894377019
-3.02543234889
-3.11816912508
-3.20660910183
-3.29585031047
-3.55977581149
-3.6100822842
-3.65976142965
-3.71042440992
-3.75829938751
-3.8100064245
-3.86241258567
-3.91715264598
-3.96960871816
-4.02254002202
-2.83516316954
-3.40838318842
-3.89650881479
-4.20190587702
-4.42485543048
-4.60488639695
-4.75875551976
-4.89108929292
-5.00434748187
-5.10387168358
-5.03231749962
-5.07348183539
-5.11413284737
-5.15558890301
-5.19651687955
-5.23578908568
-5.28061084172
-5.32544062385
-5.36973667033
-5.42776207318
-5.02980916602
-5.09350034216
-5.15639728233
-5.2205398196
-5.28386529088
-5.38034675499
-5.46588651477
-5.5514415919
-5.63597806504
-5.71510665278
-0.695848978574
-0.773506253375
-0.850195133414
-0.92840274309
-1.00505371798
-1.07649679453
-1.14890584372
-1.21342045933
-1.2763116085
-1.33977252709
-0.629373083752
-0.738957845169
-0.847176072553
-0.957537429803
-1.07805353754
-1.18534529835
-1.29408773724
-1.39013105117
-1.48491126107
-1.58055014292
-1.65362335657
-1.72418025975
-1.79385731059
-1.86491423035
-1.93239247903
-1.99810554264
-2.06470710411
-2.12615985235
-2.18578417564
-2.24594867218
-1.60091006608
-1.70145498808
-1.80074610384
-1.90200355892
-2.01218753897
-2.11487466059
-2.21895020156
-2.31310981699
-2.40449066425
-2.49669938656
-2.50193780565
-2.56620580826
-2.62967238181
-2.69439583335
-2.75374966739
-2.81438757667
-2.87584536331
-2.93458617188
-2.99131702082
-3.04856182925
-2.46141425044
-2.55395245752
-2.64533670298
-2.73853070185
-2.83956336881
-2.93817209572
-3.03811409852
-3.13060529529
-3.2189752785
-3.3081458595
-3.54180713033
-3.59836615805
-3.65421988846
-3.71117973381
-3.76057460796
-3.81499136033
-3.8701438746
-3.92556037002
-3.97874437943
-4.03241021534
-2.33541278176
-3.31096269567
-4.02137808811
-4.36604444761
-4.60831554228
-4.80230145166
-4.96904653756
-5.11402444132
-5.23969427741
-5.35174508174
-5.01951617067
-5.06512033932
-5.11015581896
-5.1560831713
-5.20142548788
-5.23690200026
-5.28309439063
-5.32929505254
-5.37494565732
-5.43051055347
-5.01516860399
-5.08394494746
-5.15186364236
-5.22112738409
-5.28950882445
-5.38150641932
-5.46918114757
-5.55687157549
-5.64351797628
-5.71630958564
-1.04367735363
-1.00498411443
-0.966773384187
-0.927805937082
-0.923383105533
-0.921548361403
-0.919688809935
-0.954119910038
-0.986749694898
-1.01967509296
-0.991229591862
-0.961288364345
-0.93172050723
-0.901567094804
-0.946668205434
-0.992267812938
-1.03848396686
-1.1338032788
-1.21851588777
-1.30399596013
-1.95537516609
-1.92313714756
-1.89130114068
-1.85883466055
-1.86603940642
-1.87289362641
-1.87984052142
-1.91675787069
-1.95233088811
-1.98822618328
-1.91930457825
-1.89725697642
-1.8754843106
-1.85328046373
-1.91000510524
-1.96050501289
-2.01168772328
-2.10399716657
-2.19048283609
-2.27775203224
-2.76287894284
-2.73635840548
-2.71016858214
-2.68346010133
-2.70096355863
-2.71551371827
-2.73026060874
-2.76938006442
-2.80755994496
-2.84608572042
-2.74131385191
-2.72625774711
-2.71138939359
-2.69622659049
-2.76324635936
-2.81808653285
-2.87366819326
-2.96331175287
-3.05136784746
-3.14022169611
-3.75272228208
-3.73321027002
-3.7139415749
-3.6942912868
-3.72441897102
-3.74840286313
-3.77271103835
-3.81452985027
-3.85590524046
-3.89765547563
-3.74893812285
-3.74245224022
-3.73604723726
-3.72951539103
-3.80915499344
-3.8693154928
-3.93028941452
-4.01666511673
-4.10664624849
-4.1974425744
-5.15934176416
-5.14978923542
-5.14035582778
-5.13073560301
-5.12123792341
-5.21619270056
-5.25408796465
-5.29199001453
-5.32944080913
-5.39199144356
-5.1808252447
-5.18651809884
-5.19213996246
-5.19787316023
-5.20353332688
-5.36316717273
-5.43180378158
-5.50045268098
-5.56828425843
-5.69980908566
-0.86769607884
-0.885153521152
-0.902393267236
-0.919974425443
-0.961341614327
-1.00038221985
-1.03995068837
-1.09352149789
-1.14511773887
-1.19718142178
-0.833119897173
-0.846534579753
-0.88345363078
-0.940933345112
-1.01235426957
-1.09341369738
-1.18168928108
-1.27348159114
-1.36523878487
-1.45710401325
-1.80460268586
-1.82208834583
-1.83935595769
-1.86536982531
-1.8982402418
-1.93710357937
-1.97649238312
-2.02933289058
-2.08002124274
-2.13116881172
-1.75904621419
-1.79703010963
-1.8345403417
-1.89165109164
-1.96206011588
-2.04167079062
-2.12235787103
-2.21830487549
-2.30854424116
-2.39960114049
-2.63443425208
-2.65194490483
-2.6692371978
-2.69522628073
-2.72806474041
-2.76677106923
-2.80600074133
-2.85819440983
-2.90807863189
-2.96229698255
-2.60219318801
-2.63984356827
-2.67702444415
-2.73356868151
-2.80297292529
-2.88131337147
-2.96071304874
-3.05477503345
-3.14374675247
-3.2334025327
-3.65164713971
-3.66918842876
-3.68651097601
-3.70417657516
-3.74526896452
-3.78378283099
-3.82281743849
-3.87421820761
-3.92311672182
-3.9724582376
-3.65919510805
-3.67437721833
-3.71031949545
-3.76592700874
-3.83400071154
-3.91042557452
-3.99376002374
-4.08017748777
-4.16732289705
-4.25551347772
-5.09716019054
-5.1147450154
-5.13211055557
-5.14981999905
-5.16730385457
-5.22901007139
-5.26776748182
-5.30653183242
-5.34483466134
-5.41346735351
-5.10443581999
-5.14109641329
-5.17729984497
-5.2142202414
-5.25067033527
-5.37315586949
-5.44873486643
-5.52432739708
-5.59901993609
-5.70839390738
-0.86554218674
-0.874653162724
-0.895628599997
-0.926298706341
-0.963925171453
-1.00737805868
-1.05554687776
-1.10730709658
-1.1609979855
-1.21584589421
-0.818163121874
-0.834880622798
-0.877637592858
-0.941318516383
-1.0181851322
-1.10325087226
-1.19449689088
-1.28818172594
-1.38065948386
-1.47195867891
-1.78794599543
-1.81092491198
-1.83361727891
-1.86466884867
-1.90179765059
-1.9441972168
-1.98717006208
-2.04176969108
-2.09412791994
-2.14696049405
-1.74134156441
-1.78595747959
-1.8300170294
-1.89303707633
-1.96781092794
-2.05063763411
-2.13458422951
-2.23093309597
-2.32158715372
-2.41306250209
-2.6202442391
-2.64261926697
-2.66471527579
-2.69488357242
-2.73105876157
-2.7724337593
-2.81436818305
-2.86800623395
-2.91918350096
-2.97344091782
-2.58682373976
-2.63029690416
-2.67322795341
-2.73454131093
-2.80736174419
-2.88829839869
-2.97032938727
-3.06487950045
-3.15395237369
-3.24324215704
-3.64048079586
-3.66211557309
-3.68348056228
-3.70526865899
-3.74757238147
-3.78769145656
-3.8283529765
-3.88081231875
-3.93054195511
-3.98072212268
-3.65091339166
-3.66719271655
-3.7070709606
-3.76536341441
-3.83561467714
-3.91444037233
-3.9992526318
-4.08629467397
-4.17376972153
-4.26193050846
-5.09029063967
-5.11087348179
-5.13119965361
-5.15192836045
-5.17239301908
-5.23042607899
-5.26927873561
-5.30813834946
-5.34653530744
-5.415839919
-5.09599664728
-5.13607842225
-5.17566037308
-5.21602619611
-5.25587782775
-5.37425937744
-5.45060533934
-5.52696497228
-5.6024154806
-5.70934232129
-0.832805322198
-0.850273510489
-0.884411823496
-0.928769088785
-0.978736785912
-1.03263640859
-1.09006042092
-1.1499072303
-1.21055572748
-1.26949354416
-0.77989519762
-0.802923060482
-0.858591293061
-0.935254241801
-1.02151841201
-1.11446330266
-1.21215243021
-1.31056125293
-1.4058492902
-1.49773774919
-1.77203138238
-1.80025882373
-1.82813426579
-1.86399910146
-1.90519657216
-1.95097482339
-1.99737203646
-2.05365241582
-2.10760612618
-2.16204863624
-1.72442567997
-1.77537814973
-1.82569523658
-1.89436131359
-1.97330553379
-2.05920499298
-2.14626588769
-2.24299871267
-2.33404898744
-2.4259241424
-2.60668640979
-2.6337090985
-2.66039481132
-2.69455613221
-2.73391939516
-2.77784416912
-2.82236284429
-2.87738092844
-2.92979363355
-2.98408837616
-2.57213902058
-2.62117555644
-2.66960060131
-2.73547060843
-2.81155503546
-2.8949722338
-2.97951730532
-3.07453380021
-3.16370332111
-3.25264341323
-3.63230842278
-3.6464910039
-3.67436704534
-3.71030553197
-3.75150337626
-3.79692781158
-3.84667149156
-3.89800582017
-3.95013872363
-4.00466613653
-3.62623494994
-3.64876091779
-3.69868939231
-3.76629040702
-3.84368488899
-3.92773730939
-4.01633688367
-4.10558034231
-4.19389920903
-4.28098571132
-5.08372713629
-5.10717443008
-5.13032933353
-5.15394279158
-5.17725545464
-5.2317790016
-5.27072266107
-5.30967329406
-5.34816018754
-5.41810678359
-5.08793345077
-5.13128398928
-5.17409394181
-5.21775169317
-5.26085331961
-5.37531372266
-5.45239248022
-5.52948504006
-5.60565974916
-5.71024848212
-0.811701157322
-0.847025006204
-0.881908362803
-0.91748254169
-0.973419511385
-1.02546611427
-1.07821643257
-1.13787724528
-1.19550836255
-1.25366159539
-0.748520409236
-0.80861354571
-0.86795731416
-0.92847631349
-1.03363455561
-1.1259575535
-1.21952883876
-1.31848099527
-1.41236550944
-1.50710058089
-1.75662887042
-1.78993594933
-1.8228276853
-1.85637080194
-1.90848612308
-1.95753433986
-2.00724573126
-2.06515277773
-2.12065063013
-2.17665127155
-1.70805411558
-1.76513924199
-1.8215125106
-1.87900218296
-1.97862333398
-2.06749667101
-2.15757165298
-2.25467608145
-2.34610982375
-2.43837192029
-2.59356484489
-2.62508564182
-2.65621337094
-2.69423922838
-2.73668797915
-2.78308048253
-2.83010025297
-2.88645396362
-2.94006235285
-2.99415641329
-2.55792682691
-2.61234771584
-2.6660899703
-2.73637000296
-2.81561339482
-2.90143131795
-2.98840957416
-3.08387744349
-3.17314050213
-3.26321224947
-3.57992886883
-3.60684861131
-3.65471118935
-3.71185014694
-3.77143996196
-3.83273606342
-3.89538809373
-3.95758253982
-4.01739693623
-4.0751688672
-3.56928981498
-3.60784398561
-3.68341294233
-3.77709246186
-3.87533232216
-3.97452160993
-4.0735488889
-4.1695477312
-4.26025695677
-4.34674933661
-5.07737483361
-5.10359440661
-5.12948701865
-5.15589240226
-5.18196142654
-5.2330883898
-5.27212012383
-5.31115884715
-5.34973278216
-5.42030070492
-5.08012971215
-5.12664383179
-5.17257791523
-5.21942166712
-5.26566870989
-5.37633414112
-5.45412211442
-5.53192401698
-5.60879962351
-5.71112548447
-0.792874558383
-0.834205446151
-0.8750209332
-0.916644721138
-0.977480339006
-1.03389981517
-1.09108213181
-1.15279052392
-1.21245068583
-1.27265134567
-0.728822748385
-0.79622284518
-0.862782455351
-0.930660197337
-1.04069252372
-1.13680747331
-1.23422198076
-1.33346896972
-1.42809785241
-1.52358403608
-1.74049912583
-1.77912567838
-1.81727055357
-1.85617084144
-1.9119309908
-1.9644035652
-2.01758561452
-2.07719613151
-2.13431103291
-2.19194337317
-1.69090956454
-1.75441690221
-1.81713229638
-1.88108969237
-1.98419221515
-2.07617984226
-2.16941122222
-2.2669047995
-2.35874011482
-2.45140742248
-2.5798237427
-2.61605502692
-2.65183450303
-2.68832254799
-2.73958728239
-2.78856402952
-2.83820298493
-2.89595538394
-2.95081591175
-3.00617345467
-2.54304360171
-2.603103067
-2.66241358416
-2.72289867369
-2.81986337042
-2.90819536903
-2.99772169322
-3.09366224874
-3.18302326152
-3.27319385043
-3.47654901702
-3.53500536086
-3.63557206252
-3.74820090987
-3.85659312326
-3.95851410865
-4.05410325483
-4.14267211686
-4.22222610343
-4.2925407927
-3.45511386223
-3.53650337197
-3.68230266096
-3.8412492917
-3.98891498662
-4.12430812817
-4.2487594649
-4.36144477423
-4.46153099241
-4.55088565146
-5.0707226057
-5.09984535163
-5.12860493371
-5.1579340642
-5.18688959184
-5.23445960103
-5.27358356807
-5.31271454092
-5.35137962716
-5.42259821267
-5.07195751847
-5.12178458833
-5.17099030916
-5.22117048921
-5.27071145977
-5.37740273883
-5.45593341363
-5.53447815068
-5.61208774764
-5.71204389466
-0.774066321858
-0.821398389582
-0.868140221213
-0.91580771775
-0.981537205922
-1.04232529031
-1.10393528256
-1.16768925698
-1.22937648451
-1.2916225744
-0.709144299535
-0.783844229848
-0.857612643811
-0.932841951145
-1.04774360788
-1.14764681072
-1.24890079189
-1.34844232572
-1.44381485093
-1.54005141423
-1.72438511328
-1.76832595116
-1.81171884195
-1.85597107596
-1.91537249859
-1.97126609069
-2.02791541284
-2.08922773887
-2.14795811209
-2.20722055972
-1.67378173535
-1.7437050204
-1.81275635439
-1.88317516574
-1.98975566475
-2.08485454442
-2.18123924379
-2.27912159034
-2.371358087
-2.46443021056
-2.56609604283
-2.60703321998
-2.64745990603
-2.68868719323
-2.74248375782
-2.79404222816
-2.84629781394
-2.90544753711
-2.96155898224
-3.01817877529
-2.52817489278
-2.59386743488
-2.65874078375
-2.72489887009
-2.82410920083
-2.91495282284
-3.00702472976
-3.10343751044
-3.19289638181
-3.28316571588
-3.28196380352
-3.44674284489
-3.67766451896
-3.88919115408
-4.0701933614
-4.22665647777
-4.3653243859
-4.48789491088
-4.59538712006
-4.68963261897
-3.23669694577
-3.46040135679
-3.75993568213
-4.01622011894
-4.2261871509
-4.40351966393
-4.55868490199
-4.69368675359
-4.81090324108
-4.91441302543
-5.064076866
-5.09609995326
-5.1277237091
-5.15997373481
-5.19181295047
-5.23582947486
-5.27504558495
-5.31426871736
-5.35302486591
-5.42489347957
-5.06379329548
-5.11693008432
-5.16940425155
-5.2229176056
-5.27574929123
-5.37847029429
-5.4577429462
-5.53702979322
-5.61537266472
-5.71296140908
-0.755277578007
-0.808604606122
-0.861266640328
-0.914971581824
-0.98558986834
-1.05074203337
-1.11677511243
-1.18257254913
-1.24628474146
-1.31057414154
-0.689486245238
-0.771478443593
-0.852448190212
-0.935021443805
-1.05478738436
-1.15847491434
-1.26356439004
-1.36340016349
-1.45951556051
-1.55650172575
-1.70828780114
-1.75753741667
-1.80617288407
-1.85577151752
-1.91881043964
-1.97812150391
-2.03823450545
-2.10124687679
-2.16159104757
-2.22248191315
-1.65667165727
-1.73300424027
-1.80838494757
-1.88525847774
-1.99531334844
-2.09352025621
-2.19305500692
-2.29132571982
-2.38396298205
-2.47743950195
-2.55238257021
-2.59802076315
-2.64308984281
-2.68905146056
-2.74537723136
-2.79951474925
-2.85438425354
-2.91492985271
-2.97229091871
-3.03017165372
-2.51332159363
-2.58464137448
-2.6550717898
-2.72689699351
-2.8283506309
-2.92170327329
-3.01631812473
-3.11320264114
-3.2027592697
-3.29312724659
-2.90963201017
-3.36931909411
-3.81043574689
-4.10792034098
-4.33452129912
-4.52024177331
-4.68089660542
-4.82094429451
-4.94334691702
-5.0519946817
-2.8168193045
-3.41591164559
-3.91465796521
-4.23761959668
-4.48069094374
-4.67887427873
-4.84935336021
-4.99704472833
-5.12474789812
-5.23834444754
-5.05743801388
-5.09235843659
-5.12684339778
-5.16201129153
-5.19673120659
-5.23719792896
-5.27650608661
-5.31582128306
-5.35466839956
-5.42718636767
-5.05563753382
-5.11208061146
-5.16781983772
-5.22466291129
-5.28078190153
-5.37953674335
-5.45955060339
-5.53957879127
-5.61865417734
-5.7138779726
-0.962935290613
-0.957453834587
-0.952040732921
-0.946520431386
-0.950974967673
-0.957582185747
-0.964278739165
-0.99732374656
-1.02932427807
-1.06161472199
-0.910272050526
-0.917801048934
-0.925236159903
-0.932818514168
-0.979157220015
-1.02969092245
-1.08090788455
-1.17117845167
-1.25437328897
-1.33832183923
-1.87996558079
-1.8764604963
-1.8729991206
-1.86946919658
-1.88393096253
-1.90014193547
-1.91657209488
-1.95148796398
-1.98642977016
-2.02168813556
-1.84319550148
-1.85363430033
-1.86394292621
-1.87445570184
-1.93217632548
-1.9895188257
-2.04763664648
-2.13406559694
-2.21910217433
-2.30490915014
-2.69219240923
-2.69043782525
-2.68870512111
-2.68693810289
-2.71026341512
-2.73498057094
-2.76003192423
-2.79660484226
-2.83415177744
-2.87203887328
-2.66949912946
-2.68251518013
-2.69536891922
-2.70847721092
-2.77627896175
-2.83965211144
-2.90388212133
-2.98690849705
-3.07357632994
-3.1610293398
-3.68782529571
-3.68821648653
-3.68860279916
-3.68899676224
-3.72318706668
-3.75833115635
-3.79395042472
-3.83255456403
-3.87329488313
-3.91440429372
-3.68238744763
-3.69856271022
-3.7145362655
-3.73082615754
-3.81098541911
-3.88175097783
-3.95347334856
-4.03232882621
-4.12099626263
-4.21046699164
-5.10267202913
-5.10611247889
-5.10951002587
-5.11297485711
-5.11639555234
-5.21256619878
-5.26320303069
-5.31384892999
-5.36389184794
-5.39566041751
-5.12175505767
-5.14241972666
-5.16282670495
-5.18363781853
-5.20418383419
-5.36262831428
-5.4449977241
-5.52738188356
-5.60878519142
-5.70177312847
-0.882229229689
-0.888043156045
-0.903406289286
-0.928153458573
-0.960220124916
-0.998712706801
-1.042945269
-1.09153902745
-1.14339098466
-1.19762405744
-0.83560921562
-0.848359170182
-0.884038049803
-0.940294390221
-1.01110969092
-1.09187851116
-1.18022505435
-1.2721607986
-1.36405447936
-1.45592163783
-1.80856415259
-1.82424824986
-1.83973676471
-1.86463374066
-1.89692663921
-1.93553075375
-1.97465682955
-2.02766883874
-2.07855039445
-2.12989291732
-1.76340449633
-1.79927727424
-1.83470271467
-1.8905317995
-1.96040586279
-2.03994996415
-2.12056957106
-2.2167329418
-2.30717411325
-2.39843464664
-2.63766192393
-2.65345847581
-2.66905804295
-2.69408770479
-2.72658098045
-2.76528388105
-2.80451007859
-2.85681238589
-2.90683444312
-2.96119588815
-2.60587355492
-2.64151902355
-2.67671998926
-2.73217064772
-2.80121104359
-2.87967039395
-2.95919058307
-3.05335398291
-3.14250864612
-3.23231763239
-3.66285132233
-3.66990972052
-3.68564541627
-3.71083772534
-3.74357662454
-3.78240061774
-3.82645210277
-3.87318189529
-3.92215037375
-3.97658573008
-3.659746619
-3.67394439367
-3.70887019683
-3.7638569778
-3.83187545876
-3.90900511434
-3.99250131513
-4.07888945267
-4.16646710577
-4.2550910838
-5.09821014855
-5.11434043669
-5.13026957836
-5.14651417723
-5.16255184775
-5.22777703304
-5.26730036605
-5.3068307764
-5.3458905445
-5.41286910788
-5.10610430946
-5.14107518279
-5.17560996548
-5.21082866738
-5.24559874337
-5.37174392753
-5.4480013284
-5.52427238445
-5.59963537046
-5.70767572508
-0.873162962921
-0.880374964983
-0.898033366649
-0.925778817856
-0.961241489836
-1.00325662858
-1.05069799305
-1.10194752352
-1.15599258024
-1.21099284736
-0.826013033774
-0.840687532256
-0.879486661079
-0.939897456279
-1.01463966148
-1.09874872655
-1.18964989194
-1.28331689081
-1.37617158211
-1.46798456736
-1.80067603212
-1.81848006707
-1.83606208374
-1.86346206008
-1.89836234527
-1.93944035708
-1.9810737794
-2.03608497175
-2.08872748193
-2.14184691284
-1.75458953175
-1.79327214549
-1.83147238277
-1.89066082822
-1.96352453977
-2.04552137785
-2.12862688461
-2.22586567192
-2.31690391951
-2.40876693832
-2.63163763215
-2.64937315749
-2.66688751887
-2.69398150319
-2.72838367437
-2.76863165947
-2.80942383239
-2.86346385447
-2.91486410915
-2.96946830114
-2.59884447709
-2.63698994577
-2.67465973627
-2.73276552909
-2.80396543198
-2.88409144043
-2.96530082232
-3.06069459233
-3.15012398978
-3.23992626005
-3.65941652743
-3.66788726832
-3.68531869742
-3.71203759474
-3.74582917456
-3.78505970756
-3.82960803539
-3.87767022684
-3.9275477167
-3.98192386544
-3.656090019
-3.67122466871
-3.70824423411
-3.76502290434
-3.83418329984
-3.91201603327
-3.99679411514
-4.08403326897
-4.17149052753
-4.26013511341
-5.09771721932
-5.11524942582
-5.13256300378
-5.15021945601
-5.16765099531
-5.22945746011
-5.26775302191
-5.3060554412
-5.34390183848
-5.41477024944
-5.1043752826
-5.14092664341
-5.17702220472
-5.21383259456
-5.25017408312
-5.37275098099
-5.44833315359
-5.52392886046
-5.59862453788
-5.70832781838
-0.850158108472
-0.862623383654
-0.887710284822
-0.924752201577
-0.970398419559
-1.02200522216
-1.07866746846
-1.13832784109
-1.19906133471
-1.25858495814
-0.800574627683
-0.818889416608
-0.864673345647
-0.935087232492
-1.01886787234
-1.10999202656
-1.20633932354
-1.30424204334
-1.39930699175
-1.49183457999
-1.79313933777
-1.81296886438
-1.83255111461
-1.8623425794
-1.89973408875
-1.94317578246
-1.98720484572
-2.04412615501
-2.09845116684
-2.1532683422
-1.74616728539
-1.78753455308
-1.82838596639
-1.89078410854
-1.96650427561
-2.05084457777
-2.13632523428
-2.23459152695
-2.32620025016
-2.41863891287
-2.62588173046
-2.64546984545
-2.66481369448
-2.693880033
-2.73010605592
-2.77183028998
-2.81411867202
-2.86981899142
-2.92253604303
-2.97737216729
-2.59212855388
-2.63266264435
-2.67269127025
-2.73333390771
-2.80659710876
-2.8883155235
-2.9711388424
-3.06770816799
-3.1574000599
-3.24719591337
-3.6455645834
-3.65623698823
-3.67811175612
-3.70917064805
-3.74732997186
-3.79108711159
-3.83985690704
-3.89118967926
-3.94346952523
-3.99881447792
-3.64078575329
-3.65861021313
-3.70097991089
-3.76350894574
-3.83842508239
-3.92111675266
-4.00949339991
-4.09894755611
-4.18758894162
-4.27569145251
-5.09724625072
-5.1161179183
-5.1347542541
-5.15375965978
-5.17252296916
-5.23106302195
-5.26818551136
-5.30531464819
-5.34200173192
-5.41658669266
-5.10272328615
-5.14078472165
-5.17837152686
-5.21670269285
-5.25454558548
-5.3737131689
-5.44865019553
-5.52360064092
-5.59765873922
-5.70895086007
-0.843706259378
-0.865957593236
-0.887931450513
-0.910340473204
-0.963161812063
-1.01179989634
-1.06109560989
-1.1215170877
-1.17968550685
-1.23838090932
-0.781033986178
-0.826263679878
-0.870929354321
-0.916479577912
-1.0212765459
-1.11166578201
-1.20327715934
-1.30429205005
-1.39895358812
-1.49447272301
-1.78584515948
-1.8076350014
-1.8291531216
-1.85109738189
-1.9010616922
-1.94679100917
-1.99313862634
-2.05190858873
-2.10786196259
-2.16432225232
-1.73801605044
-1.78198158518
-1.82539886486
-1.86967597075
-1.96938812939
-2.05599648753
-2.14377586612
-2.24303660105
-2.33519744308
-2.4281932266
-2.62031104243
-2.64169213435
-2.6628066017
-2.69378182793
-2.7317730146
-2.77492599481
-2.81866244091
-2.8759696325
-2.9299611091
-2.98444172755
-2.58562873594
-2.62847458701
-2.67078614561
-2.73388399701
-2.80914410333
-2.89240368384
-2.97678900642
-3.07449606051
-3.16444200033
-3.25520281549
-3.64320470539
-3.66408474893
-3.68470441602
-3.70573243045
-3.75006431304
-3.79005920303
-3.83059485877
-3.88610897647
-3.93769554676
-3.98974947137
-3.60350355362
-3.63080058477
-3.68804413567
-3.76756465895
-3.85822027973
-3.95355855801
-4.05165826463
-4.14790066628
-4.24046864059
-4.32858763563
-5.09679043698
-5.11695846438
-5.13687499427
-5.15718594671
-5.17723817243
-5.23261691996
-5.26860408415
-5.30459769245
-5.34016276707
-5.41834468628
-5.10112444772
-5.14064736666
-5.17967743045
-5.219480437
-5.25877642146
-5.37464439548
-5.44895703569
-5.52328298283
-5.59672401807
-5.7095538535
-0.834029934011
-0.858531990663
-0.882728503972
-0.907404199685
-0.964150865403
-1.01620006803
-1.06895302123
-1.13159630386
-1.19188844231
-1.25272680415
-0.770545353103
-0.818834739484
-0.866521951904
-0.915153551342
-1.02469484342
-1.11831865342
-1.2132083389
-1.31509521163
-1.410687358
-1.50714553216
-1.77820658513
-1.80204929903
-1.82559469168
-1.84960637207
-1.90245197871
-1.95057692951
-1.99935257157
-2.0600584716
-2.11771709092
-2.17589807499
-1.72947995332
-1.77616643279
-1.82227072673
-1.86928805991
-1.97240814488
-2.06139164573
-2.15157828102
-2.25188041099
-2.34461944024
-2.43819864914
-2.61447733325
-2.63773605788
-2.66070474364
-2.68412829619
-2.73351867907
-2.77816786397
-2.82342074474
-2.88241067731
-2.93773675113
-2.99356405773
-2.5788220278
-2.62408878972
-2.66879107014
-2.71437862464
-2.81181135475
-2.89668486749
-2.98270594405
-3.08160444471
-3.17181642737
-3.26284569561
-3.63958341161
-3.66212627839
-3.68438803315
-3.70709065478
-3.75224560209
-3.79263417071
-3.83356882797
-3.89045531657
-3.94292214106
-3.99586429464
-3.53361642984
-3.58118061729
-3.6755860946
-3.80100085346
-3.9328973442
-4.06150451987
-4.18461097651
-4.29861673873
-4.40174977767
-4.49394924526
-5.0963131019
-5.11783869702
-5.13909586561
-5.16077400646
-5.18217600495
-5.23424418557
-5.26904241993
-5.30384688551
-5.33823697513
-5.42018568393
-5.09945011981
-5.14050352642
-5.18104499253
-5.22238933288
-5.2632070172
-5.37561959012
-5.44927836336
-5.52295032646
-5.59574516387
-5.71018531738
-0.824363046391
-0.851113630607
-0.877530632095
-0.904470790043
-0.965138954075
-1.02059594805
-1.07680276889
-1.1416656893
-1.2040794757
-1.26705870679
-0.760066950056
-0.811413044864
-0.862118848221
-0.913828818104
-1.02810980692
-1.12496503599
-1.22312983214
-1.3258878364
-1.42240968343
-1.51980598096
-1.77057546101
-1.79646904465
-1.82203973245
-1.8481168165
-1.90384090922
-1.95435915728
-2.00556045607
-2.06820040552
-2.12756260712
-2.18746260724
-1.72095218184
-1.77035695218
-1.81914563961
-1.86890052742
-1.97542521483
-2.06678154179
-2.15937308588
-2.26071559517
-2.35403224771
-2.44819431295
-2.60864931396
-2.63378383994
-2.65860493562
-2.68391758279
-2.73526264091
-2.78140657118
-2.82817440758
-2.88884543988
-2.94550480923
-3.0026774905
-2.57202195856
-2.6197072701
-2.66679794055
-2.71482118425
-2.81447600468
-2.9009618755
-2.98861711063
-3.08870589579
-3.1791836618
-3.27048112128
-3.63596564983
-3.66016971804
-3.68407195886
-3.70844755437
-3.75442476364
-3.79520662692
-3.83653989653
-3.89479741749
-3.94814363763
-4.00197315384
-3.41196285602
-3.51745677506
-3.70101677254
-3.91161691606
-4.10647451511
-4.27958252317
-4.43431468255
-4.57151118904
-4.69112543889
-4.79698758115
-5.09583623238
-5.11871807113
-5.14131457083
-5.16435856661
-5.18710902139
-5.23586986403
-5.26948032818
-5.30309681086
-5.3363130615
-5.42202488596
-5.09777742495
-5.14035982648
-5.18241122077
-5.22529539159
-5.26763329157
-5.3765938336
-5.44959937763
-5.52261799454
-5.59476726439
-5.71081616537
-0.81470617744
-0.843702958868
-0.872338147241
-0.901540420559
-0.966126018702
-1.02498727221
-1.08464438114
-1.15172463894
-1.21625787442
-1.28137575599
-0.749599406724
-0.803999042017
-0.857720307872
-0.912505457807
-1.03152123119
-1.13160453032
-1.23304104284
-1.3366692758
-1.43411985994
-1.53245330859
-1.76295224572
-1.79089457358
-1.81848845754
-1.84662880469
-1.90522840025
-1.95813746519
-2.01176190678
-2.07633390122
-2.13739791951
-2.19901515413
-1.71243324845
-1.76455349246
-1.8160237913
-1.86851339657
-1.97843915791
-2.07216585182
-2.16715981228
-2.26954162265
-2.36343529984
-2.45817961735
-2.60282733476
-2.62983571804
-2.65650730381
-2.68370708777
-2.73700479533
-2.78464192183
-2.83292314378
-2.89527353353
-2.95326481659
-3.01178147819
-2.56522893683
-2.61533029143
-2.66480687663
-2.71526328518
-2.817137893
-2.90523445087
-2.99452215094
-3.095799987
-3.1865432609
-3.27810863368
-3.63235163746
-3.65821518545
-3.68375621214
-3.70980304768
-3.75660166672
-3.79777641706
-3.8395078859
-3.8991350183
-3.9533597227
-4.00807568188
-3.18531951395
-3.45388154949
-3.79736089378
-4.09089978362
-4.32684797714
-4.52318438834
-4.694063417
-4.84323752512
-4.97252866375
-5.08779877373
-5.09535985709
-5.11959653386
-5.14353097661
-5.16793941177
-5.19203692529
-5.23749385766
-5.26991778259
-5.30234751359
-5.33439114179
-5.42386218187
-5.09610646365
-5.14021627546
-5.18377603307
-5.22819843849
-5.2720549786
-5.37756706739
-5.4499200592
-5.52228600705
-5.5937903784
-5.71144635956
-0.882193227597
-0.909923554741
-0.937308081655
-0.96523492569
-0.978566829814
-0.993616010091
-1.00886866839
-1.04052758308
-1.07189886125
-1.10355435103
-0.82931450919
-0.874313733523
-0.918751812577
-0.964069933531
-1.0116462346
-1.06711403195
-1.12333180225
-1.20855362453
-1.29023069016
-1.37264771834
-1.80455599549
-1.82978384504
-1.85469710052
-1.88010373261
-1.90182251865
-1.92739024453
-1.95330366834
-1.98621805726
-2.02052865221
-2.05515008783
-1.7670864247
-1.81001162424
-1.85240154182
-1.89563093996
-1.95434754572
-2.01853263851
-2.08358556967
-2.16413402732
-2.24772151258
-2.33206626804
-2.62150587563
-2.64451724501
-2.66724166008
-2.69041610445
-2.71956327161
-2.75444742361
-2.78980323972
-2.82382962011
-2.86074360991
-2.89799202614
-2.59768440701
-2.63877261316
-2.67934844486
-2.72072783136
-2.78931156414
-2.86121769003
-2.93409604939
-3.01050524122
-3.09578481243
-3.18183698349
-3.62292830935
-3.64322270305
-3.66326402342
-3.68370223768
-3.72195516234
-3.76825944957
-3.81518981109
-3.85057927779
-3.89068452581
-3.93115311182
-3.61583677242
-3.65467318022
-3.69302529374
-3.73213692405
-3.81281584478
-3.89418646287
-3.97665728259
-4.04799253568
-4.13534627677
-4.22349140888
-5.0460022941
-5.06243572236
-5.07866422396
-5.09521411122
-5.11155318128
-5.20893969699
-5.27231809673
-5.33570784545
-5.39834288675
-5.39932939145
-5.06268487063
-5.09832135447
-5.13351344743
-5.16940247682
-5.20483434149
-5.36208945584
-5.45819166661
-5.55431108613
-5.64928612441
-5.70373717127
-0.877275968462
-0.890932790939
-0.904419311336
-0.918172915804
-0.959098635504
-0.997043193751
-1.03550079548
-1.08955655702
-1.14166423046
-1.19424397921
-0.837193511856
-0.849652525244
-0.884718535614
-0.940389545051
-1.01083326133
-1.09141848931
-1.17963691438
-1.27151647226
-1.36346565613
-1.45517712802
-1.81252561931
-1.82640815389
-1.84011757174
-1.85409848787
-1.89561303663
-1.93395792813
-1.97282127598
-2.0260047869
-2.07707954616
-2.12861702292
-1.76776277846
-1.80152443886
-1.83486508763
-1.86886600725
-1.9587516097
-2.03822913769
-2.11878127109
-2.2151610081
-2.30580398533
-2.39726815279
-2.64088959577
-2.65497204679
-2.66887888809
-2.69294912885
-2.72509722048
-2.76379669287
-2.80301941585
-2.85543036194
-2.90559025435
-2.95620457593
-2.60955392183
-2.64319447883
-2.67641553437
-2.73077261394
-2.79944916189
-2.87802741642
-2.95766811741
-3.05193293237
-3.14127053977
-3.23141751125
-3.65630350241
-3.67063101228
-3.68477985653
-3.69920890137
-3.74188428456
-3.78101840449
-3.82068165181
-3.87214558297
-3.92118402568
-3.97066673767
-3.66042475666
-3.6739043099
-3.70802602595
-3.76244250206
-3.83077605757
-3.90800022034
-3.99213479365
-4.07885124403
-4.16598810975
-4.25433142759
-5.09926010657
-5.11393585798
-5.12842860115
-5.14320835541
-5.15779984093
-5.22654399468
-5.26683325029
-5.30712972038
-5.34694642765
-5.41227086226
-5.10777279894
-5.14105395228
-5.17392008599
-5.20743709335
-5.24052715147
-5.37033198556
-5.44726779036
-5.52421737182
-5.60025080484
-5.70695754278
-0.876732730975
-0.888834773626
-0.900785902473
-0.912973708835
-0.956947873738
-0.997421814155
-1.03844299751
-1.09497306565
-1.1493716062
-1.20426297644
-0.83028986757
-0.844056604934
-0.881036930241
-0.939473467404
-1.01282521704
-1.09615380745
-1.18658909093
-1.28045276449
-1.37328239233
-1.46541607432
-1.81340606882
-1.82603522216
-1.83850688856
-1.85122554109
-1.89492703996
-1.93468349737
-1.97497749671
-2.03040025243
-2.08332704393
-2.13673333164
-1.76783749909
-1.80058681138
-1.83292773615
-1.86590913344
-1.95923815161
-2.04040512159
-2.12266953971
-2.22079824788
-2.3122206853
-2.40447137455
-2.6430310252
-2.656127048
-2.66905976195
-2.69307943395
-2.72570858718
-2.76482955964
-2.80447948173
-2.858921475
-2.91054471734
-2.96263564624
-2.61086521441
-2.64368298739
-2.67609151913
-2.73098974725
-2.80056911977
-2.87988448217
-2.96027225736
-3.05650968422
-3.14629560587
-3.23689495316
-3.65999064915
-3.67365896354
-3.68715683256
-3.70092201039
-3.74408596764
-3.78242795855
-3.82128836658
-3.87452813493
-3.9245534783
-3.97503203187
-3.65845658121
-3.6733309697
-3.70878789187
-3.7648637712
-3.83381075904
-3.91139088638
-3.99553128561
-4.08263680725
-4.17017849281
-4.25881407817
-5.10514379896
-5.11962536985
-5.13392635395
-5.14851055158
-5.16290897153
-5.22848884122
-5.26622730822
-5.30397253293
-5.34126836951
-5.41370057988
-5.11275391792
-5.14577486456
-5.17838403637
-5.211638993
-5.24447033849
-5.37124258454
-5.44606096784
-5.52089274864
-5.59483359516
-5.70731331547
-0.876213695431
-0.886830225734
-0.897314366735
-0.908006133349
-0.954892931226
-0.997783566523
-1.04125412057
-1.10014826173
-1.15673560827
-1.21383561422
-0.810388428361
-0.826358225115
-0.867606503883
-0.933197087405
-1.01408477357
-1.10396594191
-1.19999820214
-1.29765594093
-1.39326952416
-1.48611467652
-1.81424729315
-1.82567890502
-1.83696796343
-1.84848058785
-1.89427160533
-1.93537674154
-1.97703765499
-2.0345998942
-2.08929620749
-2.14448804816
-1.76790889082
-1.79969095644
-1.83107669621
-1.86308399223
-1.95970301744
-2.04248416255
-2.12638458086
-2.22618434123
-2.31835151287
-2.41135368334
-2.64507705114
-2.65723059239
-2.66923257764
-2.6932039338
-2.72629271669
-2.76581641084
-2.80587449976
-2.8622570544
-2.91527845251
-2.96878020394
-2.61211808718
-2.64414973225
-2.67578193919
-2.73119720698
-2.80163918206
-2.8816588132
-2.96276037947
-3.06088253577
-3.15109679869
-3.24212836786
-3.66351352867
-3.67655201561
-3.68942791119
-3.70255879816
-3.74618956286
-3.78377471514
-3.82186805142
-3.87680454108
-3.92777281738
-3.9792028465
-3.64882326754
-3.66489064007
-3.70393338785
-3.76323864501
-3.83611968174
-3.91762440856
-4.00544981226
-4.09481524603
-4.18385845909
-4.27197664434
-5.11076536516
-5.12506140651
-5.13917917466
-5.15357652797
-5.16779048368
-5.23034704231
-5.26564836166
-5.30095600232
-5.3358432763
-5.41506660172
-5.11751312153
-5.15028545402
-5.18264911191
-5.21565369253
-5.24823785136
-5.37211261514
-5.44490791084
-5.51771624177
-5.58965772928
-5.70765323802
-0.875711361434
-0.884890180269
-0.893954538223
-0.903198404719
-0.952904112742
-0.998133678409
-1.0439747872
-1.10515693013
-1.16386265116
-1.22310022326
-0.81354756312
-0.843913814046
-0.873901394481
-0.904482842335
-1.0089185362
-1.09737401053
-1.18702547992
-1.29010310483
-1.3855416668
-1.48184486513
-1.81506144854
-1.82533405347
-1.83547855789
-1.84582396184
-1.89363726132
-1.93604767847
-1.97903152141
-2.03866439973
-2.09507329505
-2.15199323309
-1.76797798531
-1.79882392836
-1.82928521911
-1.86034975853
-1.9601529248
-2.04449630405
-2.12998007926
-2.23139712065
-2.32428506241
-2.41801453291
-2.64705723997
-2.65829862688
-2.66939983246
-2.68072088386
-2.72685805005
-2.7667715071
-2.80722462885
-2.86548530138
-2.91985986535
-2.9747270418
-2.61333064496
-2.64460145818
-2.67548232092
-2.70697474145
-2.80267481184
-2.88337604974
-2.96516843868
-3.06511467752
-3.15574349853
-3.24719338151
-3.66692304882
-3.67935197493
-3.69162591096
-3.70414291731
-3.74822546851
-3.78507813573
-3.82242908313
-3.87900769694
-3.93088856444
-3.98323945247
-3.62203201335
-3.64431037012
-3.69245559025
-3.76372487688
-3.84872306243
-3.94112220994
-4.03779140075
-4.13378192308
-4.22696782947
-4.31626021565
-5.11620604035
-5.13032252216
-5.14426296988
-5.15847949116
-5.17251491832
-5.23214545011
-5.26508804447
-5.29803653776
-5.33059275197
-5.41638866765
-5.12211918329
-5.15465090153
-5.18677694566
-5.21953920688
-5.25188413304
-5.37295464985
-5.44379195695
-5.51464194868
-5.58464841263
-5.70798222253
-0.875185309638
-0.882858535174
-0.890436074743
-0.898163678232
-0.9508213918
-0.998500320896
-1.04682391065
-1.11040208379
-1.17132619878
-1.23280226263
-0.81226795782
-0.841446633788
-0.870261448456
-0.899646905347
-1.00869716313
-1.09982983354
-1.19219469704
-1.29672145354
-1.3932768636
-1.49070702824
-1.81591404442
-1.82497291969
-1.83391882978
-1.84304190271
-1.89297296662
-1.93675029382
-1.98111952862
-2.04292081168
-2.10112314894
-2.1598527768
-1.7680503421
-1.79791596338
-1.82740915707
-1.85748642745
-1.96062407462
-2.0466034492
-2.13374533983
-2.23685602248
-2.33049876567
-2.4249898758
-2.64913092381
-2.65941708883
-2.66957498425
-2.67993404438
-2.72745007575
-2.76777169841
-2.80863850454
-2.86886597067
-2.92465759051
-2.98095466078
-2.6146004539
-2.64507451244
-2.67516855612
-2.7058585756
-2.80375933908
-2.88517436594
-2.96769019488
-3.06954664068
-3.16060959321
-3.25249754079
-3.67049355014
-3.68228413488
-3.69392768972
-3.70580183096
-3.75035749984
-3.78644309759
-3.82301660406
-3.88131487524
-3.93415142211
-3.9874666476
-3.57383919908
-3.60813593136
-3.67857222477
-3.78172579015
-3.89997030071
-4.02171552048
-4.14204058118
-4.25629784654
-4.36092753174
-4.45525841117
-5.1219035981
-5.13583204242
-5.1495867975
-5.16361394872
-5.17746241807
-5.2340287701
-5.26450127179
-5.2949792301
-5.32509432309
-5.41777315518
-5.12694272115
-5.15922246451
-5.19109967591
-5.22360817656
-5.25570257463
-5.37383644141
-5.44262331309
-5.51142250224
-5.5794025801
-5.70832674011
-0.874659770924
-0.880828871633
-0.886921042977
-0.893133862336
-0.948740702229
-0.99886660578
-1.04967025521
-1.11564212163
-1.17878246688
-1.24249483918
-0.810989600576
-0.83898185988
-0.866625052631
-0.894815685063
-1.00847600597
-1.10228326127
-1.19735887239
-1.30333334708
-1.40100451592
-1.49956054768
-1.81676580874
-1.82461213814
-1.83236062295
-1.84026255704
-1.89230931984
-1.93745222388
-1.98320549931
-2.04717307217
-2.10716710214
-2.16770465476
-1.76812262832
-1.79700888397
-1.82553492483
-1.8546258891
-1.96109476491
-2.04870853917
-2.13750692798
-2.24230959999
-2.33670640842
-2.43195841534
-2.65120258509
-2.6605344599
-2.66974996521
-2.67914797234
-2.72804152401
-2.7687709142
-2.81005100122
-2.87224334265
-2.92945063623
-2.9871762057
-2.61586902433
-2.64554710531
-2.67485509735
-2.7047434984
-2.80484280854
-2.88697092816
-2.9702094915
-3.07397428114
-3.16547094178
-3.25779652669
-3.674060569
-3.68521343496
-3.69622722346
-3.70745912659
-3.7524874517
-3.78780672813
-3.82360355196
-3.88361980325
-3.93741109736
-3.99168971975
-3.49709852215
-3.55974352538
-3.6807439959
-3.85090626916
-4.02868224943
-4.19551321868
-4.34908995302
-4.48697960881
-4.60853156108
-4.71595509333
-5.12759559877
-5.141336189
-5.15490543255
-5.16874339841
-5.18240509231
-5.2359102532
-5.26391507142
-5.29192490437
-5.31960125708
-5.41915629235
-5.13176155441
-5.16378956864
-5.19541819
-5.22767317759
-5.25951729192
-5.37471737291
-5.44145580905
-5.50820619586
-5.57416186406
-5.70867092167
-0.874134776873
-0.878801311615
-0.883409654155
-0.888109259293
-0.946662169063
-0.999232511051
-1.05251364986
-1.12087672874
-1.18623100738
-1.25217737044
-0.809712568209
-0.83651964044
-0.862992425531
-0.889989471809
-1.00825507802
-1.1047341463
-1.20251769564
-1.30993838812
-1.40872415938
-1.50840489142
-1.81761669029
-1.8242517305
-1.83080403102
-1.83748609185
-1.89164636086
-1.93815342647
-1.98528930812
-2.05142092566
-2.11320479145
-2.1755483951
-1.76819483963
-1.79610274465
-1.82366263503
-1.85176831539
-1.96156496738
-2.05081144743
-2.14126461765
-2.24775752548
-2.34290761764
-2.43891973274
-2.65327209932
-2.66165067293
-2.66992476481
-2.67836271498
-2.7286323593
-2.76976909441
-2.81146203401
-2.87561721436
-2.93423871448
-2.99339130266
-2.61713628003
-2.64601920839
-2.67454196345
-2.70362957685
-2.8059251551
-2.88876562844
-2.97272617715
-3.07839733285
-3.1703272521
-3.26309002077
-3.67762389103
-3.68813969915
-3.69852437398
-3.70911470462
-3.7546151961
-3.78916894543
-3.82418989155
-3.88592234245
-3.94066739433
-3.99590841515
-3.36085703232
-3.49854199029
-3.72552919515
-3.98336175206
-4.20992314329
-4.40364940408
-4.5741080697
-4.72394897184
-4.85478300056
-4.9712756935
-5.1332817003
-5.14683463113
-5.16021855543
-5.173867532
-5.187342644
-5.23778978636
-5.26332947857
-5.28887374411
-5.31411388403
-5.42053799606
-5.13657539348
-5.16835193947
-5.19973222843
-5.2317339657
-5.26332805568
-5.37559739142
-5.44028951501
-5.50499322283
-5.56892657946
-5.70901474651
