-3714346.34025
-1841438.85259
8113.272611
1894293.51948
11378.547919
888.556876846
-9743.26798251
2900.05939893
-5860.7963844
-14701.0221241
36082.7593032
18910.325601
1952.03403667
-15342.0957872
1008.8859656
-10288.523535
-21738.6838537
-3473.87852726
-5938.30799341
-8425.06423495
-3926123.12717
-2389053.93887
-871152.172485
676809.78513
39360.7895108
8206.54069244
-23368.9407097
3722.319276
1492.20762221
-758.107978437
-3276.59085837
7005.87725836
17160.1218662
27515.4588909
1777.34819001
-3329.15401701
-8504.70058236
2074.46098785
-707.836606136
-3515.34073748
-4113696.85272
-2874084.44386
-1649930.13814
-401532.951007
64145.0606349
14688.1835005
-35437.3936967
4450.60659569
8004.86831378
11591.3302649
-38137.7295729
-3538.06270225
30630.1425153
65475.0073201
2457.9861602
2834.85898463
3216.82745795
6988.70455836
3924.8666226
833.271503137
-4343625.93565
-3468637.9661
-2604561.19282
-1723372.43401
94525.7800774
22633.4230717
-50230.9812292
5343.3458908
15988.1298067
26729.3513373
-80870.7383198
-16462.8923314
47141.7807302
112006.066685
3292.31657527
10390.7458899
17585.1521525
13012.6160319
9603.66412878
6163.82844325
-4670367.26403
-4313529.8135
-3961142.16525
-3601775.90986
-3246987.36466
33924.0266729
-71253.4477226
-176449.755939
-280393.615047
48241.2760192
-141596.592855
-34829.7554886
70605.6876672
178129.151045
284282.949782
21128.0588604
38003.2977711
54881.5584812
71558.8695293
13738.8304108
-370782.600847
-183897.082541
657.95278683
188867.875261
915.28853285
8.45215132
-910.645448073
347.803396208
-401.729453088
-1158.05277937
220.92731238
400.70184951
578.23457838
759.28312619
269.85827955
-882.58355096
-2050.60739896
-136.850435568
-401.767823608
-669.085260462
-416638.587064
-266682.956992
-118597.290128
32421.0325665
3964.72363286
856.374399109
-2294.0024241
767.384082508
578.615099441
388.135942582
-2951.36653348
-187.835744183
2541.23351207
5324.34865295
607.433871535
293.261979
-25.1577912103
416.57306504
255.11481205
92.1938098921
-457253.889143
-340007.588649
-224223.362424
-106146.170963
6665.65186431
1607.39124715
-3519.26146002
1139.01269037
1446.92027454
1757.61738202
-5761.11251123
-709.111898597
4279.88971049
9367.69240522
906.429395864
1334.72516268
1768.81186137
906.748165579
836.925146489
766.46955792
-507040.388465
-429889.395196
-353700.483303
-276002.743031
9976.46711575
2527.99254475
-5021.19189114
1594.5574355
2511.29436014
3436.33656585
-9205.31725816
-1348.09557175
6411.14569564
14324.0492628
1272.94003859
2611.35745235
3967.8714355
1507.60796624
1550.11200806
1593.00112002
-577789.624343
-557616.17292
-537694.286657
-517377.871759
-497320.253167
3836.21544134
-7155.51408273
-18149.2118635
-29012.0205739
5821.88487971
-14099.7134775
-2256.12500202
9439.77262191
21367.2932184
33142.8776448
4425.51912715
7092.85083031
9760.66016473
12396.7070212
2767.54597142
-1400.16401988
-779.048645984
-165.67864915
459.838391589
-240.64703484
-88.778005936
65.1444245385
65.841209999
201.364611525
338.115802519
-3740.9325241
-1644.16119452
426.46316585
2538.09371359
188.213702436
156.543949736
124.445994391
231.809971213
209.885148761
187.761695919
-28925.9389844
-32212.6055236
-35458.2869694
-38768.2451734
54.3196187345
44.359869667
34.2654561157
440.935643804
477.685355422
514.768005179
-2915.43715901
-982.565991852
926.202059162
2872.77093095
478.186805972
693.450805083
911.625360987
233.416789688
361.497512999
490.738598
-53305.9110959
-60053.7559009
-66717.4543387
-73513.1191882
315.575797615
162.281988058
6.91551265549
773.162142316
722.426585731
671.231384677
-2184.28412136
-396.581669488
1368.82793609
3169.19932347
735.020126248
1168.99687696
1608.8413714
234.839971767
495.782749896
759.089568414
-83191.0382003
-94181.6176538
-105035.143372
-116103.609916
635.82530721
306.83168157
-26.6102244893
1180.40752759
1022.43196482
863.025204707
-1288.03201069
321.72169341
1911.40159169
3532.56315947
1049.84806723
1751.92431991
2463.49325514
236.58451754
660.39045964
1088.03591924
-125659.376717
-142679.105408
-159486.596209
-176626.938845
-193548.942892
512.244403929
-74.2520614844
-660.853549096
-1240.47106053
1135.57431738
-14.4105902733
1342.46857753
2682.4273128
4048.92229483
5398.01047279
2580.29489673
3677.9985636
4775.89879304
5860.72761163
1555.48599674
351525.801284
174180.836919
-952.616225541
-179554.373584
-1345.08415849
-181.676432296
997.461579851
-203.559191389
777.59004539
1767.62811381
-7526.28631406
-3597.92291078
281.453368598
4237.65595874
110.206498203
1149.37695882
2202.59790933
584.046073855
794.288179827
1006.43499776
341513.602645
191811.784586
43976.7646702
-106785.947318
-3681.87077318
-731.478348592
2258.80595179
129.030910754
381.252163738
635.758443474
-2881.10848525
-1741.88996574
-616.877626519
530.414208515
354.69786652
1075.81069464
1806.67359639
58.4203663735
463.14072524
871.527693626
332645.655279
207427.766804
83771.3591778
-42333.9126259
-5751.59606048
-1218.44576017
3375.99668122
423.61071551
30.2100399886
-366.754693111
1233.19187741
-97.9750715606
-1412.54222219
-2753.14277025
571.247364172
1010.65200351
1455.99777636
-407.133831682
169.838694033
752.03836711
321775.268185
226569.938557
132551.829865
36671.8073197
-8288.67867071
-1815.373555
4745.45628504
784.708540694
-400.099660091
-1595.64176376
6276.52780582
1917.14641162
-2387.87301689
-6778.14809906
836.695135488
930.780059544
1026.13709373
-977.813171234
-189.692828091
605.567579767
306327.875999
253771.972099
201871.446104
148943.093558
96688.9575112
-2663.63936872
6691.53045889
16048.3754893
25293.8195359
-3341.95496943
13443.3735988
4780.74009825
-3773.86940936
-12497.8925137
-21110.7865156
817.277823382
415.282439485
13.2150714552
-384.065351811
397.424881964
693095.299817
343510.855821
-1714.23169102
-353776.080566
-2413.98265725
-271.585569129
1899.77859396
-464.290815167
1335.27367266
3151.14151696
-11189.8348282
-5488.81639916
141.10970279
5882.52961744
34.7094131155
2110.26254497
4213.87896327
924.947908158
1359.88626522
1798.76499516
700033.124897
408627.508311
120855.751829
-172614.972941
-7297.83787124
-1482.35161156
4411.76508848
-172.837338487
287.92200341
752.855646283
-2847.88444102
-2476.78038039
-2110.30402823
-1736.57005936
235.18255943
1445.86699135
2672.92093148
-110.945014565
561.513257859
1240.06374149
706178.055683
466302.257659
229417.737232
-12157.9919027
-11623.5382036
-2554.744392
6636.66741219
85.3071694297
-639.732332209
-1371.3404106
4540.70018766
191.022950517
-4104.41333285
-8484.91548739
412.744489023
857.402358151
1308.07238903
-1028.45017469
-145.617120092
745.214059662
713710.551484
537000.337505
362493.719339
184531.210661
-16926.0095788
-3869.29038093
9363.96703481
401.742372682
-1776.85700168
-3975.19364161
13597.6748938
3461.23348518
-6548.80538368
-16757.0808508
630.401047878
136.058614225
-364.967759774
-2153.13391936
-1012.42209952
138.624127104
724414.624465
637466.029918
551601.693912
464036.919567
377587.570371
-5737.32941782
13239.6033406
32219.9342427
50974.2885974
-7675.40612779
26468.1126341
8108.37477128
-10022.4151401
-28512.2632093
-46766.5823034
-889.008811354
-2742.44586597
-4596.21481011
-6427.91310082
-723.372092847
1050792.06969
520835.825011
-2511.80698113
-536223.699854
-3533.34940975
-365.739783615
2844.69868411
-737.33293406
1919.28844254
4599.97777869
-15026.3585091
-7468.98879708
-5.86031692011
7605.06631083
-44.3522817558
3116.51653386
6320.12304944
1281.9454899
1952.18917594
2628.50500988
1075480.21721
635680.229256
201364.595551
-241552.129011
-11084.5335701
-2268.67750395
6666.37661605
-488.958356739
190.185241127
875.481616652
-2813.09171698
-3246.36879112
-3674.24285248
-4110.59043721
110.02431351
1833.39556921
3580.06830559
-288.307015417
664.530469037
1626.00029164
1097346.86215
737399.558731
381940.837793
19442.6908776
-17772.7252549
-3954.13662767
10051.2913558
-268.969445399
-1341.30616583
-2423.35784116
8004.37315608
493.66607129
-6923.38166969
-14487.3149855
246.757869316
696.917000518
1153.16267533
-1679.10209155
-475.967242789
738.06754119
1124151.1366
862087.769055
603292.360542
339371.824935
-25971.1537718
-6020.18329546
14200.5416819
0.694381405889
-3218.61821308
-6467.09653138
21264.4913876
5078.22493489
-10906.196994
-27207.1708833
414.366744176
-696.185761104
-1821.75390371
-3383.94766876
-1873.99669599
-350.366152906
1162241.42134
1039276.27846
917844.524448
794007.962806
671748.866719
-8956.14434969
20096.8447768
49155.0363368
77867.2660779
-12213.4620385
40107.8172955
11593.1243726
-16565.9871917
-45282.7555803
-73633.7215567
-2675.85810657
-6049.26693707
-9423.27983398
-12757.122315
-1897.0877182
1408139.96208
697987.841314
-3308.60436079
-718493.369908
-4651.62439435
-459.802165332
3788.6971519
-1010.1087429
2502.73359698
6047.40092634
-18859.1402588
-9447.22984526
-152.686990268
9325.92293798
-123.336864259
4121.78907873
8424.31282258
1638.59487611
2543.91438742
3457.43574247
1450561.11936
862511.495639
281794.915436
-310422.047624
-14867.535937
-3054.23645791
8918.78912126
-804.771048179
92.543805833
997.987984487
-2778.33292782
-4015.20658824
-5236.65629801
-6482.29532797
-15.011860037
2220.5461733
4486.33089874
-465.496027264
767.447202972
2011.5604208
1488134.14438
1008232.44661
534315.175828
51012.5521141
-23915.914732
-5352.16397419
13462.5848655
-622.900518573
-2042.19572347
-3474.34919258
11464.667851
796.014010839
-9739.600542
-20483.8600778
80.9331437023
536.588171354
998.404051921
-2329.11939882
-805.995160397
730.927993034
1534191.40085
1186858.12845
843856.140179
494061.416309
-35007.4758355
-8168.97834899
19032.3990037
-399.962450024
-4658.97321099
-8956.56895802
28923.8300961
6693.63926132
-15259.3386475
-37647.0684808
198.543148286
-1527.61841168
-3277.11917967
-4613.56095105
-2734.73096066
-838.879499064
1599641.18637
1440694.6237
1283730.14215
1123657.17069
965623.254542
-12171.819829
26947.3980421
66073.6208766
104734.013648
-16747.0917826
53734.2185495
15074.4751436
-23103.1770081
-62036.8909483
-100474.656101
-4460.96460862
-9352.8627193
-14245.6368078
-19080.1583716
-3069.65856678
1765117.50259
874956.258991
-4104.57594738
-900574.13745
-5768.74040963
-553.767061711
4731.71726886
-1282.60184954
3085.57407453
7493.32397871
-22687.9497507
-11423.4206637
-299.361493881
11044.9960861
-202.239587909
5126.01976891
10526.3218339
1994.87463436
3135.02634065
4285.5073793
1825253.29131
1089107.6763
362141.87812
-379220.590122
-18646.6176372
-3838.98126621
11168.8672481
-1120.25643442
-4.99643482781
1120.36738791
-2743.61016233
-4783.24756934
-6797.45047344
-8851.54220686
-139.91844731
2607.29553827
5391.65425016
-642.501402143
870.257275004
2396.72095919
1878516.41847
1278784.64592
686531.59458
82549.6946536
-30052.7374673
-6748.74241877
16870.3429439
-976.464781026
-2742.35888598
-4524.25130679
14921.3763302
1098.04859992
-12552.9007125
-26474.1904092
-84.719722779
376.425505429
843.805818845
-2978.46303448
-1135.68104028
723.795844236
1943806.70337
1511291.89901
1084170.60185
648590.688895
-44034.4327429
-10315.5464122
23859.2486356
-800.204044611
-6097.835439
-11443.4613197
36575.2307404
8307.37938805
-19607.9687474
-48076.14627
-17.0567701286
-2358.18937354
-4730.97612922
-5841.89987411
-3594.5731687
-1326.88655474
2036587.63454
1841696.94286
1649236.55956
1452964.73334
1259193.07381
-15384.1626135
33790.8514607
82974.6711601
131572.916782
-21276.0229169
67346.4975339
18552.2178764
-29633.5917445
-78773.6624934
-127287.772961
-6244.22104366
-12653.034687
-19062.9959378
-25396.641295
-4241.01417434
-1850173.75779
-914017.347482
10465.0893747
953255.772164
9579.75351662
3780.4532636
-2097.25858086
4342.29879663
-2013.64152397
-8427.16419935
33785.2006883
20016.7813893
6420.05579398
-7445.93635111
3664.71151379
-2507.37021269
-8762.90386088
-289.506842377
-2287.44799379
-4303.48971734
-1950014.69613
-1187905.58352
-435300.055391
332209.906338
33608.6962505
8357.44942797
-17235.216249
5660.97691487
3547.52186287
1414.91972759
4517.51582952
11588.1449128
18570.6024733
25691.3390807
4050.90600334
3033.51281634
2002.36358715
4447.5049962
1594.07903113
-1285.19786676
-2038445.24153
-1430492.30686
-830120.612184
-217859.289107
54891.4741005
12411.3603164
-30643.1216123
6828.94896245
8473.12371977
10132.1940629
-21405.2907597
4122.7811764
29332.5152464
55041.4973204
4392.96397981
7941.15207062
11537.3147554
8643.14405322
5032.00296749
1388.14634375
-2146843.97459
-1727856.67741
-1314094.19793
-892137.657718
80980.0404973
17380.6704377
-47078.6185092
8260.65663367
14510.958254
20817.8851835
-53181.6343207
-5028.30985528
42524.5373554
91019.1106464
4812.26085418
13956.9679307
23225.3194133
13786.185478
9246.23230884
4665.14892437
-2300884.27947
-2150427.09872
-2001846.13557
-1850322.70785
-1700729.42891
24442.3216628
-70434.3246258
-165327.960197
-259091.808503
36002.8146708
-98337.4909601
-18032.4918477
61271.0950892
142145.192741
221989.092998
22505.7588898
39834.5891902
57166.5225133
74292.1048265
9321.94206526
-184252.161454
-90833.2309741
1420.75516355
95501.718861
1189.53544497
626.589159835
56.031350518
666.332750154
39.1318490815
-593.751248956
1295.00724857
1288.7264088
1282.5238918
1276.19854151
784.307621105
97.972017245
-597.643441876
269.208007571
3.6391605065
-264.335637338
-206633.58569
-131857.054601
-58012.9950837
17293.4558744
3935.7931627
1331.10605064
-1308.79870023
1128.22816458
885.424661094
640.421452016
-980.277757287
1060.28338649
3075.39850826
5130.42052471
1134.36189454
1116.11922262
1097.62989388
865.884674127
574.781191344
281.040423882
-226457.13287
-168192.441243
-110654.316731
-210.980317754
6368.19285555
1955.10672535
-2517.64817375
1537.33553164
1634.99829459
1733.54584431
-2995.53019104
857.948138155
4663.37316856
2490.39560906
1444.4099653
2017.90674738
2599.15770555
1394.36972165
1080.64984723
764.087792391
-250756.964897
-212732.59261
-175182.388428
-136888.548299
9349.84409194
2720.01077823
-3999.46365742
2038.82198159
2553.83049049
3073.50477679
-5465.83962597
609.92428536
6609.92275215
12728.743863
1824.46889074
3123.32371321
4439.74018437
2042.19010248
1700.74690928
1356.21037314
-285288.305147
-276026.49192
-266880.174524
-257552.725478
-248344.092148
3806.97969547
-6105.20145001
-16019.1575406
-25815.0797793
4977.656944
-8976.27934929
257.469336651
9376.07216042
18675.2577799
27855.9877123
4694.1794015
7055.30475953
9416.85291735
11750.2848899
2197.64772474
-208.36065485
108.583990922
421.576302085
740.767043829
262.620500807
278.163916931
293.91749358
260.227946486
265.91335824
271.65027762
-2294.36856752
-780.267971119
714.951624235
2239.78221812
466.093077627
385.798939855
304.419155392
330.93240371
256.748543787
181.892606857
-14032.3933442
-15189.388177
-16331.9551569
-17497.1492809
657.659379541
554.866074082
450.682913585
627.469719577
591.327695072
554.858237839
-1587.65017503
-102.789145768
1363.55550306
2858.93931736
812.154736553
904.293884983
997.678834966
470.202777364
462.173581842
454.071644921
-26276.5365834
-28739.0206686
-31170.7973064
1740.99632047
1007.55095785
799.945127558
589.532285589
952.741004314
879.55182198
805.699574034
-961.699598819
497.263528113
1938.03322431
-196040.132723
1118.6664916
1363.53226495
1611.70883687
593.556536887
644.12147269
695.144507206
-41285.4863605
-45348.2475938
-49360.3457476
-53451.8986068
1436.4503119
1100.36461247
759.734741595
1351.46064367
1232.85881625
1113.18250227
-194.405344113
1232.81196707
2642.23172133
4079.56331301
1494.39057843
1926.46963395
2364.3907747
744.76437114
867.15437115
990.653177103
-62613.9939384
-68950.8332244
-75208.6514273
-81590.3980792
-87890.8522164
1527.27651207
1001.6013896
475.832136036
-43.6773994448
1550.13192661
895.960175731
2278.06501189
3642.93484866
5034.83426614
6409.00327058
2726.43326358
3433.99142318
4141.67628315
4840.93556919
1410.58655012
175636.047686
86998.8219479
-533.087831984
-89798.4602147
-622.999168155
-54.7385248981
521.205497292
-127.784356102
482.591454038
1098.49703234
-5723.83298822
-2757.08594063
172.665444824
3160.43697944
162.055408984
660.802795953
1166.29368207
389.90689713
498.581572419
608.240798128
169988.163538
96280.5808509
23492.1398308
-50737.7873941
-2474.42924859
-186.791394498
2131.77731624
149.020719391
310.33313421
473.106976958
-2167.96335578
-1214.04527286
-272.022653408
688.65557388
504.302329608
701.905643672
902.180726682
92.149027522
354.58278888
619.394098358
164985.751864
104501.567308
44771.6271893
3606.009842
-4114.26731984
-303.752507572
3558.28378446
394.190929114
157.761479506
-80.8099292403
981.521175812
152.647890015
-665.8892547
-385725.865904
807.435316446
738.31102308
668.252109049
-171.579371273
227.041009175
629.272735704
158853.76336
114578.905546
70856.1600803
26267.5390236
-6124.39140717
-447.124194565
5306.90461646
694.722153935
-29.2618391644
-759.804846516
4842.17963389
1827.94918645
-1148.69347564
-4184.28491137
1179.01768741
782.936972031
381.500900338
-494.85934399
70.6994727612
641.382033096
150139.884959
128899.333567
107923.654189
86532.5770896
65413.9856511
-650.862907662
7791.78685142
16235.948411
24579.5752389
-1724.69236054
10328.3784954
4208.64050243
-1834.78368434
-7997.89050853
-14082.4899146
846.352794226
-25.9876594095
-898.484320486
-1760.59318674
658.589982022
345822.127152
171093.10212
-1457.03274281
-177424.312355
-1480.12132962
-376.928817749
741.179817922
-503.311182262
692.297272824
1898.73747691
-9042.94395646
-4670.29377717
-352.171026767
4051.46687258
-132.198922585
926.957566235
2000.43477346
446.983706784
732.632887538
1020.86993911
348087.299089
204163.664459
62034.7733908
-82908.8068358
-5505.7333952
-904.583777407
3758.77739148
-314.032728451
38.3804283175
393.986311638
-2729.60319424
-2289.54335288
-1854.97110617
-1411.7926867
206.356010549
506.029859825
809.755560602
-273.739692627
250.454057046
779.396798834
350093.594232
233454.733959
118270.373109
804.926624304
-9071.27551044
-1371.9353131
6431.50667092
-146.386097934
-540.803062531
-938.793291891
2862.21290944
-180.878691376
-3186.02260508
-6250.67972492
506.218951325
133.208177004
-244.846027932
-912.094703533
-176.61862139
565.520588876
352552.923762
269359.915927
187204.334054
103421.761188
-13441.9400388
-1944.81784073
9707.75546508
59.1162233459
-1250.76992228
-2572.52312848
9716.69716557
2403.93605499
-4817.63411986
-12182.218675
873.792878728
-323.799047099
-1537.58345904
-1694.59439432
-700.127065923
303.349750864
356047.760464
320383.06925
285163.12066
249245.68399
213785.773904
-2758.91406421
14363.4774357
31488.934992
48410.4998031
-4894.13921204
19457.2800559
6077.09385246
-7136.23995666
-20611.2477093
-33914.6069577
-973.230365561
-3374.63138745
-5776.46242116
-8149.69766869
-69.2088084172
524043.575975
259157.910341
-2424.6018951
-269187.436412
-2377.71268324
-714.331388915
971.540269549
-896.568581691
911.904393264
2736.76143213
-12518.7674046
-6673.8340996
-901.787756027
4984.56691811
-440.346530539
1205.67888657
2873.96000124
506.755409279
977.734981728
1452.98144648
534595.420502
317140.469169
102397.205007
-116598.787315
-8680.16116583
-1656.26686945
5462.59659663
-798.949336294
-246.412578299
311.129948477
-3317.76096861
-3415.82128718
-3512.65878279
-3611.41402677
-105.657902813
300.905762155
712.966522049
-656.903920966
141.408866571
946.954058416
543941.339939
368496.449845
195239.376835
18551.1590288
-14262.3298218
-2490.55258078
9440.38934348
-712.486576086
-1272.3504674
-1837.28650848
4831.70187474
-530.152796184
-5825.14454936
-11224.9971494
190.78059603
-500.464719466
-1201.0562738
-1687.57361347
-599.33712114
498.758371844
555397.628282
431448.942286
309045.910043
184218.835192
-21104.9881744
-3513.22538822
14316.3933557
-606.499966799
-2529.95175081
-4470.82926216
14821.3660053
3007.1182573
-8659.80452127
-20557.776461
554.156820418
-1482.78982597
-3547.27776549
-2950.97517202
-1507.34833188
-50.6427923409
571677.61698
520907.747334
470770.983549
419641.322371
369162.965446
-4966.49727248
21245.451689
47462.0943471
73366.6061777
-8213.23212266
29017.2045066
8033.76659645
-12688.005534
-33820.1470616
-54683.1013242
-2878.72550363
-6881.38199052
-10884.7552213
-14840.4649807
-831.370762499
702091.197535
347136.825059
-3391.22733439
-360861.059835
-3274.4285763
-1051.40487643
1201.67604044
-1289.44241978
1131.29732116
3573.96802552
-15991.2007285
-8675.42028052
-1450.86841978
5916.75686989
-748.1935885
1484.12835766
3746.63324121
566.468813789
1222.598017
1884.67149639
720921.632294
430007.082603
142720.269358
-150255.908465
-11851.4927766
-2407.21681172
7164.75399154
-1283.39298352
-530.927813698
228.354398793
-3905.34508668
-4541.00071279
-5168.72964329
-5808.88997885
-417.367495203
95.9817310922
616.271886128
-1039.69443228
32.4700326937
1114.34789199
737600.017365
503406.45357
272133.309286
36280.0827478
-19448.3210684
-3608.07881156
12446.3373197
-1278.0349114
-2003.18436172
-2734.90338488
6799.26991033
-879.086238507
-8461.69244126
-16194.462902
-124.350098284
-1133.51956673
-2156.33388552
-2462.29616452
-1021.64332484
432.061270955
758044.489389
593379.876047
430768.648553
264937.104235
-28760.5622001
-5080.10319845
18920.536238
-1271.46695203
-3807.88593671
-6367.2838939
19921.0560357
3609.71214932
-12498.2274839
-28925.1651949
234.832517295
-2640.65018987
-5555.01192818
-4206.13054597
-2313.78227923
-404.290070959
787097.160159
721236.844829
656197.814879
589870.766348
524388.610739
-7171.9273272
28120.7136483
63419.6743733
98298.3717578
-11529.0877751
38567.8047402
9988.53091097
-18234.3562288
-47016.1631901
-75431.3392594
-4782.36212801
-10384.7123046
-15988.0656776
-21524.7064914
-1592.78934631
879954.292272
435024.559285
-4356.85097248
-452439.673606
-4170.21512173
-1388.12902426
1431.57330085
-1681.90908725
1350.46287237
4410.30694614
-19460.0352562
-10674.932037
-1999.38002167
6847.98070908
-1055.72159676
1762.28924644
4618.40205114
626.120331907
1467.20727861
2315.91414692
907054.737412
542756.722177
183001.543278
-183878.147703
-15019.5376502
-3157.38847678
8865.14728709
-1767.33455806
-815.148180275
145.664636883
-4492.32023829
-5665.01401338
-6823.08416806
-8004.08848823
-728.754034804
-108.729918699
519.677463586
-1422.08822324
-76.3558980357
1281.56824023
931057.988822
638176.637881
348947.549614
53990.6323827
-24628.937604
-4724.44684902
15449.1699606
-1842.99711792
-2733.2608269
-3631.58997989
8764.79877755
-1227.65804961
-11095.5078406
-21158.7783487
-439.154194211
-1765.91832211
-3110.62145681
-3236.21580066
-1443.5118545
365.433294293
960481.32926
755142.986164
552365.2348
345571.717649
-36408.2020635
-6645.35711176
23519.9074314
-1935.74477194
-5084.49568406
-8261.7730585
25015.460797
4211.6815189
-16332.6723424
-37283.8820486
-84.1608412262
-3797.31055854
-7560.66529473
-5459.9850891
-3119.38044629
-757.570832978
1002293.44462
921358.323197
841432.471644
759923.786185
679453.381684
-9375.07169566
34988.850153
79360.7161188
123204.298299
-14841.5069071
48108.5068245
11941.2693268
-23774.9587397
-60198.5030959
-96158.0739226
-6684.0258419
-13884.4118012
-21086.0871125
-28202.0205192
-2353.41880331
13998.8246786
13404.1576267
12816.9061383
12218.0248512
7780.95911421
6672.34965035
5548.75082078
5784.53819433
1833.51333647
-2153.30627459
31487.6420735
21123.2371776
10888.0775513
450.223084985
6320.53706197
5273.7831096
4212.87613193
2894.8648425
1363.41200583
-181.915199729
26093.7348966
13242.7718378
552.061702384
-12389.9724528
27856.6029902
8508.35816351
-11101.4917884
7599.63455373
5602.83610352
3587.94743361
12311.6225174
16170.4125672
19981.0830804
23867.2192706
6324.46381667
9396.17964968
12509.4277567
6820.54900455
3895.9946684
944.945003954
36806.3696611
13099.830139
-10311.0862266
-34185.6272077
45637.8875661
10134.5371323
-25848.8495279
9207.2913292
8941.37912577
8673.05786088
-4672.85194655
11783.625055
28034.8879776
44607.9873207
6327.94179941
13047.4451566
19857.8020528
10297.5835481
6139.13931239
1943.02118436
49937.9864692
12924.6112825
-23627.2030427
-60902.8814234
67434.3009172
12127.9178037
-43926.2557892
11177.9673765
13033.7867014
14906.4190298
-25492.5303217
6406.27262083
37907.2939806
70032.1546079
6332.20513308
17523.1899715
28865.486674
14559.754924
8888.80048889
3166.4694055
68598.7050912
12675.6160654
-42550.1058867
-98869.5058353
-154471.493153
14960.6166526
-69615.201529
-154206.164454
-237790.001958
23764.3533224
-55078.3890654
-1235.22820673
51936.5025112
106161.234437
159695.236213
23883.4589191
41665.8806093
59451.4865454
77025.3401238
4905.05371975
2578.92501104
2230.62059293
2183.55754027
1832.7088979
1463.78235709
1244.72616835
1137.76513843
984.862104099
479.993151251
37.1915819844
2687.3267785
2176.75096809
1986.81320521
1574.98852915
1298.75696266
1078.52758545
880.385544631
675.266450711
409.046144621
37.3593554415
3371.41568414
2968.84778937
2571.29996055
2656.84872605
3906.86269254
1805.83770217
-323.594976357
1489.07224665
1192.23422275
892.70696145
990.811018901
2308.40251716
3609.56350445
2308.47695693
1661.28991755
1938.97646624
2220.41757897
1315.19628321
894.447570638
469.887037872
4339.62340221
3622.70616336
2914.72896137
3386.80114527
6070.73384679
2302.82220356
-1516.03488748
1935.6583729
1823.07631464
2074.19375659
-229.947870857
2425.00817491
5046.85662664
2958.13813582
1982.39053473
2701.08833207
3429.50354973
1881.99127772
1324.37454797
89.841867798
3926.40156506
4424.20997664
3335.70644624
4281.58153012
8723.22106814
2912.02901171
3106.29849721
2483.08652767
2596.36662084
3247.01319045
3364.14123491
2567.94414247
6808.69980867
3754.49700026
2375.99774289
3635.28997407
2296.33390762
2576.77223872
1851.3818105
120.059071882
7213.0140494
5563.18907972
3933.93760896
2272.42080201
632.068871555
3777.74394961
-5054.88881728
-13889.1032178
-22618.1389847
4133.4290083
-3852.8452211
2771.06367532
9312.37169893
15983.2223415
22569.0977798
4962.83967585
7017.75868876
9073.04566997
11103.8627587
1627.74947806
1254.02500385
996.216627828
1008.83125332
939.675779728
765.888036455
645.105839797
550.981916807
454.614682973
330.462104955
37.3800934958
1220.0457344
83.6252522843
1003.44008262
880.20419289
743.972452818
615.053929973
530.297146896
430.054836207
303.611938812
36.2345898173
861.152295967
1833.82916955
2794.3766555
1577.93317774
1260.99914035
1065.3722785
867.100371054
814.00379535
704.970034722
594.9484705
-259.863191042
776.987700316
1800.90894697
1964.97409701
1146.12266713
1115.13696488
1083.73230894
706.98876504
562.849650684
417.404691842
752.837929095
2575.71456365
4375.859726
2143.24687313
1699.52611808
1437.60826706
1172.14905852
1132.31986631
1036.67705823
46.7703828745
260.884923723
1391.10872571
2507.23851253
2925.7702978
1502.31285696
1558.06765295
1614.57630235
952.273102007
792.460195485
45.9655695243
3465.77178087
3485.1224661
6314.45187693
2836.21204812
2237.07531659
1893.89754336
1741.5635804
1522.51375975
1443.28566769
52.1769131228
2217.57294078
2143.90224072
3373.06185096
4103.52047942
1938.93308964
2101.01494799
1530.2173443
1252.94422474
1073.91828266
51.5682548102
431.388840314
4777.43895905
9069.29335457
13446.1426863
17767.238459
2542.30862021
2077.45484069
1612.51782117
1153.11626164
1964.68953584
1806.33094174
3213.66144625
4603.44238452
6020.74623745
7419.99606837
2872.57163042
3189.98428277
3507.45377327
3821.14352675
1265.68710349
-253.705911691
-183.193023321
-113.559438428
-42.5468454036
99.0858221808
72.1993824997
44.949414732
-52.0095208151
187.592862686
429.365950876
482.685297639
741.948634941
775.59504241
590.021818067
528.408791544
472.320575801
406.386682799
334.150874519
245.767377241
35.4238874721
-1537.27556933
749.377116344
3007.51499141
547.084730703
-1266.987724
357.895559597
2004.7486807
169.010528028
239.414104683
310.455510443
-1454.81822631
-686.200579989
72.8323197024
1636.77473956
653.906792696
328.000592704
-2.31214302274
125.877688671
246.024852521
367.260503089
-2674.15155181
1575.36781148
5771.8952007
955.094573111
-2476.93857919
610.940745026
3740.5708877
364.771142718
285.312919023
-1890.32862322
729.850474218
403.270851591
80.7637127941
2894.84448938
1043.62326872
465.97004265
-119.493558256
63.9750891354
284.243324316
4.04401782522
-4067.74146582
2587.87253454
9160.49029595
15863.2707274
-3960.10414362
921.125165874
5868.35294789
604.735767177
341.575981762
76.0320707316
2052.27189412
1657.92876901
1425.35366879
1344.84051262
1115.23883282
975.307174864
818.597144516
657.834504558
444.545903992
47.317352959
-6048.10608047
4026.69503574
13975.8622734
24122.060621
34139.013791
1361.9135534
8892.04324395
16423.5213327
23865.3309418
-107.429751651
7213.38339191
3636.5409066
104.302040679
-3497.88850337
-7054.1933136
875.42776507
-467.257758304
-1810.18371243
-3137.12102168
919.755082079
-1451.04551242
-1324.65158039
-1199.83379461
-1072.54414497
-546.260001991
-482.272066369
-417.418958116
-542.331549357
49.320872991
646.333436871
-6896.05308468
-3851.77115518
-845.451756323
2220.40412772
-299.107258286
-256.3474125
-213.009416348
-30.9804945903
105.379509851
242.974883059
-3858.52672044
-300.179392425
3213.79495286
6797.35926973
-3713.62891917
-326.815943254
3105.78969449
-455.228118416
-211.161146774
35.1169769929
-2611.32194746
-2102.30632538
-1599.63818411
-1087.01531403
177.529461668
-433.807271704
-1053.40981027
-436.534370688
-60.6051437676
318.729856182
-5990.86721898
607.210259773
7123.00898633
-194.825311501
-6519.01281723
-189.12623421
6226.34592966
-378.079365297
-441.873792852
-506.246173185
1183.72563122
-552.780333269
-2267.6318773
2864.91381294
599.693413628
-590.986004143
-1797.76444489
-795.739232375
-207.620122687
385.827118091
-8604.70395912
1719.49434956
11914.9487693
22312.3117159
-9957.87049874
-20.3453005417
10051.5438953
-283.50992599
-724.682842883
-1169.85261534
839.954944947
1069.27113691
982.732554368
805.056945395
745.187945049
723.741769039
595.12135732
476.029819391
339.226206568
44.6063376964
-12319.1035372
3300.10858243
18724.5474082
34454.4484128
49983.9774377
219.501289407
15487.3515308
30757.9357412
45846.7110089
-2112.87229629
12446.4474776
4045.81293363
-4250.0647732
-12710.2322093
-21062.631612
-1057.45191977
-4006.81690893
-6956.71003221
-9871.48223656
584.954476013
-2704.91773888
-2520.00432869
-2337.39680907
-2151.17297047
-1222.07595672
-1062.92299421
-901.618145013
-1055.80422932
-95.4796560085
873.545085572
-10011.1763002
-5878.67940212
-1797.71519513
2364.0675254
-836.340779322
-705.15876073
-572.203046968
-268.434671342
3.28078751934
277.45788308
-6289.37620314
-1399.29091906
3429.81446343
8354.55438202
-6275.78876161
-1043.85623495
4258.81657722
-1108.94031585
-683.010397725
-253.221719697
-3822.43022023
-3585.27378324
-3351.07471311
-3112.23761633
-321.340119136
-1231.5840449
-2154.13526149
-1025.50082652
-381.712735895
267.907825195
-9464.18227147
-406.65904196
8537.91587621
17659.6271799
-10751.9343888
-1026.9685339
8829.4873312
-1156.00370677
-1203.39476896
-1251.21517579
1659.03059341
-1553.97166366
-4726.90742902
-7962.67931329
134.803322744
-1697.84643945
-3555.27522293
-1696.04513538
-722.706999491
259.449202498
-13355.8800327
810.115517065
14799.4595435
29065.8454483
-16238.822577
-1006.26748098
14432.2450296
-1213.694315
-1841.28528854
-2474.56199294
99.1539322501
943.183348367
685.774880561
586.554382215
540.078947516
490.300465794
421.182940676
311.664615474
252.402984381
41.6323290135
-18886.1873775
2539.21620621
23697.4426496
45274.681935
66577.0641727
-976.85019527
22394.0586011
45769.1523574
68865.9462775
-4213.00220679
17926.5917178
4474.40882026
-8810.02387626
-22357.538543
-35732.4810916
-3081.5929007
-7713.49704397
-12346.2306087
-16923.8076463
234.346193202
-3957.5670083
-3714.19119657
-3473.850308
-3228.74976156
-1897.23275825
-1643.00758752
-1385.34507102
-1568.77609667
-240.138954647
1100.5351247
-13123.2611982
-7903.61071578
-2749.04984929
2507.59080181
-1373.05031274
-1153.5323634
-931.04634015
-505.657248531
-98.7183534123
311.907250305
-8717.8547708
-2497.3304336
3645.62328061
9910.23069302
-8835.44961622
-1760.19716554
5410.71886183
-1762.01491886
-1154.39943323
-541.279186902
-5032.35724554
-5066.79483734
-5100.80298858
-5135.48462973
-819.72313037
-2028.58271112
-3253.78712649
-1613.8928373
-702.507137584
217.135363184
-12934.1096462
-1419.53947211
9951.44274481
21547.6133814
-14980.7274047
-1863.99364892
11430.0897738
-1933.16930423
-1964.17299997
-1995.45757718
2133.87196964
-2554.18648785
-7183.78434051
-11905.0657262
-329.633340269
-2803.62730481
-5311.07182296
-2595.47293022
-1237.29148928
133.194548877
-18102.422074
-98.3763580311
17681.1569267
35812.7921606
-22513.6485648
-1991.22804791
18808.6734723
-2142.97145403
-2956.79866243
-3777.99882978
373.313427605
1014.76180318
831.307169107
771.086582804
792.304120992
728.668221708
591.319151536
297.613608412
190.556118586
37.4956761192
-25446.8660504
1779.06596198
28665.4876063
56084.3620049
83153.9669362
-2172.03482542
29294.0292544
60765.7278699
91862.7298677
-6311.08376768
23401.3909308
4902.58667835
-13365.5354495
-31995.435432
-50388.0224181
-5103.75964739
-11416.5618899
-17730.4945474
-23969.2546112
-115.92012584
-5208.91804421
-4907.14042081
-4609.12599758
-4305.20976255
-2571.68983384
-2222.4909868
-1868.57066716
-2081.21632496
-384.648329795
1327.28991356
-16232.1207616
-9926.44341033
-3699.39854946
2650.96533209
-1909.20360562
-1601.44127603
-1289.51773163
-742.633970548
-200.611783427
346.32091454
-11143.8164869
-3594.23195067
3861.20843564
11464.2947162
-11392.4576632
-2475.79568735
6561.42732612
-2414.4126817
-1625.29992572
-829.03811415
-6241.03031424
-6546.78045743
-6848.71786268
-7156.63476961
-1317.5896223
-2824.75537567
-4352.29932299
-2201.67504434
-1022.96907108
166.415521258
-16400.4408219
-2431.37016284
11363.5046479
25431.5701117
-19205.1377407
-2700.15127927
14027.9969773
-2709.52945482
-2724.16276783
-2738.92865298
2608.22122489
-3553.36469913
-9638.11496868
-15843.3662882
-793.588665644
-3908.26214964
-7065.04873247
-3493.96856684
-1751.34266871
7.07074435071
-22844.0448453
-1005.92668099
20559.8677468
42552.746403
-28781.971384
-2975.16781129
23180.5662271
-3071.28549928
-4071.15592912
-5080.08479735
332.472228038
329.669275602
475.617946178
423.767455388
379.763171066
344.047510032
288.463162103
210.07157548
142.672736383
37.3986549672
-32000.7452998
1019.70353007
33628.3837295
66882.8390274
99713.6895589
-3365.98077785
36186.8488453
75746.7610775
114835.679815
-8406.99089725
28870.5161152
5330.32077708
-17916.3257348
-41623.3436984
-65028.3748841
-7123.83064014
-15115.7889155
-23109.1782873
-31007.3997434
-465.823432277
1878171.40714
940825.662735
15168.722902
-928819.722462
5982.16471181
9564.2460371
13194.7602224
7226.77759203
5680.66819691
4120.55165017
29190.0834586
22229.6929659
15356.0993086
8346.38252108
8976.36261015
13054.9364319
17188.6561247
6079.23652738
5014.27200544
3939.65931788
2002202.16593
1214391.12719
436404.178796
-356989.851244
22104.5097299
8659.26689904
-4967.76732765
9538.2921926
7658.15034418
5760.97513964
20105.7292053
20752.6802216
21391.5636875
22043.0994604
8598.02163
15758.846483
23016.4919262
9193.59301291
6197.91030566
3175.08787467
2112057.98085
1456691.96714
809498.439731
149488.034692
36384.3010317
7857.71394819
-21054.5774434
11585.633696
9409.63453176
7213.92165889
12059.5868666
19444.4689337
26737.2607088
34174.477321
8262.91961901
18153.7382426
28178.2893503
11952.0230429
7246.27565728
2497.89602497
2246719.94753
1753705.89997
1266839.79184
770331.894872
53888.5613371
6875.16516973
-40773.8930692
14095.2781194
11556.6151488
8994.95287603
2196.5736773
17840.8550969
33290.0506058
49045.1985694
7852.14941199
21089.4120124
34505.6539347
15333.3243701
8531.36866895
1667.78988663
2438081.68965
2175778.33085
1916745.92379
1652583.69618
1391786.4426
5478.91164243
-68796.0784322
-143084.368711
-216488.195414
11525.8919741
-11819.2871707
15562.0354342
42601.9099332
70177.2761329
97401.379428
25261.1589484
43497.1720283
61736.4505775
79758.575421
488.165374244
188808.71733
95294.47216
2946.35991699
-91230.5939384
1738.02926921
1862.86317687
1989.3849477
1303.39145804
920.854453421
534.851811864
3171.86867791
2346.45143231
2134.8280786
1694.78499734
1449.04144066
1328.55159843
1122.90312834
1028.25116993
597.626534197
38.181458826
213376.417058
137794.75018
63155.5950048
4769.6265964
3877.93222238
2280.56935371
661.608747517
1849.91632872
1499.0437844
1144.99247088
2961.89979509
3556.52164783
4143.72850064
2774.49073476
2188.21794055
2761.83370985
3343.20526406
1764.5078923
1214.11394993
658.733651862
235136.379675
175437.853569
116483.774654
6984.5826083
5773.27483804
2650.53768176
-514.421601217
2333.98121417
2011.1543347
1963.63891657
2535.63444933
3992.06821166
5430.34008471
3425.88066257
2520.37110416
3384.26991677
4259.84939391
2369.61283379
1568.09924871
773.482677126
261809.882237
221581.012563
181853.801321
141339.841164
8096.59804433
3104.04724519
-1956.00718999
2927.35107376
2638.90275119
2347.84119867
5592.49129476
7556.11582587
3936.80923068
6735.88412562
3299.48419648
464369.27204
2008.32081778
2072.09776516
2322.61955101
59.1897705377
299714.333246
287152.87008
274748.049742
262097.567082
249608.229891
3748.50820374
-4004.57618456
-11759.0488949
-19421.1981901
3289.20107259
1270.58890708
5284.65801399
9248.67123744
13291.186903
17282.2078473
5231.49995021
6980.21261798
8729.23842258
10457.4406275
1057.85123138
2186.60578571
1595.42016474
1321.20060737
1217.67505756
1109.03744286
917.245144289
751.748082472
597.785402747
395.687597635
38.2079211162
1718.41384303
1369.78155037
1369.05749211
1407.8226598
1193.25860037
885.402730276
696.648154751
503.974773226
337.266967003
36.9980346002
15754.6979362
18857.0465161
21920.7084679
2076.4376789
1864.33890115
1575.87848291
1283.51782852
1000.53787112
818.612374371
635.038703161
1067.92379294
1656.7645464
2238.26239087
107655.346635
1480.09059771
1325.98004478
1169.78578292
943.774752716
663.525719526
380.737738763
27782.2124416
33890.449796
39922.5167584
2545.49742579
2391.50127831
2075.27140656
1754.76583146
1311.89872831
1193.80229448
47.079542335
1483.46944626
2284.95392332
3076.44380074
201891.673318
1885.95922231
1752.60304094
1617.44376782
1310.98966713
940.798918279
45.8857393304
42525.6173192
52318.4925261
61989.2495015
71851.5240115
3037.70032128
2687.43047426
2332.42467376
1693.56687583
1653.71251913
1613.4970974
427384.409513
465437.03997
464174.41744
7680.87167149
2706.95956415
2739.22990734
1683.99931394
1669.66311178
1286.64564426
49.4068862818
63476.771619
78505.7111425
93347.2381364
108482.683452
123425.329134
3557.34072835
3153.30829178
2749.2035063
2349.90992273
2379.24714507
2716.70170774
4149.25788062
5563.94992038
7006.65820875
8430.98886616
3018.70999727
2945.97714236
2873.23126339
2801.35148431
1120.78765687
1411.47971677
1051.96119187
950.898899395
953.197033059
746.537187505
668.974793849
512.415292233
440.257455515
309.221071141
37.695915954
899.927541249
825.151318907
957.287484997
749.675061142
620.60877535
563.402576942
461.71834462
386.715682545
277.268163979
36.4978988163
-173062.714676
-94781.8266182
-17477.109848
-496.766143734
-59.5461994145
902.582513691
1877.72004515
189.000336666
168.495075155
147.804043927
-741.673096835
-158.355887115
417.687292813
207863.62299
803.511255784
-45.9044582637
-906.805012728
159.606349819
137.466916162
115.126907821
-170334.054967
-101350.831685
-33227.8367879
-1695.82069578
-839.609838553
1525.63399762
3922.85799093
335.351356323
412.86435854
-1784.09460071
478.179772624
653.893813167
827.416680289
391515.554883
1279.81122099
193.62906222
-907.239225562
299.529549544
341.445639457
-649.295801594
1992.65335903
2157.81749071
2199.43736187
1928.05097614
1695.54668382
1380.77946333
1201.4103238
945.7659971
719.043816714
49.8378826072
1752.88641986
1789.15879419
2428.5168491
2283.99710649
1686.55386329
1503.39221365
1155.0984268
897.29197464
552.92709169
48.4100340152
-162236.09712
-120845.943496
-79971.9296418
-38288.4558476
2864.04193088
3374.69001445
9992.29963647
16611.0942544
23151.0866448
1509.83285724
4098.38828844
3064.44131078
2043.3877657
1002.1135018
-25.8967126028
904.502735914
-908.527857198
-2721.88310437
-4513.64885661
1180.92018214
-348724.218177
-173742.405281
-942.634846397
175279.224065
387.601325639
-587.61531499
-1576.01773415
-581.351916452
-593.655526842
-606.070603171
-4749.16221289
-3033.24853319
-1338.73248588
389.341382859
-466.015593987
-1439.65239123
-2426.45360616
-508.944695964
-521.873867835
-534.92017299
-355804.352529
-204764.023244
-55607.1834851
96503.5253753
-1921.52444313
250.951890899
2452.8019975
-596.423508381
-460.702721866
-323.752357652
-2493.04070068
-1915.06929787
-1344.30526205
-762.23794137
148.702912788
-1373.64440323
-2916.57518115
-599.32904875
-371.664344581
-141.93708647
-362075.32867
-232240.31344
-104024.355136
-5800.66150185
-3966.75012403
993.682844685
6021.18518839
-609.772632661
-342.944523174
-73.6990544785
-494.761647003
-924.681975162
-1349.24114952
575037.711095
693.167875931
-1315.18018529
-3350.68286186
-679.383761217
-238.621623985
206.133647305
1667.28861483
2355.12811553
2403.52692366
3117.77500606
2954.69996178
1630.60996341
1421.11619465
1163.45261786
495.894208638
48.7212282652
2642.24453709
2233.19345032
1848.69033288
1898.12778343
1727.78969174
1625.61066438
1341.33542384
1277.70338383
451.880051702
44.5441623678
-380685.967538
-313782.852085
-247714.025844
-180336.787164
-113817.819029
3197.91664302
16611.2256259
30026.9364905
43282.9222146
668.394619457
5435.61489939
2014.53201481
-1363.88958975
-4809.21670937
-8210.65626637
-1141.67347397
-4639.00243041
-8136.95764326
-11593.2668044
1239.11776044
-529453.411453
-264197.918999
-2250.19172303
264885.090471
-66.4392301976
-1411.51459951
-2774.77655958
-1215.03987695
-1102.86370528
-989.671260989
-7503.58519566
-5083.52470464
-2693.64263424
-256.431867319
-1232.33502811
-2615.99640803
-4018.36609517
-1043.62475196
-971.17340669
-898.065680322
-547174.172908
-319939.051007
-95537.5760802
133307.896079
-3871.41635738
-431.445600457
3055.03655781
-1418.9312954
-1119.60821715
-817.573387872
-4327.09947186
-3754.72627929
-3189.49064342
-2613.06120589
-537.022335458
-2764.07385196
-5021.23704504
-1394.09773206
-904.834338362
-411.138408025
-562869.704482
-369309.767928
-178163.545082
16768.0953311
-7241.53895575
436.615512993
8218.58531892
-1599.52083746
-1134.43907052
-665.143843111
-1513.64068793
-2577.79053113
-3628.67030869
-4700.3614772
78.8260494581
-2895.22815944
-5909.49417206
-1704.5166573
-846.076877843
20.140033152
1191.80276516
1189.31042259
1156.14618949
1203.67306233
1167.2559811
1270.13104387
1346.38236407
1207.66455904
516.879783129
42.4920438607
1326.14040968
1420.26748301
1137.70319755
999.079525419
1119.61471633
1142.76371435
1099.42591831
463.144995999
308.850459501
41.9125799213
-609449.991735
-515829.314922
-423376.09825
-329091.958501
-236008.8371
3012.79688194
23542.6655132
44076.2103677
64365.2863773
-212.772290918
6835.9789289
915.051044061
-4932.04221853
-10894.9300243
-16781.8608591
-3284.46029776
-8545.61209742
-13807.7059961
-19007.150312
1300.0631489
-710006.331552
-354565.207452
-3556.4732816
354403.560312
-520.036940195
-2234.61029862
-3972.36618249
-1848.10977356
-1611.57523046
-1372.89777612
-10255.3216678
-7131.80115104
-4047.2312788
-901.575266281
-1997.90703698
-3791.19308446
-5608.72592151
-1577.78331085
-1420.03472383
-1260.85699578
-738357.341835
-435001.74347
-135429.022797
170076.369851
-5819.4064558
-1113.17751935
3656.68373212
-2240.6368542
-1777.87105276
-1310.9127726
-6159.36940439
-5592.58896188
-5032.87633386
-4462.07928061
-1222.07876554
-4153.14715333
-7123.84613911
-2188.09124232
-1437.48430786
-680.077165623
-763468.236658
-506245.532515
-252230.423797
6815.14401498
-10513.1337411
-119.908486289
10413.8422279
-2588.30369705
-1925.16163823
-1256.01176948
-2531.52597106
-4229.2867372
-5905.87623977
-7615.66855044
-534.916582255
-4473.7350429
-8465.8097604
-2728.64969592
-1452.93965372
-165.672173201
168.71098663
1565.50902615
1227.22908537
1183.28746848
1328.33474622
1297.61839356
1302.06616308
1324.50556572
244.853795451
40.3984946228
139.751065526
1970.07218318
1333.4029803
1469.37024627
1491.42931758
1446.12552038
1274.19815725
608.946813564
254.700542131
38.2924595762
-837990.89226
-717678.712905
-598866.839666
-477702.042338
-358080.676867
2827.85767635
30467.3448606
58111.7813665
85427.0879777
-1093.07976023
8234.97712143
-183.357554261
-8496.71467021
-16974.7076738
-25344.7055768
-5425.15716677
-12448.4114752
-19472.9234172
-26413.802731
1360.94909463
-890372.128361
-444838.840127
-4861.40102268
443829.254081
-973.16454594
-3056.85294935
-5168.71463516
-2480.52356268
-2119.75953196
-1755.72711901
-13004.2062671
-9177.95478367
-5399.41707726
-1546.0500449
-2762.68561448
-4965.1717985
-7197.4375144
-2111.388273
-1868.43084547
-1623.27231784
-929342.370386
-549945.186078
-175279.126407
206806.737136
-7765.37767623
-1794.20289792
4257.70736515
-3061.49080535
-2435.45167117
-1803.74086518
-7989.74039019
-7428.54690147
-6874.3515573
-6309.18105098
-1906.42520979
-5540.78083265
-9224.27610956
-2981.26186543
-1969.58224412
-948.737197709
-963858.870466
-643039.378207
-326220.540318
-3127.49215921
-13781.3378774
-675.855709512
12606.823994
-3576.06179171
-2715.06470875
-1846.26732608
-3548.35632778
-5879.07134866
-8180.72209677
-10527.9542278
-1148.02313708
-6050.60597718
-11019.4760081
-3751.72133302
-2059.17348292
-351.291805592
138.304757839
1459.262297
1385.97242656
1588.16750282
1589.69393121
1705.32333287
1445.00450273
1234.90868998
240.214833711
37.6410738713
161.807139044
1379.0195821
1092.58560142
1081.66247414
1163.08013686
1002.48300894
-13220.0436257
273.071246804
182.16558094
38.7675322234
-1066294.93522
-919318.916136
-774175.704185
-626158.108131
-480026.002566
2643.11013996
37384.8475377
72132.8060362
106467.061332
-1972.47488744
9632.52540584
-1280.6277726
-12057.69273
-23048.1843009
-33898.6758456
-7563.63543838
-16347.1660297
-25132.269462
-33812.7789675
1421.77193876
3742343.98961
1868247.16784
17520.5396656
-1869857.46978
4183.3703094
12456.1424239
20840.7696241
8669.01698973
9527.82305734
10394.4095749
26892.5248437
23336.1487543
19824.1210659
16242.5419572
11632.1881583
20836.0897542
30164.4361175
9263.60821226
8665.13200506
8061.23383549
3978310.59696
2415539.48254
872256.295889
-701589.730035
16352.4164696
8810.17563458
1165.95713304
11476.9498315
9713.46458483
7934.00284566
27899.8358932
25334.947876
22802.0442946
20218.9796502
10871.5794433
22121.5133164
33523.5560957
11566.6370213
8499.82594293
5405.23074539
4187309.59204
2900284.10414
1629307.96569
333161.696592
27130.7144973
5580.89076408
-16260.305359
13963.9760627
9877.88993775
5754.78545689
28792.0256798
27105.3128123
25439.6334399
23740.9673212
10197.8974386
23260.0313286
36498.7766477
13606.4625378
8353.41200218
3052.77086558
4443501.90859
3494487.18867
2557306.78673
1601566.67117
40342.821757
1622.41253572
-37621.5303493
17012.5888623
10079.4435962
3083.48672227
29885.6776763
29275.4375731
28672.807231
28058.2425309
9372.09369089
24655.6340532
40145.8211954
16106.8938161
8173.936849
169.110367753
4807564.67421
4338881.04563
3876041.95348
3404036.89819
2938044.37836
-4002.79336774
-67976.9553354
-131962.572968
-195186.388869
-712.569374306
31439.814724
32359.2990751
33267.3173552
34193.3178287
35107.5226432
26638.8589777
45328.4634474
64021.4146096
82491.8107182
-3928.72297126
135003.094582
188358.323727
3709.16229371
2705.03071967
2012.27618133
2481.00018538
1742.99471394
1621.92081199
1361.71575559
38.3719375376
3486.75540301
3952.80008667
3395.39183204
2503.11245819
2327.65564577
3039.63872186
1877.29217031
1487.38333699
1219.86011285
38.7464933939
423381.418433
272620.652571
123739.890049
6882.40446676
3849.00175221
2755.30100524
1646.81247139
2210.76041079
1805.85334605
1397.27798032
4932.98857128
4804.6407785
4677.89349683
3240.50451258
2715.14596356
3584.69095347
4465.99294915
2213.81950139
1533.78032923
847.580265852
465933.135947
347253.000976
230052.820346
10582.3640713
5475.81582928
2998.25315997
487.19168505
2732.30405543
2199.23235475
1853.08407655
5301.21676952
5559.12824841
5813.82354279
3893.62318933
3058.35167359
4067.45150147
5090.19523809
2857.23438985
1811.82394945
1457.12348645
407360.146092
438737.815149
360371.896195
15117.7984253
7469.97502053
3296.06547867
2724.83657509
3371.61561984
2681.43888154
2897.9183384
22622.4074249
6483.98385669
7206.2539217
4694.22027696
3479.05544719
4659.22249579
3277.96024068
3645.9365112
2152.65161294
2273.76478549
592215.652442
568742.55108
545562.161875
521922.713363
498584.39091
3719.27245788
-2954.26355183
-9628.99457201
-16224.2573955
2444.97313688
6394.02303527
7798.25235266
9184.97077595
10599.1514645
11995.3179149
5500.16022456
6942.6665472
8385.4311752
9811.0184963
487.952984704
3591.03011373
2771.48190164
2183.34115579
2154.03240767
1772.42310775
1378.98968553
1047.32263364
843.388155947
459.559598385
38.8216994111
3449.60233169
1811.41169909
1580.41699939
1638.78366146
1299.7312032
1073.56391021
859.806176817
628.299701201
397.338728863
36.9368121899
30648.2435764
35880.2638627
41047.0402804
2574.94218005
2467.67866196
2086.38468733
1699.93528599
1187.0719469
932.254714021
675.128935821
2395.71077692
2536.54139248
2675.61583477
213345.719172
1814.05852829
1536.82312468
1255.8392569
1180.56074039
764.201788369
344.070785684
54811.5869541
65205.1850283
75469.1737907
2947.74797845
3083.47643854
2712.93454606
2337.38260439
1491.47759031
1350.92753073
47.3887017956
2706.05396881
3178.79912092
3645.64908896
400857.576339
2269.60558766
1947.13842893
1620.31123329
1669.70623225
1089.13764107
45.8059091365
5402.7702099
101151.862586
117664.047126
3404.73573132
3838.32532597
3480.96340515
2110.12901682
1864.61999191
1864.13937056
52.32121832
4243.34105947
3966.08278803
4834.72211023
630710.820608
2828.01811205
2450.10557607
2179.38677804
2269.30393194
1487.44610568
50.9123588936
126522.154398
152233.983326
177625.182918
203519.224218
229083.41981
4572.37283649
4229.16174286
3885.88919143
3546.70358382
2793.8047543
3627.07247374
5084.85431498
6524.45745624
7992.57018006
9441.98166395
3164.84836411
2701.97000194
2239.0087535
1781.55944187
975.888210243
2894.43867219
1812.69169506
1573.7779284
1335.74742673
1214.4860658
937.867104239
739.636003634
544.490008201
347.129141096
38.6558366573
1680.8721871
1407.77513527
1329.95487335
1119.26962933
907.081911986
725.352176923
585.168639509
441.19868533
311.200767134
36.6144062655
-344588.153784
-190313.030353
-37961.7346874
-1540.61701817
1147.89532517
1447.26946779
1750.6914096
208.990145303
97.576045628
-14.8474225888
-28.5279673638
369.488805759
762.542265924
414090.47124
953.115718872
-419.809509231
-1811.29788243
193.335010968
28.908979803
-137.006687448
-337993.958383
-204277.031181
-72227.5687765
-4346.73596466
797.718902088
2440.32725022
4105.14509417
305.931569927
540.415798057
-1677.8605782
226.50907103
904.516774743
1574.06964778
780136.265276
1515.99917327
-78.7119182098
-1694.98489287
535.084009953
398.647954599
-1302.63562101
3487.36867579
3702.32294759
3835.43647893
3873.75001368
2759.9628945
2269.57296336
1797.7141083
1301.64046261
901.122223633
49.6634710152
1615.04194277
1643.81455885
2067.77932214
2189.18036603
2915.45280228
1939.99777351
1516.97364229
1027.07375401
725.379696706
49.091759212
-318424.08816
-245718.582028
-173919.721557
-100698.972316
-28410.9299292
5387.46647551
11092.556029
16798.6671761
22436.8423477
3127.09546613
983.393184975
2492.34171495
3982.47349072
5502.11550696
7002.39988839
933.577706757
-1349.79795609
-3633.58249631
-5890.17669154
1442.08528219
-695997.390842
-346160.158982
-685.43589819
351630.992276
1321.46265327
-692.95856361
-2734.61651019
-620.372283546
-1236.63192667
-1858.47464321
-2602.27134111
-2214.7259112
-1832.01321544
-1441.721362
-632.923929688
-2622.95736997
-4639.89779597
-986.908897338
-1149.12724552
-1312.81522904
-707750.178338
-409227.867096
-114428.161923
186209.691481
-129.419967086
828.719725051
1799.8143005
-737.618898345
-710.244296958
-682.621692298
-2374.7594539
-1727.83227036
-1088.97233999
-437.460568706
119.876363907
-2313.48153476
-4779.74055203
-762.123726811
-682.723545395
-602.604029122
-718159.790121
-465087.837139
-215171.719259
-11406.4976922
-1414.48743083
2176.49192358
5816.02444712
-841.465900024
-244.015253496
358.848064228
-2173.24892523
-1296.58361706
-430.850421745
1147210.50838
786.642338233
-2039.37436644
-4903.60127882
-563.028290059
-269.623125282
26.4401765193
-730919.959402
-533561.348806
-338663.8218
-139906.587229
-2989.73141864
3828.59977984
10739.1207559
-968.762224663
327.49131591
1635.48841094
2485.13031645
2512.72323611
2156.42448406
2172.14031266
1766.65033244
1479.52613913
1378.77340008
1228.35878845
471.393418911
46.7848221611
-749052.831539
-630865.812753
-514152.599096
-395128.022741
-277619.615495
6176.33199663
17735.0997209
29295.9372398
40719.1334204
3449.66153521
-1575.21767884
-16.7489040113
1522.2855937
3091.79879059
4641.3190793
-1225.89502818
-5271.18795189
-9317.20525431
-13315.0513723
1893.28104487
-1056201.90517
-525875.833668
-2162.986637
531921.353913
1089.19749632
-1760.10620481
-4647.93497414
-1374.27552458
-2110.24775455
-2852.88760755
-4995.99409116
-4288.37000716
-3589.57007335
-2876.93126003
-1628.32927689
-4526.83405532
-7464.52914338
-1818.81483258
-1945.6276009
-2073.58924372
-1088058.96961
-638478.811095
-194504.966624
258261.237775
-1467.04395316
180.96503404
1851.2565384
-1728.92227496
-1556.20603658
-1381.92505605
-4831.76872349
-3924.17877535
-3027.90657373
-2113.88479545
-752.704551781
-4296.56365901
-7888.33882858
-1762.69463761
-1427.95594083
-1090.18464125
-1116275.22669
-738212.876815
-364865.006041
15876.5634822
-3731.1435227
1900.19955988
7607.68330665
-2043.03796815
-1065.48337208
-79.0725104292
-4686.31196926
-3601.6093986
-2530.43318836
-1438.0436411
22.8487761721
-4092.60987942
-8263.71312119
-1712.98817921
-969.446756194
-219.169136194
-1150862.89666
-860467.538021
-573693.441455
-281240.134038
-6506.49138214
4007.64833349
14663.9483774
-2428.08301141
-463.952363997
1517.97254549
1496.31662176
1427.57760595
1618.13109906
1364.51660846
1276.27762813
1183.94203257
1345.63662114
1150.77646228
458.464549295
42.6101637098
-1200013.79609
-1034197.84605
-870449.639149
-703458.598936
-538594.738373
7002.44395915
24691.2724253
42383.268378
59864.6264772
3787.45762495
-4254.63385995
-2644.30673213
-1054.0605608
567.678494381
2168.75937346
-3487.32769483
-9377.72715087
-15269.1813834
-21090.4929776
2365.7801046
-1416055.0961
-705416.223707
-3639.09625521
712035.870385
857.158877855
-2826.21300971
-6559.38729395
-2127.44345044
-2983.01150627
-3846.33067693
-7387.38213753
-6359.99158631
-5345.41270831
-4310.74133437
-2622.76376122
-6428.85380553
-10286.4055029
-2649.90937317
-2741.35109425
-2833.62124186
-1467996.8289
-867506.156507
-274503.668875
330242.50901
-2803.36329539
-466.157873167
1902.6486024
-2719.25878954
-2401.34267229
-2080.54635829
-7286.38156325
-6118.38308643
-4964.94967914
-3788.67393149
-1624.4344007
-6277.71159554
-10993.9051517
-2762.28964734
-2172.46147814
-1577.28969443
-1514002.36367
-1011071.52556
-514412.290338
-7917.32535141
-6045.54007741
1624.17667635
9397.59468203
-3243.43808988
-1886.15027648
-516.565961778
-7196.92391175
-5904.38698654
-4627.96813902
-3326.27137465
-740.199824241
-6143.84278098
-11620.5476978
-2861.82646161
-1668.58781816
-464.53889528
-1570396.245
-1187054.88117
-808493.826325
-422435.831988
-10019.8212941
4186.52225317
18584.9479409
-3885.98045804
-1254.62411387
1400.57129846
359.194984363
1809.89946941
1457.02066275
1241.01647997
1205.04492865
1309.37419252
1427.73225576
1307.71235482
315.340131454
41.543001328
-1650534.91847
-1437136.49177
-1226399.16694
-1011488.44668
-799315.320669
7827.75017813
31640.6604667
55457.8348632
78991.4460876
4124.92424723
-6931.43668794
-5269.30178688
-3627.89389093
-1953.97991565
-301.388735523
-5746.55468616
-13480.2610605
-21215.3522869
-28858.3508508
2837.8183151
-1775535.33868
-884770.539833
-5113.67604777
891963.717925
625.360741956
-3891.21491189
-8468.85860317
-2879.83080039
-3854.87073412
-4838.74415159
-9776.29177258
-8429.466157
-7099.43560505
-5743.06542189
-3616.16762333
-8328.90232096
-13105.3572972
-3480.14257546
-3536.2499075
-3592.86555022
-1847540.92429
-1096296.14021
-354419.461249
402149.179555
-4138.29768925
-1112.61010849
1953.98740418
-3708.56892899
-3245.60341662
-2778.44361621
-9738.45046614
-8310.31334551
-6899.98525192
-5461.72733236
-2495.26079729
-8256.80628962
-14096.2528961
-3760.84868653
-2916.19541716
-2063.88991668
-1911317.30011
-1283647.38625
-663804.585285
-31686.5544301
-8357.53801404
1348.43986024
11185.6510107
-4442.59412861
-2705.96664968
-953.60599917
-9704.93388044
-8204.77799819
-6723.32922487
-5212.54216734
-1502.45760851
-8192.94980472
-14973.9032838
-4009.4740992
-2367.00429713
-709.654355534
-1989494.79306
-1513303.75237
-1043050.86636
-563485.196089
-13529.5100251
4365.21078965
22501.8838187
-5342.36695395
-2044.47641924
1283.29172495
140.655272317
2478.99177609
1891.92986543
1917.86988852
2319.35271516
1856.84982954
1560.97232003
1503.91490819
339.908623403
37.9130300721
-2100589.12514
-1839657.5358
-1581979.7921
-1319199.05529
-1059765.69469
8652.20105777
38582.84623
68518.8509949
98098.4428483
4462.04112238
-9605.46530351
-7891.57632228
-6199.05972523
-4473.02490343
-2768.97680704
-8003.44023661
-17578.5431439
-27155.3606368
-36618.1581917
3309.36730979
5606516.57208
2795668.67295
19872.3564293
-2810895.21709
2384.57590699
15348.0388106
28486.7790257
10111.2563874
13374.9779178
16668.2674997
24594.9662289
24442.6045426
24292.1428232
24138.7013933
14288.0137065
28617.2430765
43140.2161103
12447.9798971
12315.9920047
12182.8083531
5954419.02799
3616687.8379
1308108.41298
-1046189.60883
10600.3232094
8961.08437011
7299.68159374
13415.6074703
11768.7788255
10107.0305517
35693.9425811
29917.2155304
24212.5249017
18394.8598401
13145.1372567
28484.1801497
44030.6202652
13939.6810296
10801.7415802
7635.3736161
6262561.20323
4343876.24113
2449117.49164
516835.358491
17877.1279629
3304.06757996
-11466.0332746
16342.3184295
10346.1453437
4295.6492549
45524.464493
34766.156691
24142.0061711
13307.4573215
12132.8752582
28366.3244146
44819.2639452
15260.9020327
9460.54834708
3607.64570619
6640283.86965
5235268.47736
3847773.78162
2432801.44746
26797.0821769
-3630.34009829
-34469.1676293
19929.8996052
8602.27204354
-2827.97943149
57574.7816754
40710.0200492
24055.5638562
7071.28649234
10892.0379698
28221.8560941
45785.9884562
16880.4632622
7816.50502906
-1329.56915112
7177047.65877
6501983.76042
5835337.98316
5155490.10021
4484302.31411
-13484.4983779
-67157.8322386
-120840.777225
-173884.582325
-12951.0307227
74698.9166187
49156.5627161
23932.7247772
-1790.64047544
-27186.3341415
28016.5590071
47159.7548665
66306.3786417
85225.0460154
-8345.61131677
561869.596115
281422.175294
4471.96467043
-277962.906738
2286.52309345
3099.13719389
3922.73854488
1940.45016594
1802.57705776
1663.45487268
3835.51971222
6470.3919639
3250.97859703
3099.36224949
2555.73225654
1880.9132386
1494.94590148
1235.34175592
1099.45257333
40.9988066877
633386.419807
407446.554962
184324.185093
-43216.8508938
3820.07128205
3230.03265677
2632.01619526
2571.60449286
2112.66290771
1649.56348975
6904.07734746
6052.75990918
5212.05849302
4354.70801175
3242.07398656
4407.54819709
5588.78063424
2663.13111047
1853.44670852
1036.42687984
696729.89222
519068.148382
343621.866039
14180.1455343
5178.35682053
3345.96863817
1488.80497132
3130.6268967
2387.3103748
1637.25969344
8066.79908971
7126.18828517
6197.30700086
4361.36571609
3596.33224303
4750.63308617
5920.54108227
3344.85594592
2055.54865018
754.560730278
774376.729371
655894.617735
538889.991069
419568.230627
6843.35199672
3488.08371215
87.4492774478
3815.88016592
2723.97501189
1622.17762055
4390.41181277
3310.05657871
2378.41478172
5795.29852121
3941.21819447
3400.42077665
3486.71404245
2636.7229087
1832.43867788
1709.75594133
884716.971638
850332.23208
816376.274007
781747.859643
747560.551929
3690.03671201
-1903.9509191
-7498.94024914
-13027.3166009
1600.74520117
11517.4571635
10311.8466913
9121.27031446
7907.11602605
6708.42798236
5768.82049892
6905.12047642
8041.62392782
9164.59636508
-81.9452619748
4558.85280526
3659.11453855
2770.59610703
1864.48165279
2275.6906434
1745.9316084
1209.00976975
1037.77489243
524.1083451
5.78817802208
4742.01762568
2625.67611336
2356.59876771
1865.93431198
1714.03514385
1177.95276086
886.986053695
666.921347418
409.248390186
37.56504399
45541.7892166
52903.4812093
60173.3720928
67587.2342893
3071.01842276
2596.89089174
2116.35274346
1373.60602267
1045.89705367
715.219168482
3723.49776091
3416.31823857
3112.96927867
2803.61286299
2148.02645887
1747.66620458
1341.89273088
1417.34672807
864.877857211
307.403832605
81840.9614666
96519.9202606
111015.830823
3349.99853111
3775.45159878
3350.59768556
2919.99937733
1671.05645231
1508.05276698
1343.57233146
3928.63849135
4072.64431852
4214.85437718
599823.47936
2653.25195302
2141.67381692
1623.17869877
2028.42279737
1237.47636387
439.364262373
126336.720999
149985.232646
173338.844751
197154.94663
4638.95033066
4274.49633605
3905.11460593
2035.67310799
2074.56622199
2113.81169253
6960.78863732
5883.80009268
2960.49877957
3230.36372205
2132.68657596
2262.72503088
1908.04217083
1943.64412601
1430.61490216
59.1394196033
189567.537176
225962.255509
261903.1277
298555.764983
334741.510485
5587.40494463
5305.01519395
5022.57487657
4743.49724491
3208.36236353
4537.44323975
6020.45074934
7484.9649921
8978.48215137
10452.9744617
3310.98673096
2457.96286153
1604.78624362
761.767399428
830.988763619
-527922.966705
-261729.237937
1145.02574224
269225.193262
2265.34079319
453.013104693
-1383.81883295
175.314985046
-697.402911369
-1578.02729353
2102.27417074
1890.36381032
1593.06705873
1449.58065328
1284.1341822
954.677209619
702.17476383
530.608444894
350.710144943
36.6065081036
-516113.592891
-285844.234087
-58446.3595268
173454.852303
2355.33684976
1991.95642188
1623.66277406
228.97995394
26.6570161006
-177.498889105
684.617162108
897.333498633
1107.39723903
1321.62103534
1102.72018196
-793.714560199
-2715.79075214
227.063672116
-79.6489565562
-389.140282716
-505653.861798
-307203.230678
-111227.300765
-6997.65123355
2435.04764273
3355.02050282
4287.4321974
276.511783531
667.967237574
1062.96912624
-25.1616305634
1155.13973632
2320.72261528
1168756.97567
1752.18712554
-351.05289864
-2482.73056017
770.638470361
455.85026974
138.210210081
-492832.255942
-333385.226498
-175926.519057
-15349.534161
2532.75764701
5025.87324719
7552.69794215
334.776606902
1454.08944454
2583.54282247
8131.12437231
4686.20903468
9546.03184769
4547.36235545
1932.72969279
1587.80522419
1300.18865023
1048.44427144
705.407269449
48.3134072742
-474612.0792
-370591.220559
-267867.513472
-163109.488785
-59685.9017893
7400.24293657
12192.8124215
16986.2400978
21722.5980506
4744.35807501
-2131.60191849
1920.24211913
5921.55921574
10002.1175121
14030.6964894
962.652677601
-1791.06805499
-4545.28188825
-7266.70452647
1703.25038225
-1043270.56351
-518577.912683
-428.236949982
527982.760486
2255.3239809
-798.301812231
-3893.21528623
-659.392650641
-1879.60832651
-3110.87868326
-455.380469328
-1396.2032892
-2325.29394499
-3272.78410686
-799.832265389
-3806.2623487
-6853.34198578
-1464.87309871
-1776.38062321
-2090.71028509
-1059696.00415
-613691.710947
-173249.140361
275915.857586
1662.68450895
1406.4875592
1146.82660351
-878.81428831
-959.78587205
-1041.49102694
-2256.47820712
-1540.59524286
-833.639417934
-112.683196041
91.049815026
-3253.31866629
-6642.9059229
-924.918404873
-993.782746208
-1063.27097177
-1074244.25157
-697935.360839
-326319.083382
52656.6007324
1137.77526237
3359.30100248
5610.86370585
-1073.15916739
-145.085983817
791.395182934
-3851.73620345
-1668.48525895
487.540306032
2686.26332497
880.116800536
-2763.56854758
-6456.51969578
-446.672818901
-300.62462658
-153.253294266
-1092077.58712
-801201.770383
-513953.207085
-221016.036701
494.338121405
5753.07232003
11082.9091861
-1311.388374
853.578395307
3038.15892407
228363.726999
5851.72792064
3406.99420977
3867.60541727
3100.57446037
2566.64822771
2124.49066706
1592.65807951
1135.55063661
46.3891091555
-1117419.69554
-947948.77342
-780591.172348
-609919.258318
-441421.411962
9154.74735025
18858.973816
28564.9379891
38155.3446262
6230.92845096
-8586.05025707
-2048.02982283
4408.46077716
10992.8142906
17493.294425
-1310.11658239
-5903.37347337
-10497.4528654
-15036.8359402
2547.4443293
-1582950.39888
-787553.748338
-2075.78155096
798957.617355
2244.83422284
-2108.69781011
-6521.0933887
-1533.51117222
-3117.63180383
-4716.10395411
-2488.40298667
-3493.21530968
-4485.49751246
-5497.43065275
-2024.32352567
-6437.67170262
-10910.6921916
-2594.0049132
-2920.08179511
-3249.11280712
-1628943.76632
-957018.571182
-293472.357168
383214.579472
937.328451064
793.375668537
647.476518987
-2038.91325451
-1992.803856
-1946.27672422
-5336.43797512
-4093.63127141
-2866.32250405
-1614.70838501
-968.386768104
-5829.05346607
-10755.4406121
-2131.29154316
-1951.07754329
-1769.23087447
-1669680.7489
-1107115.9857
-551566.466999
14985.0316334
-220.748089651
3363.78360677
6996.78129437
-2486.55509884
-996.527673648
506.998822253
-7858.9832506
-4625.42826608
-1432.19606803
1824.27419499
-33.1284971139
-5289.9915994
-10617.9320703
-1721.45970112
-1092.81663455
-458.47830554
-1719616.40498
-1291106.36479
-867939.891954
-436393.123782
-1640.32578472
6514.60624073
14779.8000513
-3035.27735962
224.714098273
3514.23981471
3846.39714141
3236.27525749
3164.1678584
2938.12307793
1650.76522552
2274.89568333
2054.95524237
2000.81722154
1057.29675471
45.6464272803
-1790577.60045
-1552566.37718
-1317523.18005
-1077825.23937
-841180.639646
10992.0910364
25839.8793374
40690.3263883
55363.966577
7787.68754082
-15345.2466488
-6203.66450833
2823.92109693
12030.2870131
21119.379606
-3690.19509189
-10209.8422043
-16730.6567708
-23173.8356433
3431.49706031
-2122103.86064
-1056267.23996
-3721.71922882
1069668.18046
2234.35469591
-3417.81572081
-9146.40840541
-2406.77712733
-4354.44778208
-6319.76357775
-4519.44260721
-5588.18202157
-6643.59413782
-7719.90740245
-3247.62048546
-9066.51452659
-14964.0850842
-3722.03543549
-4062.66746466
-4406.38548794
-2197636.31596
-1300010.56954
-413578.314953
490408.648168
212.679865025
180.861773019
148.613472691
-3197.88072488
-3024.81429182
-2850.17994399
-8413.39372211
-6644.17721098
-4897.02302443
-3115.26858236
-2026.79003587
-8402.27603775
-14863.9641643
-3336.48805236
-2907.43864842
-2474.50222324
-2264536.49068
-1515897.5186
-776594.156879
-22649.7947178
-1577.94641376
3368.26183898
8381.34713615
-3898.57248271
-1847.13891473
222.879845922
-11862.3218524
-7579.48723589
-3350.06003828
963.125801144
-945.483066227
-7813.95051906
-14775.2856353
-2995.00322731
-1884.2359826
-763.405617358
-2346543.15646
-1780533.13357
-1221581.31795
-651560.144062
-3772.90765871
7275.39740371
18473.0851752
-4757.48496005
-403.536839594
3989.85636258
1527.337737
2132.38861676
1930.39048114
2017.34330314
2554.37029301
2310.0153468
2255.83854738
1940.4864038
1161.87238966
43.1861762271
-2463078.94468
-2156594.27064
-1853931.49421
-1545274.85102
-1240549.96447
12827.6426799
32813.9760729
52803.8883598
72555.8041976
9342.92825468
-22097.8504973
-10355.2460195
1240.92688835
13066.7478425
24741.9281058
-6067.95220554
-14512.1106458
-22957.7811567
-31302.8989707
4314.68753557
-2660698.54899
-1324702.23954
-5365.95107287
1340098.18177
2223.88602985
-4725.57687444
-11769.0025712
-3279.1380381
-5589.98193629
-7921.76118416
-6548.37727806
-7680.97753034
-8799.45413284
-9940.08079888
-4469.64963219
-11692.6328434
-19013.2770799
-4848.89687791
-5204.06896954
-5562.4587826
-2765739.47818
-1642647.09433
-533559.796091
597491.621974
-511.21770227
-431.017319057
-349.732556796
-4355.64705263
-4055.75516206
-3753.14636725
-11487.1605421
-9192.07978956
-6925.61894655
-4614.27361373
-3084.09638478
-10972.8317466
-18968.2296827
-4540.43550763
-3862.8085902
-3179.04263564
-2858775.72975
-1924255.39429
-1001388.63025
-60245.6167011
-2933.73815072
3372.73543
9764.47802737
-5309.1264655
-2696.8685906
-60.9446722651
-15861.5114331
-10530.4846477
-5265.93635297
102.869893113
-1856.89207994
-10335.2936323
-18928.3305595
-4267.22686538
-2674.83511135
-1068.01690548
-2972820.16716
-2269452.66521
-1574856.23341
-866504.167335
-5903.2793456
8035.40009013
22162.5426144
-6477.90768128
-1031.1366643
4464.9799861
1419.15510364
3234.96758715
2393.53309446
3265.97144241
3495.04869329
2872.15189717
5721.45680642
4670.99215212
355.129549377
42.7813561172
-3134883.31506
-2759996.15547
-2389783.88001
-2012240.00245
-1639505.38682
14661.2919756
39780.8449223
64904.8959536
89729.8243649
10896.5571322
-28843.4560129
-14502.524872
-340.426720426
14102.1344941
28360.7222315
-8443.24503485
-18809.9202582
-29178.4518115
-39423.5374159
5196.96268082
