-1.20340321873
-1.03646976733
-0.871617994437
-0.703501533458
-0.666067012159
-0.626815757721
-0.587033792129
-0.633425798581
-0.671268393811
-0.70945382828
-1.17216555569
-0.994056454697
-0.818168393789
-0.638797084581
-0.685818674018
-0.707688449273
-0.72985392294
-0.84689309356
-0.944470205937
-1.04293132912
-2.05842830577
-1.92014360211
-1.78358332392
-1.64431863615
-1.62482626645
-1.6010145176
-1.57688081317
-1.62619961023
-1.6675251563
-1.7092250958
-2.04250632153
-1.89708336817
-1.75347385505
-1.60702033085
-1.66329490531
-1.69457680574
-1.7262816647
-1.83908199091
-1.93449207044
-2.03076652829
-2.81573624
-2.70282614148
-2.59132404431
-2.47761378425
-2.47401303453
-2.46387627635
-2.45360246038
-2.50551355768
-2.54992400308
-2.59473678989
-2.81337957127
-2.69690720582
-2.58188726359
-2.46458949183
-2.52905956732
-2.56867792146
-2.60883195027
-2.71787787141
-2.81136857899
-2.90570627613
-3.74404919165
-3.66224344781
-3.58145783061
-3.49907235289
-3.51495165348
-3.52157778708
-3.52829351179
-3.58338226747
-3.63157420236
-3.68020273748
-3.75832097417
-3.67733642616
-3.59736176438
-3.51580330206
-3.59031947558
-3.64015670848
-3.69066778418
-3.79511153139
-3.88624946045
-3.9782130638
-5.06323075451
-5.02562593576
-4.98849005323
-4.9506187399
-4.91322984218
-5.02462730233
-5.05548605854
-5.08635034053
-5.1168471577
-5.2227069788
-5.10113244146
-5.07057794981
-5.04040447603
-5.00963345345
-4.97925440095
-5.16278445845
-5.2280134429
-5.29325410772
-5.35771802843
-5.50230165681
-0.790673938714
-0.814224036257
-0.837480461492
-0.861197451834
-0.903949823891
-0.944446598799
-0.985490925382
-1.03793065765
-1.08803432672
-1.1385919156
-0.748108651216
-0.793153076216
-0.83763579228
-0.882999434225
-0.971590737239
-1.05163114877
-1.13275377639
-1.22691398322
-1.31542218902
-1.40473224485
-1.69490981075
-1.71795129257
-1.74070544456
-1.76391021476
-1.8060140018
-1.84609777227
-1.88672351024
-1.93935705761
-1.98959980151
-2.04029772518
-1.66534776265
-1.70939993363
-1.7529027692
-1.79726712531
-1.88435748364
-1.96332029118
-2.04335074468
-2.13679112505
-2.22452189997
-2.31304748169
-2.49580444027
-2.51839543387
-2.54070471528
-2.56345580478
-2.6049851308
-2.64470309735
-2.6849580854
-2.73776329758
-2.78812922203
-2.83895144222
-2.47775954706
-2.52093286449
-2.5635678059
-2.60704708026
-2.69280803044
-2.77081638875
-2.84987948802
-2.94268230781
-3.02972450109
-3.1175552629
-3.4775462442
-3.49958502643
-3.52134898262
-3.54354394739
-3.58436909539
-3.62363865712
-3.66343917753
-3.71645481754
-3.76697173751
-3.81794632119
-3.47361915376
-3.51571516683
-3.55728623798
-3.59968057344
-3.68381192653
-3.7606503148
-3.83852762502
-3.93054891894
-4.01674704441
-4.10372609147
-4.8726530182
-4.89390707902
-4.91489609936
-4.93630078162
-4.95743280492
-5.01475761048
-5.05391230846
-5.09307401776
-5.13176947449
-5.20914957024
-4.88878806855
-4.92935317542
-4.96941243094
-5.01026501111
-5.05059719942
-5.16725642024
-5.2434486618
-5.31965454689
-5.39495313784
-5.50512674261
-0.745077395899
-0.789671290709
-0.833709094744
-0.878619013721
-0.930230086367
-0.97953707807
-1.02951074325
-1.08261860207
-1.13407682146
-1.18600123236
-0.701260681523
-0.770958141322
-0.839786466128
-0.909977851872
-1.00316159675
-1.08962844817
-1.17726440674
-1.26889704477
-1.35640335706
-1.44470244261
-1.65474986227
-1.69561396215
-1.73596848221
-1.77712217427
-1.82603083785
-1.87317350849
-1.9209535891
-1.97395333573
-2.025181213
-2.07687319498
-1.62368091901
-1.68866548088
-1.75283967811
-1.81828476696
-1.90877951959
-1.9930099072
-2.07837916302
-2.16968074044
-2.25656313906
-2.34423265852
-2.46045976106
-2.49802032829
-2.53511251111
-2.57293925932
-2.6194543606
-2.66468006115
-2.71051725257
-2.76342124268
-2.81444510266
-2.86593121902
-2.44068170077
-2.50149198162
-2.56154395158
-2.62278517748
-2.71089825125
-2.79314777091
-2.87650937572
-2.96751772804
-3.0538475174
-3.14095942118
-3.44810415312
-3.48161522871
-3.5147084175
-3.54845697649
-3.59203803364
-3.63491389989
-3.6783694852
-3.73115609637
-3.78192987062
-3.83316363558
-3.44216653004
-3.49785995028
-3.55285886744
-3.608946971
-3.69414056748
-3.77396192642
-3.85486253967
-3.94551145477
-4.03116385214
-4.11759222702
-4.85159881552
-4.87935535036
-4.90676575816
-4.93471899562
-4.96231615674
-5.01366724968
-5.05373844737
-5.09381682049
-5.13341802741
-5.20765180648
-4.86532918216
-4.91375127416
-4.96156953735
-5.01033478286
-5.05847884272
-5.1677504632
-5.24515387792
-5.32257115303
-5.39906671142
-5.50543884585
-0.701512238806
-0.766212402144
-0.830105747326
-0.8952644222
-0.955339528717
-1.01306423051
-1.07156942057
-1.12531564002
-1.17806806273
-1.23129840195
-0.65649985026
-0.749752019857
-0.841841324638
-0.935754345666
-1.03332593311
-1.1259329181
-1.2197920302
-1.30900970592
-1.39555876037
-1.48289191569
-1.61637909211
-1.67427178907
-1.73144255774
-1.78974552367
-1.84515589763
-1.89904298519
-1.9536586731
-2.00700830433
-2.059177426
-2.11181917969
-1.58387038784
-1.66885477515
-1.75277939781
-1.83836604515
-1.93211352185
-2.02137681192
-2.11184701942
-2.20110508038
-2.28717689897
-2.37402849485
-2.42668973361
-2.47855296036
-2.52976944695
-2.58200021354
-2.63327896725
-2.68376702504
-2.73493772535
-2.78793609272
-2.83958857633
-2.89170901141
-2.40525572112
-2.48291721556
-2.55961026262
-2.63782212184
-2.72818252902
-2.81448426073
-2.90195286702
-2.99124669776
-3.07689582172
-3.16332089354
-3.41997374577
-3.46444600902
-3.50836369826
-3.55315112371
-3.59936531064
-3.64568681582
-3.6926346281
-3.74520241397
-3.7962215993
-3.84770299867
-3.41211516191
-3.48080020702
-3.54862874206
-3.61780053842
-3.70400905394
-3.7866804883
-3.87046971247
-3.95980739002
-4.0449383722
-4.13084060806
-4.83148260516
-4.86545192029
-4.89899763432
-4.93320768026
-4.96698194884
-5.01262546589
-5.05357233202
-5.09452653038
-5.13499313513
-5.20622077005
-4.84291541989
-4.89884445805
-4.95407605495
-5.01040144619
-5.06600934849
-5.16822249591
-5.24678312442
-5.32535782056
-5.40299701991
-5.50573704448
-0.659348923197
-0.743508374696
-0.826618348575
-0.911374214014
-0.979640998361
-1.04551254482
-1.11227473196
-1.16663877085
-1.22064375197
-1.27513799728
-0.613179334935
-0.729228269874
-0.843830061824
-0.960701402343
-1.06251964017
-1.16106918124
-1.26095119797
-1.34783162015
-1.43345421944
-1.51985252628
-1.57924301823
-1.65361636535
-1.72706226865
-1.80196267839
-1.86366555043
-1.92408003275
-1.98531137151
-2.03899962873
-2.09207970741
-2.14564067101
-1.54534088164
-1.64968153916
-1.75272105721
-1.85780114711
-1.95469668159
-2.04883092517
-2.14423794572
-2.23151824657
-2.316805568
-2.4028655595
-2.39400635955
-2.45971201422
-2.52459831215
-2.59076960398
-2.64665872511
-2.70223980779
-2.75857239512
-2.81166210286
-2.86392298222
-2.91665732489
-2.37096968014
-2.46494014911
-2.55773879598
-2.65237520676
-2.74491063257
-2.83513418407
-2.92657763659
-3.01421211567
-3.09920247672
-3.18496281749
-3.39274851987
-3.44782926122
-3.50222313966
-3.55769422245
-3.60645681021
-3.65611308041
-3.70644074663
-3.75879674856
-3.81005344813
-3.86177451352
-3.38303078799
-3.46428941291
-3.54453473383
-3.62636921536
-3.71355999183
-3.79898979176
-3.885574677
-3.97364331007
-4.05826965516
-4.14366268213
-4.81201369507
-4.85199587537
-4.89147947349
-4.93174499606
-4.97149760489
-5.01161720465
-5.05341156193
-5.0952134032
-5.13651755896
-5.20483578158
-4.82122288862
-4.8844173141
-4.94682369814
-5.01046596443
-5.07329753732
-5.16867933952
-5.24835994496
-5.32805481857
-5.40680085876
-5.50602564766
-0.615194858313
-0.719732372108
-0.822966291603
-0.928244632831
-1.00508986669
-1.07949291269
-1.15490195268
-1.20991298148
-1.26522966078
-1.32104748776
-0.567813432923
-0.707735486981
-0.845912697628
-0.986826339228
-1.09309173387
-1.19786440999
-1.30405370397
-1.38848651873
-1.4731389201
-1.5585582394
-1.54035355729
-1.63198569172
-1.72247516335
-1.81475666849
-1.88304914013
-1.95029920947
-2.01845855833
-2.07250142984
-2.12653547653
-2.18105905073
-1.50499219719
-1.62960303505
-1.75265996205
-1.87815388124
-1.97834610968
-2.0775812898
-2.178158216
-2.2633673764
-2.3478331605
-2.43306417185
-2.35977983352
-2.43998148909
-2.51918302119
-2.59995304293
-2.66067021089
-2.72158478662
-2.78332298048
-2.83650834125
-2.8894063419
-2.94278357793
-2.33506481697
-2.44611429191
-2.55577896768
-2.66761541846
-2.76242855682
-2.85675909762
-2.9523650695
-3.03826185033
-3.12256234485
-3.20762656916
-3.36423784955
-3.43042795038
-3.49579265338
-3.5624518245
-3.61388313634
-3.66703162313
-3.72089872376
-3.77303294234
-3.82453837043
-3.87651041773
-3.35257318961
-3.44699905839
-3.5402474262
-3.63534246408
-3.72356187913
-3.8118802814
-3.90139282541
-3.9881324958
-4.07223037728
-4.15709015295
-4.79162555654
-4.83790450064
-4.88360634122
-4.93021325095
-4.97622646853
-5.01056133817
-5.05324320106
-5.09593270686
-5.13811395877
-5.2033854006
-4.7985061402
-4.8693089897
-4.93922891988
-5.01053352891
-5.08092983942
-5.1691577531
-5.25001121539
-5.33087915588
-5.41078429661
-5.5063278773
-0.571083858843
-0.695979559307
-0.819317796643
-0.945098597183
-1.03051391362
-1.113440138
-1.19748759718
-1.25314498485
-1.30977208299
-1.36691220068
-0.522491778282
-0.68626366695
-0.847993302146
-1.01292579531
-1.12363400925
-1.23462375073
-1.3471141702
-1.42910176479
-1.51278491451
-1.59722620113
-1.50150202696
-1.61037611544
-1.71789253206
-1.82753818004
-1.90241382416
-1.97649281346
-2.05157341523
-2.10597055516
-2.16095763941
-2.21644288533
-1.46468286661
-1.60954411439
-1.75259892648
-1.89848676446
-2.00197247143
-2.10630361292
-2.21204540234
-2.29518544237
-2.37883049041
-2.46323333015
-2.32558669014
-2.42027020802
-2.513773012
-2.60912752486
-2.67466803065
-2.74091089744
-2.80804942551
-2.86133034602
-2.91486484654
-2.96888434888
-2.29919497341
-2.42730679641
-2.55382105089
-2.68284076571
-2.77992939507
-2.87836291944
-2.9781273508
-3.06228812822
-3.14589942906
-3.23026821586
-3.33575498695
-3.41304361182
-3.48936843903
-3.56720478626
-3.62130221924
-3.67793951652
-3.7353425994
-3.78725525093
-3.83900916494
-3.89123194935
-3.32214529787
-3.42972556792
-3.53596430016
-3.64430696079
-3.73355401115
-3.82475819839
-3.91719554569
-4.0026075496
-4.08617748289
-4.17050452738
-4.77125730347
-4.82382686985
-4.87574088796
-4.92868299981
-4.98095071989
-5.00950650152
-5.05307500439
-5.09665130895
-5.13970880154
-5.20193643424
-4.77581154843
-4.85421540112
-4.93164154914
-5.01060102748
-5.08855469741
-5.16963570006
-5.25166087527
-5.33370073849
-5.41476384924
-5.50662981216
-0.527018575583
-0.67225136369
-0.815673082949
-0.961935094249
-1.05591161131
-1.14735218074
-1.24002910634
-1.29633218299
-1.35426834186
-1.41272937986
-0.477217094562
-0.664814100105
-0.850071750345
-1.03899820216
-1.15414463092
-1.27134499444
-1.39013000898
-1.4696749176
-1.5523898202
-1.63585408775
-1.46269076197
-1.58878893512
-1.71331465016
-1.84030644496
-1.92175843883
-2.00265927066
-2.08465395222
-2.13940499341
-2.19534412751
-2.25179004847
-1.42441531222
-1.5895059826
-1.75253795416
-1.91879857487
-2.02557434705
-2.13499616851
-2.24589746832
-2.3269705324
-2.40979569499
-2.49337122144
-2.2914289842
-2.40057935552
-2.5083686097
-2.61829249845
-2.6886513432
-2.76021697887
-2.83275024429
-2.88612662549
-2.94029696622
-2.99495806924
-2.263362305
-2.40851879282
-2.55186516326
-2.69805033356
-2.79741209562
-2.89994435126
-3.00386293232
-3.08628950551
-3.16921232695
-3.25288639699
-3.30730164371
-3.39567729021
-3.48295088268
-3.57195282208
-3.62871361307
-3.68883610507
-3.74977150553
-3.80146281966
-3.85346496207
-3.90593822372
-3.2917489413
-3.41246997953
-3.53168561312
-3.65326216678
-3.74353578742
-3.83762276882
-3.93298188818
-4.01706760159
-4.10011013386
-4.18390499927
-4.75091015986
-4.80976382899
-4.86788358638
-4.92715433461
-4.98567007509
-5.00845275809
-5.05290698204
-5.09736916629
-5.14130199143
-5.20048896958
-4.75314047711
-4.83913745538
-4.92406204187
-5.01066845611
-5.09617165306
-5.17011315168
-5.25330882545
-5.33651939684
-5.4187392775
-5.5069314341
-1.12708214843
-0.998874324439
-0.87226526612
-0.743148869982
-0.713985019842
-0.684805112204
-0.655230666794
-0.697283162687
-0.733074962239
-0.769191021616
-1.09425887523
-0.96059642295
-0.828600756162
-0.693991076351
-0.738342460902
-0.765453508489
-0.792931121057
-0.902892198687
-0.996385491743
-1.09072579778
-1.99230306335
-1.88650627235
-1.78202877899
-1.67548223642
-1.66178770849
-1.64591899375
-1.62983572018
-1.67542898737
-1.71496196223
-1.75485309051
-1.97407712049
-1.86611965859
-1.75950843813
-1.65078591261
-1.70429566729
-1.7399247173
-1.7760355031
-1.88298846261
-1.97506387412
-2.06797345317
-2.75864158799
-2.67269456908
-2.58781931895
-2.50126321813
-2.50127008986
-2.49719128884
-2.49305733889
-2.5417867178
-2.58463330507
-2.62786806581
-2.75334470914
-2.66815452445
-2.58402667073
-2.49823276758
-2.55985422152
-2.60302778795
-2.64678509862
-2.75107372493
-2.84189329852
-2.93353566222
-3.69802429561
-3.63640925539
-3.5755625615
-3.51351087312
-3.53031300895
-3.54068636024
-3.55119996827
-3.60377361317
-3.65068204791
-3.69801545489
-3.70857594685
-3.65129403743
-3.59472643972
-3.5370385898
-3.60860341702
-3.66102510037
-3.71415557055
-3.81517824005
-3.90445839938
-3.99454740235
-5.03293656434
-5.00589854646
-4.97919769563
-4.95196806706
-4.92508529729
-5.02354777749
-5.05487633635
-5.08621050512
-5.11717161469
-5.21875121831
-5.06600981097
-5.04838702956
-5.03098400618
-5.01323633717
-4.99571474304
-5.16449496539
-5.23094518856
-5.29740731077
-5.36307814641
-5.50230092779
-0.795638281634
-0.817109680973
-0.8383133296
-0.859936890599
-0.902224422714
-0.942155049707
-0.982625573561
-1.03534644839
-1.0855973319
-1.13630346892
-0.7533390881
-0.795871592347
-0.837873711585
-0.880707631513
-0.969263454583
-1.04897446494
-1.12976323761
-1.22443361204
-1.31322109145
-1.402812951
-1.69964263863
-1.72074163487
-1.7415775243
-1.76282604308
-1.80461595144
-1.84422682134
-1.8843732647
-1.93724866986
-1.98761054426
-2.03842867771
-1.67034231928
-1.71207019472
-1.75327771896
-1.79530130791
-1.88247529859
-1.96115903321
-2.04090664047
-2.1347714216
-2.22272879584
-2.31148302978
-2.50033221197
-2.52110136546
-2.54161152532
-2.56989667131
-2.60387701975
-2.64320467621
-2.68306407685
-2.73607635174
-2.78653653235
-2.83745386263
-2.48254518118
-2.52356038539
-2.56406412549
-2.62192528985
-2.69132007472
-2.76909393653
-2.84791936871
-2.94107062435
-3.02829276258
-3.11630509956
-3.48182265671
-3.50218748683
-3.52229836528
-3.54280751512
-3.5836163938
-3.62259688541
-3.66210442722
-3.71528447791
-3.76586516291
-3.81690408931
-3.47814868932
-3.51829029654
-3.5579313335
-3.5983574128
-3.68280721964
-3.75946575351
-3.83716077753
-3.92943738901
-4.0157582702
-4.10286118509
-4.87657223607
-4.89636250141
-4.91590597996
-4.93583649324
-4.95551312594
-5.01436476164
-5.05337229355
-5.09238681042
-5.13093682718
-5.20875441144
-4.89295367457
-4.93185385449
-4.97026894488
-5.00944479923
-5.04812162035
-5.16683623026
-5.2429248848
-5.31902716431
-5.3942233832
-5.50480930664
-0.759021799123
-0.79702911061
-0.83456246674
-0.872839125164
-0.923020296446
-0.970585955901
-1.01879474451
-1.07269421563
-1.12454247609
-1.17686046168
-0.715675746963
-0.777673506688
-0.838898147528
-0.901335267628
-0.994774605561
-1.08029663194
-1.16697499061
-1.2599561144
-1.34822371591
-1.43729098765
-1.66731078278
-1.70242867585
-1.73710864493
-1.77247540845
-1.82039499696
-1.86613501101
-1.9124934699
-1.96617337412
-2.01773157842
-2.06975688006
-1.63678701429
-1.69505147733
-1.7525893761
-1.81126674271
-1.90215981234
-1.98560004199
-2.07016845624
-2.16258731213
-2.25008974345
-2.33838491287
-2.47179531116
-2.50435400506
-2.53650668846
-2.57448438258
-2.61521258885
-2.65933560268
-2.7040551981
-2.75754062879
-2.80884192621
-2.86060799349
-2.4526284225
-2.50758625133
-2.56185874998
-2.63007732201
-2.70584385264
-2.78744020519
-2.87013981151
-2.96206065869
-3.04888536784
-3.1364966752
-3.45793763628
-3.48735924732
-3.51641396764
-3.54604408121
-3.58950512084
-3.63164600537
-3.67435667138
-3.72760371515
-3.77859009446
-3.83003839059
-3.45269208417
-3.50359661945
-3.55386636957
-3.60513165072
-3.69100493428
-3.77034105039
-3.85074985991
-3.94206024479
-4.02805419775
-4.11482722257
-4.85929778249
-4.88426143369
-4.90891378541
-4.93405434685
-4.95887466063
-5.01335026183
-5.05320613342
-5.09306914187
-5.13245754823
-5.20765000753
-4.87383518234
-4.91897977415
-4.96356140794
-5.00902592655
-5.05391130511
-5.16709488306
-5.24424834974
-5.32141563206
-5.39766417403
-5.50508642147
-0.724036628882
-0.777843155966
-0.830978709736
-0.885166548274
-0.942889686757
-0.997750227976
-1.0533525315
-1.1083780909
-1.16175256308
-1.21561058728
-0.679690357019
-0.760286169589
-0.839876943507
-0.921043915527
-1.01914920134
-1.11022335535
-1.20252891126
-1.29389604273
-1.38166692758
-1.4702329826
-1.63641935347
-1.68493158315
-1.73283885998
-1.78169488195
-1.83547106533
-1.88706716213
-1.93936088312
-1.99380944491
-2.04651068105
-2.09968936996
-1.60472664211
-1.6787909661
-1.75193169982
-1.82652089647
-1.92096735522
-2.00895217181
-2.09812661978
-2.18916396829
-2.27623172499
-2.36408828181
-2.44452976668
-2.48835276151
-2.53162927877
-2.57886770529
-2.62604314349
-2.67474787525
-2.7241111374
-2.77804864417
-2.83015358554
-2.88273057748
-2.42404449461
-2.49232378586
-2.55975162683
-2.63786617046
-2.71972057722
-2.80496912354
-2.89137030447
-2.98211555949
-3.06856054556
-3.15578868968
-3.4351167248
-3.47319162531
-3.51079172761
-3.54913645404
-3.59513149737
-3.64029197519
-3.68606306202
-3.73937411424
-3.79074811363
-3.84258754154
-3.42836960414
-3.48955756493
-3.54998250511
-3.61160408746
-3.69883743
-3.78073183856
-3.86373353086
-3.95412073581
-4.03980232561
-4.1262601574
-4.84279292845
-4.87269948439
-4.90223310228
-4.93235159742
-4.96208643455
-5.01238095932
-5.05304737593
-5.09372107457
-5.13391051915
-5.20659480625
-4.85556844399
-4.90667925097
-4.95715270056
-5.00862571519
-5.05944305184
-5.16734201254
-5.24551285258
-5.32369769045
-5.40095167312
-5.50535119047
-0.690177212943
-0.759274567789
-0.827510271018
-0.897097299038
-0.962119718978
-1.02404040694
-1.08679831655
-1.14291372891
-1.1977653023
-1.25311380968
-0.644862906489
-0.743458322964
-0.840824243747
-0.940118377713
-1.04273947033
-1.13918709538
-1.23693877633
-1.32674385061
-1.41403400215
-1.50211496863
-1.60652194989
-1.66799751264
-1.72870646836
-1.79061769083
-1.85006201532
-1.9073257576
-1.96536375557
-2.02055624103
-2.07436372849
-2.12865869092
-1.57369790995
-1.66305368629
-1.75129518627
-1.84128420141
-1.93916970817
-2.0315528758
-2.12518514434
-2.21488543967
-2.30153250874
-2.38896456665
-2.41814157405
-2.47286640666
-2.52690881458
-2.58202146642
-2.63652519208
-2.68966421104
-2.74352171584
-2.79789675176
-2.8507794774
-2.90414130002
-2.39638034158
-2.47755243666
-2.55771230678
-2.63945964526
-2.73315077597
-2.82193399561
-2.91191764172
-3.00152513284
-3.08760261457
-3.17445992491
-3.41303014559
-3.45947988964
-3.50535040027
-3.55212932036
-3.60057682811
-3.64865973462
-3.69739276391
-3.75076576492
-3.80251491155
-3.85473288537
-3.4048297739
-3.4759702597
-3.5462236158
-3.61786825385
-3.70641789134
-3.7907882715
-3.8762994127
-3.96579314383
-4.05117242172
-4.13732520276
-4.82681916831
-4.86150957599
-4.89576739046
-4.93070363913
-4.96519485986
-5.01144284706
-5.05289372696
-5.09435202934
-5.13531673632
-5.20557355929
-4.83788949352
-4.89477453454
-4.95095021283
-5.00823838185
-5.06479679778
-5.16758118987
-5.2467366662
-5.32590631667
-5.40413338692
-5.50560743972
-0.654719117992
-0.739829260054
-0.82387806928
-0.909591362555
-0.982257700969
-1.0515718819
-1.12182325095
-1.17907997389
-1.23547839012
-1.29238775413
-0.608391071003
-0.725835946238
-0.841816270955
-0.960093444399
-1.06744355854
-1.16951836411
-1.27297330998
-1.36114257421
-1.44792929455
-1.53550226892
-1.5752129345
-1.65026389665
-1.72437896506
-1.7999617919
-1.8653418799
-1.92854086666
-1.99259435877
-2.04856589241
-2.10353186306
-2.15899580409
-1.54120415007
-1.6465733677
-1.7506286196
-1.85674455872
-1.95823148882
-2.0552206765
-2.15352124248
-2.24182135541
-2.32802787399
-2.4150153902
-2.39050745769
-2.4566488605
-2.52196547274
-2.58857560075
-2.64750215267
-2.70528482458
-2.76384876856
-2.81868199167
-2.87237922481
-2.92656293406
-2.3674100201
-2.46208365529
-2.55557669984
-2.65092125998
-2.74721508421
-2.83969986746
-2.93343512556
-3.02185113303
-3.10754375863
-3.19401272619
-3.38990074418
-3.44512075167
-3.49965215959
-3.55526349546
-3.60627926122
-3.65742257946
-3.70925739991
-3.76269527464
-3.81483728115
-3.86745167401
-3.38017850594
-3.46174142717
-3.5422872498
-3.6244281841
-3.71435626565
-3.80131952091
-3.88945859513
-3.9780166669
-4.06307935916
-4.14891268643
-4.81009120393
-4.84979133385
-4.88899639879
-4.92897787216
-4.9684500501
-5.01046044165
-5.05273282342
-5.09501277477
-5.13678934831
-5.20450409395
-4.81937582792
-4.88230773458
-4.94445487343
-5.00783276049
-5.07040332189
-5.16783166001
-5.24801826242
-5.32821922361
-5.40746532598
-5.50587578783
-0.619295606889
-0.720402918188
-0.820249410189
-0.922073240059
-1.0023760415
-1.0790765042
-1.15681402398
-1.21521094433
-1.2731546947
-1.33162339297
-0.571954808112
-0.708230757395
-0.842807330595
-0.980049028519
-1.09212355175
-1.19982004942
-1.30897269756
-1.39550774723
-1.48179152737
-1.56885700511
-1.54393445617
-1.63254757705
-1.72005568256
-1.80929677925
-1.88060684135
-1.94973528368
-2.01979840277
-2.07654822474
-2.13267154866
-2.18930332813
-1.50874208279
-1.63010912311
-1.74996270307
-1.87218983686
-1.97727467766
-2.07886539294
-2.18182970318
-2.26873099935
-2.35449739713
-2.44104080523
-2.3629002941
-2.44044713204
-2.51702695236
-2.59512334254
-2.65846840694
-2.72089020265
-2.78415599541
-2.83944695882
-2.89395790503
-2.94896269928
-2.33846795465
-2.44662996131
-2.55344317584
-2.66237169568
-2.7612656749
-2.85744841148
-2.95493162244
-3.04215730838
-3.12746545321
-3.21354645676
-3.36679390189
-3.4307756188
-3.49395947665
-3.55839461366
-3.6119761325
-3.66617687751
-3.72111046382
-3.77461314898
-3.82714763219
-3.88015805746
-3.35555128144
-3.44752647265
-3.5383547231
-3.63098171617
-3.72228689732
-3.81184049872
-3.90260494283
-3.99022826783
-4.07497468324
-4.16048886831
-4.79337955507
-4.83808452103
-4.88223201116
-4.92725378842
-4.9717020654
-5.00947899443
-5.05257207681
-5.09567287574
-5.13826052399
-5.20343567171
-4.80088021951
-4.86985309403
-4.93796586922
-5.00742753475
-5.07600437772
-5.16808188586
-5.24929860864
-5.33052987466
-5.41079401524
-5.50614387421
-0.583908808369
-0.700996709594
-0.816624511806
-0.934542181468
-1.02247353157
-1.10655262097
-1.19176853291
-1.25130446899
-1.31079195192
-1.37081836837
-0.535556307408
-0.690643814398
-0.843797363111
-0.999983930866
-1.11677796686
-1.23009033036
-1.34493477572
-1.42983730451
-1.5156186657
-1.60217717277
-1.51268839455
-1.61484961846
-1.71573688066
-1.81862209192
-1.89585598235
-1.97090773501
-2.04697425276
-2.10450155645
-2.16178103418
-2.21957944175
-1.47631365888
-1.61366194189
-1.74929747669
-1.88761910766
-1.99629813034
-2.10248560422
-2.21010882526
-2.2956127544
-2.38093948753
-2.46703924776
-2.33532174232
-2.42426219488
-2.51209355022
-2.60166429831
-2.66942329589
-2.73647940745
-2.80444217605
-2.86019040536
-2.91551422132
-2.9713392496
-2.30955588447
-2.43119228338
-2.55131186301
-2.67381026426
-2.7753017037
-2.87517856107
-2.97640584056
-3.0624424386
-3.14736650114
-3.23305994276
-3.34371100732
-3.41644535308
-3.48827269355
-3.5615224868
-3.6176670996
-3.6749221027
-3.73295124332
-3.78651867175
-3.83944522491
-3.89285127213
-3.33094958036
-3.43332625037
-3.53442627204
-3.63752845621
-3.73020930976
-3.8223505727
-3.91573766578
-4.00242721278
-4.08685767912
-4.17205305275
-4.776685226
-4.82638984104
-4.87547463407
-4.92553149149
-4.97495071034
-5.00849856436
-5.0524114968
-5.09633229259
-5.13973017497
-5.20236835677
-4.78240377978
-4.85741136136
-4.93148359014
-5.00702272898
-5.08159962866
-5.16833185237
-5.25057762793
-5.33283813099
-5.41411925468
-5.50641168274
-1.05076107814
-0.96127888155
-0.872912537802
-0.782796206506
-0.761903027526
-0.742794466687
-0.723427541459
-0.761140526793
-0.794881530667
-0.828928214953
-1.01635219476
-0.927136391204
-0.839033118536
-0.74918506812
-0.790866247785
-0.823218567705
-0.856008319173
-0.958891303813
-1.04830077755
-1.13852026645
-1.92617782093
-1.8528689426
-1.78047423406
-1.7066458367
-1.69874915052
-1.69082346991
-1.68279062719
-1.72465836451
-1.76239876815
-1.80048108521
-1.90564791944
-1.83515594901
-1.76554302121
-1.69455149437
-1.74529642926
-1.78527262886
-1.82578934149
-1.92689493431
-2.01563567781
-2.10518037804
-2.70154693597
-2.64256299668
-2.5843145936
-2.52491265201
-2.52852714518
-2.53050630133
-2.5325122174
-2.57805987792
-2.61934260706
-2.66099934172
-2.69330984702
-2.63940184307
-2.58616607787
-2.53187604333
-2.59064887572
-2.63737765445
-2.68473824697
-2.78426957846
-2.87241801804
-2.96136504831
-3.65199939957
-3.61057506296
-3.56966729239
-3.52794939336
-3.54567436443
-3.5597949334
-3.57410642476
-3.62416495887
-3.66978989347
-3.71582817229
-3.65883091953
-3.62525164869
-3.59209111506
-3.55827387754
-3.62688735847
-3.68189349227
-3.73764335692
-3.8352449487
-3.92266733832
-4.01088174089
-5.00264237416
-4.98617115715
-4.96990533803
-4.95331739423
-4.93694075239
-5.02246825265
-5.05426661417
-5.08607066972
-5.11749607167
-5.21479545783
-5.03088718047
-5.02619610931
-5.02156353633
-5.01683922089
-5.01217508514
-5.16620547233
-5.23387693421
-5.30156051382
-5.3684382644
-5.50230019877
-0.812175157697
-0.819995325689
-0.839146197707
-0.866677013997
-0.900499021537
-0.939863500614
-0.984466390791
-1.03276223913
-1.08316033707
-1.1353998441
-0.783303793485
-0.798590108477
-0.83811163089
-0.896280931323
-0.966936171927
-1.04631778112
-1.13261559462
-1.22195324087
-1.31101999389
-1.39986611459
-1.70437546651
-1.72353197717
-1.74244960404
-1.76969025948
-1.80321790109
-1.8423558704
-1.88202301915
-1.93514028211
-1.98562128701
-2.03655963024
-1.67533687591
-1.7147404558
-1.75365266872
-1.8109388389
-1.88059311355
-1.95899777524
-2.03846253625
-2.13275171815
-2.22093569171
-2.30991857787
-2.50485998367
-2.52380729705
-2.54251833535
-2.56950199118
-2.60276890869
-2.64170625507
-2.68117006829
-2.7343894059
-2.78494384267
-2.83758842065
-2.4873308153
-2.52618790629
-2.56456044509
-2.62106441418
-2.68983211899
-2.76737148431
-2.8459592494
-2.93945894089
-3.02686102406
-3.11424131859
-3.49759936991
-3.50478994723
-3.52324774794
-3.54991637199
-3.58286369221
-3.6215551137
-3.66582357438
-3.71411413828
-3.76475858832
-3.81763638897
-3.50655663325
-3.52086542625
-3.55857642902
-3.61412157097
-3.68180251275
-3.75828119221
-3.84172587806
-3.92832585908
-4.01476949598
-4.10130582998
-4.88049145394
-4.8988179238
-4.91691586056
-4.93537220486
-4.95359344697
-5.0139719128
-5.05283227864
-5.09169960309
-5.13010417987
-5.20835925264
-4.89711928059
-4.93435453356
-4.97112545882
-5.00862458736
-5.04564604128
-5.16641604028
-5.24240110779
-5.31839978172
-5.39349362855
-5.50449187067
-0.788314580166
-0.804386930511
-0.835415838737
-0.873640435527
-0.915810506525
-0.961634833733
-1.01111506414
-1.06276982918
-1.11500813071
-1.16731358738
-0.75918079909
-0.784388872054
-0.838009828927
-0.907803251619
-0.98638761437
-1.0709648157
-1.16035750782
-1.25101518403
-1.34004407475
-1.42744687349
-1.67987170329
-1.70924338955
-1.73824880764
-1.77442763754
-1.81475915607
-1.85909651354
-1.9040333507
-1.95839341251
-2.01028194384
-2.06264056514
-1.64989310958
-1.70143747378
-1.75233907409
-1.81935139992
-1.89554010509
-1.97819017679
-2.06195774946
-2.15549388381
-2.24361634784
-2.33253716722
-2.48313086127
-2.51068768183
-2.53790086582
-2.57226773075
-2.6109708171
-2.65399114422
-2.69759314364
-2.75166001489
-2.80323874976
-2.85568810902
-2.46457514423
-2.51368052103
-2.56217354838
-2.62672261698
-2.70078945402
-2.78173263947
-2.8637702473
-2.95660358933
-3.04392321828
-3.13026182702
-3.48211649067
-3.49310326593
-3.51811951777
-3.55026526436
-3.58697220803
-3.62837811086
-3.6745640042
-3.72405133394
-3.7752503183
-3.82778253057
-3.49027567491
-3.50933328862
-3.5548738717
-3.6164034637
-3.68786930109
-3.76672017437
-3.85149431687
-3.93860903481
-4.02494454335
-4.11067043663
-4.86699674946
-4.88916751701
-4.91106181265
-4.93338969809
-4.95543316453
-5.01303327398
-5.05267381946
-5.09232146326
-5.13149706905
-5.20764820858
-4.88234118253
-4.92420827414
-4.96555327852
-5.00771707024
-5.04934376751
-5.16643930291
-5.24334282156
-5.32026011109
-5.39626163663
-5.50473399709
-0.746561018959
-0.789473909788
-0.831851672147
-0.875068674348
-0.930439844796
-0.982436225437
-1.03513564244
-1.09144054178
-1.14543706342
-1.1999227726
-0.726034792699
-0.782737061352
-0.86671808342
-0.956148047435
-1.04767767259
-1.1403100039
-1.23371265156
-1.32677786304
-1.41576572564
-1.50023042451
-1.65645961483
-1.69559137722
-1.73423516223
-1.7789539592
-1.82578623302
-1.87509133908
-1.92506309313
-1.98061058549
-2.0338439361
-2.08755956023
-1.62558289638
-1.68872715704
-1.75108400182
-1.82738917032
-1.90982118858
-1.99652753171
-2.08440622013
-2.17722285619
-2.26528655102
-2.35414806877
-2.46236979974
-2.49815256266
-2.53348911059
-2.57491025299
-2.61880731973
-2.66572872546
-2.71328454946
-2.76816119563
-2.82071859476
-2.87298143256
-2.44283326811
-2.50173035616
-2.55989299105
-2.63212873943
-2.71125862542
-2.79545398635
-2.88078774191
-2.97298442123
-3.0602252694
-3.14556860081
-3.45025970383
-3.48193724159
-3.51321975697
-3.54512178438
-3.59089768409
-3.63489713456
-3.67949149593
-3.73354581451
-3.78527462796
-3.8374720844
-3.44894787467
-3.4822798075
-3.54866374793
-3.6266953005
-3.70904882811
-3.79480741059
-3.88347366635
-3.97211892403
-4.05823566025
-4.14202119117
-4.85410325175
-4.87994704849
-4.90546857025
-4.93149551458
-4.95719092025
-5.01213645275
-5.05252241985
-5.09291561875
-5.13282790318
-5.20696884245
-4.86822146809
-4.91451404388
-4.96022934616
-5.00684998419
-5.05287675519
-5.16646152916
-5.24424258074
-5.32203756034
-5.39890632633
-5.50496533646
-0.721005502689
-0.775040760883
-0.828402193461
-0.882820384061
-0.944598439595
-1.00256826907
-1.06132190114
-1.11918868696
-1.17488685263
-1.23108962208
-0.676546478043
-0.757688376055
-0.83781842567
-0.919535353084
-1.0229593005
-1.11730500951
-1.2129263547
-1.30565608106
-1.39461378487
-1.48437741097
-1.63380088155
-1.68237865993
-1.73035066808
-1.77927270327
-1.83645848022
-1.89057148245
-1.94541613962
-2.00211285332
-2.05664774957
-2.11167671083
-1.60205493826
-1.67642583341
-1.74986931532
-1.82476725572
-1.92364273475
-2.01427482644
-2.10613234296
-2.19825263278
-2.28625944948
-2.37506357381
-2.44227678854
-2.48602079909
-2.52921931702
-2.57746774404
-2.62639165905
-2.6770886143
-2.72847103656
-2.78413140067
-2.83763597257
-2.89162527515
-2.42179100302
-2.49016472421
-2.55768581758
-2.63736090345
-2.72139091937
-2.80873380715
-2.89725764685
-2.98883815001
-3.07600275242
-3.16395703232
-3.43331177131
-3.47113051806
-3.50847766089
-3.54656441828
-3.59469684601
-3.64120638883
-3.68834478119
-3.74273478129
-3.79497637496
-3.84769125722
-3.35141098938
-3.43005937651
-3.55827802424
-3.6820472998
-3.79428580686
-3.8990659697
-3.9989753907
-4.092761216
-4.17947483855
-4.25983133351
-4.84162464155
-4.8710232766
-4.90005530744
-4.9296622822
-4.95889211484
-5.01126848948
-5.05237589198
-5.09349065547
-5.13411591368
-5.20631133701
-4.85455609843
-4.90513175498
-4.95507672752
-5.00601079927
-5.05629605824
-5.16648304022
-5.24511338744
-5.32375781476
-5.40146591509
-5.50518923178
-0.69424337767
-0.759926148001
-0.824789846958
-0.890938092278
-0.959425535245
-1.02365085112
-1.08874454922
-1.1482469663
-1.20572711945
-1.26372802051
-0.648968709083
-0.743936405495
-0.837719844282
-0.933360549571
-1.04179538321
-1.14117231823
-1.24189291599
-1.3337986297
-1.422719669
-1.51244629845
-1.6100723117
-1.66854210159
-1.72628276676
-1.78516691531
-1.84763461967
-1.90678252385
-1.96673015921
-2.02463035498
-2.08052824959
-2.13693255746
-1.57741610294
-1.66354370036
-1.74859727716
-1.8353352362
-1.93811686796
-2.0328600632
-2.12888426897
-2.22027533441
-2.30822258748
-2.39696660855
-2.42123508185
-2.47331623191
-2.5247479243
-2.57719815856
-2.63433409445
-2.68898486255
-2.74437455664
-2.80085564209
-2.85535210771
-2.91034229018
-2.39975522322
-2.47805301867
-2.55537443199
-2.6342271015
-2.73200161159
-2.82264063731
-2.91450518161
-3.00544041573
-3.09252517241
-3.18039888322
-3.4155636388
-3.45981355295
-3.5035116658
-3.54807516642
-3.59867538611
-3.64781353579
-3.69761607607
-3.75235760694
-3.80513619186
-3.8583929303
-3.15146108107
-3.37888286027
-3.6643202295
-3.88280506998
-4.05497288071
-4.19892602236
-4.32436273771
-4.43344375333
-4.52783541548
-4.61018036782
-4.82855685131
-4.86167816706
-4.89438645635
-4.92774249338
-4.96067363167
-5.01035954514
-5.05222244577
-5.09409284267
-5.13546473785
-5.20562278731
-4.84024551564
-4.89530647945
-4.94968082698
-5.00513199208
-5.05987680436
-5.16650556692
-5.24602530944
-5.32555929133
-5.40414635534
-5.50542369836
-0.667507354935
-0.744826277069
-0.821181023736
-0.899047882936
-0.974238169373
-1.0447128704
-1.11614045077
-1.17727690382
-1.2365373064
-1.29633458526
-0.621417837941
-0.73019784784
-0.837621359045
-0.947172261732
-1.06061309425
-1.16501634811
-1.27083122491
-1.36191372966
-1.45079814023
-1.54048780909
-1.58636688538
-1.65471903865
-1.72221883305
-1.79105537846
-1.85879985854
-1.9229777539
-1.9880233903
-2.04712589432
-2.10438545791
-2.16216377094
-1.55280129897
-1.65067413182
-1.74732647967
-1.84589290926
-1.9525768839
-2.05142717295
-2.15161400402
-2.24227655634
-2.33016430386
-2.4188482803
-2.40021389806
-2.46062405605
-2.52028089273
-2.58111916021
-2.64226878324
-2.70086950785
-2.76026256532
-2.81756357162
-2.87305096352
-2.92904104968
-2.37774093589
-2.4659531262
-2.55306530079
-2.64190262565
-2.74260195473
-2.83653390352
-2.93173589408
-3.02202648853
-3.10903147736
-3.19682469765
-3.39783281683
-3.44850762577
-3.49855051427
-3.54958444107
-3.60265004577
-3.65441423851
-3.70687832824
-3.76197104703
-3.81528609944
-3.86908416556
-2.78775477891
-3.39780559298
-3.9154587333
-4.23400159687
-4.46165468209
-4.64216729368
-4.79434476261
-4.92403407593
-5.03455678672
-5.13147426935
-4.81550180667
-4.85234217221
-4.88872313435
-4.92582457702
-4.9624534109
-5.00945148734
-5.05206914923
-5.09469444253
-5.13681224645
-5.20493490918
-4.8259488906
-4.88549078695
-4.9442901893
-5.00425404202
-5.06345405803
-5.16652807166
-5.24693634201
-5.32735901084
-5.40682418124
-5.50565793625
-0.640799041155
-0.729742055497
-0.817575940663
-0.907149268686
-0.98903545183
-1.0657530612
-1.14350795948
-1.20627675499
-1.26731556198
-1.32890735689
-0.593895520254
-0.716473528692
-0.837522975877
-0.96096965957
-1.0794113028
-1.18883566627
-1.29973954246
-1.38999969141
-1.4788475112
-1.56850025779
-1.56268602713
-1.6409103018
-1.71815911116
-1.79693773887
-1.86995352587
-1.93915619937
-2.0092945533
-2.0695981195
-2.12821794084
-2.18736883504
-1.52821200555
-1.63781790118
-1.74605699922
-1.85643964046
-1.96702191362
-2.06997503993
-2.17432018219
-2.26425497641
-2.35208328006
-2.44070727409
-2.37921450043
-2.44794503424
-2.51581849074
-2.58503609817
-2.65019524859
-2.71274183603
-2.77613410782
-2.83425418522
-2.89073147641
-2.94772042997
-2.35574946395
-2.45386577395
-2.55075856276
-2.64957019496
-2.75319131177
-2.85041277088
-2.94894874881
-3.03859537169
-3.12552067534
-3.21323348853
-3.38012037092
-3.43721341595
-3.49359450442
-3.55109215152
-3.60662058612
-3.66100810033
-3.7161309811
-3.77157452384
-3.82542548776
-3.87976432053
-2.52674699974
-3.38526456395
-4.09222100191
-4.44424380591
-4.68549782753
-4.87468295046
-5.03504921125
-5.17330146359
-5.29240793577
-5.39827027709
-4.80246029214
-4.8430158531
-4.88306568176
-4.92390864837
-4.96423134559
-5.00854437064
-5.05191601155
-5.0952954189
-5.1381583585
-5.20424774396
-4.81166708244
-4.87568526733
-4.93890513841
-5.00337700186
-5.06702760426
-5.16655055307
-5.2478464304
-5.32915686514
-5.40949923186
-5.50589193139
-0.974440007841
-0.923683438661
-0.873559809484
-0.822443543029
-0.809821035209
-0.80078382117
-0.791624416124
-0.824997890899
-0.856688099095
-0.888665408289
-0.938445514292
-0.893676359457
-0.849465480909
-0.80437905989
-0.843390034668
-0.880983626921
-0.91908551729
-1.01489040894
-1.10021606336
-1.18631473512
-1.86005257851
-1.81923161285
-1.77891968913
-1.73780943697
-1.73571059256
-1.73572794606
-1.73574553419
-1.77388774165
-1.80983557407
-1.84610907992
-1.8372187184
-1.80419223943
-1.77157760429
-1.73831707613
-1.78629719124
-1.83062054042
-1.87554317989
-1.970801406
-2.0562074815
-2.14238730291
-2.64445228395
-2.61243142427
-2.58080986824
-2.54856208589
-2.5557842005
-2.56382131382
-2.57196709591
-2.61433303804
-2.65405190906
-2.69413061764
-2.63327498489
-2.6106491617
-2.58830548501
-2.56551931908
-2.62144352992
-2.67172752094
-2.72269139533
-2.81746543198
-2.90294273756
-2.98919443439
-3.60597450353
-3.58474087053
-3.56377202327
-3.5423879136
-3.56103571991
-3.57890350656
-3.59701288125
-3.64455630457
-3.68889773903
-3.73364088969
-3.60908589221
-3.59920925996
-3.5894557904
-3.57950916528
-3.64517129991
-3.70276188417
-3.76113114329
-3.85531165736
-3.94087627726
-4.02721607943
-4.97234818399
-4.96644376785
-4.96061298044
-4.95466672139
-4.9487962075
-5.02138872782
-5.05365689198
-5.08593083431
-5.11782052865
-5.21083969735
-4.99576454998
-5.00400518907
-5.01214306648
-5.02044210462
-5.02863542723
-5.16791597927
-5.23680867987
-5.30571371687
-5.37379838239
-5.50229946975
-0.805566967474
-0.822880970405
-0.839979065815
-0.857415768128
-0.89877362036
-0.937571951521
-0.976894869919
-1.03017802987
-1.08072334224
-1.13172657555
-0.788987832286
-0.802181236602
-0.838192343114
-0.894128241534
-0.963721481447
-1.04278216358
-1.12914724276
-1.21875726288
-1.30820479108
-1.39754578878
-1.70910829438
-1.72632231947
-1.74332168377
-1.76912509022
-1.80181985074
-1.84048491947
-1.87967277361
-1.93303189436
-1.98363202976
-2.03469058277
-1.68033143254
-1.71741071689
-1.75402761848
-1.80979333453
-1.87871092851
-1.95683651726
-2.03601843204
-2.1307320147
-2.21914258758
-2.30835412596
-2.50938775536
-2.52651322864
-2.54342514539
-2.56910731106
-2.60166079764
-2.64020783393
-2.67927605974
-2.73270246006
-2.78335115299
-2.8361901554
-2.49211644942
-2.5288154272
-2.56505676468
-2.62020353851
-2.68834416326
-2.76564903209
-2.84399913009
-2.93784725743
-3.02542928555
-3.11303725049
-3.49037548172
-3.50739240763
-3.5241971306
-3.54133465059
-3.58211099062
-3.62051334199
-3.6594349266
-3.71294379865
-3.76365201373
-3.81481962557
-3.51139139035
-3.52410134988
-3.55918855303
-3.61328995589
-3.68042058291
-3.75672913045
-3.84021048146
-3.92694289995
-4.01356896188
-4.10033146168
-4.88441067181
-4.90127334619
-4.91792574116
-4.93490791649
-4.951673768
-5.01357906396
-5.05229226373
-5.09101239575
-5.12927153256
-5.20796409384
-4.90128488661
-4.93685521262
-4.97198197276
-5.00780437549
-5.0431704622
-5.16599585029
-5.24187733078
-5.31777239914
-5.3927638739
-5.50417443471
-0.803894131217
-0.814101063844
-0.835847280515
-0.867537082589
-0.906062875392
-0.949963819737
-0.998636383328
-1.05027106652
-1.10306156676
-1.15632558779
-0.774782476418
-0.792937961185
-0.836026261292
-0.899513706629
-0.975374212542
-1.05907311937
-1.14853754444
-1.23991159871
-1.32995622112
-1.41852748331
-1.6924326238
-1.71605810324
-1.73938897036
-1.77130153715
-1.80912331518
-1.85205801606
-1.8955732315
-1.9506134509
-2.00283230926
-2.05552425022
-1.66299920487
-1.70782347024
-1.75208877208
-1.81477813047
-1.88892039784
-1.97078031159
-2.05374704268
-2.1484004555
-2.23714295223
-2.32668942157
-2.49446641137
-2.51702135861
-2.53929504317
-2.57005107892
-2.60672904534
-2.64864668575
-2.69113108917
-2.745779401
-2.79763557331
-2.85061799315
-2.47652186595
-2.51977479073
-2.56248834678
-2.62336791194
-2.6957350554
-2.77602507375
-2.8574006831
-2.95114651998
-3.03896106873
-3.12590082371
-3.47760460259
-3.49884728454
-3.5198250679
-3.54121829066
-3.58443929523
-3.62511021634
-3.66633104375
-3.72049895272
-3.77191054214
-3.82378790062
-3.50177651665
-3.5166784244
-3.5557826878
-3.61368605166
-3.68369325467
-3.76204398409
-3.84684612761
-3.93427116294
-4.02105253727
-4.10731821556
-4.87469571643
-4.89407360034
-4.9132098399
-4.93272504932
-4.95199166842
-5.01271628613
-5.05214150551
-5.09157378465
-5.13053658987
-5.20764640963
-4.89084718271
-4.92943677414
-4.96754514911
-5.00640821392
-5.0447762299
-5.16578372276
-5.24243729338
-5.31910459012
-5.39485909924
-5.50438157271
-0.773243891013
-0.795639984001
-0.834149740591
-0.882186846445
-0.934986801235
-0.991006460738
-1.05014754497
-1.11118904803
-1.17214353526
-1.23062355964
-0.737166646884
-0.764185659974
-0.822817415833
-0.901115868688
-0.987751449831
-1.08027515529
-1.17661970612
-1.27314884119
-1.36622250081
-1.45525565446
-1.67649987619
-1.7062511713
-1.73563146448
-1.77338102051
-1.81610140071
-1.86311551603
-1.91076530315
-1.96741172607
-2.02117719115
-2.0754297505
-1.64643915065
-1.69866334798
-1.75023630383
-1.81954084721
-1.89867502194
-1.98410289161
-2.07068582049
-2.1652817441
-2.25434137704
-2.34420785573
-2.48020983281
-2.50795236382
-2.53534894241
-2.57095280069
-2.61157149597
-2.65670957567
-2.70245796152
-2.75827374709
-2.81128360398
-2.86440305183
-2.46162204161
-2.51113692647
-2.56003435526
-2.6263913084
-2.70279667362
-2.78593884917
-2.87020517936
-2.96385328296
-3.05188999324
-3.1381913079
-3.46988244069
-3.48308031945
-3.51094508844
-3.54806546837
-3.59055597828
-3.63747661892
-3.68850937699
-3.74185812355
-3.79570844116
-3.84921601867
-3.47735616567
-3.49936024686
-3.54909671318
-3.61733838823
-3.6955812894
-3.77999044539
-3.86879883767
-3.95837292838
-4.04578757853
-4.13106638218
-4.86541357504
-4.8871946126
-4.90870403821
-4.93063943175
-4.95229540596
-5.01189194619
-5.05199746377
-5.09211016293
-5.13174528721
-5.20734287866
-4.88087449219
-4.9223488368
-4.96330599177
-5.00507425319
-5.04631045854
-5.16558104579
-5.2429723089
-5.32037743024
-5.39686097955
-5.50457948245
-0.751833792435
-0.790806953976
-0.829294115904
-0.868543469084
-0.927077160213
-0.981096131198
-1.03584548573
-1.09546364502
-1.15200840296
-1.20906543448
-0.708230049597
-0.771918429145
-0.834812607593
-0.898952328455
-1.00317913067
-1.09542292364
-1.18891393306
-1.28456831151
-1.37519356758
-1.46663985332
-1.66107981321
-1.69675980723
-1.73199486779
-1.76792771571
-1.82285494511
-1.8738172073
-1.92546852367
-1.98366946561
-2.03893177065
-2.09469473074
-1.63041196656
-1.68979798054
-1.74844344438
-1.80825031003
-1.90811576133
-1.99699677708
-2.08707954158
-2.18161982588
-2.27098639021
-2.36116258097
-2.46641200304
-2.49917519153
-2.53152981946
-2.57182550681
-2.61625812602
-2.66451301756
-2.71342035728
-2.77036604957
-2.82449246774
-2.87910925028
-2.44720166445
-2.50277701177
-2.55765932838
-2.62931741788
-2.70963106278
-2.79553361869
-2.88259765199
-2.97615116718
-3.06440289026
-3.15345413974
-3.41775870366
-3.44734386563
-3.49877550193
-3.56021213452
-3.62445398843
-3.68988829027
-3.75612855131
-3.82114098379
-3.88301761055
-3.94005187222
-3.42145148336
-3.46458662924
-3.54506419567
-3.64306066134
-3.74490082599
-3.84656339301
-3.94701456837
-4.04333080327
-4.13351599558
-4.21758799086
-4.8564301148
-4.88053697722
-4.90434322441
-4.92862092526
-4.95258936982
-5.01109413189
-5.05185805701
-5.09262928161
-5.13291509104
-5.20704911472
-4.87122270334
-4.91548897542
-4.95920324222
-5.00378321669
-5.0477953187
-5.16538489057
-5.24349010868
-5.32160931286
-5.39879844326
-5.50477102384
-0.733767637348
-0.780023035947
-0.825701624635
-0.872284822002
-0.936593369521
-0.995729820339
-1.05566584749
-1.11741395871
-1.17597584879
-1.23506828688
-0.689546347163
-0.762036864751
-0.833623417609
-0.906627654743
-1.01614720788
-1.11282627235
-1.210812522
-1.30645468518
-1.39751004346
-1.48939032797
-1.64493168891
-1.68682030652
-1.72818656846
-1.77037203872
-1.82992735944
-1.88502418104
-1.94086595966
-2.00069481755
-2.05752463612
-2.11486931082
-1.61362805582
-1.68051403301
-1.74656593471
-1.81392591368
-1.9180022471
-2.0104994499
-2.10424729546
-2.19872931342
-2.28841730097
-2.37891782691
-2.45196270601
-2.48998360332
-2.52753037586
-2.56582071638
-2.62116603623
-2.67268490051
-2.72490034472
-2.78302929251
-2.83832499062
-2.89412164631
-2.43210042634
-2.49402238204
-2.55517216415
-2.61753294302
-2.71678813897
-2.80558140715
-2.89557523766
-2.98902969844
-3.0775065862
-3.16678504025
-3.32234530026
-3.39552280881
-3.51321027708
-3.63946046348
-3.75844607127
-3.86867829471
-3.97130800379
-4.06468849988
-4.14781514715
-4.21977709083
-3.31629547024
-3.41705959725
-3.58290076667
-3.75485610025
-3.91143097772
-4.0520906749
-4.17966734768
-4.2936706079
-4.39400185693
-4.48230429441
-4.8470224987
-4.87356500027
-4.89977651392
-4.9265071146
-4.95289721324
-5.01025864863
-5.05171206813
-5.09317291058
-5.13414012739
-5.20674148066
-4.86111520337
-4.90830522432
-4.95490678053
-5.00243122366
-5.04935028683
-5.16517947384
-5.24403235647
-5.32289935906
-5.40082738471
-5.50497160889
-0.715719102982
-0.76924963595
-0.822112637282
-0.876022525813
-0.94610029725
-1.01034923659
-1.07546687757
-1.1393428633
-1.19991991811
-1.26104577755
-0.670880867771
-0.752164938284
-0.832435387494
-0.914295494946
-1.02910263675
-1.1302126468
-1.23268975227
-1.3283197121
-1.41980475309
-1.51211861307
-1.6287993146
-1.67689050026
-1.72438198354
-1.77281397767
-1.83699287573
-1.89622022411
-1.95624837784
-2.0177035639
-2.07609936715
-2.13502421374
-1.59686051516
-1.67123914053
-1.74469025627
-1.81959598167
-1.92787909013
-2.02398895296
-2.12139830486
-2.21582211332
-2.30583121059
-2.39665575537
-2.43752750202
-2.48080098007
-2.52353483309
-2.56711497789
-2.62606915953
-2.68084881306
-2.73636913522
-2.79568018443
-2.85214402202
-2.90911940009
-2.41701391713
-2.4852762911
-2.55268742575
-2.62143355562
-2.72393823456
-2.81561939556
-2.90854016572
-3.00189566869
-3.09059750151
-3.18010293855
-3.14642279229
-3.34769491748
-3.61404452237
-3.8454046018
-4.03762570339
-4.20015357368
-4.34240956522
-4.46632721206
-4.57448681683
-4.66917210268
-3.11952089145
-3.38720348543
-3.72202624356
-3.99402512274
-4.21119554939
-4.39103164689
-4.54602087836
-4.68008132525
-4.79593857482
-4.8978319303
-4.83762405827
-4.86659982339
-4.89521425754
-4.92439536563
-4.9532047564
-5.00942398025
-5.05156622164
-5.09371600932
-5.1353639689
-5.20643414665
-4.85101756168
-4.90112847986
-4.95061450937
-5.00108054928
-5.05090373834
-5.16497425746
-5.24457407538
-5.32418814702
-5.40285434724
-5.5051719983
-0.697689273941
-0.7584874014
-0.81852736952
-0.879756355904
-0.955597372091
-1.02495350143
-1.09524738606
-1.16124904098
-1.22383917203
-1.2869963454
-0.6522347331
-0.742303242986
-0.831248588642
-0.921955388273
-1.04204463875
-1.14758100219
-1.2545443092
-1.35016207832
-1.4420763567
-1.5348233428
-1.61268365971
-1.66697098515
-1.72058134166
-1.77525338582
-1.84405106939
-1.90740466372
-1.97161485383
-2.03469468255
-2.09465484751
-2.15515822832
-1.58011035221
-1.66197386046
-1.74281652175
-1.82526017325
-1.93774569691
-2.03746447564
-2.13853153912
-2.23289719841
-2.3232270726
-2.41437530042
-2.42310725854
-2.47162787361
-2.51954343126
-2.56840789804
-2.63096720129
-2.68900426461
-2.74782603958
-2.80831796508
-2.86594873151
-2.92410161034
-2.40194304343
-2.47653926451
-2.55020526251
-2.62533012566
-2.73108091985
-2.82564698069
-2.92149165706
-3.01474830477
-3.10367484953
-3.1934070343
-2.82876288852
-3.33294827964
-3.80712374214
-4.1206545316
-4.35417287407
-4.54203047858
-4.70228649585
-4.84045524109
-4.96035123916
-5.06606475965
-2.76758562625
-3.40856859109
-3.93507378255
-4.27067295244
-4.51728304825
-4.71472187533
-4.88224845009
-5.02614006001
-5.15001825724
-5.25948570629
-4.82823535828
-4.85964186516
-4.89065672945
-4.92228580525
-4.95351198084
-5.00859017692
-5.05142052631
-5.09425854521
-5.13658654204
-5.20612713116
-4.8409303851
-4.89395917331
-4.94632668669
-4.99973127473
-5.05245557986
-5.16476925376
-5.24511523287
-5.32547559929
-5.40487920905
-5.50537218003
-0.898118937546
-0.886087995772
-0.874207081167
-0.862090879553
-0.857739042892
-0.858773175653
-0.859821290788
-0.888855255005
-0.918494667523
-0.948402601625
-0.860538833825
-0.860216327711
-0.859897843283
-0.85957305166
-0.895913821551
-0.938748686137
-0.982162715406
-1.07088951407
-1.15213134916
-1.23410920378
-1.79392733609
-1.7855942831
-1.77736514419
-1.76897303724
-1.7726720346
-1.78063242221
-1.7887004412
-1.8231171188
-1.85727238
-1.89173707462
-1.76878951736
-1.77322852985
-1.77761218738
-1.78208265789
-1.82729795322
-1.87596845198
-1.92529701828
-2.0147078777
-2.09677928518
-2.17959422779
-2.58735763194
-2.58229985187
-2.57730514288
-2.57221151977
-2.58304125582
-2.59713632631
-2.61142197443
-2.65060619816
-2.68876121105
-2.72726189356
-2.57324012277
-2.58189648032
-2.59044489215
-2.59916259483
-2.65223818412
-2.70607738744
-2.76064454368
-2.8506612855
-2.93346745709
-3.01702382048
-3.5599496075
-3.55890667811
-3.55787675416
-3.55682643383
-3.57639707539
-3.59801207972
-3.61991933773
-3.66494765027
-3.70800558459
-3.7514536071
-3.55934086489
-3.57316687122
-3.58682046574
-3.60074445302
-3.66345524135
-3.72363027606
-3.78461892966
-3.87537836602
-3.95908521619
-4.04355041798
-4.94205399382
-4.94671637855
-4.95132062284
-4.95601604856
-4.9606516626
-5.02030920298
-5.0530471698
-5.08579099891
-5.11814498563
-5.20688393686
-4.96064191948
-4.98181426882
-5.00272259663
-5.02404498834
-5.04509576933
-5.16962648622
-5.23974042552
-5.30986691993
-5.37915850038
-5.50229874073
-0.820404644765
-0.825766615121
-0.840811933922
-0.865161700045
-0.897048219183
-0.935280402429
-0.979340144396
-1.02759382061
-1.07828634742
-1.13119172028
-0.791655340528
-0.804027140738
-0.8385874695
-0.89334721264
-0.962281606615
-1.04100441347
-1.12729999104
-1.21699249852
-1.30661779876
-1.39622151694
-1.71384112226
-1.72911266177
-1.74419376351
-1.76855992097
-1.80042180038
-1.83861396853
-1.87732252807
-1.93092350661
-1.98164277251
-2.0328215353
-1.68532598917
-1.72008097797
-1.75440256825
-1.80864783017
-1.87682874347
-1.95467525929
-2.03357432782
-2.12871231126
-2.21734948345
-2.30678967405
-2.51391552706
-2.52921916024
-2.54433195542
-2.56871263093
-2.60055268659
-2.6387094128
-2.67738205118
-2.73101551422
-2.78175846331
-2.83479189014
-2.49690208354
-2.5314429481
-2.56555308428
-2.61934266284
-2.68685620753
-2.76392657987
-2.84203901079
-2.93623557396
-3.02399754703
-3.11183318239
-3.50463341434
-3.50999486803
-3.52514651326
-3.54954498507
-3.58135828903
-3.61947157028
-3.66349563492
-3.71177345902
-3.76254543913
-3.815652594
-3.51398989257
-3.52601568567
-3.55986662006
-3.61309761901
-3.67979309897
-3.75591206962
-3.83934360985
-3.92610279922
-4.01279194755
-4.09960959583
-4.88832988968
-4.90372876858
-4.91893562176
-4.93444362811
-4.94975408903
-5.01318621513
-5.05175224882
-5.09032518842
-5.12843888525
-5.20756893504
-4.90545049263
-4.93935589169
-4.9728384867
-5.00698416362
-5.04069488313
-5.16557566031
-5.24135355377
-5.31714501656
-5.39203411925
-5.50385699874
-0.811329117071
-0.819102570313
-0.83712258273
-0.865334641221
-0.901390926683
-0.943732589396
-0.991541474728
-1.04292105629
-1.09593943996
-1.14976875676
-0.782480170005
-0.797819602786
-0.836233191726
-0.895905115651
-0.969613631988
-1.05230118323
-1.14153940376
-1.23313332329
-1.32368479244
-1.41289638439
-1.70499354431
-1.72287281694
-1.74052913307
-1.76817543676
-1.80348747429
-1.84501951858
-1.88711311229
-1.9428334893
-1.99538267468
-2.0484079353
-1.67610530016
-1.71420946669
-1.75183847007
-1.81020486102
-1.88230069059
-1.96337044639
-2.0455363359
-2.14130702718
-2.23066955662
-2.32084167592
-2.50580196148
-2.52335503538
-2.54068922052
-2.56783442709
-2.60248727359
-2.64330222729
-2.68466903471
-2.7398987871
-2.79203239686
-2.84554787728
-2.48846858768
-2.52586906043
-2.56280314518
-2.62001320691
-2.69068065679
-2.77031750804
-2.85103111889
-2.94568945063
-3.03399891917
-3.12153982041
-3.49831490834
-3.50459130315
-3.52153061804
-3.54806157653
-3.58190638242
-3.62184232183
-3.66743106886
-3.71694657151
-3.76857076598
-3.82190555273
-3.50763391158
-3.52080662696
-3.55688887596
-3.61268150188
-3.6815980347
-3.75947842232
-3.84416780641
-3.93170661485
-4.01872523456
-4.10530422296
-4.8823946834
-4.89897968366
-4.91535786714
-4.93206040055
-4.94855017231
-5.01239929829
-5.05160919156
-5.09082610603
-5.12957611069
-5.20764461068
-4.89935318289
-4.93466527413
-4.9695370197
-5.00509935761
-5.04020869229
-5.16512814262
-5.24153176519
-5.31794906914
-5.39345656185
-5.50402914833
-0.790106153572
-0.805782666771
-0.833613672853
-0.873398476484
-0.921349537296
-0.974939584719
-1.03332092064
-1.09419901442
-1.15566379073
-1.21508182995
-0.758889536041
-0.780226701352
-0.827707079348
-0.899017458396
-0.982930016678
-1.07341747767
-1.16842028899
-1.26429829567
-1.35734645089
-1.44681621254
-1.69654013755
-1.71691096537
-1.73702776673
-1.76780808182
-1.8064165684
-1.85113969298
-1.89646751316
-1.95421286665
-2.0085104462
-2.06329994077
-1.66729540492
-1.70859953893
-1.74938860583
-1.8116925241
-1.88752885531
-1.9716782515
-2.05696542084
-2.15334063201
-2.24339620307
-2.33426764268
-2.49804986588
-2.51775216497
-2.53720877423
-2.56699534839
-2.60433567221
-2.64769042587
-2.69163137357
-2.74838629854
-2.8018486132
-2.8558246711
-2.48041081511
-2.52054349677
-2.56017571948
-2.62065387737
-2.69433472181
-2.77642371198
-2.8596226168
-2.9547221447
-3.04355471708
-3.13081401498
-3.48338888294
-3.49277918861
-3.51439659262
-3.54640537205
-3.58564580956
-3.63059715938
-3.68062175896
-3.73369081386
-3.78781711199
-3.84197965449
-3.49176924786
-3.50899132826
-3.55116179178
-3.61379743842
-3.68895488194
-3.7719329008
-3.8604109814
-3.9503128647
-4.03841287623
-4.12451924312
-4.87672389834
-4.8944421767
-4.91193950618
-4.92978334891
-4.94739989166
-5.01164743962
-5.05147250769
-5.09130470711
-5.13066267124
-5.20771691486
-4.8935275163
-4.93018362972
-4.96638263738
-5.00329852218
-5.03974416189
-5.16470056242
-5.24170203706
-5.31871730013
-5.39481563276
-5.50419362844
-0.78266208218
-0.806573147069
-0.830186038347
-0.854266554107
-0.90955588083
-0.959623993326
-1.01036907032
-1.07173860307
-1.12912995329
-1.18704124688
-0.739913621151
-0.786148482236
-0.831806789516
-0.878369303826
-0.983398960836
-1.07354083778
-1.16490151142
-1.26348054197
-1.35577335029
-1.44890229567
-1.68835874487
-1.71114095452
-1.7336390675
-1.75658272814
-1.80925141
-1.85706293215
-1.90552090772
-1.96522607791
-2.02121579173
-2.07771275064
-1.65876899487
-1.70317012766
-1.74701757343
-1.79173336433
-1.89258878791
-1.97971872771
-2.0680267402
-2.16498701899
-2.25571333095
-2.34726158812
-2.49054721754
-2.51232958397
-2.53384032189
-2.56618326959
-2.60612459299
-2.65193742082
-2.698369678
-2.75660069848
-2.81134896292
-2.8665932254
-2.47261232589
-2.51538929932
-2.55763283919
-2.62127393231
-2.69787120618
-2.78233343023
-2.86793765712
-2.96346418435
-3.05280302811
-3.14295124715
-3.47387502275
-3.49443177491
-3.51473218212
-3.5354346141
-3.5829368818
-3.62629969726
-3.67024881575
-3.72667281402
-3.7798993018
-3.83360800092
-3.45496370767
-3.48454172949
-3.54423236821
-3.62658129848
-3.72002399074
-3.81793547802
-3.9176217476
-4.01492138498
-4.1070445104
-4.19334711275
-4.87123558804
-4.89005067783
-4.90863114138
-4.92757956833
-4.94628662479
-5.0109197743
-5.05134022204
-5.09176790774
-5.1317142684
-5.20778689244
-4.88788930824
-4.92584619586
-4.96332975691
-5.00155563412
-5.03929457917
-5.16428674092
-5.24186682992
-5.31946081095
-5.39613097143
-5.50435281589
-0.773291897026
-0.800119923893
-0.826613402313
-0.853631551726
-0.913761203797
-0.967808789556
-1.02258714576
-1.08658095113
-1.14622457812
-1.20640855326
-0.730123985243
-0.780137324008
-0.829526990936
-0.879894759915
-0.990499032553
-1.08448022647
-1.179732128
-1.27911074066
-1.37230041791
-1.46633435749
-1.67979106612
-1.70509851146
-1.73009037017
-1.75557716212
-1.81222009921
-1.86326583822
-1.9150017601
-1.97675928011
-2.03452102265
-2.09280606418
-1.64984000869
-1.69748436566
-1.74453459227
-1.79251659116
-1.89788762624
-1.9881388366
-2.07961032194
-2.17718329243
-2.26861201446
-2.36086904526
-2.48269033018
-2.50665097473
-2.53031282741
-2.55444327419
-2.607997978
-2.65638493847
-2.7054261328
-2.76520294293
-2.82129787352
-2.87790100243
-2.46444562946
-2.50999174542
-2.5549698963
-2.60083878455
-2.70157466636
-2.78852217699
-2.87664529372
-2.97261898114
-3.06248799998
-3.15317119728
-3.46688942805
-3.48919915552
-3.51123067822
-3.53369850834
-3.58346763588
-3.62859544846
-3.67433342837
-3.73168227154
-3.7857340133
-3.84027544287
-3.39000374749
-3.44837670945
-3.55570301098
-3.69198548528
-3.83238329044
-3.9671482288
-4.0942927111
-4.2105014762
-4.3143608011
-4.40636830634
-4.86548814608
-4.88545183347
-4.90516657149
-4.92527173581
-4.94512079481
-5.01015775211
-5.05120169049
-5.09225297849
-5.13281551692
-5.20786017402
-4.88198489109
-4.9213039692
-4.96013273408
-4.99973045524
-5.03882376931
-5.16385338075
-5.2420394035
-5.32023942678
-5.39750841407
-5.50451951942
-0.763930851028
-0.793672994831
-0.823044250828
-0.85299716869
-0.917962425127
-0.975985602792
-1.03479330437
-1.10140882279
-1.16330252982
-1.22575696984
-0.720343897601
-0.774132028729
-0.827249415944
-0.881418728159
-0.997592179256
-1.0954089455
-1.19454827963
-1.29472569454
-1.38881136595
-1.48374941705
-1.67123174381
-1.69906196186
-1.72654513404
-1.75457257688
-1.81518589292
-1.86946269433
-1.92447336537
-1.98828123348
-2.0478132764
-2.10788465655
-1.64091973134
-1.69180414925
-1.74205403286
-1.79329905407
-1.90318129637
-1.99655073298
-2.0911826057
-2.1893676703
-2.28149811731
-2.37446323044
-2.47484110598
-2.50097790409
-2.52678877345
-2.55311079556
-2.60986953583
-2.66082811826
-2.71247570512
-2.77379679723
-2.83123708051
-2.88919775049
-2.45628689837
-2.50459945599
-2.5523095507
-2.60096448559
-2.70527451439
-2.7947048876
-2.88534443737
-2.98176484884
-3.07216352566
-3.16338117944
-3.45991064672
-3.48397163973
-3.5077325895
-3.53196409588
-3.58399787229
-3.6308889605
-3.67841405708
-3.73668684312
-3.79156303394
-3.84693638177
-3.28047539906
-3.41409545201
-3.62691930667
-3.85442444547
-4.05865597013
-4.23577790216
-4.39195975757
-4.5288255126
-4.6479015548
-4.75294640244
-4.85974630986
-4.88085747457
-4.90170538074
-4.92296615423
-4.94395610191
-5.00939647316
-5.05106329406
-5.09273757612
-5.13391569135
-5.20793338412
-4.87608623277
-4.91676617278
-4.95693882945
-4.99790705655
-5.03835341865
-5.16342044326
-5.24221180876
-5.32101728319
-5.39888451324
-5.50468606035
-0.754579506727
-0.787232747304
-0.819478798377
-0.852363443123
-0.922159292352
-0.984153941659
-1.04698681263
-1.11622132698
-1.18036278209
-1.24508533391
-0.710573945946
-0.76813295728
-0.824974201408
-0.882941116977
-1.00467797469
-1.1063263381
-1.20934907594
-1.31032446523
-1.4053052022
-1.50114642782
-1.66268129229
-1.69303166849
-1.72300357215
-1.75356903278
-1.81814861292
-1.87565312807
-1.93393515437
-1.9997912456
-2.06109175418
-2.12294762161
-1.63200869888
-1.68612981975
-1.73957604428
-1.79408070604
-1.90846948019
-2.00495391135
-2.10274289606
-2.20153942041
-2.29437086513
-2.38804332674
-2.46700001665
-2.49531071297
-2.52326837178
-2.5517796979
-2.61173915399
-2.66526669319
-2.71951797134
-2.78238174494
-2.84116598661
-2.90048279071
-2.44813662291
-2.49921275508
-2.54965196226
-2.60109005635
-2.70897052793
-2.8008811905
-2.89403456531
-2.99090123786
-3.08182902373
-3.17358058008
-3.45293909812
-3.47874954168
-3.50423812617
-3.53023148095
-3.58452755917
-3.63318009558
-3.68249045666
-3.74168622801
-3.79738601345
-3.85359041734
-3.07741768979
-3.39687141982
-3.77573771048
-4.08272919745
-4.32363295011
-4.52103570253
-4.69055652807
-4.83709577055
-4.96378366954
-5.07613527005
-4.85401042443
-4.87626787722
-4.89824777714
-4.92066296213
-4.94279261608
-5.00863598319
-5.05092504107
-5.09322167151
-5.13501472557
-5.20800651835
-4.87019368776
-4.91223307928
-4.95374823496
-4.99608554761
-5.03788355545
-5.16298795446
-5.24238403534
-5.32179433344
-5.40025918623
-5.50485242868
-0.821797867251
-0.848492552884
-0.874854352849
-0.901738216077
-0.905657050576
-0.916762530136
-0.928018165453
-0.952712619111
-0.980301235951
-1.00813979496
-0.782632153358
-0.826756295964
-0.870330205657
-0.91476704343
-0.948437608435
-0.996513745353
-1.04523991352
-1.12688861919
-1.20404663497
-1.28190367245
-1.72780209367
-1.75195695334
-1.77581059926
-1.80013663752
-1.80963347664
-1.82553689836
-1.84165534821
-1.87234649594
-1.90470918592
-1.93736506933
-1.70036031631
-1.74226482028
-1.78364677046
-1.82584823965
-1.86829871519
-1.92131636354
-1.97505085667
-2.0586143494
-2.13735108887
-2.21680115266
-2.53026297992
-2.55216827947
-2.57380041752
-2.59586095365
-2.61029831114
-2.6304513388
-2.65087685294
-2.68687935827
-2.72347051304
-2.76039316948
-2.51320526065
-2.55314379895
-2.59258429929
-2.63280587058
-2.68303283832
-2.74042725393
-2.79859769204
-2.88385713902
-2.96399217661
-3.04485320657
-3.51392471146
-3.53307248568
-3.55198148505
-3.57126495407
-3.59175843087
-3.61712065287
-3.64282579422
-3.68533899597
-3.72711343015
-3.7692663245
-3.50959583757
-3.54712448249
-3.58418514108
-3.62197974076
-3.6817391828
-3.74449866796
-3.80810671603
-3.89544507468
-3.97729415513
-4.05988475652
-4.91175980364
-4.92698898925
-4.94202826524
-4.95736537572
-4.9725071177
-5.01922967814
-5.05243744761
-5.0856511635
-5.11846944262
-5.20292817638
-4.92551928899
-4.95962334857
-4.99330212678
-5.02764787206
-5.06155611142
-5.17133699316
-5.24267217118
-5.31402012298
-5.38451861837
-5.50229801171
-0.815495653313
-0.828652259837
-0.841644802029
-0.854894645657
-0.895322818006
-0.932988853337
-0.971164166277
-1.02500961135
-1.0758493526
-1.12714968218
-0.793416507233
-0.805413996115
-0.8393125979
-0.893342449254
-0.961722853057
-1.0401383331
-1.12629592509
-1.21600105629
-1.30573313028
-1.39546746495
-1.71857395014
-1.73190300408
-1.74506584324
-1.75848935637
-1.79902375003
-1.8367430176
-1.87497228252
-1.92881511886
-1.97965351527
-2.03095248783
-1.6903205458
-1.72275123906
-1.75477751801
-1.78743803831
-1.87494655842
-1.95251400132
-2.03113022361
-2.12669260781
-2.21555637932
-2.30522522214
-2.51844329875
-2.53192509183
-2.54523876546
-2.5683179508
-2.59944457553
-2.63721099166
-2.67548804263
-2.72932856838
-2.78016577363
-2.83146354426
-2.50168771766
-2.534070469
-2.56604940387
-2.61848178717
-2.68536825181
-2.76220412765
-2.84007889148
-2.9346238905
-3.02256580851
-3.1113044462
-3.49892830674
-3.51259732843
-3.52609589592
-3.53986178606
-3.58060558744
-3.61842979857
-3.65676542598
-3.71060311939
-3.76143886454
-3.81273516182
-3.51517537759
-3.52687152592
-3.56008228386
-3.61277626615
-3.67916912926
-3.75517213995
-3.83858782875
-3.92543518013
-4.012265438
-4.09933060231
-4.89224910755
-4.90618419097
-4.91994550236
-4.93397933973
-4.94783441006
-5.01279336629
-5.05121223391
-5.08963798109
-5.12760623794
-5.20717377625
-4.90961609865
-4.94185657076
-4.97369500064
-5.00616395174
-5.03821930406
-5.16515547033
-5.24082977677
-5.31651763398
-5.39130436461
-5.50353956277
-0.81479941202
-0.826460390214
-0.837975954726
-0.849719570934
-0.894181136762
-0.934781467227
-0.97593074953
-1.03299666984
-1.08640509458
-1.14029737894
-0.786905543201
-0.801012146662
-0.837409427977
-0.894784758749
-0.96680584253
-1.04864212636
-1.13759524811
-1.22928244791
-1.3201586117
-1.40980570258
-1.71755446482
-1.72968753064
-1.74166929579
-1.75388834517
-1.7978516334
-1.8379810211
-1.87865299309
-1.93505352769
-1.9879330401
-2.04129162038
-1.68921139545
-1.72059546314
-1.75158816807
-1.78319464567
-1.87568098334
-1.95596058118
-2.03732562912
-2.13421359886
-2.224196161
-2.31499393027
-2.51713751158
-2.52968871216
-2.54208339788
-2.56561777526
-2.59824550184
-2.63795776882
-2.67820698025
-2.73401817321
-2.78642922041
-2.83931509137
-2.5004153094
-2.53196333014
-2.56311794358
-2.61665850188
-2.68562625817
-2.76460994232
-2.84466155469
-2.94023238127
-3.02903676961
-3.11864569128
-3.49727156891
-3.51033532176
-3.52323616817
-3.5363925001
-3.57937346962
-3.61857442732
-3.65830541611
-3.71339419029
-3.76523098982
-3.81753741065
-3.51090338373
-3.5232865984
-3.55785902906
-3.61233640807
-3.68046089225
-3.75790388589
-3.84245065229
-3.93001241259
-4.01715932674
-4.10392586018
-4.89009365037
-4.90388576699
-4.91750589439
-4.93139575179
-4.9451086762
-5.01208231044
-5.05107687761
-5.09007842742
-5.12861563151
-5.20764281173
-4.90785918308
-4.93989377412
-4.97152889028
-5.0037905013
-5.03564115468
-5.16447256247
-5.24062623701
-5.31679354817
-5.39205402445
-5.50367672395
-0.814134189189
-0.824366171254
-0.834470559378
-0.844775052571
-0.893090318913
-0.936494217821
-0.980484975253
-1.04062789442
-1.09649056444
-1.15285932859
-0.768085067406
-0.785957973037
-0.827645793896
-0.893348532711
-0.97420594673
-1.06327982475
-1.15818053523
-1.25441703071
-1.3480451282
-1.4383136834
-1.71658039891
-1.72757075945
-1.73842406898
-1.74949231506
-1.7967317361
-1.83916386993
-1.88216972318
-1.94101400723
-1.99584370125
-2.05117013104
-1.6881516592
-1.71853572987
-1.74854090784
-1.77914030173
-1.87638268867
-1.9592536114
-2.0432450212
-2.14139951992
-2.2324510291
-2.32432742964
-2.51588989894
-2.52755196613
-2.53906860605
-2.56303789608
-2.59709984846
-2.63867127608
-2.68080478563
-2.73849885
-2.79241362242
-2.84681684177
-2.4991995886
-2.52995006707
-2.56031708369
-2.61491644634
-2.68587277001
-2.76690857479
-2.84904005424
-2.94559100643
-3.03521944092
-3.12565987426
-3.49568864092
-3.50817409045
-3.52050384505
-3.53307777538
-3.57819624425
-3.61871261266
-3.65977679766
-3.71606091533
-3.76885417096
-3.822125713
-3.49970256294
-3.51467621386
-3.5530544617
-3.61229485379
-3.68520337078
-3.76693870891
-3.85495724854
-3.94494395218
-4.03347246604
-4.12013606658
-4.88803422163
-4.9016897408
-4.91517497415
-4.92892726607
-4.94250437737
-5.01140293306
-5.05094755161
-5.09049925129
-5.12958005527
-5.20809095106
-4.9061805404
-4.93801842264
-4.96945928298
-5.00152279118
-5.03317786524
-5.16382007905
-5.24043176522
-5.31705717003
-5.39277028597
-5.50380777443
-0.813490371926
-0.822339340162
-0.83107796079
-0.83998963913
-0.892034601448
-0.938151855453
-0.984892654907
-1.04801356112
-1.10625150361
-1.16501705928
-0.771597192704
-0.800378535327
-0.828800971439
-0.857786279197
-0.963618791004
-1.05165875191
-1.14088908979
-1.24239277242
-1.336353133
-1.43116473801
-1.71563767653
-1.72552210181
-1.73528326721
-1.74523774058
-1.7956478749
-1.840308657
-1.88557329178
-1.9467826902
-2.00349981281
-2.06073077055
-1.68712602318
-1.71654227478
-1.74559170249
-1.77521641864
-1.87706181449
-1.96244067835
-2.04897393882
-2.14835421209
-2.24044027169
-2.33336059528
-2.51468243204
-2.52548397641
-2.53615082433
-2.54702891615
-2.59599105995
-2.63936182408
-2.68331899872
-2.74283534738
-2.79820545809
-2.85407720053
-2.49802298732
-2.52800158687
-2.55760634999
-2.58779739929
-2.68611134959
-2.76913324177
-2.85327766226
-2.95077720152
-3.04120316596
-3.13244835457
-3.49415664846
-3.50608240333
-3.51785944273
-3.52986971201
-3.5770568997
-3.61884635147
-3.66120083303
-3.71864183038
-3.77236076521
-3.82656637276
-3.47288347132
-3.49604116712
-3.54565829252
-3.61853639155
-3.70563594283
-3.80012090274
-3.89859270977
-3.99618341643
-4.08944311532
-4.17722673142
-4.88604106128
-4.89956437844
-4.91291905835
-4.92653821139
-4.93998387977
-5.01074541671
-5.05082238706
-5.09090653388
-5.13051344576
-5.20852467015
-4.90455591315
-4.9362034163
-4.9674562716
-4.99932805154
-5.03079383963
-5.16318859127
-5.24024355115
-5.31731230905
-5.3934634996
-5.50393460795
-0.812816156704
-0.820216811839
-0.82752517999
-0.834978281449
-0.890929038074
-0.939887758773
-0.989508444026
-1.05574794354
-1.11647330746
-1.17774881963
-0.770701623323
-0.798237783265
-0.825430564262
-0.853161865087
-0.964850857225
-1.05613418059
-1.14865173401
-1.25176679615
-1.34709079236
-1.44327838701
-1.71465044333
-1.72337671639
-1.73199417187
-1.74078228553
-1.79451283898
-1.84150749541
-1.88913756054
-1.95282374268
-2.01151740918
-2.07074281755
-1.68605196156
-1.71445469832
-1.74250324982
-1.77110726864
-1.87777300538
-1.9657782233
-2.05497334843
-2.15563727144
-2.24880672795
-2.34282026361
-2.51341795434
-2.52331834614
-2.53309527897
-2.54306583201
-2.59482991978
-2.64008497644
-2.68595192088
-2.74737659335
-2.80427075643
-2.86168035856
-2.49679083258
-2.52596110879
-2.55476762845
-2.58414462607
-2.68636119374
-2.77146294684
-2.85771534977
-2.95620826384
-3.04746941376
-3.13955735431
-3.49255232268
-3.5038919568
-3.51509018444
-3.5265101793
-3.57586376077
-3.61898640479
-3.66269210452
-3.72134460384
-3.77603292401
-3.83121669916
-3.42851598851
-3.46947764323
-3.54838169072
-3.65981828108
-3.78565971665
-3.91358965303
-4.0386746194
-4.15561075313
-4.26150596143
-4.35584067077
-4.88395379347
-4.89733866668
-4.91055662905
-4.92403635703
-4.93734437638
-5.0100568556
-5.05069131285
-5.09133304639
-5.13149090646
-5.20897886737
-4.90285457881
-4.93430271407
-4.96535868763
-4.99702968683
-5.02829725178
-5.16252728766
-5.24004645052
-5.31757949451
-5.39418944344
-5.50406742995
-0.812142599074
-0.818096353712
-0.823975864374
-0.829971811567
-0.889824553004
-0.941621968989
-0.994119731162
-1.06347478227
-1.12668514153
-1.19046816213
-0.769806927431
-0.796099119174
-0.822063444393
-0.848541961372
-0.966081721758
-1.06060524419
-1.15640680698
-1.26113167698
-1.3578179788
-1.45538022104
-1.71366417302
-1.72123342347
-1.72870828453
-1.73633117609
-1.79337891011
-1.84270516455
-1.89269835291
-1.95885890305
-2.01952718565
-2.08074509935
-1.68497894752
-1.71236915796
-1.73941780946
-1.76700212647
-1.87848350261
-1.96911251299
-2.06096690654
-2.16291322729
-2.25716502404
-2.35227070551
-2.51215470994
-2.52115482811
-2.53004271381
-2.53910661324
-2.59366991212
-2.64080742347
-2.68858227503
-2.75191341003
-2.81033013901
-2.86927610089
-2.49555987961
-2.52392262088
-2.55193167565
-2.58049541556
-2.68661079421
-2.77379037964
-2.86214870901
-2.961634029
-3.05372954981
-3.14665942034
-3.49094956166
-3.5017036467
-3.51232362712
-3.52315392329
-3.57467178556
-3.6191263215
-3.6641819215
-3.72404474117
-3.77970150119
-3.83586248988
-3.36027342711
-3.44109061521
-3.58392436282
-3.77028052974
-3.9585445929
-4.1315626357
-4.28794259659
-4.42643974749
-4.54778189237
-4.65500635727
-4.88186856146
-4.89511512575
-4.90819650393
-4.92153694283
-4.93470744741
-5.00936896607
-5.05056036648
-5.09175914291
-5.13246741381
-5.20943262159
-4.90115490385
-4.93240386569
-4.96326314953
-4.99473356382
-5.02580309896
-5.16186662906
-5.23984954213
-5.31784641937
-5.39491467924
-5.50420012239
-0.811469739513
-0.815978093207
-0.820430227235
-0.824970530341
-0.888721212613
-0.943354381888
-0.998726239204
-1.07119361298
-1.13688639215
-1.20317432243
-0.768913158792
-0.793962671573
-0.818699814174
-0.843926845681
-0.967311310634
-1.06507167402
-1.16415384268
-1.27048685213
-1.3685340477
-1.46746951284
-1.71267892487
-1.71909235183
-1.72542580265
-1.73188467973
-1.79224615644
-1.84390159243
-1.89625545491
-1.96488780865
-2.02752866085
-2.09073701489
-1.68390704555
-1.71028577903
-1.73633556681
-1.76290123883
-1.87919326348
-1.97244334705
-2.06695425299
-2.17018164241
-2.26551465766
-2.36171135307
-2.51089277476
-2.51899355233
-2.5269933123
-2.53515149776
-2.59251110669
-2.64152912176
-2.69120990311
-2.75644552481
-2.8163832417
-2.87686397107
-2.49433020239
-2.52188624564
-2.54909866201
-2.57684998705
-2.686860136
-2.77611540032
-2.86657747356
-2.96705417094
-3.05998319792
-3.15375412585
-3.48934846173
-3.49951760455
-3.50955993704
-3.51980114567
-3.5734810457
-3.61926609321
-3.66567019445
-3.7267420801
-3.78336627629
-3.84050346575
-3.23610788416
-3.40914196364
-3.67043004215
-3.94482865315
-4.17838826123
-4.37415173861
-4.54416801415
-4.69217750509
-4.82087236571
-4.93505132809
-4.87978549057
-4.89289388928
-4.90583882482
-4.91904011901
-4.93207325133
-5.00868178947
-5.05042955582
-5.09218479782
-5.13344290911
-5.20988590555
-4.89945699043
-4.93050698525
-4.96116978323
-4.99243982048
-5.02331153105
-5.16120665515
-5.23965283781
-5.31811306759
-5.39563916341
-5.50433267732
