32248.8129522
20951.2886832
9794.645785
-1582.94080432
-19267.2755199
-2823.36065828
13842.8902573
-8075.06729
-8919.14730646
-9770.87436057
29024.7769282
9082.62206748
-10610.8519278
-30694.3311312
-4917318.12735
-15.9325643026
4983772.47157
-3540.42645021
-170.038153676
3230.88455395
32423.3582375
20548.7209279
8822.16165217
-3136.62781269
-2587039.34375
-1131068.07603
344589.191598
21508.8562411
2487430.31325
4975692.06249
133902.827985
59684.6953146
-13607.9290745
-88352.0244044
-3456459.61181
7511.09389053
3518317.70115
2331464.87063
11166.1906848
-2330153.49561
32577.9554903
20192.1609161
7960.8185631
-4512.75059153
-4861351.74704
-2130370.53821
637535.915642
47711.7599402
4698482.6926
9391387.80656
226794.816064
104503.674476
-16262.4831187
-139420.267018
-2162556.35519
14177.8887505
2220343.47591
4399612.41948
21206.8505131
-4396865.37517
32767.4618001
19755.0873532
6904.97864747
-6199.61077205
-7649218.56397
-3355321.94346
996631.899955
79831.4483454
7408804.96405
14804176.138
340662.414354
159443.068287
-19516.4525923
-202020.048286
-576481.395455
22350.0889015
629278.296595
6934761.02774
33514.7561091
-6930254.13078
33036.7602403
19133.9828164
5404.57455683
-8596.72787069
-22419.6777018
-5096042.36146
1506926.19345
8111077.12253
14636600.1693
22496033.2406
502474.264555
237514.83844
-24140.5144758
-290977.632193
-554415.702357
33963.2154318
-1631709.06349
-3297679.60945
-4943815.39732
-10530332.8887
2763.82360158
1949.8908028
1146.10783558
326.406928057
-1917.7456269
-349.3826229
1240.18601518
-580.20097318
-663.028517872
-746.606448002
2263.10403784
762.80831171
-718.77856163
-2229.70645408
-489231.633045
-0.6488637
495845.164415
-163.951547996
136.929240176
440.535891622
3131.29492852
2509.64319117
1895.74351939
1269.68631415
-10895.0397684
58651.5069475
129138.38356
3235.49114329
247258.408967
493492.079806
1319.96871052
1729.065796
2133.06139581
2545.05763523
-408201.728887
1279.59022851
416297.453496
231408.32954
1145.84856896
-231202.721195
3456.76953237
3005.42387801
2559.70655363
2105.16234183
-18846.3574366
110909.43771
242419.644243
6615.10416074
466845.967882
931246.344773
484.620277741
2584.89385352
4658.97678669
6774.13440005
-336432.385205
2413.5162816
345840.909539
436515.207074
2039.4628316
-436372.463185
3855.73840161
3613.15504253
3373.59672463
3129.29424673
-28593.1339331
174967.546386
381280.544434
10757.8556015
736017.814294
1467848.34699
-539.3552205
3633.97340789
7755.26016906
11958.1639827
-248457.06069
3803.49015314
259474.823399
687936.540826
3134.86096
-687870.856593
4422.69416316
4476.77301316
4530.17749394
4584.63958527
4638.40792289
265997.490295
578609.192075
891276.872313
1200221.98506
2230388.03435
-1994.47829695
5124.77066937
12155.2418177
19324.9428634
26403.3142058
5778.71618111
136744.06941
267732.874219
397162.148903
-1045263.31038
-493.550285978
-149.301316512
190.654830424
537.343393787
-1.04472655
-76.068247404
-152.106151616
247.799387983
249.071718447
250.355575732
-693.409645241
-156.328668642
374.05484908
914.941964809
-35.820664282
1.03961333
38.3982740059
209.066771519
170.841667994
132.270259853
-104.765325772
516.764032335
1130.54285095
1756.47680969
273706.222474
190086.57233
105336.311671
1216.72893179
-226.078067751
-1681.95633925
-13327.2112021
-4673.62107582
3872.05782931
12586.9734715
-71443.4037506
591.160700261
73599.6952149
-596.819182828
38.8445824826
680.267215027
239.587067554
1106.70762703
1963.01509771
2836.28069236
516132.659137
358516.339699
198768.910315
2074.92367058
-646.925021241
-3393.43260681
-24517.1497238
-8674.65149361
6970.28904037
22925.0585203
-134690.120198
1113.83937726
138753.986791
-1310.60388525
-78.0671218276
1165.63594675
661.69645292
1829.86429149
2983.46494857
4159.9112582
813300.54924
564978.635183
313299.192523
3126.90431814
-1162.80193197
-5491.37125737
-38233.8485569
-13579.1403928
10768.1208475
35597.5498704
-212218.353264
1754.54227164
218620.537755
-2185.56577854
-221.37824324
1760.60406951
1261.53610581
2857.50797257
4433.57789453
6040.85995703
7627.66800073
858372.423502
476052.75145
93664.6185376
-284170.867192
-8472.65249763
-57725.9995303
-20548.6772496
16165.0397313
53605.8270521
90569.6829114
2665.01480576
332115.110179
661624.199212
987210.209841
2606.08508607
-3605.80389906
-2154.97167656
-722.231491524
738.882363602
1830.26463744
185.069614569
-1482.36987821
1038.91124822
1120.53669421
1202.9016351
-3518.20677014
-1034.51689227
1418.20109952
3919.49217654
467365.677334
2.65286649608
-473679.526832
565.466636173
203.243252721
-162.261734133
-3196.65485587
-1387.32974892
399.432874853
2221.58015087
545628.1256
315666.033344
82594.6532709
-712.094778229
-236684.806952
-474795.3404
-27321.8400589
-10791.0598588
5533.57969327
22181.5088004
250311.896783
-66.5983905241
-253830.428934
-222265.834558
-1018.84092601
222232.564679
-2834.26570332
-707.418327291
1392.90702793
3534.82676246
1027277.6596
595092.029791
157062.873774
-2262.98583022
-447312.397039
-896393.783346
-48405.0581146
-19432.5693433
9178.62930488
38356.4378101
58064.2625803
-127.935218171
-59106.9422246
-419630.70133
-2101.25834146
419210.839503
-2390.04674214
126.021479865
2610.71405428
5144.6129315
1617686.76578
937614.218983
248346.498908
-4164.0780875
-705501.055856
-1413191.8747
-74249.0028281
-30025.3874212
13646.7546352
58183.7701445
-177594.127733
-203.122297221
179586.364065
-661561.828341
-3428.09259265
660668.079609
-1758.78821836
1310.38331109
4341.28193383
7432.20380329
10483.7526256
1424356.27731
378065.334623
-668412.964306
-1702432.07303
-2147589.16241
-110974.608474
-45078.3394267
19996.1958942
86359.4529356
151877.355821
-309.967093767
518782.115107
1037967.1496
1550970.85659
1003791.52608
-6617.91128258
-4096.10349018
-1605.74291845
933.936203846
3602.64605058
437.804571277
-2769.82832185
1804.56667725
1963.9596328
2124.79662672
-6252.10745262
-1884.44673777
2428.74876736
6827.36184336
919727.109987
4.21420833295
-932154.136331
910.398250776
234.602217872
-447.316265049
-6189.05343273
-3230.15351923
-308.151413242
2671.7173769
808800.114126
437204.593104
60584.7769246
-2578.8527166
-465534.75677
-932684.861802
-40866.1491512
-16711.6514355
7141.6370358
31467.3107621
561713.741527
-703.19208122
-570724.492577
-436801.974898
-2042.49218508
436655.742863
-5809.20790858
-2463.16925924
841.143919945
4210.89498731
1521975.01442
824055.177232
116698.855857
-6461.30989402
-879605.04844
-1760659.1307
-71524.30037
-29844.3184535
11315.9095021
53291.2655187
244616.186605
-1329.75193768
-250601.093824
-824490.07683
-4059.3472277
823804.166661
-5343.59081446
-1522.99500507
2249.95755417
6097.62883234
2396189.40833
1298259.11907
185483.855839
-11220.4509502
-1387175.08339
-2775595.33127
-109105.259928
-45942.426411
16432.7596222
80043.210059
-144084.042008
-2097.79305205
141808.23368
-1299720.65339
-6531.6211509
1298373.20229
-4681.92441755
-186.957907025
4251.9558765
8778.7769279
13247.9340375
1972127.87852
283230.961077
-1405968.38217
-3075056.40927
-4217873.08999
-162509.781406
-68818.6850875
23704.0729506
118059.131248
211212.267815
-3189.21989879
699442.541186
1402200.12048
2096590.78919
1972760.77923
-9772.23591116
-6128.88622579
-2530.96951191
1138.19954968
5458.71080221
702.472458885
-4118.0743702
2606.3726786
2847.20495202
3090.21907246
-9115.08979582
-2774.5061888
3487.00964294
9872.52715085
1393446.87703
5.84926923304
-1412275.71507
1271.61587969
267.441802756
-745.829701946
-9322.73869945
-5159.98657785
-1049.14443326
3143.10792095
1084397.82007
564481.619968
37535.6999194
-4533.74999975
-705189.902169
-1412193.7274
-55049.9554726
-22911.7849129
8825.61912338
41191.5436975
887818.485877
-1369.84266876
-902580.772027
-661467.481479
-3114.47534054
661202.953756
-8924.61259766
-4301.81831824
263.329207836
4918.88390694
2040029.60256
1063828.8649
74429.0428616
-10857.8586577
-1332308.48276
-2665730.93713
-95735.1222148
-40747.6603543
13554.1018061
68931.2440674
439976.19657
-2588.31267098
-451136.679614
-1248464.96771
-6109.88766745
1247500.44768
-8436.58705353
-3249.87012904
1872.16786466
7095.64156718
3211449.20691
1675931.93934
119653.140662
-18609.9918514
-2101034.48478
-4202324.93615
-145607.262092
-62610.9915406
19350.3063848
102934.747747
-108991.770967
-4081.9210608
102246.401408
-1968010.27341
-9781.68342303
1966187.69829
-7743.07706976
-1754.9963865
4158.41227173
10188.9287686
16142.6268208
2545762.62407
183918.963851
-2178347.62477
-4512489.47467
-6385905.88213
-216478.197708
-93679.9358578
27587.0181546
151255.516133
273348.6894
-6204.41719371
888632.884966
1783630.42301
2667972.27468
2987480.10705
-12923.4839874
-8159.68629848
-3455.29369094
1342.26366844
7312.96525178
966.882204194
-5465.00541454
3407.39664309
3729.58880301
4054.69989898
-11975.2797457
-3663.69752547
4544.23834987
12914.7223739
1866704.60423
7.4827353859
-1891929.01
1632.48119707
300.249357741
-1044.05198548
-12453.3675443
-7087.93738491
-1789.41473
3614.03869696
1359726.72338
691634.507918
14509.1036986
-6486.7405851
-944611.301304
-1891234.90678
-69219.9277002
-29105.871126
10507.9587487
50906.2921584
1213605.16584
-2035.84304249
-1234113.37737
-885913.861852
-4185.4129434
885531.153821
-12036.9786947
-6138.67406147
-313.921936025
5626.18229365
2557578.90915
1303368.69069
32200.4574845
-15250.1192729
-1784570.3754
-3569919.98699
-119922.330174
-51640.3677435
15790.111102
84555.9682531
635145.663275
-3845.64587433
-651476.674177
-1672026.33712
-8158.42812441
1670783.47896
-11526.5665565
-4975.06095532
1494.74665014
8092.68089604
4025913.84655
2053236.39861
53886.633093
-25992.3254064
-2814197.62751
-5627662.98853
-182073.662239
-79263.2990812
22265.007535
125803.958305
-73933.7269711
-6064.11386174
62723.155541
-2635648.08101
-13028.5757656
2633350.84527
-10801.2440444
-3321.50548868
4064.95990417
11597.7052258
19034.4962822
3118837.87828
84703.8300104
-2949973.53173
-5948520.54801
-8551824.09598
-270393.976226
-118516.93835
31466.1761504
184419.523115
335424.506583
-9216.67363332
1077638.70303
2164688.6997
3238796.46652
4001209.73423
-16071.4661408
-10188.3816697
-4378.65990939
1546.11629714
9165.29797008
1231.01791782
-6810.54051265
4207.59043413
4611.05815997
5018.18114695
-14832.5054225
-4551.9673129
5600.37135525
15953.7646954
2339471.85172
9.11450863033
-2371085.19692
1992.97251715
333.022911295
-1341.96519434
-15580.7518359
-9013.89008252
-2528.91781781
4084.4814049
1634770.27849
818655.615852
-8493.62798194
-8437.70711001
-1183784.56643
-2369779.61255
-83375.2143064
-35293.5378483
12188.5548137
60610.9723484
1539054.20367
-2701.15317992
-1565302.38554
-1110127.62818
-5255.24063695
1109626.86232
-15146.1191659
-7973.62610528
-890.574822416
6332.7476432
3074591.83267
1542660.25974
-9984.36259759
-19637.827792
-2236363.54821
-4473171.94411
-144084.470746
-62521.7860367
18023.8030197
100164.499127
830112.858244
-5101.67598977
-851609.038318
-2095148.73166
-10204.845494
2093627.82384
-14613.3436349
-6698.46381061
1117.7165913
9088.68690305
4839534.38295
2430149.82321
-11811.7147071
-33367.0079827
-3526621.65491
-7051523.83442
-218502.268963
-95898.3483323
25176.6879174
148649.467436
-38912.0167904
-8044.25233733
23240.8711814
-3302593.95527
-16272.1030606
3299822.55085
-13856.2415645
-4886.39107606
3971.60438973
13005.0216407
21923.3686381
3691319.20288
-14408.4782311
-3720799.7331
-7383063.33271
-10715497.5733
-324253.876956
-143328.200015
35341.3138246
217549.159243
397435.988993
-12225.8081997
1266448.63731
2545352.0513
3809029.06173
5013888.74188
26787.5231567
18284.9468587
9888.39862267
1325.56700044
-5396.99550146
1913.98158569
9323.80945196
-2874.77588051
-3952.01326028
-5039.009993
23420.378014
11768.2382717
261.401994069
-11473.3131269
-2454424.89383
3314.27088037
2494284.21014
-717.533552024
374.414781101
1476.25574272
26269.8359394
17826.9270897
9489.30224243
986.560914706
-1902330.72771
-844847.716953
226933.385324
19248.8007106
2165373.34991
4330940.95536
78107.2282769
38011.128718
-1584.96806736
-41965.2172055
-1458256.12378
7716.30563523
1493509.95937
1749014.52836
9599.50910717
-1745573.93576
25811.3129755
17421.2524372
9135.81687708
686.298381625
-3582472.03337
-1594836.64995
419673.295383
38843.9685484
4086775.81443
8171380.35324
126544.152795
61254.8316847
-3220.32440749
-68972.3322464
-575935.21317
11615.2507038
607109.90869
3298777.21177
17770.3069388
-3292961.24823
25249.2525681
16923.9738309
8702.51223568
318.234631396
-5642000.08548
-2514177.92264
655935.120616
62863.8517045
6442043.35158
12879015.7442
185918.447367
89747.1127407
-5224.9547599
-102077.828103
505619.451453
16394.6027234
-479444.992146
5198486.30756
27786.1236357
-5189758.59901
24450.535147
16217.3147588
8086.76353475
-204.803329455
-8390.74984254
-3820610.25753
991675.609104
5804823.19763
10560666.2808
19568813.405
270292.444915
130236.143715
-8073.63999753
-149122.48011
-288374.59974
23186.313488
-2023496.69333
-4070546.19367
-6093223.87558
-7885207.46589
2823.12156426
2142.98521864
1471.33024811
786.373970917
-193.339944785
436.19959674
1074.25106129
20.0152564425
-137.675087932
-296.794045681
2269.97529083
1452.66010269
645.536924895
-177.570342
-243909.3802
572.813624385
248360.619688
200.971992835
244.97727299
289.38122392
3049.04691405
2574.13401231
2105.14332671
1626.8648532
-3856.87628732
44736.8938594
93987.6941106
3065.96648546
215595.899829
430051.271961
1606.41280742
2320.11365326
3024.91457103
3743.67321045
-176656.539003
1553.73739509
182173.571976
174105.743187
1235.00145941
-173201.882157
3249.15222386
2956.00865813
2666.52062491
2263.35713716
-7101.72276214
83974.6516348
176282.457954
5763.80900258
406674.209042
811216.701852
1018.6860364
3088.42965519
5132.36334332
-29050.8609074
-117089.736799
2422.55559201
123550.758289
328135.683388
2111.88002452
-326865.572581
3494.44260363
3424.11306268
3354.66053883
3283.83259255
-11079.2765055
132072.548263
277159.910408
9070.84176551
640899.233238
1278451.74494
298.246768696
4030.23636724
7715.68764483
11474.1247853
-44072.366356
3487.55854306
51690.5350583
516946.577827
3186.76342692
-515227.515681
3843.01314331
4089.31405861
4332.5435744
4580.58995378
4825.4766474
200422.190839
420512.079684
640641.379378
858149.857582
1942417.3325
-725.535348564
5368.59327383
11386.7274417
17524.0434091
23583.1804896
5000.9837893
-50426.6242689
-105864.157586
-160641.661189
-782899.750612
175.638295728
359.691227419
541.448998798
726.806260926
381.53737766
272.9406447
162.875589306
339.819240339
283.716468742
227.105427787
-66.6295735225
313.039716093
687.97448789
1070.33438507
298.797273936
269.94930338
240.711283131
302.44450625
230.677577847
158.260468901
483.714740431
889.071511795
1289.37343961
1697.60285837
205878.290183
143014.347773
79300.4300972
1278.1570681
192.934038154
-902.120691647
-6845.06586617
-1622.87506923
3534.19443382
8793.39340197
-35070.9690661
872.923553614
37302.8089138
116.643475608
310.926891494
506.970439795
756.582448597
1357.95119224
1951.82080148
1761.48779163
387889.699811
269442.451229
149393.692661
2109.25628697
112.526742491
-1902.29239743
-12848.8237254
-3337.54245052
6055.13210022
-113205.398605
-66398.4763959
1406.98646096
70129.2382439
-47.9231515317
382.00485501
815.827842586
1091.0654457
1932.70692956
2763.85305151
3611.45900763
611000.46
424418.836111
235314.466127
3128.0230714
13.96296071
-3128.3093271
-20208.2688431
-5439.39278888
9145.31375581
24018.8526067
-104799.936994
2061.64421836
110368.0871
-249.6499848
469.132681255
1194.42723956
1566.38338896
2749.4650826
3917.79361734
5109.25947226
6285.54809422
644648.43568
357412.407368
70124.9445446
-213742.123278
-4870.54391137
-30666.4276946
-8426.23274339
13536.6245295
35934.4293756
58046.9245751
2991.94734729
167549.609159
332136.737827
494764.320518
1732.43690893
-2353.89612447
-1344.15468004
-347.004822528
669.89237046
930.80316219
116.955092873
-707.896911319
645.375537748
686.33447946
727.664493303
-2299.13562976
-775.809089162
728.521401852
2262.64332156
233627.180482
-19.4220153134
-236825.130118
399.396286243
217.014952859
32.9813153128
-1967.32852377
-720.919246564
509.947169801
1765.18939274
406269.480194
236913.412352
65267.5029388
-430.003097338
-205613.547408
-412655.975069
-14920.0200918
-5390.19847807
4020.78521148
13618.1419428
100206.778225
222.44086077
-101113.771846
-166121.013884
-571.978943703
166476.866062
-1624.94007743
-168.910719772
1268.96179158
1281.97738299
765283.736994
446647.417352
123702.857092
-1382.48131699
-388336.299936
-778795.77011
-26098.5177581
-9477.22907967
6936.7903
-193610.741389
-17965.578059
436.662265301
19087.7169098
-313610.520035
-1270.80210923
313898.592551
-1205.23811095
507.744893716
2199.36681182
3924.48923666
1205365.7292
703740.713805
195333.291215
-2550.03526365
-612319.028842
-1227612.29306
-39801.1923169
-14487.137559
10511.2481504
36004.6963676
-162822.014794
699.256245049
166431.47732
-494404.108221
-2127.42405407
494609.09599
-608.81952701
1469.30813393
3521.52131427
5614.37607104
7680.5714451
1069083.81929
297123.908126
-474974.23563
-1237879.912
-1865404.1941
-59273.4140583
-21606.4811876
15590.7408853
53524.6085262
90975.2637074
1072.41611101
375814.715796
750624.119484
1120971.10703
751408.232456
-4802.03507816
-2993.17416118
-1206.86993888
614.80985759
1462.39464887
-34.0111492107
-1550.64965726
941.099631581
1075.99703065
1212.11654785
-4459.80401086
-1829.6208711
767.763595487
3416.58609021
459447.513018
-299.481931367
-466262.656758
493.228347723
203.7919644
-88.266600326
-4339.50201323
-2279.1036536
-244.398688244
1830.60112472
600212.473942
327790.988824
51686.1279092
-2083.19801209
-404797.579112
-811160.396351
-22735.1380958
-9036.2967935
4491.71845032
18287.6395193
231131.552392
-407.110572228
-235076.377963
-327009.468813
-1426.47459726
327106.1753
-3929.82987
-1646.64120403
608.075848035
2907.44481846
1130533.97274
618150.274515
98838.7023253
-4761.86163934
-764285.603695
-1530690.33635
-38921.8625709
-15419.3526105
7790.07846461
31459.143985
28908.8444086
-502.43879699
-30311.388173
-617083.286297
-2870.42498045
616906.966698
-3427.65111378
-871.364652943
1653.04463444
4227.44676563
1780605.48741
974074.5602
156638.632255
-8045.38479532
-1204948.34351
-2412694.77892
-58763.6538631
-23243.7436119
11833.2294499
47604.8591366
-218977.0557
-619.292749925
220690.857376
-972657.643214
-4640.42867597
972146.646476
-2714.02867074
230.344130183
3138.00027828
6103.23900635
9030.70567508
1479861.70302
238775.374786
-1002533.19113
-2229062.95127
-3666069.51311
-86959.8835941
-34362.6150351
17578.7597973
70548.7701415
122844.033338
-785.348367254
577378.258946
1155645.39632
1727027.78485
1476960.92827
-7365.7633961
-4720.05242284
-2107.33375654
557.126612995
2019.08533259
-192.105292233
-2433.19314056
1250.78639691
1484.05757616
1719.44210184
-6722.48877634
-2933.18858447
808.858617045
4625.01249461
695929.997159
-592.764931673
-706533.121537
591.490708519
189.94464993
-215.23926025
-6823.67814254
-3910.85804519
-1034.36113497
1899.10128455
803312.524447
422959.368019
37463.5055751
-3814.44885127
-613386.124215
-1228480.2826
-30919.2484399
-12854.5463611
4984.88689506
23177.6083461
368237.965631
-1066.38640048
-375364.054988
-495494.303918
-2321.31543188
495319.629102
-6343.54548937
-3194.14302498
-84.0139558696
3087.7074222
1513029.57052
797750.672953
72800.5815805
-8300.80007109
-1157985.42809
-2318085.75304
-52350.6641419
-21642.0346775
8683.65479845
39609.9075289
77996.4519914
-1485.87970143
-82042.8817593
-934884.579159
-4545.57436149
934221.941079
-5754.9957855
-2315.58912924
1080.92774755
4544.70849417
2383005.30441
1257172.27255
116116.997329
-13800.1983405
-1825558.76832
-3653731.16843
-78621.4317766
-32413.7945492
13217.6283574
59752.7258819
-277783.467954
-2000.09729613
277512.10478
-1473492.01333
-7272.08530745
1472231.22673
-4918.63568
-1067.11780372
2736.37122082
6615.18370171
10444.5867594
1910034.54566
177671.903919
-1555000.94691
-3267044.8935
-5551753.60082
-115953.575258
-47721.0322617
19660.6434149
88376.73091
156217.493221
-2730.82756229
788458.664598
1579789.83273
2361699.54842
2236770.73792
-9926.9911964
-6445.24638374
-3006.91931201
499.499629421
2575.23305126
-350.045239044
-3314.87584017
1560.17111105
1891.72012217
2226.27283877
-8982.96664528
-4035.67993943
849.91355681
5832.26026728
932181.829472
-885.761880095
-946569.239903
689.657229688
176.110841358
-342.088078122
-9305.43134497
-5541.02091453
-1823.55309638
1967.53463313
1006214.48249
518034.925285
23254.7551937
-5544.01112492
-821771.223683
-1645393.13829
-39095.3764592
-16669.0718209
5477.5743308
28062.80777
505210.65292
-1725.01920786
-515514.903236
-663814.808311
-3215.28348865
663369.01688
-8754.90690513
-4740.13549895
-775.428733973
3267.79420785
1895152.10342
977175.899177
46787.8569666
-11836.2868196
-1551301.25962
-3104713.18815
-65766.3680087
-27858.6474874
9576.35958776
47752.7212725
127036.182259
-2468.36141244
-133723.919332
-1252375.90636
-6219.08989523
1251227.42413
-8080.07049501
-3758.40498952
509.368871562
4861.66078331
2984817.57423
1539993.86717
75634.8849463
-19549.3989615
-2445563.88433
-4893557.12024
-98459.8415209
-41574.9015301
14600.6769995
71888.7442755
-336532.523712
-3379.55508258
334277.931907
-1973837.89752
-9901.17516781
1971828.05237
-7121.09243852
-2363.31426561
2335.13388995
7126.62907476
11857.0888229
2339787.8217
116628.02997
-2106929.85645
-4304014.44603
-7435598.49742
-144918.988091
-61066.420433
21740.4964794
106187.30328
189558.402493
-4674.40924541
999333.194192
2003520.58232
2995752.28854
2995839.47145
-12485.5645651
-8168.6523704
-3905.57254575
441.932369891
3130.80438384
-507.82149843
-4195.6447724
1869.23518187
2298.96017068
2732.57830126
-11241.1017769
-5137.02868308
890.925947636
7038.2568601
1168188.81268
-1178.45516933
-1186356.58717
787.722012029
162.29137001
-468.805431114
-11784.6124825
-7169.49429894
-2611.92714692
2035.89705807
1208906.15491
613011.947167
9060.73062302
-7271.78089706
-1029940.35486
-2061873.90956
-47263.030819
-20479.6439437
5969.75115007
32942.9442208
642041.383048
-2382.9694146
-655520.500509
-831960.866971
-4108.32504562
831244.239909
-11163.7692094
-6284.52572136
-1466.12693653
3447.69435331
2276878.60824
1156415.17084
20802.0916875
-15368.1094241
-1944209.46246
-3890525.37025
-79168.1679705
-34068.8174602
10468.1391865
55887.0958831
176025.088228
-3449.82488897
-185351.395179
-1569538.18864
-7890.87101376
1567904.36578
-10402.7355197
-5199.72552948
-61.5976463647
5178.28458618
3586006.13167
1822522.34825
35194.7278311
-25292.641167
-3064926.43307
-6132098.1285
-118277.69093
-50726.5140289
15982.2922634
84012.1850176
-395220.69252
-4757.5832124
390984.927483
-2473665.22811
-12527.540265
2470907.10072
-9321.26659228
-3658.16736209
1934.31239755
7637.5443908
13268.1269831
2769095.70562
55647.4212983
-2658286.75223
-5339909.29341
-9317490.99549
-173854.381452
-74397.9775739
23818.1940043
123979.416946
222864.757571
-6615.97661938
1209989.17548
2426812.18148
3629147.90257
3754121.51353
21326.2333613
15618.6050342
9982.15146035
4234.0748052
8473.28451702
6651.32382966
4804.72864661
2325.51552897
1015.1207859
-307.145625442
17815.9790998
14453.8544758
11133.6559159
7747.70487727
8468.33968947
6644.47432504
4795.94871203
2105.35934616
918.867715879
-278.373068511
20116.3136413
15105.1332516
10156.4428327
5109.7496421
-1217622.11166
-558627.357882
109277.579051
16988.74518
1843316.38657
3686189.84823
22311.6285689
16337.5621214
10437.9929398
4421.58999351
539947.364243
7921.51737994
-531297.782403
1166564.18609
8032.82752957
-1160994.37591
19044.6704607
14650.3439584
10310.8151911
5885.34735478
-2303592.31971
-1059302.76168
201810.675123
29976.1771567
3475068.93626
6951372.89992
26293.4895274
18005.9888931
9821.83430377
1475.60252505
1010685.92885
9052.61265713
-1006123.65853
2197942.00406
14333.7633646
-2189057.12129
17731.0433361
14092.8603087
10500.0458239
6836.08003485
-3634781.60699
-1673033.90183
315238.341276
45896.2550635
5475281.73911
10953855.3504
31174.4803796
20051.157194
9066.54307254
-2135.60792017
1587720.29836
10439.1165453
-1588168.28089
3462211.58737
22057.4911623
-3449263.06724
15864.3100538
13300.6467012
10768.9525127
8187.12121178
5638.17801671
-2545178.15361
476425.024757
3498569.27272
6484732.39232
16641593.5695
38110.6252749
22957.44899
7993.23448078
-7267.32802654
-22333.4971223
12409.4115443
-2415284.32318
-4843412.77788
-7242632.35384
-5240082.04305
3188.19548158
2336.07963449
1796.55266063
1748.0887903
1531.06573733
1221.78181638
991.254879586
620.231486065
387.678342009
37.4090919022
2495.15171241
2142.51189368
2009.85241142
2275.71650381
1412.87264526
1146.27611247
737.144146362
565.895533667
353.025305804
36.3733273624
2966.79889958
2638.62483345
2314.54313403
2319.15467233
3181.28719375
30822.2807712
58837.0046611
2896.44182762
183933.390692
366610.464116
1892.85690432
2911.16151052
3916.76774624
3087.22555185
54888.6508822
1827.88456168
-51950.3095431
116803.156835
1324.15434985
-115201.04312
3041.53491535
2906.59343824
2773.33469619
2824.95588212
4642.91191229
57039.8655598
110145.271666
4912.51384443
346502.450202
38.4346510773
1552.75179505
3591.96545687
5605.74989994
3805.99070869
102252.911606
2431.59490241
-98739.3929621
219756.159701
2184.29721744
33.3032618196
2883.3625191
3235.07108282
3335.72435303
3444.97026832
6434.58092212
89177.5501393
94869.9737624
7383.82792955
545780.652182
39.0251245418
3153.10487117
4426.49932659
7676.1151206
4687.05767514
160312.327978
3171.62693298
127441.650633
345956.614828
3238.66589384
31.5356483253
3263.33212346
3701.85510407
4134.90965485
4576.54032229
5012.54537192
134846.891384
262414.967293
390005.886442
516077.730106
1654446.63064
543.40759982
5612.41587829
10618.2130658
15723.1439548
20763.0467735
4223.25139748
-237597.317948
-479461.189391
-718445.471282
-520536.190841
851.11821515
868.683771349
892.243167172
934.147137448
764.11948187
621.949536803
520.17620321
431.839092695
318.361219036
36.5667963247
599.538842271
782.408100829
1001.8941267
756.113254792
633.415212154
538.85899343
467.790350065
395.822240981
290.513487701
35.4160995724
1072.19480663
1261.37899125
1448.20402828
1422.04139785
138050.357893
95942.1232154
53264.5485229
1339.58520441
611.946144059
-122.28504404
-362.92053028
1427.87093736
3196.33103834
1534.75958258
1301.46561834
1154.68640697
1005.92261279
830.106134044
583.009200506
333.673664562
1273.57782964
1609.19475746
1940.62650525
1854.1763142
259646.740485
180368.562759
100018.475008
2143.58890337
871.978506222
44.4482862502
-1180.49772693
1999.56659257
5139.97516007
2224.41775862
1893.16740668
1700.13354467
1504.48969669
1214.75758219
842.076831847
43.341771754
1753.72031879
2035.54956764
2544.24115445
2383.89008263
408700.37076
283859.037039
5026.11869748
3129.14182466
1190.72785339
48.9861137831
2148.91677704
2700.35481508
7522.50666413
3069.80520022
2618.47927625
2368.74616508
1719.50174261
1686.26580894
1159.64360575
47.9050375555
1871.23067211
2641.42219264
3402.00934015
4177.6589875
4943.42818771
430924.447857
238772.063286
46585.2705515
-143313.379364
-1268.43532511
-3606.85585892
3696.21176286
10908.2093278
18263.0316992
25524.1662388
3318.87988882
2984.10813923
2649.27644304
2318.4311953
858.788731799
-1101.98834988
-533.337683517
28.2218464679
600.902377319
31.3416869387
48.8405711775
66.5760555752
251.83982728
252.13226471
252.42735151
380.876233743
646.873168691
559.087719051
473.287689446
455.004000909
420.445516287
365.762478385
303.045882995
231.934413068
34.6201969287
-738.002191669
-54.5087442098
620.46146475
564.895695136
266910.834788
158160.791359
47940.3526067
-147.911416447
-174542.287863
-350516.609738
-2518.20012466
10.6629026191
2507.99072968
51.4580062686
-49898.3403325
511.480112064
51602.8852432
-109976.193211
-125.116961396
110721.167444
-415.614451537
369.596887748
1145.01655523
926.646247936
503289.814391
298202.804914
90342.8404091
-501.976803749
-329360.202833
50.1940060971
-3791.97740162
478.111184013
4694.95129512
713.305955642
-93995.4186983
1001.25974877
97282.3760442
-207590.338741
-440.345877001
52.9330529184
-20.429479761
889.468307566
1788.01956936
2704.36554183
793044.692615
469867.208627
142320.083522
-935.992439795
-519137.001828
-1042032.71143
1244.83504026
1267.07656471
1367.3518364
1279.22098642
1037.43942619
905.714703469
749.471509339
607.54977449
433.970216542
46.0884610705
541.149164341
1628.23295678
2701.76069471
3796.54833879
4877.39026461
713811.361271
216182.481629
-281535.506954
-773327.750976
-1583219.2258
-7572.21964293
1865.37705138
11185.2858764
20689.7641168
30073.1715939
2454.79931578
232847.316486
463281.089367
690971.357477
499024.938836
-2986.15887375
-1890.24483218
-807.996959312
295.683511335
-677.85675284
-505.826869698
-331.470992673
77.6325859081
188.034428503
299.436468983
-2667.5005691
-1774.79500443
-893.221576387
5.81033706163
-832.083949626
-603.178071066
-371.177185618
76.0584446703
172.981710929
270.783064397
-2489.95059372
-1328.05378797
-180.645963247
989.484872544
391624.833759
218377.384545
42787.4788938
-1587.54330757
-344060.401454
-689635.930901
-4604.12704029
-1360.9421515
1841.79986484
5107.9682765
-99450.6367428
-111.029063235
100571.736651
-217216.962727
-810.457009445
217556.607738
-2050.45183141
-830.113148818
375.007776124
28.9622837225
739092.931069
412245.371797
80978.5487933
-3062.41338466
-648966.15895
-1300721.542
-6319.42477192
-994.386767484
4264.24742708
-749.181227263
-186798.497788
324.874343701
189978.317478
-409676.495765
-1681.5027332
410009.766735
-1511.7114131
-219.734300818
1056.13171471
2357.26469893
1165021.56648
649890.001333
127793.40867
-4870.31864043
-1022721.60362
-2049794.22657
187.974994116
992.047218937
1067.63374352
866.819467034
818.666254301
801.512616959
659.887158334
477.189558524
342.014562128
43.4312628305
-746.132923919
647.646167391
2024.04468006
3427.70108479
4813.47731262
987595.527515
194319.788495
-599098.000079
-1383069.49326
-3114265.93623
-11409.9857819
93.455017353
11453.446644
23038.4090351
34475.7988606
1618.52316429
455313.976706
909090.672159
1357464.78051
981161.077306
-4959.29088105
-3311.21861989
-1683.69800117
-23.9463236926
-1420.54013703
-1086.68304335
-748.311910925
-104.799884774
120.910200298
348.665131222
-4329.88775687
-3091.87098014
-1869.29240885
-622.502161633
-1586.88271177
-1191.37913258
-790.528000455
-88.6344626532
112.447497103
315.351181445
-4324.61758562
-2661.72951253
-1019.57783669
655.094648136
522227.228824
281437.116071
37391.3112309
-3095.14770279
-521582.346261
-1044766.83779
-6788.54140725
-2797.30780917
1144.15466674
5163.67299475
-151342.554615
-762.930132202
151852.66205
-329521.126358
-1528.15552323
329436.304448
-3762.47838109
-2086.46773172
-431.357119575
1256.53093747
986029.538475
531672.481001
71172.1202993
-5743.74148446
-983662.373412
-1970440.56896
-8966.20606901
-2536.4090006
3813.20779084
10288.5709904
-283983.292587
-383.446731868
287050.916096
-621304.190608
-2981.26105552
620943.434483
-3073.40451748
-1381.30812944
289.687630436
1993.77542117
1554561.40192
838412.605753
112580.853996
-8990.40482973
-1550083.05186
-3105137.4007
111.763081718
893.697578362
630.464560867
636.573877004
556.767595004
527.222374683
435.397191419
332.553768052
248.136598755
40.1259884373
-2094.19429023
-379.239220943
1314.33016992
3041.43863485
4746.54669798
1274306.46724
171424.843986
-931654.269042
-2021600.31233
-4717601.3195
-15428.9528071
-1762.12866549
11734.2686753
25497.9456872
39086.2970432
742.762069122
688284.444229
1375949.24246
2055426.82216
1486061.36878
-6930.49840542
-4730.806469
-2558.54493307
-343.264409603
-2162.49914927
-1666.97268228
-1164.74626579
-287.054420997
53.8514413231
397.845778569
-5990.65354487
-4407.66235339
-2844.41123625
-1250.20183935
-2340.94528529
-1779.00649558
-1209.46980389
-253.166737699
51.9723249742
359.875829237
-6157.49514564
-3994.10444415
-1857.69146276
321.030569306
652702.241596
344435.342652
32000.4066889
-4601.28166475
-698931.146062
-1399551.3698
-8970.82521824
-4232.27251588
447.189912867
5219.32338172
-203183.860005
-1414.19537322
203083.570895
-441715.75477
-2245.1540339
441206.87994
-5472.83511554
-3341.59693642
-1236.93553192
909.406122054
1232725.29768
650983.107662
61375.2564488
-8422.45436635
-1318032.14385
-2639506.38932
-11610.4058432
-4076.92723122
3362.60807351
10949.4742918
-381073.298757
-1091.07695056
384028.835514
-832725.475599
-4279.75166605
831671.369295
-4633.57443348
-2541.74902373
-476.008907017
1630.64067058
1943721.30192
1026751.33574
97383.1367996
-13106.4725167
-2076930.14114
-4159451.25195
344.701625529
1170.90411729
556.690709962
559.930452278
515.072491515
473.810834312
389.003004923
237.974330643
187.328984486
37.5916240852
-3440.94083267
-1405.12304253
605.307875742
2655.55292376
4679.68136373
1560737.76511
148552.22993
-1263886.18116
-2659508.34406
-6319372.89885
-19443.9999561
-3615.90251548
12014.8168083
27955.0834443
43692.2984031
-132.144857506
921027.68535
1842352.46494
2752708.11055
1990469.20867
-8899.66298949
-6148.92307107
-3432.48518212
-662.251557355
-2903.6892024
-2246.66091468
-1580.74903214
-469.120070392
-13.1378186068
446.975455572
-7649.69813138
-5722.09005326
-3818.51945998
-1877.25097523
-3094.2263557
-2366.02484729
-1627.97742012
-417.528493095
-8.44017127468
404.354332117
-7988.47312918
-5325.09851535
-2694.93647603
-12.6872887625
783042.031334
407368.278483
26615.089228
-6105.85468412
-876096.143293
-1753968.20658
-11150.8473315
-5665.75003912
-249.05251352
5274.91609316
-254971.43757
-2064.78564928
254261.384524
-553794.105761
-2961.4094543
552861.617495
-7181.4192529
-4595.42533743
-2041.67905064
562.641063419
1479165.38381
770170.08195
51588.5459727
-11098.3910563
-1652055.37671
-3307878.79638
-14251.8651945
-5615.84888374
2912.47535335
11609.6926395
-478062.681789
-1797.97378818
480906.247959
-1043927.64563
-5576.89653354
1042180.90773
-6192.12740457
-3700.98724836
-1240.91188403
1267.88226932
2332477.88039
1214894.8733
82201.1703694
-17218.2743512
-2603231.21123
-5212672.42258
201.241810884
357.489453056
1065.12182476
866.714368447
560.422917696
370.101287134
294.764046129
184.967548402
131.564607329
36.056244356
-4786.29162008
-2429.94364811
-102.979594633
2270.06714086
4612.88532806
1846872.20837
125703.320828
-1595773.77137
-3296755.2541
-7919484.41772
-23454.8859492
-5467.75513229
12295.074184
30409.6746478
48293.5261479
-1006.14503911
1153529.71364
2308272.31166
3449266.7434
2494354.28518
15864.9435659
12952.2632097
10075.904298
7142.58260996
22343.5645355
11388.6660736
285.647841255
7525.80693846
5982.25483208
4424.71874212
12211.5801855
17139.47068
22005.9098378
26968.7228815
2471361.57321
9974.67776971
-2484692.31272
4928.25224435
1463.32065066
-2033.00187974
13962.7913432
12383.3394134
10823.583423
9232.93836949
-532913.495621
-272406.99881
-8378.22722264
14728.6896495
1521259.42323
3041438.74109
-33483.971139
-5336.00447522
22460.9539469
50808.3971925
2538150.85227
8126.72912464
-2556105.52418
584113.843812
6466.14595197
-576414.816067
12278.0279459
11879.4354795
11485.813505
11084.3963279
-1024712.60605
-523768.873421
-16051.9451364
21108.3857649
2863362.05809
5731365.44661
-73957.1737407
-25242.8538984
22863.993015
71923.5372965
2597307.07086
6489.97461044
-2619357.22576
1097106.79634
10897.2197903
-1085152.99435
10212.8341041
11261.7467864
12297.5794121
13353.9254383
-1627563.1285
-831889.881008
-25458.4380629
28928.6584226
4508520.12664
9028694.95659
-123569.486607
-49644.7983527
23358.040905
97806.6122627
2669821.14527
4483.63036722
-2696891.56963
1725936.86719
16328.8586889
-1708767.53547
7278.08496054
10383.9786436
13451.1414906
16579.045753
19667.105876
-1269746.04969
-38825.5595901
1192315.34782
2408798.50385
13714373.7339
-194071.194365
-84321.245735
24060.1089591
134587.824057
243707.605495
1632.50960054
-2807071.95302
-5616279.3621
-8392040.8321
-2594956.62021
2941.7174896
2529.17405034
2121.77507315
1706.30805664
3255.47141944
2007.36403602
742.381153491
1220.44771569
913.03177195
602.830758962
4656.99849124
2720.16663249
3007.22510414
2272.12600671
2455.5189717
2063.93469923
1426.04534071
1129.81910599
439.413347199
36.9677185161
2884.55088511
2703.11565459
2523.94294135
3264.93036727
10219.4506748
16907.6676831
23686.3152116
2726.91716979
152270.881555
303169.656271
2179.30100122
3502.20936779
4808.62092145
63567.9339123
286433.840767
2102.03172827
-286074.191062
59500.5704822
1413.3072403
-57200.2040831
2833.91760684
2857.17821835
2880.14876747
3386.55462708
16387.5465867
30105.0794847
44008.0853774
4061.21868628
286330.691362
1491.26038554
2086.81755371
4095.50125855
6079.13645656
36662.8423248
321595.560012
2440.63421281
-321029.544213
111376.636015
2256.71441036
91691.7850323
2771.85100768
3046.02910296
3316.78816723
3592.90928418
23948.4383497
46282.5520158
68918.6423549
5696.81409358
450662.071126
899658.540851
3603.49615575
4657.47006166
375603.285559
4325.9970144
266555.04744
13566.5844626
3744.18960363
731797.405932
4014.68856077
581742.789797
2683.65110361
3314.39614952
3937.27573531
4572.4906908
5199.61409643
69271.5919284
104317.854902
139370.393506
174005.60263
1366475.92878
1812.3505482
5856.23848276
9849.69868978
13922.2445005
17942.9130574
3445.51900566
-424768.011626
-853058.221197
-1276249.28137
-258172.631069
1524.28688953
1251.43098935
1160.26124022
1333.38857268
1169.398243
976.57829995
700.93651523
515.800297714
350.625118962
36.6111527279
1374.20939413
1129.98624796
1221.6483379
1108.97581363
931.777085585
737.593619561
587.279981297
482.636027023
343.111313672
35.9467344245
1660.67487284
1633.68647071
1607.03461694
1617.91049227
70222.4256023
48869.8986582
27228.6669487
1401.01334073
1030.95824996
657.550603567
6119.22480561
4478.61694395
2858.46764285
62910.242278
37673.9003028
1436.44926032
-35290.9636883
1543.56879248
855.091509518
160.37688933
1790.57321068
1860.43832267
1929.43220902
1946.86483677
131403.781159
91294.6742898
50643.2573545
2177.92151976
1631.43026995
44.0991327483
10487.8282715
7336.67563565
4224.81821992
117654.234122
70184.8112092
1993.28062838
-67120.2588505
2477.4383159
1302.14880869
42.9408171345
1949.80343127
2138.39220572
2324.62925739
2514.55450649
206400.28152
143299.237967
79345.0133357
3130.26057792
2367.49274607
1597.81453343
2018.18568821
1991.15583184
2743.16976051
3169.94021682
8899.65850203
4367.7439839
3188.78434583
11857.5261954
1638.56920133
48.265622883
2176.07795526
2533.37930267
2886.22506296
3246.05850274
3601.3082812
217200.460035
120131.719204
23045.5965585
-72884.6354494
2333.67326114
23452.7159768
15818.6562691
8279.79412606
591.63402269
-6998.59209754
3645.81243035
-161581.39288
-326838.184941
-490127.458128
-14.859445335
220.002832187
885.919918427
1011.3816467
1000.14166749
837.821047666
709.265952863
510.174535021
433.555895971
297.561568563
35.5384908655
396.717294429
587.144877194
852.747183669
752.689003232
601.121740105
514.100760105
419.498741637
365.245896071
255.470512223
34.307150518
491.324140429
611.901758144
730.975759698
44.2675106132
127552.189381
79408.1703666
30613.2022746
134.180264444
-143471.028318
-288377.244407
9883.61984245
5411.5242833
995.196247881
62281.8516676
-200003.45889
800.519363359
204319.542332
-53831.3725371
321.745020912
54965.468826
793.711174357
908.104495267
1021.07131888
571.315112884
241295.891788
149758.192476
56982.8237265
378.527709488
-270384.105729
-1338.58919017
18514.5629549
10433.4514477
2453.11229023
195037.3533
-170025.259338
1565.85723224
175477.035179
-101570.157446
390.110355228
-87522.8273106
1741.07068919
2075.92105288
2564.17863473
2231.86633285
1995.66622104
1464.33281882
1192.44078815
848.748690365
514.522803253
48.8422773433
1373.80645829
1626.32443293
1629.298129
2284.89854068
1682.13151392
1541.91733194
1084.73729283
866.451807663
496.512245835
48.4878614514
1691.11785569
1787.15777963
1882.00007515
1978.72060654
2074.20908412
358538.903252
135241.055132
-88096.7782774
-308775.589948
-1301034.25749
44128.9747724
25337.2352904
6779.83086753
-12145.0802926
-30828.9205196
3837.18252055
89879.9171751
175938.059249
260971.607921
246641.645216
-1170.28266933
-787.315503185
-409.123979741
-23.442834921
-2818.10815455
-977.642590186
887.707671917
-785.834459765
-699.928173645
-613.243609884
-875.197127339
-1719.96913776
-2554.20674826
-3404.96541609
-461111.680918
-906.874210766
465520.302387
-341.111458382
142.171457457
629.832729121
-640.399174217
-377.003922347
-116.89323825
148.368620368
183037.193575
108963.780265
33888.8298785
-1091.88860306
-283323.223796
-568111.46545
13526.8840152
6314.41249049
-808.118720634
-8071.70296628
-430032.825878
185.052445758
436219.851265
-107424.456642
-194.439421626
108007.040176
-171.07379283
-13.5850936041
141.939704213
-759.972113289
347651.889393
206340.46908
63118.3952614
-1362.96512997
-533646.714205
-1070752.74765
26283.0130271
13430.5790755
738.416389549
269930.435168
-402505.839985
1152.18748439
410268.023129
-202269.705233
-492.580485957
203112.566772
1763.75795876
2003.60216488
2122.27082378
2391.9835533
1693.82149956
1562.68496194
1804.68169814
1302.32538911
424.498719828
46.9095462126
1635.93379287
1614.84290475
2241.2343938
1669.16629964
1459.41466918
1352.59310211
1028.15102154
778.283711159
398.394068507
44.6261402727
1221.7628229
1064.9482046
910.089081846
752.163163239
596.248950169
495329.352013
149864.202204
-195662.809033
-537076.035248
-2562462.35935
64139.9120303
34549.5250698
5328.13349074
-24471.9520712
-53892.4356169
4022.39469583
333249.694466
662535.948001
987901.776174
485361.226346
-2552.818366
-1902.38481694
-1260.0622458
-605.019260381
-4860.16560665
-1981.26079447
936.569318714
-1460.38616646
-1242.23717556
-1022.11183939
-1937.28673739
-3250.55337581
-4547.44343474
-5870.01681787
-699103.762583
-1789.99333348
704952.065536
-768.759633825
34.9503442766
845.941623141
-1825.5570287
-1412.60097987
-1004.7945384
-588.911988273
241141.933201
139914.864122
37319.1168866
-2375.84655431
-429778.568307
-861053.392993
17342.1656254
7259.93074271
-2696.57756157
-12850.2623566
-670923.074862
-459.473863923
679069.379089
-163547.948798
-734.995614573
163552.979794
-1181.4112728
-978.792438462
-778.70028328
-574.645547264
459029.506431
265594.289049
69543.6590182
-3186.68289783
-809339.318738
-1622795.38487
34418.2520039
16569.2166763
-1057.23921676
-19032.7655481
-645963.037166
718.986237689
656144.71395
-307723.802057
-1416.94774955
307664.927887
861.735370492
1172.00480521
1445.11092076
1357.26502989
1310.49876114
1444.28845572
1298.15997266
765.771656418
368.672645259
44.37359017
180.035825916
1401.07241526
1343.93061217
1388.82885637
1364.67373065
1312.55117544
1219.2302175
530.636451339
317.578050272
39.650178213
730.247099527
308.639361835
-107.710880976
-532.30643201
-951.49336343
638578.38883
165177.784054
-308307.591178
-776155.731165
-3883449.03819
85095.6696433
44196.7749307
3807.89393556
-37380.8395357
-78044.8991349
4216.35170054
588110.223861
1172108.65218
1749154.0959
735351.99965
-3934.00561444
-3016.36655426
-2110.17055413
-1186.02844863
-6900.23134979
-2983.90012552
985.383308586
-2134.27995304
-1784.01723952
-1430.58128163
-2998.34044447
-4779.64476735
-6538.73602931
-8332.66394598
-936863.720043
-2672.25111106
944150.300295
-1195.99070509
-72.1661914091
1061.8397366
-3009.5589463
-2447.18797377
-1891.82982914
-1325.47349452
299190.000704
170835.760019
40746.0581841
-3658.55220457
-576091.068442
-1153709.60131
21153.7260227
8204.52678916
-4583.19450506
-17624.1610066
-911578.37293
-1103.37153858
921682.045026
-219616.701229
-1275.02457915
219044.742999
-2190.76332594
-1943.0583739
-1698.44232987
-1448.98196374
570298.491952
324790.316146
75962.6559309
-5008.62191306
-1084763.02808
-2174299.59049
42545.5563222
19704.7930249
-2851.14344073
-25853.7726889
-889182.779773
286.207511325
901781.590359
-413075.044837
-2340.41343687
412115.314461
154.080616935
1329.41616445
1173.3394526
1177.23793675
1349.64780153
1582.19236256
1379.41612478
846.551488604
280.90739986
41.3404989745
131.45356652
1414.56116538
1130.81577953
1079.67578175
1172.91280843
996.910840759
468.101656609
340.917963257
257.044374003
40.1178740329
239.210773183
-446.93181946
-1124.51813847
-1815.52322724
-2497.72609548
781687.708525
180476.429889
-420842.505883
-1015002.24208
-5203147.30029
106030.988179
53834.615402
2289.13713728
-50277.1363911
-102173.805687
4410.1195304
842722.176508
1681184.34756
2509663.93257
985098.945894
-5313.76141386
-4129.19377175
-2959.39781848
-1766.4354846
-8938.18278864
-3985.50033092
1034.14670811
-2807.47532266
-2325.23580789
-1838.62739012
-4058.2944858
-6307.15142344
-8527.9648676
-10792.7588106
-1174377.2654
-3553.59452525
1183100.63233
-1622.77899822
-179.171712559
1277.51409535
-4192.33377583
-3480.70273177
-2777.94580514
-2061.27163559
357177.907755
201724.609799
44169.4478329
-4939.92847117
-722251.931725
-1446062.50359
24961.3361559
9148.14386545
-6467.85617711
-22393.1120345
-1151984.25819
-1746.60188395
1164043.26956
-275627.344551
-1814.49386297
274478.995081
-3199.06929643
-2906.3249535
-2617.23116475
-2322.41222647
681452.159379
383924.993057
82375.0002578
-6828.67268843
-1359901.29097
-2725232.22251
50664.4375815
22837.1196928
-4643.18847982
-32667.7106042
-1132150.45181
-146.122687378
1147163.8911
-518317.102613
-3262.92205333
516457.449669
146.072860896
1611.22912014
1423.70098251
1358.10815011
1295.89884892
1191.93559079
1138.28283416
563.45662628
238.086280587
38.3013729529
393.088202373
1751.94565486
1435.90946752
1262.70696777
1209.73449249
1329.06200739
1124.43549704
419.751280151
197.646646119
37.2995165894
-251.31664789
-1201.71993413
-2140.27158681
-3097.41010907
-4042.35632698
924648.711113
195759.220357
-533260.790497
-1253601.21479
-6521477.83995
126944.609554
63462.4673093
771.954363762
-63160.0676499
-126277.705275
4603.68654117
1097070.2518
2189732.44184
3269385.58424
1234587.05683
10403.6537704
10285.9213852
10169.6571357
10051.0904147
36213.844554
16126.0083176
-4233.4329641
12726.0983479
10949.3888783
9156.58310968
6607.18127126
19825.0868842
32878.1637596
46189.7408857
4934254.80673
13304.8812144
-4974180.57415
7751.14514253
2007.77358543
-3787.63069097
7809.26904505
9661.54557521
11490.7240132
13356.1270969
151795.120421
13813.3602623
-126034.033496
12468.6341189
1199202.45989
2396687.63396
-89279.570847
-27009.5710718
34483.9149541
97195.2043914
4536354.34029
8331.94086935
-4580913.26595
1663.50153851
4899.46437438
8164.74377878
5511.38543114
9108.52700068
12660.811819
16283.4453011
254167.107618
11765.0148418
-233914.565396
12240.5943732
2251655.17993
4511357.99329
-174207.837009
-68491.69669
35906.1517263
142371.472068
4183928.21288
3927.33656374
-4232590.79298
-3728.41136791
7460.67621601
18751.1325949
2694.62487216
8430.63326416
14095.1130003
19871.7708417
379655.349989
9254.13981033
-366155.217402
11961.0617816
3541758.51417
7103534.56279
-278313.453594
-119340.753899
37649.5387374
197748.832446
3751921.99218
-1471.85581087
-3805614.85837
-10337.8529951
10600.2262154
31727.9963049
-1308.14013272
7467.31058594
16133.3304685
24970.9702942
33696.0337352
5686.05423925
-554076.143937
-1113938.57709
-1667135.38463
10787153.8984
-426253.014005
-191599.94046
40126.9834374
276442.97614
509748.708113
-9144.39234321
-3198859.58287
-6389145.94632
-9541449.31037
50168.8026296
2261.68997242
2722.26846618
2446.99748568
4507.13651888
4979.87710156
2792.94625566
2355.75672129
1820.66394531
1438.38520189
38.406560425
3937.55884139
3522.21547565
4738.48338447
185613.583938
492057.378336
2293.20108864
1838.73662626
1295.74261533
569.121371432
40.1004220915
2802.30287064
2767.60647572
2733.34274867
4210.70606222
17257.6141559
2993.05459491
-11464.3742378
2557.39251195
120608.372417
239728.848426
2465.74509812
4093.25722505
5700.47409667
124048.642273
517979.030652
2376.17889485
-520198.072582
2197.98412974
1502.46013075
800.634954011
2626.30029833
2807.76299846
2986.96283875
3948.15337204
28132.1812612
3170.29340967
-22129.100911
3209.92352812
226158.932522
2944.08611999
2620.88331237
4599.03706023
6552.52301318
69519.6939408
540938.208417
2449.67352322
-543319.695463
2997.11232822
2329.13160328
183350.266803
2789.70255872
2856.98712311
3297.85198143
3626.31459052
41462.2957773
3387.55389228
14171.1571017
4009.80025762
355543.49007
4617.05313914
242427.480978
5219.02524529
7596.97007214
2677.7572758
569081.716646
2539.76371282
2967.39421165
3976.68882958
3342.47082768
288892.48381
2103.97008376
2926.93719498
3739.64181576
4568.4410593
5386.68282095
3696.29247283
-53779.2574893
-111265.099429
-168066.524846
1078505.22693
3081.29349659
6100.06108722
9081.18431381
12121.3450462
15122.7793413
2667.78661384
-611938.705305
-1226655.253
-1834053.09147
4190.92870211
2357.6001658
1886.66885921
1593.83150392
1558.87371436
1529.28369029
1319.96732101
876.578727792
615.878797407
387.650719625
37.8231053748
1770.94505553
1721.1448703
1629.73340432
1448.90584671
1302.65108859
1076.67837353
761.392869654
582.577710443
410.185307408
36.5002028611
2249.15493904
2005.99395017
1765.8652056
1813.77958669
2394.49331172
1797.67410088
1192.78537439
1462.44147704
1449.97035587
1437.38625117
12601.3701415
7529.36295054
2520.60424736
124285.724973
74046.3349872
1718.21211367
-71587.8499893
2257.03145092
1127.17381853
-12.9198859029
2307.56859173
2111.68188789
1918.2379128
2039.55335933
3160.82183356
2220.78582019
1268.03970102
2212.25413615
2390.88203369
43.7499792464
22156.1542699
12673.7846787
3309.66127977
233084.050486
138476.455012
2286.42771208
-135745.007398
3740.11904962
1762.22078552
42.5398625151
1967.31221229
2241.23484379
2105.01736033
2316.30830644
4100.19227969
2739.43889548
6355.28189013
3131.37933118
3544.25763875
47.1624217786
5451.88572682
18979.850023
4276.89248078
366449.739823
217455.311816
2982.95005852
3697.56223357
5558.09739642
2540.66545474
46.0172423159
2480.92523841
2425.33641271
2370.44078577
2314.45801797
2259.18837469
3476.47221299
1491.37512197
-494.077434561
-2455.89153526
5935.7818474
50512.2878124
27941.1007754
5651.37892433
-17079.7636538
-39521.3504338
3972.74497188
-326146.8939
-656325.646325
-982573.347451
-888.507622469
1504.51949174
1629.77310868
1575.58611332
1682.17147546
1476.97854635
995.327935643
693.247901528
490.719155472
339.20114303
36.7611902301
381.876073977
975.862974784
999.605601312
1066.37352373
755.976446954
587.569328301
499.48706097
418.172715577
300.137467711
35.0520546026
1720.65047253
1278.3122605
841.490054647
-476.360673909
-11806.4560253
655.549374041
13286.0519426
416.271945334
-112399.768773
-226237.879076
22285.4398096
10812.385664
-517.598233917
124512.245329
-350108.577448
1089.55861465
357036.199421
2313.44813657
768.607003219
-790.229791784
2003.03680025
1446.61210279
897.126082527
215.983977833
-20698.0308142
1313.58003787
23622.8070439
1259.03222273
-211408.008626
-2727.37238643
40821.1033114
20388.7917114
211.273285348
389361.400645
-246055.099977
2130.45471572
253671.694313
4450.0238481
1220.56658746
-175098.587674
1733.55221552
1978.4438175
2262.95141382
2001.49716925
3485.49533935
1610.16016076
1692.21172511
1309.98396531
621.178694677
50.6649003103
1584.61315408
1641.10029347
1776.88361677
2854.17213991
1982.75069908
1785.19678344
1552.50403868
1357.59860441
640.961871926
49.9837732858
2841.08654704
1946.08260248
1062.23945559
160.892874286
-728.97209637
3266.44523374
54299.6286352
105341.950399
155776.57108
-1018849.28918
95830.1691877
48809.0935294
2374.37585865
-44979.924702
-91731.0126331
5219.56572533
-53087.4821356
-111404.970868
-169028.141635
-5741.64840374
645.593535085
315.613825815
-10.2510001707
-342.569181177
-4958.35955626
-1449.45831067
2106.88633651
-1649.30150544
-1587.89077579
-1525.92368875
917.106314423
-1665.14327109
-4215.19192013
-6815.74116924
-921391.277886
-1210.57035047
931411.78196
-758.281361435
111.361203986
988.882393844
1209.15224529
574.045943282
-53.1405132533
-692.747631809
-25550.4466086
-449.824014604
24990.1808631
-596.233898543
-222586.046138
-446587.0
31657.8950706
13989.7671325
-3458.03730611
-21251.3742091
-760615.015012
481.13395475
771867.96588
2368.0494437
421.578166192
-1542.52738635
1708.30424575
802.942961609
-91.1283676978
-1548.9065103
-43789.1522835
435.566361914
45258.2417295
336.483124706
-418327.269459
-840783.953304
58885.4508261
27855.5449185
-2787.41464798
540610.051563
-618213.182181
1979.50062508
630557.72878
5137.08529968
696.341761289
-3784.63319166
2320.16798826
1083.52640343
-137.694124759
-1383.09943448
-66146.2753689
1520.88359765
70102.9615012
1479.81366933
-658268.123853
-1323993.12187
1880.52561991
1814.72229598
1906.53335399
2562.68391713
5335.57929271
2034.2033846
1566.14481791
1335.94735069
724.566651936
44.2081117559
3189.65856972
1482.25024181
-203.866516372
-1923.37475832
-3620.97941229
3063.17651158
105408.615914
207772.382013
308917.422761
-2010658.78247
139689.809842
69005.5951222
-797.179662556
-71982.3131776
-142260.670094
6426.26622737
211185.412226
415981.223843
618338.771836
-10438.6246139
-146.345850945
-493.551013984
-836.426490434
-1186.09219707
-8299.79107627
-2875.83854559
2621.45054835
-2815.97244815
-2605.38455143
-2392.88881001
455.314282083
-3409.23577148
-7225.59446063
-11117.5314741
-1396620.64245
-2388.60753439
1410694.65907
-1448.884805
-42.5468085499
1376.53206484
673.503528221
-163.472447206
-990.011240121
-1832.91862468
-39943.3624219
-1607.38782612
37246.9225423
-1656.54540583
-337974.790353
-677339.948192
41472.8726581
17317.1692946
-6537.30978989
-30864.197708
-1190503.59511
-156.017595643
1206286.09613
2425.22876234
58.164294081
-2330.34486043
1399.65583548
128.882854797
-1126.04344699
-2405.822032
-67970.5256138
-483.902903171
67915.197737
-629.624311194
-635016.264063
-1275150.20079
77802.7100768
35674.8423531
-5927.68622437
-48354.1020866
-1007942.78174
1821.41920725
1025238.51181
5856.58649341
147.365556411
-5613.57870852
2289.77801858
487.253870155
-1292.79260379
-3108.09072484
-102326.403075
893.272163674
105508.56733
629.182191902
-999131.618933
-2007949.86526
1619.9803349
1626.22422819
1835.55154532
1852.77311103
1847.9871097
1777.79894551
1662.18931312
1527.23470834
387.982043646
43.2917126385
3554.68848929
996.517944612
-1529.75193188
-4106.05149887
-6649.53342484
2850.31041656
158930.724121
315039.086687
469288.850002
-3049296.75688
185620.292094
90155.6785268
-4118.48080413
-100259.624758
-195176.095313
7689.94133195
487936.003493
968268.061904
1442881.36964
-15357.3694835
-937.512823459
-1301.92663952
-1661.7961752
-2028.79248765
-11637.9635503
-4300.82756876
3135.51288296
-3981.50548508
-3621.88592037
-3259.00834184
-6.02734406083
-5151.6271813
-10233.0608224
-15415.1260526
-1871386.4948
-3565.49572654
1889510.07039
-2138.81467247
-196.304707793
1763.80364396
138.377253042
-900.271503383
-1925.96819552
-2971.97755835
-54322.2401878
-2763.82261445
49491.7096792
-2715.82274439
-453250.990821
-907867.832825
51278.2772637
20641.3260942
-9613.57892299
-40467.6453949
-1619972.88585
-792.547703945
1640280.51916
2482.35231146
-304.895124405
-3117.39394128
1091.30846366
-544.519811376
-2159.94912782
-3807.37004954
-92128.313781
-1402.47536921
90550.0554131
-1594.78945978
-851493.912305
-1709092.79165
96701.5184877
43486.5132811
-9064.89495498
-62657.0196695
-1397292.26079
1663.49197321
1419534.3452
6575.38592579
-401.07520769
-7440.74037391
2259.41768957
-108.437092141
-2446.76446417
-4831.39955488
-138471.242702
266.272866897
140879.640506
-220.619627021
-1339662.65477
-2691239.51538
238.788832503
2338.26838974
1881.54108936
1667.30513396
1789.1264649
1590.50011759
1385.26904179
1482.74339279
325.519236741
41.3064132003
3919.36237903
511.259403613
-2854.34415268
-6286.59937824
-9675.1335547
2637.65193926
212400.629849
422201.169399
629503.859896
-4086921.70172
231505.976314
111285.13332
-7436.54253377
-128509.356226
-248039.909777
8952.38391831
764416.667666
1520016.23018
2266619.75458
-20271.3168837
-1727.85983822
-2109.46447242
-2486.31045484
-2870.61941185
-14972.6763749
-5724.33974717
3649.04244837
-5145.83057492
-4637.33379718
-4124.23023581
-466.890840231
-6892.21279362
-13237.4102752
-19708.2666459
-2345660.30444
-4741.16420321
2367829.24208
-2828.02950334
-349.903253844
2150.67385858
-396.194422471
-1636.30694819
-2860.95513425
-4109.85598242
-68686.2158246
-3919.05888501
61723.8064379
-3774.00225823
-568407.720157
-1138156.8006
61073.5196434
23962.03777
-12686.6598407
-50061.1401621
-2048997.07881
-1428.41811863
2073825.15459
2539.41665828
-667.578271641
-3903.62733212
783.28066005
-1217.22456958
-3192.78327886
-5207.46551636
-116261.065052
-2320.09583568
113161.454543
-2558.95432059
-1067747.20522
-2142585.64864
115580.740357
51290.0882693
-12198.852313
-76945.1138479
-1786238.22182
1505.72841342
1813421.53424
7293.44040144
-948.947573119
-9266.00838673
2229.08882572
-703.51068612
-3599.54035935
-6552.92236441
-174578.622168
-360.076613909
176214.055446
-1069.54071961
-1679840.76755
-3373821.01075
155.616673099
1932.82274153
1566.87016155
1704.74242738
1790.13071755
1979.41199818
2042.93801198
1635.25156453
323.134408326
38.4542133613
4283.65832431
26.5037798452
-4177.563579
-8464.88735901
-12697.597982
2425.21385913
265815.119887
529252.190371
789552.824513
-5123471.26217
277344.105057
132392.689751
-10751.1654565
-156729.809948
-300848.936698
10213.5181215
1040610.78997
2071192.57203
3089504.42507
-25180.1715166
4942.36397499
7619.57956065
10263.4099734
12959.5982195
50084.1245725
20863.3505616
-8752.51376945
17926.3897574
15916.5229244
13888.4474772
1002.78235701
22510.7030884
43750.4176815
65410.7588899
7397148.04025
16635.0846591
-7463668.83558
10574.0380407
2552.22652021
-5542.2595022
1655.74674693
6939.75173704
12157.8646035
17479.3158243
836503.736464
300033.719334
-243689.83977
10208.5785883
877145.496549
1751936.52683
-145075.170555
-48683.1376684
46506.8759612
143582.01159
6534557.82832
8537.15261405
-6605721.00773
-580786.840735
3332.78279678
592744.303625
-1255.25708364
6337.61852183
13835.810133
21482.4942743
1533046.82128
547298.903104
-451777.185655
3372.8029814
1639948.30176
3291350.53997
-274458.500277
-111740.539482
48948.3104376
212819.406839
5770549.3549
1364.69851705
-5845824.3602
-1104563.61908
4024.13264174
1122655.25954
-4823.58435982
5599.51974191
15892.6465885
26389.6162452
2386873.82848
850398.160629
-706851.996741
-5006.53485934
2574996.9017
5178374.16899
-433057.420581
-189036.709446
51941.0365698
297691.052629
4834022.83909
-7427.34198896
-4914338.14711
-1746612.57318
4871.59374202
1772223.52808
-9894.36522597
4550.64252833
18815.5194464
33362.8948355
47724.9615945
1281118.15816
-1069326.72828
-3420192.50199
-5743069.27311
7859934.06285
-658434.833645
-298878.635185
56193.8579157
418298.128224
775789.81073
-19921.294287
-3590647.21271
-7162012.53054
-10690857.7886
2695294.22547
3060.31341494
2915.36288203
2772.2198982
2626.24214236
6704.28278367
3578.5284753
410.511245696
2420.88017493
1963.73863183
1502.45556361
9220.16486673
213432.726248
220432.478493
4041.96048238
2752.98893009
2401.94362138
2845.74552456
1675.15420482
1092.1196775
36.5490899823
2720.05485617
2832.09729686
2942.74255599
3055.57900939
24295.777637
-10921.5584932
-46615.0636873
2387.86785412
88945.8632797
176288.040581
2752.18919502
4684.30508231
6592.32727188
8538.13551135
749524.220537
2650.32606144
-754321.954101
-55104.6022227
1591.61302119
58801.4739912
2418.68298983
2758.34777857
3093.77691003
4509.75211699
39876.8159356
-23764.4926654
-88266.2871994
2358.62836997
165987.173682
331098.130167
3154.94907102
5102.57286191
7025.90956981
102376.545557
760280.856823
2458.71283362
-765609.846714
-105382.411358
2401.5487962
111161.989836
2049.25941173
2667.94514325
3278.91579563
3901.98597582
58976.1532049
-39507.4442312
-139322.625698
2322.78642166
260424.909014
520865.336758
4372.27376152
5904.43595869
112605.675661
261808.631412
6571.69669281
137836.088853
3336.21071963
843589.833903
484541.73868
601584.438059
1524.28906391
2539.47824043
3542.00789622
4564.39142781
5573.75154546
-61879.0069827
-211876.36988
-361900.592365
-510138.652322
790534.52507
4350.23644497
6343.88369168
8312.66993785
10320.4455919
12302.6456251
1890.05422202
-799109.398984
-1600252.28481
-2391856.90156
266554.488473
2852.39262255
2395.66140314
1944.62567229
1484.65772948
1911.8657945
1668.97621311
1422.802553
707.898649763
422.29546992
134.10483601
2033.6007082
1724.38722115
1615.34918816
1800.53782647
1903.77207074
1686.74722748
1146.64977114
831.0746895
411.193865303
37.1688588874
2837.63500524
2378.30142963
1924.69579426
1462.10705309
-65433.4389788
-45274.5504564
-24843.0961999
1523.86961336
1868.98246177
2217.22189878
19083.5154774
10580.1089571
2182.74085187
-6380.92687611
110418.769672
1999.97496702
-107884.73629
2970.49410935
1399.25612754
-186.216661135
2824.56397277
2362.9254531
1907.04361657
2132.2418819
-125082.137492
-86853.1026494
-48107.1779524
2246.58675254
3150.33379742
4062.26844009
33824.4802684
18010.8937218
2394.50433961
348513.866849
206768.098814
2579.57479579
-204369.755945
5002.79978334
2222.29276236
-583.404574083
2808.54141684
2344.07748186
1885.40546327
1417.65000535
-198199.89696
-137820.360176
-76624.4394555
3132.49808444
4721.02253143
6323.93839396
2530.49916734
2365.85827809
3050.0251279
3256.7404158
3697.91005313
9401.67895524
50078.8079866
220566.407882
2895.63677744
46.7610124549
2785.77252156
2317.29352274
1854.65650858
1382.85753321
917.068468175
-210247.515609
-117148.96896
-24033.7514276
67972.8523789
9537.89043366
77571.8596481
40063.5452816
3022.96372259
-34751.1613302
-72044.1087702
4299.67751341
-490712.39492
-985813.10771
-1475019.23677
-1762.1557996
2653.73497388
1899.11330605
1153.90185346
393.932397895
-2667.04273881
-155.50299391
2389.99495626
-928.767304123
-1050.47437954
-1173.28407387
2028.00919318
1599.42855782
1412.02724004
1400.32268401
1112.09598912
878.782473495
638.397646894
518.03389913
335.782094395
35.982958306
2949.97680463
1944.72276285
952.004349595
-60.3736397958
-151165.101432
-78097.0716185
-4041.09838952
698.363626225
-81328.5092281
-164098.513745
34687.2597767
16213.2470447
-2030.39271571
-20635.3254873
-500213.696006
1378.59786595
509752.856509
58458.2688102
1215.46898553
-56545.9284096
3212.36242614
1985.11971031
773.180846176
-139.347157219
-282691.953417
-147131.0324
-9737.20963864
2139.53673596
-152431.911523
-308403.717167
63127.6436679
30344.1319751
-2030.56571954
583685.44799
-322084.940616
2695.05219919
331866.353447
110470.205143
2051.02281969
-107350.395255
3533.99641381
2034.63854912
553.977841985
-956.005542671
-443918.417141
-231753.306907
-16719.5395569
3906.13603177
-239590.920787
-485293.966524
1770.48285421
1763.55135714
1932.98202112
2329.67207667
2565.14013698
2346.86708307
1753.46055198
2905.75844122
1403.55977738
47.6572710635
3991.05523839
2105.00742533
242.478836029
-1656.93485796
-3532.15327686
-352006.012785
-26641.7978618
298780.679075
620328.732108
-736664.320873
147531.363603
72280.9517684
-2031.07915023
-77814.7691114
-152633.104747
6601.9489301
-196054.881446
-398748.000986
-599027.89119
-258124.942024
2461.4697395
1418.54315481
388.6219794
-661.695527432
-7098.61095797
-1921.27403116
3326.0650011
-2512.76855111
-2475.85337794
-2438.60376762
2709.40975619
-1610.31740442
-5876.17709201
-10226.5169224
-1381670.87485
-1514.26649017
1397303.26153
-1175.45126449
80.550950514
1347.93205857
3058.70366479
1525.09580891
10.6122117438
-1533.86388399
-234138.086792
-109863.428294
16091.5318477
-100.579194028
-161848.86848
-325062.53455
49788.9061261
21665.1217745
-6107.95589159
-34431.0454519
-1091197.20415
777.215463743
1107516.08049
112160.555529
1037.59575401
-111092.094949
3587.68228434
1619.47101682
-324.196439609
-2306.35585693
-435230.19396
-205469.336356
27398.0881975
2035.93137939
-303007.824714
-610815.158957
91487.8886252
42280.5107615
-6313.24568551
-55869.3421494
-833920.524378
2806.81376578
850847.434431
212543.875832
1885.26400854
-210681.833155
4236.10768894
1735.15675555
-734.607044492
-3253.28150119
-681730.196294
-322663.67527
41257.7379167
4654.87982422
-476041.383968
-961092.56952
2085.28438475
1958.98837277
1665.36147553
2296.81935396
2996.22222759
1858.0837407
1488.79738724
1289.96952261
685.381148639
46.3406306227
5157.55431653
1899.55227902
-1317.82211459
-4598.91267987
-7838.20777474
-489202.99899
60953.0296229
611207.573059
1154910.88077
-1458855.20558
215239.707655
103461.665175
-6922.49281585
-119492.674284
-230628.904572
8830.1377589
89121.1299858
169426.499685
248775.767497
-506238.475574
2260.12666411
915.282788968
-412.790735065
-1767.16513376
-11739.4165459
-3770.4162967
4306.33177799
-4171.55872984
-3968.53192729
-3763.66578063
2847.91530156
-3567.91816715
-9903.74548652
-16365.0461304
-2094137.52232
-2987.2217353
2116437.25261
-2129.00997617
-120.043961376
1907.12250653
3172.56408514
1085.65608545
-975.227941836
-3076.92526109
-321028.658045
-143129.639775
37174.7281981
-937.244257344
-246171.012399
-493626.50339
65603.5796907
27374.4078465
-10378.0420182
-48878.1330594
-1710084.11535
147.438672636
1733502.81317
168398.406323
851.324202735
-168213.669514
3980.72294377
1236.55814806
-1473.38661069
-4236.99851673
-594970.557658
-266562.094855
66286.7364559
1927.43427544
-460693.209388
-927505.016702
121187.16815
54780.46803
-10798.133232
-77675.438625
-1369922.52632
2923.8521768
1394332.30966
319436.975044
1711.67886238
-318892.085305
4971.3692866
1421.53486995
-2084.0327209
-5659.02379784
-930770.305571
-417866.394631
101972.423998
5438.97570272
-723655.902472
-1459356.09754
2267.80755306
1935.67030265
1834.82835181
1954.16728901
2387.51062573
1976.1372004
2205.89587758
1900.01336972
518.685295977
46.1862589919
6379.12987905
1684.39652739
-2951.79298278
-7679.79656573
-12347.5734863
-632877.767997
152683.664189
938385.764551
1714733.43117
-2215144.47556
286144.914544
136114.582123
-12044.8555438
-163138.409981
-312307.291491
11163.5309634
387761.783125
764427.471628
1136608.64338
-766066.738617
2058.97996752
412.513275219
-1213.42179626
-2871.55652667
-16375.6957508
-5617.755012
5285.64245734
-5828.73101713
-5459.75460121
-5087.43540204
2986.28575635
-5523.60959526
-13927.3856154
-22497.5881592
-2805909.26956
-4458.74034202
2834869.84049
-3081.63863986
-320.443224176
2465.76755132
3286.31345238
646.644967
-1960.10656191
-4618.48162218
-407834.48108
-176363.405248
58237.3611744
-1773.09328421
-330410.9132
-662026.064335
81402.8285047
33078.1253992
-14643.9633409
-63311.1297832
-2328367.39878
-481.723869308
2358878.99329
224581.405852
665.234330344
-225279.530882
4373.38025326
854.018751148
-2621.45592576
-6165.75813534
-754555.119514
-327595.266885
105137.454895
1819.04299351
-618224.796531
-1243885.99282
150857.480653
67268.2335372
-15278.6464692
-99460.2666502
-1905401.74181
3040.77643509
1937287.10005
426225.816688
1538.26302149
-426996.795208
5705.9137511
1108.21887365
-3432.14224275
-8062.4196676
-1179567.51501
-512976.258569
162627.89236
6222.30681782
-971028.911582
-1957133.64709
1724.41071086
2484.94595115
1807.89387433
2006.87178989
2182.37102603
2304.40694331
2434.27881034
2120.49601129
460.81280259
40.3731348503
7599.51398488
1469.45062669
-4584.17016689
-10757.6755292
-16852.5410139
-776412.404647
244324.829809
1265244.84468
2274009.96187
-2970696.10316
356980.964449
168735.651237
-17162.2222048
-206741.576062
-393906.013867
13494.6483062
686111.158824
1358848.1128
2023575.57659
-1025641.57966
1858.04173742
-89.7351730972
-2013.22309121
-3974.80333909
-21007.1699611
-7463.17916342
6263.93818862
-7484.18582718
-6949.43178647
-6409.8330815
3124.51280534
-7477.2741638
-17946.8556828
-28623.7744812
-3516943.34348
-5928.73388117
3552557.85183
-4033.28000847
-520.634795129
3023.83362181
3399.94493088
208.088835398
-2943.96446335
-6158.44032925
-494550.339404
-209562.727569
79278.1650428
-2608.07604528
-414563.508588
-830251.097614
97185.7031308
38775.9316746
-18905.4635043
-77729.1682897
-2946009.89943
-1110.23435331
2983607.03962
280706.177868
479.337319686
-282286.249746
4765.63061653
471.87581435
-3768.33539297
-8092.51880625
-913974.289482
-388565.184729
143947.908828
1710.76404726
-775593.11947
-1559939.07477
180497.043133
79743.0568458
-19754.5161461
-121222.517092
-2440325.99184
3157.57951422
2479679.17738
532903.983416
1365.02690709
-534989.466443
6439.69694086
795.227595002
-4778.85459701
-10463.3246813
-1428106.87345
-607987.551569
223220.497984
7004.82609618
-1218145.54571
-2454395.30483
248.646129166
9121.32883725
2701.0010913
2041.2419698
2307.9008888
2029.83136266
2031.6120744
2627.56129538
1799.22967985
41.4882466855
8818.6332965
1254.72749382
-6214.85557118
-13832.3646089
-21352.8396371
-919798.283395
335871.019416
1591765.17124
2832706.86382
-3725464.6844
427743.60056
201322.912192
-22274.2852768
-250299.552245
-475420.16812
15823.3497017
984151.328132
1952652.70221
2909623.2659
-1284947.39987
