-1.31874808088
-1.22462272797
-1.13167112858
-1.03687873624
-1.05618694505
-1.06234677997
-1.06858990122
-1.12824635652
-1.17997264697
-1.23216755756
-1.2258175735
-1.14558731233
-1.06635753134
-0.985558701277
-1.07477450553
-1.13593890203
-1.19793029445
-1.31169741817
-1.41212616138
-1.51346475005
-2.30616475727
-2.21606462078
-2.12708804291
-2.03634939255
-2.05911791589
-2.06834598249
-2.07769882058
-2.13804333866
-2.19071864739
-2.243871174
-2.23412587101
-2.15582927896
-2.07850905404
-1.99965759646
-2.09082350197
-2.15261207761
-2.21523608863
-2.32802521948
-2.42717393944
-2.52722090836
-3.1807338135
-3.0941988687
-3.00874302418
-2.921594831
-2.94742820436
-2.95937384758
-2.9714810063
-3.03243495141
-3.08595081919
-3.13995151998
-3.12719893451
-3.05061502084
-2.97498611699
-2.89785947505
-2.9907526131
-3.05309403313
-3.11627836347
-3.22820127207
-3.32621625716
-3.42511922001
-4.252786205
-4.17062149517
-4.08948138831
-4.00673440071
-4.03632468699
-4.05160155317
-4.06708497589
-4.1287859606
-4.18333219108
-4.23837258926
-4.22193365752
-4.14744915604
-4.07389348449
-3.99888113267
-4.09389152351
-4.15691062377
-4.22078179716
-4.33164288492
-4.42826813049
-4.52576876331
-5.77622907714
-5.70027470122
-5.62526748472
-5.54877484187
-5.4732565842
-5.60371460849
-5.62399588005
-5.64428078332
-5.66432417802
-5.79928674034
-5.77760931653
-5.70610819027
-5.63549869093
-5.56349085667
-5.4924002788
-5.72549209467
-5.79033930818
-5.85519813368
-5.9192847612
-6.08984969328
-0.999587011192
-1.0243381896
-1.04878071809
-1.07370730101
-1.11608096926
-1.15761344613
-1.19970747827
-1.25482229919
-1.30740638378
-1.36046685979
-0.91225587883
-0.960136897858
-1.00742083531
-1.05564117341
-1.14918652011
-1.23472248769
-1.32141497607
-1.4221088538
-1.51645337707
-1.61165262514
-2.00207598361
-2.02629648923
-2.05021496248
-2.07460711189
-2.11733142444
-2.15885597948
-2.20094198268
-2.25617781273
-2.30880580338
-2.36191058322
-1.92898134361
-1.97603435032
-2.02250060086
-2.06988705876
-2.1626172317
-2.24714653881
-2.33281875578
-2.43229155249
-2.5253949098
-2.61934174742
-2.88999478774
-2.9137452689
-2.93719957894
-2.96111837295
-3.00415325618
-3.04567079474
-3.08774968659
-3.14309269614
-3.19575957502
-3.24890359541
-2.82950961242
-2.87582923679
-2.92157125035
-2.96821912864
-3.06022729054
-3.14386498408
-3.2286335321
-3.32702479991
-3.41902883879
-3.51186639858
-3.97841138636
-4.00158570849
-4.02447104427
-4.04780959618
-4.09122517895
-4.13273411667
-4.17480429139
-4.23027868227
-4.28299323059
-4.33618535228
-3.93338297418
-3.97880361375
-4.02365785295
-4.06940037559
-4.1605234917
-4.24306823958
-4.32672906436
-4.42379458706
-4.51445107432
-4.6059288742
-5.52510865809
-5.54746422791
-5.56954102133
-5.59205501868
-5.61428222629
-5.67750831099
-5.7195660982
-5.76163141658
-5.80319591252
-5.88126995415
-5.50204511984
-5.54618825469
-5.5897809198
-5.63423688442
-5.67812655624
-5.80509391845
-5.8871806102
-5.96928200099
-6.05040590676
-6.16064923429
-0.964327478893
-1.00221162148
-1.03962334464
-1.0777759613
-1.12269780158
-1.16813809469
-1.21419278015
-1.26880586098
-1.32148471095
-1.37464081087
-0.877614941226
-0.939649139482
-1.00090976446
-1.06338358132
-1.15740723711
-1.24563567028
-1.33505702873
-1.43430663088
-1.52797899589
-1.62249999621
-1.96848157327
-2.00533172817
-2.04172235758
-2.07883365898
-2.12376260067
-2.16885513184
-2.21455735331
-2.26922879764
-2.32185156079
-2.37495106578
-1.89527029818
-1.95617138552
-2.0163130296
-2.07764570551
-2.17054869194
-2.25759029653
-2.34580877945
-2.44381044526
-2.53624593709
-2.62951885863
-2.85787519973
-2.89380953696
-2.92929576905
-2.96548476264
-3.01041999416
-3.05520450761
-3.10059454669
-3.15531768439
-3.20789077065
-3.26094014869
-2.79662218577
-2.85651966058
-2.91567020729
-2.97599215836
-3.06790255193
-3.1538929655
-3.24104604438
-3.33794239514
-3.42928237072
-3.52144985106
-3.94809964506
-3.98291136708
-4.0172889831
-4.05234740583
-4.09729034746
-4.1416972908
-4.1867046547
-4.24149115847
-4.29400335048
-4.34699128259
-3.90150514475
-3.96017238485
-4.01810803801
-4.07719103605
-4.16788470288
-4.25258655972
-4.33843365945
-4.43397510789
-4.52397219259
-4.61478461598
-5.4973659621
-5.53058238883
-5.56338460307
-5.59683642511
-5.62986212827
-5.68566071955
-5.73012428187
-5.77459580615
-5.81853786013
-5.89032710444
-5.4716019812
-5.52852099302
-5.58473021851
-5.64205259908
-5.69864479076
-5.81388798308
-5.89787921771
-5.98188549241
-6.06489160288
-6.16847086086
-0.930638804956
-0.98107082096
-1.03087394418
-1.08166335744
-1.12901984535
-1.17819385637
-1.22803274285
-1.28216643677
-1.3349358302
-1.38818329387
-0.844517302778
-0.920074137585
-0.994688770347
-1.07078105481
-1.1652617104
-1.25606265629
-1.34809131007
-1.44596098101
-1.53899113329
-1.63286410268
-1.93638383794
-1.98530097469
-2.03360810936
-2.08287190786
-2.12990725958
-2.17840880886
-2.22756614134
-2.28169834407
-2.33431611262
-2.38741057775
-1.86306112399
-1.93719334182
-2.01040112274
-2.08505869437
-2.17812679522
-2.26756877117
-2.35822008055
-2.45481615626
-2.54661353689
-2.6392425662
-2.82718658144
-2.874761968
-2.92174408425
-2.96965662395
-3.01640754075
-3.06431348107
-3.11286715144
-3.16699803339
-3.21948150562
-3.27244045776
-2.76519993707
-2.83807035129
-2.91003206343
-2.98341888941
-3.07523587036
-3.16347418721
-3.25290556297
-3.34837359719
-3.43907909437
-3.53060634818
-3.91913833154
-3.96506899205
-4.01042689217
-4.05668305012
-4.10308530477
-4.15026114378
-4.19807484123
-4.25220410416
-4.3045229551
-4.35731579455
-3.87104751439
-3.94237120161
-4.0128054746
-4.08463461237
-4.17491796246
-4.26168082623
-4.3496167995
-4.44370207318
-4.53306913257
-4.62324582286
-5.47085923957
-5.5144526578
-5.55750246131
-5.60140481362
-5.6447479252
-5.69344992763
-5.74021208462
-5.78698261518
-5.83319630386
-5.89898074682
-5.44251512427
-5.511640831
-5.57990453257
-5.64952011341
-5.71824891105
-5.82229026062
-5.90810118824
-5.99392748177
-6.07873194225
-6.17594402372
-0.898034166605
-0.960610290021
-1.02240608229
-1.08542566478
-1.13513845813
-1.18792604332
-1.24142736264
-1.29509709538
-1.34795411876
-1.40129000627
-0.812484681552
-0.901129020933
-0.988667955648
-1.07794049209
-1.17286344211
-1.26615412229
-1.36070617375
-1.45724031696
-1.54964892166
-1.64289471249
-1.9053189449
-1.96591477165
-2.02575496177
-2.0867802138
-2.13585419538
-2.18765506725
-2.24015633204
-2.2937666449
-2.34637957957
-2.39946916702
-1.83188837799
-1.91882597443
-2.00467944947
-2.09223314777
-2.18546104998
-2.27722615803
-2.37023201027
-2.46546772502
-2.55664752763
-2.6486533839
-2.79748546282
-2.85632731252
-2.91443539788
-2.97369424292
-3.02220241981
-3.0731293456
-3.12474484779
-3.17830253162
-3.23069927342
-3.28357070939
-2.73478879483
-2.82021470466
-2.904575344
-2.9906066428
-3.08233321696
-3.17274710396
-3.26438346548
-3.35846914359
-3.44856057863
-3.53946820714
-3.8911089364
-3.94780074972
-4.00378560988
-4.06087918185
-4.10869379169
-4.15854942873
-4.20907915742
-4.26257232824
-4.31470405944
-4.36730808392
-3.84156995096
-3.9251428256
-4.0076735373
-4.09183866897
-4.18172490551
-4.27048245704
-4.36044008799
-4.45311604376
-4.54187335082
-4.63143476466
-5.44520545149
-5.49884194995
-5.55180959537
-5.60582620033
-5.65915472633
-5.70098849424
-5.74997528163
-5.79897084094
-5.84738306757
-5.90735593192
-5.41436422546
-5.49530383956
-5.57523412777
-5.65674733774
-5.73722220912
-5.83042216931
-5.91799423576
-6.00558198349
-6.0921269266
-6.18317671483
-0.863890093815
-0.939183711072
-1.01353840864
-1.08936561021
-1.14154596241
-1.19811773739
-1.25545441205
-1.3086382776
-1.36158706839
-1.41501555469
-0.778939633789
-0.881289406858
-0.982362866994
-1.08543796361
-1.18082409108
-1.27672205886
-1.37391665071
-1.46905220899
-1.56080991962
-1.65339891953
-1.8727873168
-1.9456132452
-2.01753102626
-2.09087305117
-2.14208191694
-2.19733788956
-2.25334097107
-2.30640475294
-2.35901262549
-2.41209710496
-1.79924380462
-1.89959138815
-1.99868762627
-2.0997463444
-2.19314159303
-2.28733952031
-2.38281108562
-2.47662220971
-2.56715527522
-2.65850853521
-2.76638200002
-2.83702226115
-2.90678163044
-2.97792249888
-3.02827090523
-3.08236145291
-3.13718335192
-3.19014077396
-3.24244669035
-3.29522647805
-2.7029417845
-2.80151600015
-2.89886098449
-2.99813376739
-3.08976566618
-3.1824578433
-3.27640329941
-3.3690413532
-3.45848973304
-3.54874848052
-3.86175612784
-3.92971718392
-3.99683075815
-4.06527343478
-4.11456708443
-4.1672290467
-4.22060304457
-4.27343009005
-4.32536586663
-4.3777721612
-3.81070059855
-3.90710100842
-4.00229929456
-4.09938286653
-4.18885323972
-4.27969965859
-4.37177440018
-4.46297449683
-4.55109326198
-4.64001034897
-5.41834041474
-5.48249417943
-5.54584793963
-5.61045634369
-5.67424174742
-5.70888299575
-5.76019944991
-5.81152509315
-5.86223966213
-5.91612655305
-5.38488417641
-5.47819549384
-5.57034320887
-5.6643157969
-5.75709133521
-5.83893802767
-5.92835438548
-6.01778675481
-6.10615435777
-6.19075089888
-0.82977932325
-0.917778030414
-1.00467938402
-1.09330171283
-1.14794721718
-1.20829949106
-1.26946778026
-1.3221662525
-1.37520672119
-1.42872771597
-0.745427303994
-0.861469143235
-0.976063927972
-1.09292812251
-1.18877697568
-1.28727968805
-1.3871142429
-1.48085258036
-1.57196003176
-1.66389288135
-1.84028741824
-1.92533151973
-2.00931511192
-2.09496189661
-2.14830356432
-2.20701126779
-2.26651275054
-2.31903053448
-2.37163334984
-2.42471272631
-1.76663107095
-1.88037556222
-1.99270164716
-2.10725221307
-2.2008146449
-2.29744301858
-2.39537789205
-2.48776581493
-2.57765277414
-2.66835407435
-2.73530887381
-2.81773603884
-2.89913532807
-2.98214663083
-3.03433347179
-3.09158455574
-3.14960972422
-3.20196746995
-3.2541826495
-3.30687087833
-2.67112583597
-2.78283553332
-2.89315219844
-3.00565355043
-3.0971908662
-3.19215911133
-3.28841140987
-3.37960325126
-3.46840920311
-3.55801970244
-3.83243194837
-3.91165125582
-3.98988268979
-4.0696634018
-4.12043464869
-4.17590019904
-4.23211569196
-4.28427726182
-4.33601727489
-4.38822603241
-3.77986135439
-3.88907678821
-3.99693029356
-4.1069197059
-4.19597462135
-4.28890787019
-4.38309765751
-4.47282333451
-4.56030418055
-4.64857756913
-5.39150158064
-5.46616235363
-5.53989209856
-5.61508197107
-5.68931405347
-5.71676979742
-5.77041364611
-5.82406710064
-5.8770817664
-5.9248886198
-5.35543288055
-5.46110383465
-5.56545706031
-5.67187687421
-5.77694108206
-5.84744558015
-5.93870443048
-6.02997962228
-6.12016810737
-6.19831769548
-0.795703904755
-0.896394534395
-0.995829540803
-1.09723373611
-1.15434183775
-1.21847069246
-1.28346662515
-1.33568020714
-1.38881225872
-1.4424256661
-0.711949706052
-0.841669421141
-0.969771517109
-1.10041051868
-1.19672161799
-1.29782637542
-1.40029815724
-1.49264072194
-1.58309858804
-1.67437596733
-1.80782120226
-1.90507081405
-2.00110771247
-2.09904650442
-2.15451876365
-2.21667462062
-2.27967087891
-2.33164323078
-2.3842409942
-2.43731527295
-1.7340521368
-1.86117965138
-1.98672187186
-2.11475030274
-2.20847974449
-2.30753604568
-2.40793167436
-2.49889787103
-2.58813939356
-2.67818940968
-2.70426795147
-2.79846980459
-2.89149695024
-2.98636638493
-3.04038975516
-3.10079809984
-3.16202321796
-3.21378190886
-3.26590644561
-3.31850321046
-2.63934286118
-2.76417442674
-2.88744932893
-3.01316554005
-3.10460837082
-3.20185032506
-3.30040707524
-3.39015420308
-3.47831839273
-3.56728131576
-3.80313816019
-3.89360405107
-3.98294182234
-4.07404881909
-4.12629613186
-4.18456236469
-4.24361640775
-4.29511319168
-4.34665764413
-4.39866906933
-3.74905407172
-3.87107124814
-3.99156685695
-4.11444873417
-4.20308862245
-4.29810653849
-4.39440917954
-4.48266196495
-4.56950555301
-4.65713591031
-5.36469056205
-5.44984745396
-5.53394243006
-5.61970280449
-5.70437073872
-5.72464842528
-5.78061725641
-5.83659610972
-5.89190848845
-5.93364160563
-5.32601210773
-5.44402988908
-5.56057597571
-5.67943011528
-5.79677025683
-5.85594431547
-5.9490437488
-6.04215985317
-6.13416733326
-6.20587664994
-1.26204264929
-1.19061282737
-1.12007374319
-1.04813771857
-1.06813229847
-1.07839221354
-1.08879085161
-1.14569839612
-1.19613172333
-1.24702195694
-1.17104282286
-1.11479010484
-1.0592388644
-1.00258749947
-1.08777668961
-1.1509224089
-1.21492191332
-1.32581753247
-1.42460599978
-1.52428945229
-2.25197125606
-2.18384047602
-2.11655929429
-2.04794569091
-2.07067484532
-2.08352273159
-2.09654433246
-2.15422385761
-2.20557733877
-2.25739606255
-2.18005640121
-2.12539800977
-2.07142121449
-2.01637547469
-2.10303952315
-2.16669643962
-2.23121405306
-2.3411580349
-2.43879310589
-2.53731271276
-3.12876516492
-3.06355639339
-2.99916078241
-2.93348989498
-2.95864110111
-2.97378119042
-2.98912598694
-3.04748926637
-3.09965774101
-3.15229884181
-3.07375414203
-3.02050786843
-2.96792558172
-2.91430196702
-3.00227231857
-3.06638200969
-3.13135851969
-3.24045962276
-3.33707311415
-3.43456188631
-4.20354479514
-4.14191784049
-4.08105938075
-4.01899569352
-4.04711586626
-4.06506575287
-4.08325833758
-4.14245976742
-4.19562726634
-4.24927644219
-4.16925459853
-4.11773930807
-4.06686641896
-4.0149860544
-4.1045576807
-4.16922238591
-4.23476141426
-4.34282931111
-4.43819054364
-4.53441571195
-5.73086321703
-5.67432621269
-5.61849423102
-5.56155656512
-5.5053441875
-5.61583855213
-5.63807799375
-5.66032141773
-5.68230001533
-5.808139348
-5.72601840512
-5.67696293283
-5.62851918768
-5.5791160733
-5.53034226993
-5.73641660474
-5.80275500129
-5.86910527686
-5.9346655975
-6.09736588524
-1.0043694304
-1.02708380107
-1.04951492103
-1.07239026194
-1.11503278827
-1.15629748494
-1.19812011625
-1.25350078289
-1.30624443386
-1.35946592186
-0.917056504085
-0.962696611551
-1.00776758186
-1.0537311277
-1.14789761845
-1.23331166551
-1.31988058488
-1.42092614429
-1.51546757232
-1.61086550902
-2.00657382947
-2.02887114269
-2.05089040596
-2.07334573386
-2.11625761265
-2.15752067847
-2.19934165688
-2.2548381225
-2.30762275912
-2.36088560408
-1.93352008239
-1.97842487771
-2.02276970528
-2.06799272803
-2.16127555226
-2.24569050735
-2.33124682616
-2.43106541352
-2.52437164744
-2.61852319966
-2.89424058293
-2.91616850242
-2.93782297833
-2.96744552027
-3.00305674281
-3.04431836416
-3.08613787857
-3.14173690901
-3.1945578472
-3.24785732261
-2.83381639461
-2.87806991345
-2.92177158604
-2.9841193072
-3.05883886507
-3.14236891013
-3.22702835416
-3.32576019484
-3.4179723997
-3.51102001137
-3.98234821621
-4.00382333046
-4.02503064768
-4.04665794992
-4.09010083785
-4.13136068856
-4.17317840839
-4.22890316345
-4.28176860033
-4.33511297758
-3.93740542249
-3.98086060242
-4.02377389148
-4.06753702583
-4.15907776464
-4.24152308127
-4.3250831304
-4.42248283001
-4.51335396698
-4.60504836121
-5.52860643192
-5.54943808611
-5.57000996729
-5.59098924945
-5.61170129151
-5.67610504429
-5.71792021393
-5.7597428713
-5.80106759531
-5.88016048729
-5.50566351474
-5.54798421306
-5.58977716762
-5.63239778062
-5.67447548006
-5.80347900869
-5.88547675981
-5.96748919402
-6.04852520234
-6.15972022677
-0.975902809476
-1.00901782269
-1.04171988804
-1.07506957786
-1.1202141512
-1.16490412182
-1.21019833977
-1.26541032355
-1.31840920908
-1.37188824397
-0.888997195915
-0.945893981318
-1.00208125754
-1.05938125418
-1.15453951821
-1.24241367364
-1.33147596421
-1.43143333169
-1.52550556521
-1.6204300567
-1.9794633849
-2.01175080211
-2.04363559167
-2.07615182056
-2.12129339931
-2.16569565106
-2.21069825994
-2.2659535506
-2.31889629507
-2.37231868028
-1.90628381794
-1.9621879228
-2.01739489732
-2.07369517856
-2.16770921647
-2.25441742973
-2.34229801357
-2.44099799121
-2.53382599397
-2.62749498243
-2.86833132313
-2.89988572674
-2.93104664346
-2.96790446157
-3.00796359049
-3.05211100553
-3.09685533208
-3.15214898027
-3.2050419998
-3.25841420959
-2.80730911174
-2.86233398526
-2.91667269254
-2.98636490389
-3.06508809207
-3.15076361369
-3.237597543
-3.3351838325
-3.42690980229
-3.5194667738
-3.95791137645
-3.98856724726
-4.01884083598
-4.04971395617
-4.09484963129
-4.13868466585
-4.18311238826
-4.23845305534
-4.29128512173
-4.34459582615
-3.91179172995
-3.96573883601
-4.01901321572
-4.07334262949
-4.16510090732
-4.24951054887
-4.33506148231
-4.4312826057
-4.52165769636
-4.6128515503
-5.50626197853
-5.53564098694
-5.56465363587
-5.5942408449
-5.6234511636
-5.68276302525
-5.72674083652
-5.77072652277
-5.81418852302
-5.88811707074
-5.48131966108
-5.53373520287
-5.58549711709
-5.63828411282
-5.6903986927
-5.81088777254
-5.89461550132
-5.97835822297
-6.06110391821
-6.16660886429
-0.948704413813
-0.991756707312
-1.03427213397
-1.07762952675
-1.12516467763
-1.17312732175
-1.2217384626
-1.27678927857
-1.33003202764
-1.38375713536
-0.862187966688
-0.929839930276
-0.996648266433
-1.06477966012
-1.16088551263
-1.2511101754
-1.3425547542
-1.44147241012
-1.53509635238
-1.62956849125
-1.95356074615
-1.99539319513
-2.03670398886
-2.07883289243
-2.12610483508
-2.17350641792
-2.22154891145
-2.27657377181
-2.32966758023
-2.38324239796
-1.88026096476
-1.94667434551
-2.01225954409
-2.07914357745
-2.1738562525
-2.26275555629
-2.3528568561
-2.45048805955
-2.54285913697
-2.63606706053
-2.8435763548
-2.88432837005
-2.92457220319
-2.96834295643
-3.01265183167
-3.05955647452
-3.107095309
-3.16209718011
-3.21505906967
-3.26850077342
-2.78198276306
-2.84729911328
-2.91180096144
-2.98851045631
-3.07105890782
-3.15878432222
-3.24769586064
-3.34418763476
-3.43544903188
-3.52753722189
-3.93456322991
-3.97399084254
-4.0129267885
-4.05263381333
-4.09938685976
-4.14568235036
-4.19260379631
-4.24757748705
-4.30037766963
-4.35365620139
-3.88731916096
-3.95129076411
-4.01446463432
-4.0788895859
-4.1708557111
-4.25714216432
-4.34459528556
-4.43969033985
-4.52959148372
-4.6203070971
-5.48491299981
-5.5224585666
-5.55953593604
-5.59734757752
-5.63467756349
-5.68912438444
-5.73516848882
-5.78122083818
-5.82672489621
-5.89571917798
-5.45806035799
-5.52012100475
-5.58140774841
-5.6439082012
-5.70561250535
-5.81796646627
-5.90334709992
-5.98874302243
-6.07312223582
-6.17319060398
-0.922381209286
-0.975051020846
-1.02706403406
-1.08010710149
-1.1299559058
-1.1810859152
-1.23290724687
-1.2878020811
-1.34128084663
-1.39524410905
-0.836241405982
-0.914302467173
-0.991390098341
-1.07000435593
-1.16702730538
-1.25952684074
-1.35327705041
-1.45118845066
-1.54437852679
-1.63841286887
-1.92849160362
-1.97956194393
-2.02999543147
-2.08142769265
-2.13076144826
-2.18106584958
-2.23205041023
-2.28685225509
-2.34009226651
-2.39381461179
-1.85507547606
-1.93165996477
-2.00728943647
-2.08441665753
-2.17980548895
-2.27082537825
-2.36307593574
-2.45967275606
-2.5516016111
-2.64436330593
-2.81961795289
-2.86927161865
-2.91830609774
-2.96831164481
-3.01718921443
-3.06676236289
-3.1170057835
-3.17172526635
-3.22475380984
-3.27826277137
-2.7574713667
-2.83274803406
-2.9070859931
-2.98289612466
-3.0768375944
-3.16654694004
-3.25746923418
-3.35290171228
-3.44371348579
-3.53534797875
-3.91196638103
-3.959883478
-4.00720304349
-4.05545971521
-4.1037780891
-4.15245486307
-4.20178978943
-4.2564083124
-4.30917763713
-4.36242503149
-3.86363407135
-3.93730760288
-4.01006241736
-4.08425805211
-4.17642533656
-4.26452820933
-4.35382230969
-4.44782752957
-4.53726997733
-4.62752273899
-5.46425098944
-5.50970033075
-5.55458291378
-5.60035434156
-5.6455427198
-5.69528104754
-5.74332495576
-5.79137746706
-5.83885787344
-5.90307666429
-5.43554949376
-5.50694488488
-5.57744996761
-5.64935131743
-5.72033676729
-5.82481738148
-5.91179773277
-5.99879365938
-6.08475382748
-6.17956055617
-0.894815149458
-0.957556572093
-1.01951560228
-1.08270165542
-1.13497335276
-1.18942027522
-1.2446033675
-1.29933485527
-1.35306078084
-1.40727344247
-0.809069773288
-0.898031399681
-0.985883664804
-1.07547573678
-1.17345908408
-1.26834090061
-1.36450560195
-1.46136323597
-1.55409896089
-1.64767483551
-1.90223881658
-1.96298321707
-2.02297012821
-2.08414500688
-2.13563792435
-2.18898220131
-2.24304773936
-2.297616039
-2.35100915642
-2.40488599479
-1.82870084953
-1.91593667707
-2.00208466424
-2.08993870712
-2.18603561977
-2.27927621845
-2.37377751125
-2.46929110984
-2.56075686289
-2.65305126019
-2.79452835031
-2.85350395976
-2.91174413688
-2.97113768959
-3.02194083061
-3.0743084787
-3.12738418301
-3.18180794458
-3.23490628907
-3.28848568398
-2.73180265992
-2.81750992276
-2.9021484066
-2.98846305228
-3.08288912281
-3.1746760714
-3.26770405948
-3.36202722669
-3.45236814751
-3.54352752205
-3.88830261747
-3.94511003145
-4.00120905074
-4.0584190426
-4.1083766512
-4.15954714131
-4.21140950103
-4.26565608691
-4.31839309684
-4.37160788363
-3.83883068555
-3.92266422393
-4.00545234885
-4.08987999151
-4.18225793299
-4.27226298791
-4.36348498958
-4.45634891832
-4.54531101254
-4.63507906884
-5.44261341816
-5.49633971228
-5.54939603359
-5.60350307056
-5.65692087662
-5.70172839871
-5.7518665319
-5.80201364318
-5.8515637116
-5.91078153577
-5.41197577462
-5.4931466519
-5.57330531941
-5.65505143147
-5.73575623816
-5.83199176401
-5.92064736392
-6.00931883913
-6.09693460705
-6.18623126691
-0.867275976028
-0.94007918645
-1.01197453283
-1.08529367876
-1.13998590598
-1.19774650636
-1.25628808038
-1.31085638102
-1.36482922556
-1.41929104316
-0.78192464229
-0.881776202082
-0.980382601935
-1.08094178115
-1.17988458958
-1.27714636373
-1.37572320179
-1.47152809737
-1.56380991422
-1.65692776856
-1.87601163503
-1.94642066018
-2.01595167703
-2.08685967079
-2.1405096442
-2.19689083186
-2.2540343423
-2.3083693245
-2.3619153986
-2.41594657937
-1.80235194735
-1.900228725
-1.99688496846
-2.09545537081
-2.19225967407
-2.28771881617
-2.38446864904
-2.47890008241
-2.56990318515
-2.66173074071
-2.76946321873
-2.83775167977
-2.90518857619
-2.97396097801
-3.02668781234
-3.08184723445
-3.13775246001
-3.19188078873
-3.24504886615
-3.29869862573
-2.70615898897
-2.80228667386
-2.89721563595
-2.99402455023
-3.0889347489
-3.18279727405
-3.27792890231
-3.37114384059
-3.46101436797
-3.55169908747
-3.86466193422
-3.9303509941
-3.99522090418
-4.06137548363
-4.11297072812
-4.16663250214
-4.22101983009
-4.27489484166
-4.3275995683
-4.38078177933
-3.8140514916
-3.90803512731
-4.00084677675
-4.09549644759
-4.18808484063
-4.27999022242
-4.37313824503
-4.46486199578
-4.55334420497
-4.64262802867
-5.42099695097
-5.482992125
-5.54421421239
-5.60664872847
-5.66828793582
-5.70816946149
-5.76039977706
-5.81263944536
-5.86425715718
-5.91847889234
-5.38842504797
-5.47936187695
-5.56916471367
-5.66074598593
-5.75116066974
-5.83915914904
-5.92948836363
-6.01983375321
-6.10910350616
-6.19289547142
-0.839765343929
-0.9226199142
-1.00444127886
-1.08788301575
-1.14499326423
-1.20606410828
-1.26796068334
-1.32236596596
-1.37658547358
-1.43129618891
-0.754807644241
-0.86553785121
-0.974887240315
-1.08640216056
-1.18630343575
-1.28594270096
-1.38692917582
-1.481682424
-1.57351080322
-1.66617111195
-1.84981163509
-1.92987526856
-2.00894049972
-2.08957152124
-2.14537631504
-2.20479126599
-2.26500955884
-2.31911146541
-2.37281033766
-2.42699570087
-1.7760303529
-1.88453705249
-1.99169066159
-2.10096631709
-2.19847727782
-2.29615266407
-2.39514870663
-2.48849909634
-2.57904002825
-2.6704012259
-2.7444240644
-2.82201572528
-2.89863980962
-2.97678134039
-3.03142987433
-3.08937817711
-3.14810999142
-3.20194319349
-3.25518093156
-3.30890098289
-2.68054189486
-2.78707920219
-2.89228797758
-2.99958028431
-3.09497410936
-3.19091005997
-3.28814314821
-3.38025100612
-3.46965162756
-3.55986218397
-3.84104575195
-3.91560725288
-3.98923896369
-4.06432886064
-4.11756004378
-4.17371051977
-4.23062019911
-4.28412402146
-4.33679649827
-4.38994616729
-3.78929797855
-3.89342119215
-3.99624597782
-4.10110708282
-4.19390570931
-4.28770944849
-4.38278149594
-4.47336625036
-4.56136907187
-4.65016916482
-5.39940288688
-5.46965837104
-5.53903776158
-5.60979112625
-5.67964321431
-5.71460384881
-5.76892417845
-5.82325423507
-5.87693744741
-5.92616827145
-5.36489872906
-5.46559138841
-5.56502839922
-5.66643463861
-5.76654913632
-5.84631910587
-5.93832020062
-6.03033776974
-6.12125979354
-6.1995527692
-1.20533721769
-1.15660292676
-1.1084763578
-1.05939670091
-1.08007765189
-1.09443764712
-1.10899180199
-1.16315043572
-1.2122907997
-1.26187635632
-1.11626807221
-1.08399289734
-1.05212019746
-1.01961629767
-1.10077887369
-1.16590591577
-1.2319135322
-1.33993764678
-1.43708583819
-1.53511415454
-2.19777775486
-2.15161633125
-2.10603054567
-2.05954198927
-2.08223177475
-2.09869948068
-2.11538984434
-2.17040437656
-2.22043603015
-2.27092095111
-2.12598693141
-2.09496674058
-2.06433337495
-2.03309335292
-2.11525554433
-2.18078080163
-2.2471920175
-2.35429085032
-2.45041227233
-2.54740451715
-3.07679651635
-3.03291391808
-2.98957854064
-2.94538495896
-2.96985399786
-2.98818853327
-3.00677096757
-3.06254358132
-3.11336466283
-3.16464616364
-3.02030934955
-2.99040071602
-2.96086504645
-2.93074445899
-3.01379202404
-3.07966998626
-3.1464386759
-3.25271797345
-3.34792997114
-3.44400455261
-4.15430338528
-4.11321418581
-4.07263737319
-4.03125698633
-4.05790704554
-4.07852995257
-4.09943169926
-4.15613357424
-4.2079223416
-4.26018029512
-4.11657553953
-4.08802946011
-4.05983935344
-4.03109097612
-4.11522383789
-4.18153414805
-4.24874103137
-4.3540157373
-4.44811295678
-4.54306266059
-5.68549735691
-5.64837772416
-5.61172097733
-5.57433828837
-5.53743179081
-5.62796249578
-5.65216010746
-5.67636205214
-5.70027585263
-5.81699195566
-5.67442749372
-5.64781767539
-5.62153968443
-5.59474128993
-5.56828426106
-5.74734111481
-5.81517069441
-5.88301242005
-5.9500464338
-6.10488207719
-1.02121828524
-1.02982941253
-1.05024912397
-1.07887868876
-1.11398460729
-1.15498152375
-1.20158423144
-1.25217926658
-1.30508248394
-1.36032441367
-0.948497293816
-0.965256325244
-1.0081143284
-1.07066050617
-1.14660871679
-1.23190084332
-1.32437429125
-1.41974343477
-1.51448176756
-1.60886477784
-2.01107167534
-2.03144579615
-2.05156584944
-2.08010359323
-2.11518380086
-2.15618537745
-2.19774133107
-2.25349843227
-2.30643971485
-2.35986062493
-1.93805882118
-1.9808154051
-2.02303880971
-2.08487081963
-2.15993387283
-2.24423447589
-2.32967489655
-2.42983927454
-2.52334838508
-2.61770465191
-2.89848637813
-2.91859173593
-2.93844637772
-2.96690279433
-3.00196022945
-3.04296593358
-3.08452607055
-3.14038112187
-3.19335611938
-3.24831189132
-2.83812317681
-2.88031059011
-2.92197192172
-2.98317138299
-3.0574504396
-3.14087283617
-3.22542317621
-3.32449558977
-3.4169159606
-3.50869131855
-3.99845884411
-4.00606095244
-4.02559025109
-4.05394697632
-4.08897649675
-4.12998726045
-4.17672810598
-4.22752764462
-4.28054397008
-4.33533498451
-3.96740603933
-3.98291759109
-4.02388993
-4.08431400903
-4.15763203758
-4.23997792296
-4.3292147797
-4.42117107295
-4.51225685963
-4.60253084199
-5.53210420576
-5.55141194432
-5.57047891325
-5.58992348022
-5.60912035674
-5.67470177758
-5.71627432966
-5.75785432601
-5.7989392781
-5.87905102043
-5.50928190964
-5.54978017143
-5.58977341545
-5.63055867683
-5.67082440388
-5.80186409893
-5.88377290941
-5.96569638706
-6.04664449791
-6.15879121924
-1.00315128022
-1.01582402389
-1.04381643143
-1.07850742047
-1.11773050083
-1.16167014895
-1.21025489443
-1.26201478612
-1.31533370722
-1.36999786397
-0.930956864018
-0.952138823153
-1.00325275063
-1.07196561614
-1.15167179931
-1.23919167701
-1.33284208512
-1.42856003249
-1.52303213454
-1.61650982558
-1.99044519652
-2.01816987604
-2.04554882576
-2.07988088963
-2.11882419795
-2.16253617028
-2.20683916656
-2.26267830356
-2.31594102935
-2.36968629479
-1.91729733771
-1.96820446008
-2.01847676504
-2.08625206911
-2.164869741
-2.25124456293
-2.33878724769
-2.43818553716
-2.53140605084
-2.62547110624
-2.87878744654
-2.90596191652
-2.93279751788
-2.96681167661
-3.00550718682
-3.04901750346
-3.09311611748
-3.14898027615
-3.20219322895
-3.25657290527
-2.81799603771
-2.86814830993
-2.9176751778
-2.98462007031
-3.06227363221
-3.14763426188
-3.23414904163
-3.33242526986
-3.42453723386
-3.51553806255
-3.98274439358
-3.99422312743
-4.02039268886
-4.05401715741
-4.09240891512
-4.1356720409
-4.18386054361
-4.23541495222
-4.28856689298
-4.34278277753
-3.9511544795
-3.97130528717
-4.01991839344
-4.08584536211
-4.16231711176
-4.24643453802
-4.33649604393
-4.4285901035
-4.51934320013
-4.60891795656
-5.51515799496
-5.54069958504
-5.56592266868
-5.5916452647
-5.61704019893
-5.67986533095
-5.72335739117
-5.76685723939
-5.80983918591
-5.88590703705
-5.49103734096
-5.53894941272
-5.58626401567
-5.63451562656
-5.68215259463
-5.80788756201
-5.89135178492
-5.97483095353
-6.05731623355
-6.16474686771
-0.966770022671
-1.00244259366
-1.03767032377
-1.07359569606
-1.1213095099
-1.16806078713
-1.21544418236
-1.27141212038
-1.32512822507
-1.37933097685
-0.897556313572
-0.931076875864
-0.997175117377
-1.07662597842
-1.16245248982
-1.25358794934
-1.34885392393
-1.44562599134
-1.54015146336
-1.63234398935
-1.97073765437
-2.00548541557
-2.03979986836
-2.07966810777
-2.12230241058
-2.16860402697
-2.21553168155
-2.27144919956
-2.32501904784
-2.37907421818
-1.89746080553
-1.95615534919
-2.01411796543
-2.08757178211
-2.16958570978
-2.2579423414
-2.34749363165
-2.44615996284
-2.53910473704
-2.63289155485
-2.85996612816
-2.89389477211
-2.92740032214
-2.9667246183
-3.0088961226
-3.05479946797
-3.10132346656
-3.15719632683
-3.21063663372
-3.26446588022
-2.79876558904
-2.85652787527
-2.91356985944
-2.98600421672
-3.06688194527
-3.15409445722
-3.2424861583
-3.34000167232
-3.4318189694
-3.52207977513
-3.94998812829
-3.98291269303
-4.01542668484
-4.04858457655
-4.09568841475
-4.14110355693
-4.1871327514
-4.24295086993
-4.29623238415
-4.34999660823
-3.91154867835
-3.94353817674
-4.01009485408
-4.08900545473
-4.17320554452
-4.26183020008
-4.35417180128
-4.44692410107
-4.53722059325
-4.62537940087
-5.49896676005
-5.5304644754
-5.56156941078
-5.59329034142
-5.62460720177
-5.68479884125
-5.73012489301
-5.77545906118
-5.82025348855
-5.89245760915
-5.47360559172
-5.52860117849
-5.58291096425
-5.638296289
-5.69297609964
-5.81364267191
-5.8985930116
-5.98355856309
-6.06751252938
-6.17043718424
-0.946728251967
-0.98949175167
-1.03172198583
-1.07478853821
-1.12477335347
-1.17424578709
-1.22438713111
-1.28050706681
-1.33460757451
-1.38919821183
-0.859998130412
-0.927475913413
-0.994112241034
-1.06206821977
-1.16119116865
-1.2528995592
-1.34584792707
-1.44513658436
-1.53910813191
-1.63393102524
-1.95166426234
-1.9932091162
-2.03423590116
-2.0760751715
-2.12566870113
-2.17447663191
-2.22394448843
-2.27993786529
-2.33380495346
-2.38816005657
-1.87826257413
-1.9444939551
-2.00989942347
-2.07660016728
-2.17414992792
-2.26442459847
-2.35591986122
-2.45387778711
-2.54655569458
-2.64007322796
-2.84175044296
-2.88221592479
-2.9221767976
-2.96664036135
-3.01217600905
-3.06039538018
-3.10926671921
-3.16514800108
-3.21880834625
-3.27295483334
-2.78015393856
-2.84528136346
-2.9095966422
-2.98734382401
-3.07134197184
-3.16034677612
-3.25055500289
-3.34733428097
-3.43886639295
-3.53122775037
-3.93282382566
-3.97196620628
-4.0106204771
-4.05004024857
-4.09886238651
-4.14636029741
-4.19450042144
-4.25024429656
-4.30365121482
-4.35754197906
-3.82060955846
-3.88018713119
-3.98848985206
-4.09768817476
-4.20051421986
-4.30044110735
-4.39902827112
-4.49426174548
-4.58436551854
-4.66981453633
-5.48329652739
-5.52055871156
-5.55735623219
-5.59488248279
-5.63193071328
-5.68957360085
-5.73667462989
-5.78378409318
-5.83033267931
-5.89879739665
-5.45673476205
-5.51858593019
-5.57966580746
-5.64195529713
-5.70345132545
-5.81921259365
-5.90560122978
-5.99200533527
-6.07738072837
-6.17594439751
-0.925740205102
-0.975929433114
-1.02549279593
-1.07603770063
-1.1284007431
-1.18072281304
-1.23375232295
-1.29003143294
-1.3445344933
-1.39953133026
-0.839199912788
-0.914773392505
-0.989404462614
-1.06551350995
-1.16609407708
-1.25995974236
-1.3550945532
-1.45367426296
-1.54738800216
-1.6419507515
-1.93169031635
-1.98035318894
-2.02840923015
-2.07741696258
-2.12919393176
-2.18062651305
-2.23275450765
-2.28882732505
-2.34300568735
-2.39767488461
-1.85815789444
-1.93228196599
-2.00548170221
-2.08013106984
-2.17892964651
-2.27121291659
-2.36474393688
-2.46196000997
-2.55435845055
-2.64759398517
-2.8226747006
-2.86998565838
-2.91670664331
-2.96435288031
-3.015610756
-3.06625550449
-3.1175850141
-3.1734751152
-3.2273658878
-3.2817448899
-2.76066353533
-2.83350384537
-2.90543582872
-2.97879233718
-3.07601257944
-3.16689429949
-3.25900481956
-3.35501310019
-3.44624656199
-3.53830656357
-3.9148491071
-3.96050287899
-4.00558734332
-4.05156465043
-4.10218621797
-4.15186523593
-4.20221595749
-4.25788208377
-4.31142032705
-4.36544360605
-3.62851430768
-3.75817996863
-3.95582650339
-4.12453327866
-4.26621019492
-4.39175563492
-4.50673788827
-4.61128095359
-4.70538260101
-4.78998951557
-5.46688642159
-5.51018524512
-5.55294412755
-5.59654979744
-5.63960000583
-5.69457380166
-5.74353361389
-5.79250219321
-5.84088776106
-5.90543651848
-5.43906737282
-5.50809780996
-5.57626742995
-5.64578706604
-5.71442114111
-5.82504550034
-5.91294034236
-6.00085092345
-6.08771485633
-6.18171163495
-0.904772628806
-0.962380342487
-1.01926968164
-1.0772856447
-1.13202459477
-1.18719352166
-1.2431083805
-1.29954650953
-1.35445172994
-1.40985437035
-0.818421980585
-0.902083260928
-0.984701275899
-1.06895543979
-1.17099220348
-1.26701303941
-1.36433216069
-1.46220361438
-1.55565979669
-1.64996265576
-1.91173585183
-1.96750980063
-2.02258824215
-2.07875744496
-2.13271572407
-2.18677039594
-2.24155593406
-2.29770811453
-2.35219744736
-2.40718043243
-1.83807282374
-1.92008188777
-2.00106828976
-2.08365852855
-2.18370470324
-2.27799461377
-2.37355940602
-2.47003434989
-2.56215359615
-2.65510740706
-2.80361756365
-2.85776732069
-2.91124182431
-2.96577532519
-3.01904215288
-3.07210991316
-3.12589519579
-3.18179410752
-3.2359150828
-3.29052637313
-2.74119214196
-2.82173781441
-2.90127907346
-2.98239555004
-3.0806786316
-3.17343543677
-3.26744639475
-3.36268442992
-3.45361953282
-3.5453784725
-3.89689192007
-3.94905073239
-4.00055911858
-4.05308756547
-4.10550680755
-4.15736480524
-4.20992396823
-4.26551242151
-4.31918186172
-4.37333752624
-3.24190955979
-3.59329221729
-3.96209614806
-4.21263177743
-4.40715932616
-4.57089238703
-4.71465139997
-4.84060788582
-4.95042249809
-5.04671324138
-5.4504923213
-5.49982189638
-5.54853632622
-5.59821548587
-5.64726181817
-5.69956912556
-5.75038590802
-5.80121179009
-5.85143254797
-5.91206916488
-5.42141721538
-5.49761991926
-5.57287236703
-5.64961509766
-5.72538025742
-5.83087271794
-5.92027229678
-6.00968788415
-6.09803890495
-6.18747324735
-0.883826783103
-0.948845294006
-1.01305301692
-1.0785322954
-1.13564469072
-1.1936575241
-1.25245474153
-1.30905172479
-1.36435868844
-1.42016671173
-0.797665582429
-0.88940628128
-0.98000296352
-1.07239380244
-1.17588525352
-1.27405902649
-1.3735601944
-1.47072412607
-1.56392301841
-1.65796625657
-1.89180206792
-1.95467972308
-2.01677328696
-2.08009653807
-2.13623386643
-2.19290791137
-2.25034823877
-2.30657970004
-2.36137968112
-2.41667612878
-1.818008569
-1.9078944536
-1.99665945132
-2.08718233144
-2.18847481114
-2.28476928245
-2.3823657389
-2.47810032164
-2.56994066294
-2.66261304212
-2.78458017733
-2.84556164597
-2.905782669
-2.96719629586
-3.0224699935
-3.07795825438
-3.13419676489
-3.19010447812
-3.2444554175
-3.29929875531
-2.72174092854
-2.80998397765
-2.89712662623
-2.98599502856
-3.0853398479
-3.17996979488
-3.27587922118
-3.37034780915
-3.46098486238
-3.55244305217
-3.8789533437
-3.93761045468
-3.99553610504
-4.05460890218
-4.1088239557
-4.16285867484
-4.21762399047
-4.27313485124
-4.32693535241
-4.38122326525
-2.6927431451
-3.41146503805
-3.99261006853
-4.30056847647
-4.52848880201
-4.71800373986
-4.88499094988
-5.03221723462
-5.16199977927
-5.27789896974
-5.4341152117
-5.48946928811
-5.5441330931
-5.59987944801
-5.65491568989
-5.70455927235
-5.75723110049
-5.80991236043
-5.86196640636
-5.91869493727
-5.4037853504
-5.48715288774
-5.56948082273
-5.65343916194
-5.73632801582
-5.83669389626
-5.92759665244
-6.0185156863
-6.10835225383
-6.19322888847
-1.1486317861
-1.12259302616
-1.09687897242
-1.07065568324
-1.09202300531
-1.11048308069
-1.12919275238
-1.18060247532
-1.22844987606
-1.2767307557
-1.06149332157
-1.05319568985
-1.04500153052
-1.03664509586
-1.11378105777
-1.18088942264
-1.24890515107
-1.35405776108
-1.44956567659
-1.54593885678
-2.14358425366
-2.11939218649
-2.09550179705
-2.07113828763
-2.09378870418
-2.11387622978
-2.13423535622
-2.18658489552
-2.23529472152
-2.28444583966
-2.07191746161
-2.06453547139
-2.05724553541
-2.04981123115
-2.12747156551
-2.19486516364
-2.26316998193
-2.36742366574
-2.46203143877
-2.55749632155
-3.02482786778
-3.00227144278
-2.97999629887
-2.95728002294
-2.98106689461
-3.00259587611
-3.0244159482
-3.07759789627
-3.12707158465
-3.17699348546
-2.96686455707
-2.96029356362
-2.95380451117
-2.94718695097
-3.02531172952
-3.09295796282
-3.16151883212
-3.26497632415
-3.35878682813
-3.45344721891
-4.10506197541
-4.08451053113
-4.06421536562
-4.04351827914
-4.06869822481
-4.09199415226
-4.11560506095
-4.16980738106
-4.22021741687
-4.27108414805
-4.06389648054
-4.05831961214
-4.05281228791
-4.04719589784
-4.12588999507
-4.19384591019
-4.26272064848
-4.36520216349
-4.45803536993
-4.55170960923
-5.64013149679
-5.62242923564
-5.60494772363
-5.58712001162
-5.56951939411
-5.64008643942
-5.66624222117
-5.69240268655
-5.71825168994
-5.82584456332
-5.62283658232
-5.61867241795
-5.61456018117
-5.61036650656
-5.60622625218
-5.75826562488
-5.82758638752
-5.89691956323
-5.9654272701
-6.11239826915
-1.01393426881
-1.032575024
-1.05098332691
-1.06975618379
-1.11293642631
-1.15366556256
-1.19494539222
-1.25085775028
-1.30392053402
-1.35746404601
-0.953863351415
-0.968656689859
-1.00850432453
-1.06952936578
-1.144935124
-1.23013333064
-1.32271655817
-1.41830842109
-1.5133014479
-1.60796073482
-2.0155695212
-2.03402044962
-2.05224129293
-2.07959073622
-2.11410998907
-2.15485007643
-2.19614100526
-2.25215874204
-2.30525667059
-2.35883564579
-1.94259755996
-1.98320593248
-2.02330791413
-2.08397798082
-2.15859219339
-2.24277844443
-2.32810296693
-2.42861313557
-2.52232512273
-2.61688610415
-2.90273217332
-2.92101496945
-2.93906977711
-2.96636006838
-3.00086371608
-3.041613503
-3.08291426253
-3.13902533474
-3.19215439155
-3.24739188554
-2.842429959
-2.88255126677
-2.92217225741
-2.98222345877
-3.05606201413
-3.13937676221
-3.22381799827
-3.3232309847
-3.41585952151
-3.50792368273
-3.99022187591
-4.00829857442
-4.0261498545
-4.04435465739
-4.08785215565
-4.12861383234
-4.16992664241
-4.2261521258
-4.27931933983
-4.3329682282
-3.97173808681
-3.98559069381
-4.02391354774
-4.08291703992
-4.15575770498
-4.23803046651
-4.32738315461
-4.4195634263
-4.51092250054
-4.60159726401
-5.5356019796
-5.55338580252
-5.57094785921
-5.58885771099
-5.60653942196
-5.67329851088
-5.71462844539
-5.75596578073
-5.79681096089
-5.87794155357
-5.51290030454
-5.5515761298
-5.58976966327
-5.62871957303
-5.6671733277
-5.80024918917
-5.88206905901
-5.9639035801
-6.04476379348
-6.15786221172
-1.01540587901
-1.02460078418
-1.04614104267
-1.07691825234
-1.11437650444
-1.15751430634
-1.20589595347
-1.25782670693
-1.31155952858
-1.3668015014
-0.942661557398
-0.959987702891
-1.00432428562
-1.06946581956
-1.14790325856
-1.23514646359
-1.328932743
-1.42505912397
-1.52005367474
-1.61407433288
-2.00142700815
-2.02458894998
-2.04746205984
-2.07885199508
-2.11635499658
-2.1593766895
-2.20298007318
-2.25940305652
-2.31298576363
-2.36705390929
-1.92831085747
-1.97422099736
-2.01955863276
-2.08452114795
-2.16203026553
-2.24807169612
-2.33527648181
-2.43537308311
-2.52898610772
-2.62344723004
-2.88924356994
-2.9120381063
-2.93454839229
-2.96571889164
-3.00305078315
-3.04592400138
-3.08937690287
-3.14581157202
-3.1993444581
-3.25422956423
-2.82868296369
-2.87396263461
-2.91867766305
-2.98287523673
-3.05945917235
-3.14450491007
-3.23070054025
-3.32966670722
-3.42216466543
-3.51359939324
-3.97753483923
-3.99987900761
-4.02194454174
-4.04444705684
-4.08996819895
-4.13265941595
-4.17592785539
-4.2323768491
-4.28584866423
-4.33980491328
-3.96288035209
-3.97895474573
-4.02124526792
-4.08381842345
-4.15910705783
-4.24291348864
-4.33310146282
-4.4255281019
-4.51668014966
-4.6066395796
-5.52405401138
-5.54575818314
-5.56719170148
-5.58904968449
-5.61062923426
-5.67696763665
-5.71997394582
-5.76298795601
-5.8054898488
-5.88369700335
-5.50075502084
-5.54416362257
-5.58703091425
-5.63074714031
-5.67390649657
-5.80488735147
-5.88808806852
-5.97130368409
-6.05352854888
-6.16288487113
-0.992115536859
-1.00594079425
-1.0360915269
-1.0748287763
-1.1186716651
-1.16687983348
-1.21930889089
-1.27450808641
-1.33063491769
-1.38635461542
-0.918988925929
-0.940851486509
-0.994109028995
-1.06650251462
-1.14916564659
-1.23969881782
-1.33586999378
-1.43371811658
-1.52955949642
-1.62327720812
-1.98791456258
-2.01557763601
-2.04289574786
-2.07814616582
-2.11849998607
-2.16370163602
-2.20951445166
-2.2663246273
-2.32037051545
-2.37490603839
-1.9146606463
-1.96563635287
-2.01597638678
-2.08504011627
-2.16531516706
-2.25312912652
-2.3421304072
-2.44183186613
-2.53535033711
-2.62971604918
-2.87635590152
-2.90346117417
-2.93022844109
-2.96510628016
-3.00514041352
-3.05004246142
-3.09555162411
-3.15229547355
-3.20621419777
-3.26076261537
-2.81554841503
-2.86575663727
-2.91533875745
-2.98349797713
-3.06270498273
-3.14940459223
-3.23727645597
-3.33581570988
-3.42818890692
-3.51902224341
-3.97146385105
-3.98410843933
-4.01237097486
-4.0499614272
-4.0927547777
-4.13998394517
-4.19147858963
-4.24551520561
-4.30030315974
-4.35506906299
-3.93962361186
-3.96136115601
-4.01301388962
-4.08402215266
-4.16536528898
-4.25321802796
-4.3458136119
-4.4393245317
-4.53056413296
-4.61967552385
-5.51302052028
-5.5384703842
-5.56360288551
-5.58923310532
-5.61453684006
-5.68047329806
-5.72508129721
-5.76969728417
-5.81378208089
-5.88919604031
-5.48915082544
-5.53708135224
-5.58441418009
-5.6326843768
-5.68033969394
-5.80931887756
-5.89383892328
-5.97837410375
-6.06190282295
-6.16768376449
-0.971075294649
-1.00393248249
-1.03637993759
-1.06946997492
-1.11959080115
-1.16740565898
-1.21586701534
-1.27321205253
-1.32793430239
-1.38315231461
-0.883754854842
-0.940649359652
-0.996834383727
-1.05413208361
-1.15535503192
-1.24627227765
-1.33841880374
-1.43908471805
-1.53383773703
-1.62944918161
-1.97483692107
-2.00685628848
-2.03847637085
-2.07072265036
-2.120575954
-2.16788741424
-2.21583856663
-2.27302347548
-2.32751764041
-2.38250550135
-1.9014496722
-1.95732794544
-2.01250941047
-2.06878367704
-2.16849436688
-2.2580238187
-2.34876378669
-2.44808281815
-2.54150977805
-2.63578314999
-2.86388293304
-2.89516023092
-2.92604749746
-2.96451338132
-3.00716280368
-3.05402839747
-3.10152765491
-3.15857073581
-3.21286288266
-3.26764689531
-2.80283651043
-2.85781469286
-2.9121072913
-2.98410067897
-3.06584634928
-3.1541466122
-3.24364077159
-3.34176684966
-3.43401930011
-3.52710752198
-3.92039138973
-3.94373531272
-3.98929778154
-4.04419516648
-4.10130507564
-4.15999643589
-4.22036887602
-4.28072895652
-4.33947281425
-4.39531843995
-3.88623317969
-3.9211787787
-3.99418609541
-4.0851542198
-4.18129061793
-4.27932057142
-4.37832245381
-4.4751457221
-4.56734623611
-4.65498687625
-5.50234206533
-5.53141709236
-5.5601295506
-5.58941062402
-5.61831870675
-5.68386615415
-5.73002430402
-5.77619071929
-5.82180748518
-5.89451812902
-5.47792003034
-5.5302269755
-5.58188164731
-5.63455927682
-5.68656588361
-5.81360780582
-5.89940472678
-5.98521701115
-6.07000762926
-6.17232823885
-0.956665260745
-0.994302294135
-1.03146998958
-1.06937374585
-1.12182813344
-1.17202535086
-1.22290127839
-1.28072801061
-1.33600820576
-1.39178921805
-0.869330052288
-0.931515385329
-0.992925260424
-1.05555128312
-1.15872907007
-1.2515785841
-1.34568350445
-1.44598528994
-1.54067704343
-1.63622666748
-1.96114181612
-1.9977231608
-2.03384833209
-2.07068891829
-2.12274993917
-2.17227082479
-2.22246127594
-2.2800386111
-2.33500221829
-2.39046377444
-1.88761493935
-1.94862725491
-2.00887874019
-2.07032343256
-2.17182367326
-2.26314961474
-2.3557103625
-2.45462891011
-2.54796003822
-2.64213671016
-2.85082105089
-2.886467357
-2.92166914975
-2.95756807103
-3.00928068138
-3.05820253028
-3.10778584519
-3.16514228582
-3.21982548652
-3.27500409582
-2.78952441075
-2.84949776797
-2.90872325083
-2.96912162207
-3.06913603608
-3.15911252758
-3.25030557963
-3.34799897369
-3.44012497646
-3.5330856051
-3.82115029242
-3.86538217631
-3.94638533783
-4.03867785293
-4.12808324207
-4.21327698958
-4.29498081339
-4.3716717693
-4.44208062835
-4.50443079294
-3.77983719559
-3.84176821582
-3.9600939048
-4.0941013591
-4.22309864514
-4.3446580294
-4.45976059879
-4.56649881853
-4.66375130348
-4.75179133843
-5.49115942502
-5.52403077796
-5.5564922215
-5.58959652431
-5.62227913503
-5.68741920461
-5.73520069588
-5.78299074323
-5.83021181052
-5.9000915012
-5.46615897103
-5.52304896802
-5.57922954049
-5.63652270061
-5.69308604406
-5.81809923667
-5.9052333208
-5.99238300778
-6.0784951056
-6.17719200299
-0.942269281584
-0.984681498523
-1.02656483045
-1.06927761063
-1.12406328357
-1.17664053696
-1.22992868062
-1.28823663805
-1.34407423431
-1.40041769754
-0.854919318881
-0.922390319774
-0.989019949862
-1.05696909842
-1.16209981738
-1.25687971509
-1.35294111958
-1.45287913139
-1.54750967915
-1.64299754297
-1.94746006862
-1.98859894107
-2.02922480726
-2.07065521913
-2.12492180395
-2.17664996002
-2.22907752582
-2.28704690455
-2.34247949612
-2.39841428549
-1.87379370013
-1.93993505055
-2.00525161106
-2.0718616863
-2.17514973241
-2.26827041136
-2.36265016301
-2.46116861737
-2.55440400716
-2.64848407342
-2.83777190857
-2.87778296162
-2.91729507244
-2.95758967237
-3.01139649342
-3.06237259187
-3.11403793158
-3.1717074263
-3.22678129945
-3.28235412053
-2.77622529495
-2.84118895495
-2.90534251097
-2.97076654984
-3.07242251429
-3.16407359949
-3.25696388719
-3.35422501925
-3.44622469768
-3.53905785753
-3.64143856007
-3.74563667448
-3.90490375673
-4.0630023037
-4.20733234292
-4.33775330146
-4.4571538968
-4.56495157821
-4.6609445863
-4.74495656437
-3.58243049094
-3.72288216674
-3.93677571764
-4.14074721446
-4.32100564128
-4.48032099704
-4.62369458891
-4.75133335365
-4.863953274
-4.96313680828
-5.47998769163
-5.51665166775
-5.55285844005
-5.58978224328
-5.62623570053
-5.69096878962
-5.74037203897
-5.78978413481
-5.83860793875
-5.90565943743
-5.4544093828
-5.51587796157
-5.5765800204
-5.63848420939
-5.69959984511
-5.82258628683
-5.91105622993
-5.99954201509
-6.08697430374
-6.18205102328
-0.927888222277
-0.975070673811
-1.02166475498
-1.06918157504
-1.12629611721
-1.18125093992
-1.23694879971
-1.29573748362
-1.3521319033
-1.40903723455
-0.840523520618
-0.913274711349
-0.985118686726
-1.05838544432
-1.16546707128
-1.26217535203
-1.36019121298
-1.45976582813
-1.55433523359
-1.64976140119
-1.93379250075
-1.9794841776
-2.02460607421
-2.07062155489
-2.12709141783
-2.18102455675
-2.23568691869
-2.29404793467
-2.34994902458
-2.4063565567
-1.8599867851
-1.93125185471
-2.00162824105
-2.0733983458
-2.17847234447
-2.27338590084
-2.36958277118
-2.46770154695
-2.56084129763
-2.65482485834
-2.82473629025
-2.86910756666
-2.91292552838
-2.95761125132
-3.01351011266
-3.06653833165
-3.12028353836
-3.17826576274
-3.23372990344
-3.28969652774
-2.76293996222
-2.83288875311
-2.90196527488
-2.97240977282
-3.07570558643
-3.16902952978
-3.26361529415
-3.36044461219
-3.45231809721
-3.54502392038
-3.30547693555
-3.59055831657
-3.91317876734
-4.15275388234
-4.34898798502
-4.51738001263
-4.66721556176
-4.80084622946
-4.92048450734
-5.02790269288
-3.20890611115
-3.58377209971
-3.96729493077
-4.24112395488
-4.4620939356
-4.64976682941
-4.81557685431
-4.96224951691
-5.09161911885
-5.206881236
-5.46882753652
-5.50928020519
-5.54922842462
-5.58996776977
-5.63018816548
-5.69451469588
-5.74553802253
-5.79657048578
-5.84699536532
-5.9112216031
-5.44267197173
-5.50871438707
-5.57393324624
-5.64044368527
-5.70610689531
-5.82706868665
-5.91687310426
-6.00669360287
-6.09544471412
-6.18690500773
-1.09192635451
-1.08858312555
-1.08528158703
-1.08191466557
-1.10396835873
-1.12652851427
-1.14939370277
-1.19805451492
-1.24460895242
-1.29158515508
-1.00671857092
-1.02239848236
-1.03788286358
-1.05367389406
-1.12678324185
-1.19587292951
-1.26589676994
-1.36817787538
-1.462045515
-1.55676355902
-2.08939075246
-2.08716804172
-2.08497304843
-2.08273458598
-2.10534563361
-2.12905297888
-2.15308086811
-2.20276541447
-2.2501534129
-2.29797072822
-2.01784799181
-2.0341042022
-2.05015769587
-2.06652910938
-2.1396875867
-2.20894952565
-2.27914794636
-2.38055648116
-2.47365060522
-2.56758812594
-2.97285921921
-2.97162896747
-2.97041405711
-2.96917508692
-2.99227979136
-3.01700321896
-3.04206092884
-3.09265221122
-3.14077850647
-3.18934080729
-2.91341976459
-2.93018641121
-2.9467439759
-2.96362944294
-3.03683143499
-3.10624593938
-3.17659898833
-3.27723467484
-3.36964368513
-3.46288988521
-4.05582056555
-4.05580687645
-4.05579335806
-4.05577957195
-4.07948940408
-4.10545835196
-4.13177842263
-4.18348118788
-4.23251249213
-4.28198800099
-4.01121742155
-4.02860976418
-4.04578522238
-4.06330081957
-4.13655615226
-4.20615767233
-4.27670026559
-4.37638858968
-4.46795778308
-4.56035655787
-5.59476563667
-5.59648074711
-5.59817446994
-5.59990173488
-5.60160699742
-5.65221038307
-5.68032433487
-5.70844332096
-5.73622752725
-5.83469717098
-5.57124567091
-5.58952716051
-5.60758067792
-5.6259917232
-5.64416824331
-5.76919013495
-5.84000208064
-5.91082670641
-5.9808081064
-6.11991446111
-1.02937023305
-1.03532063546
-1.05171752985
-1.07792042074
-1.11188824532
-1.15234960137
-1.19881560998
-1.24953623397
-1.3027585841
-1.35840707012
-0.956552162681
-0.97037575263
-1.00880782149
-1.06899921496
-1.14403091347
-1.22907919895
-1.32168496166
-1.41737801574
-1.51251015805
-1.60731482856
-2.02006736707
-2.03659510308
-2.05291673641
-2.07907787921
-2.11303617727
-2.15351477541
-2.19454067946
-2.25081905181
-2.30407362633
-2.35781066664
-1.94713629875
-1.98559645987
-2.02357701855
-2.08308514202
-2.15725051395
-2.24132241298
-2.32653103732
-2.42738699659
-2.52130186037
-2.6160675564
-2.90697796851
-2.92343820297
-2.9396931765
-2.96581734243
-2.99976720272
-3.04026107242
-3.08130245451
-3.1376695476
-3.19095266373
-3.24647187975
-2.8467367412
-2.88479194343
-2.9223725931
-2.98127553455
-3.05467358866
-3.13788068826
-3.22221282033
-3.32196637963
-3.41480308242
-3.50715604692
-4.00483890232
-4.01053619639
-4.02670945791
-4.05278829735
-4.08672781455
-4.12724040423
-4.17385663192
-4.22477660697
-4.27809470957
-4.33353949742
-3.97385574019
-3.98703156843
-4.02412200705
-4.0822831125
-4.15474058346
-4.23688760634
-4.32626701548
-4.41854755884
-4.51006264494
-4.60100402112
-5.53909975343
-5.55535966072
-5.57141680517
-5.58779194177
-5.60395848718
-5.67189524418
-5.71298256112
-5.75407723545
-5.79468264367
-5.8768320867
-5.51651869944
-5.55337208817
-5.58976591109
-5.62688046924
-5.66352225152
-5.79863427941
-5.88036520861
-5.96211077313
-6.04288308906
-6.1569332042
-1.0221174458
-1.0294364263
-1.04800951822
-1.07659390003
-1.11276320008
-1.15520220321
-1.20328478049
-1.25522371126
-1.30918270349
-1.36479250734
-0.949265196761
-0.964628506824
-1.0055957368
-1.06853518896
-1.14593636151
-1.23274768374
-1.32650867542
-1.4228134341
-1.51808527319
-1.61242462238
-2.01240881977
-2.03100802391
-2.04937529393
-2.07782310052
-2.11388579522
-2.15621720872
-2.1991209798
-2.25612780948
-2.31003049791
-2.3644215238
-1.93932437724
-1.98023753464
-2.02064050048
-2.08279022679
-2.15919079006
-2.24489882932
-2.33176571593
-2.43256062906
-2.5265661646
-2.62142335385
-2.89969969334
-2.91811429609
-2.9362992667
-2.96462610667
-3.00059437949
-3.04283049931
-3.08563768826
-3.1426428679
-3.19649568725
-3.25188622319
-2.83936988966
-2.87977695929
-2.91968014831
-2.98113040315
-3.0566447125
-3.14137555826
-3.22725203887
-3.32690814459
-3.41979209699
-3.51166072394
-3.99888115431
-4.00553488778
-4.02349639462
-4.05167495292
-4.08752748278
-4.129646791
-4.1775343384
-4.22933874597
-4.28313043548
-4.33839472625
-3.9681132593
-3.98243818949
-4.02172874887
-4.08232158708
-4.15674952064
-4.24028251632
-4.33052898334
-4.42320509911
-4.51471420767
-4.60516029756
-5.53295002781
-5.55081678124
-5.56846073429
-5.58645410429
-5.60421826959
-5.67406994235
-5.71659050047
-5.75911867263
-5.8011405117
-5.88148696966
-5.51047270072
-5.54937783241
-5.58779781283
-5.62697865405
-5.6656603985
-5.80188714093
-5.88482435213
-5.96777641465
-6.04974086422
-6.16102287456
-1.00568010417
-1.01597652853
-1.03938267755
-1.07356642412
-1.11504968165
-1.16219840329
-1.21434142087
-1.26957630423
-1.32604079716
-1.38230388115
-0.9316457798
-0.949557811137
-0.99581651013
-1.06482569473
-1.14703419167
-1.23727713287
-1.33318953713
-1.4309135329
-1.52688836696
-1.62096703988
-2.0050914708
-2.02566985644
-2.04599162736
-2.07662422386
-2.11469756157
-2.15879924508
-2.20349722176
-2.26120005504
-2.31572198306
-2.3707378586
-1.93186048706
-1.97511735656
-2.01783480813
-2.08250845042
-2.16104462434
-2.24831591163
-2.33676718275
-2.43750376941
-2.53159593718
-2.62654054351
-2.89274567487
-2.91302757622
-2.93305656003
-2.96348794202
-3.00138470445
-3.04528545486
-3.08977978167
-3.14739462027
-3.20179176182
-3.25705935053
-2.83233124101
-2.87498539926
-2.91710765546
-2.98099173754
-3.05852802019
-3.14471472723
-3.23206675363
-3.33162974744
-3.42455884443
-3.51596471169
-3.98484910667
-3.99400856148
-4.01623190972
-4.0492602363
-4.08951025872
-4.13538919115
-4.18630830145
-4.24032822563
-4.29545701793
-4.35073872637
-3.95349667249
-3.97087572933
-4.01549201189
-4.0818022388
-4.16092857017
-4.24793696888
-4.34047005012
-4.43435094759
-4.52617201099
-4.61591730118
-5.52707428052
-5.546476293
-5.56563636024
-5.58517586922
-5.60446647834
-5.67614775488
-5.7200377014
-5.76393550717
-5.80731067324
-5.88593447147
-5.50469605917
-5.54556152598
-5.58591739592
-5.6270724646
-5.66770328824
-5.80499508321
-5.88908483496
-5.97318964441
-6.05629311651
-6.16493034475
-0.99542233733
-1.01837321332
-1.04103788936
-1.06415141164
-1.11440824882
-1.16056553086
-1.20734689957
-1.26591703824
-1.32126103026
-1.37710641739
-0.907511579272
-0.953822805892
-0.99955652642
-1.04619594745
-1.14951889519
-1.2396449961
-1.3309896804
-1.43303285175
-1.52856734215
-1.62496733799
-1.99800957979
-2.02050346075
-2.04271684055
-2.06537012921
-2.11548320688
-2.16129819656
-2.20773264483
-2.26610908567
-2.32123032736
-2.37685094612
-1.92463677027
-1.97016193578
-2.01511939747
-2.0609671868
-2.16283880585
-2.25162303892
-2.34160771216
-2.44228784919
-2.53646386153
-2.63149307202
-2.88601542311
-2.90810453705
-2.92991819732
-2.96238640128
-3.0021495983
-3.04766141476
-3.09378859062
-3.15199347054
-3.20691741907
-3.26233895729
-2.8255190823
-2.87034802225
-2.9146179404
-2.98085753393
-3.06035072672
-3.14794644828
-3.2367265403
-3.33619941836
-3.42917220726
-3.52298729359
-3.97453871492
-3.99613166284
-4.01745534432
-4.03920131528
-4.08903098133
-4.13417116609
-4.17992168547
-4.23791626489
-4.29259837021
-4.3477758742
-3.9186894206
-3.94339188262
-4.0002295426
-4.08013571766
-4.17092642908
-4.26680485263
-4.36548589714
-4.46300766175
-4.55639388185
-4.64535629742
-5.52138760328
-5.54227547317
-5.56290286901
-5.58393876525
-5.60470670023
-5.67815870746
-5.72337397815
-5.76859734541
-5.81328229106
-5.89023886139
-5.49910529863
-5.54186802082
-5.58409748715
-5.62716325651
-5.66968044178
-5.80800301799
-5.89320822379
-5.97842868704
-6.06263453015
-6.16871208019
-0.987590316388
-1.01267515516
-1.03744718322
-1.06270979106
-1.11525552378
-1.16332788869
-1.21205023384
-1.27142458828
-1.32748191822
-1.38404710584
-0.899460191787
-0.948257378152
-0.996446058234
-1.04558905629
-1.15136406307
-1.24319742585
-1.3362724557
-1.43829631692
-1.53396608469
-1.63050258347
-1.9905933159
-2.01509313267
-2.03928743404
-2.063960874
-2.11630594658
-2.16391513654
-2.21216804422
-2.27124989715
-2.32699874922
-2.38325266427
-1.91707198426
-1.96497254383
-2.01227577816
-2.06051579528
-2.1647177
-2.25508631288
-2.34667678813
-2.44729781024
-2.54156162588
-2.63667943514
-2.87896740117
-2.90294905561
-2.92663165618
-2.95078326174
-3.00295060676
-3.05014955607
-3.09798667628
-3.15680945644
-3.21228508525
-3.26826330175
-2.81838528616
-2.86549169058
-2.91201067295
-2.95945090697
-3.06225949271
-3.15133075567
-3.24160633971
-3.34098484719
-3.43400339094
-3.52786464663
-3.96794208635
-3.99128857406
-4.0143439285
-4.03785586608
-4.08980535151
-4.13650142516
-4.18382887041
-4.24233407749
-4.29747478747
-4.3531150509
-3.85081923059
-3.88874644205
-3.97032608374
-4.08086198134
-4.1987611063
-4.31576635437
-4.42982714065
-4.53745780239
-4.63662077058
-4.72679310974
-5.51543242845
-5.5378763108
-5.56004031546
-5.58264325118
-5.60495826423
-5.68026460756
-5.72686777787
-5.77347929326
-5.81953585999
-5.89474648392
-5.49325056923
-5.53800012608
-5.58219165103
-5.62725833518
-5.67175094701
-5.811152973
-5.89752629924
-5.9839150921
-6.06927535488
-6.17267237103
-0.979765934362
-1.00698265456
-1.03385997926
-1.06126957656
-1.11610197237
-1.16608755226
-1.21674898074
-1.27692676657
-1.33369673868
-1.39098102473
-0.891416657177
-0.942697378621
-0.993338623826
-1.04498275706
-1.15320743128
-1.24674639077
-1.34155007847
-1.4435546484
-1.53935956161
-1.63603243018
-1.98318428541
-2.00968808152
-2.03586137237
-2.0625529933
-2.11712788382
-2.1665295241
-2.21659911758
-2.27638569457
-2.33276154489
-2.38964813855
-1.90951457652
-1.95978821333
-2.00943493235
-2.06006484404
-2.16659476158
-2.25854620895
-2.35174092
-2.45230288486
-2.54665441816
-2.64186073978
-2.87192625349
-2.89779860254
-2.92334832056
-2.94940401955
-3.00375083397
-3.05263527058
-3.10218066736
-3.16162074509
-3.2176475161
-3.27418186793
-2.81125844794
-2.8606400955
-2.90940594848
-2.95913754964
-3.06416639699
-3.1547117622
-3.24648137963
-3.34576560858
-3.43882986254
-3.53273724256
-3.96135189177
-3.98645020896
-4.01123554737
-4.03651172915
-4.09057896641
-4.13882941143
-4.18773224451
-4.2467475812
-4.30234644855
-4.35844902008
-3.73459688606
-3.80345712188
-3.93552272565
-4.10199067579
-4.26750018803
-4.42133047843
-4.5634325583
-4.69181190163
-4.80616295739
-4.90735520299
-5.50948306197
-5.53348143913
-5.55718055389
-5.58134900068
-5.60520958288
-5.68236845369
-5.73035816992
-5.77835647953
-5.82578332954
-5.89924970997
-5.48740155021
-5.53413600387
-5.58028767376
-5.62735332111
-5.67381943279
-5.81429985572
-5.90184016308
-5.98939614602
-6.07590970253
-6.17662879921
-0.97194966145
-1.00129605362
-1.03027649304
-1.05983085469
-1.11694754369
-1.16884435574
-1.2214428579
-1.28242324245
-1.33990511816
-1.39790775737
-0.883381458807
-0.937143141418
-0.990234409932
-1.0443770862
-1.15504888904
-1.25029167757
-1.34682223156
-1.44880753019
-1.54474744877
-1.64155654581
-1.97578293358
-2.00428863211
-2.03243886145
-2.06114657171
-2.11794896922
-2.16914120213
-2.22102559862
-2.2815161693
-2.33851836805
-2.39603698461
-1.9019650012
-1.95460925581
-2.00659703078
-2.05961436015
-2.16846987779
-2.26200251922
-2.35679980345
-2.45730277226
-2.55174193232
-2.64703667456
-2.86489240318
-2.89265348735
-2.92006838775
-2.94802620679
-3.00455023183
-3.05511840892
-3.10637031183
-3.16642704737
-3.22300438938
-3.28009430017
-2.8041389959
-2.85579352856
-2.90680392352
-2.95882451708
-3.06607132497
-3.15808926469
-3.25135136712
-3.35054141523
-3.44365133204
-3.53760478859
-3.9547685272
-3.98161685829
-4.00813038774
-4.03516898527
-4.09135177954
-4.141154985
-4.19163157318
-4.25115651081
-4.30721306069
-4.36377746117
-3.52650640962
-3.69065153915
-3.93338839452
-4.17480116972
-4.3867446128
-4.571185325
-4.73568548529
-4.88206045275
-5.01188271843
-5.1277412126
-5.50353986135
-5.52909112226
-5.55432375614
-5.58005609153
-5.60546064106
-5.68447011942
-5.73384494457
-5.78322861113
-5.83202432428
-5.90374826892
-5.48155859306
-5.53027588641
-5.57838566975
-5.6274482086
-5.67588577481
-5.81744347705
-5.90614955607
-5.99487151944
-6.0825371744
-6.18058112699
-1.03522092292
-1.05457322495
-1.07368420164
-1.0931736479
-1.11591371215
-1.14257394784
-1.16959465315
-1.21550655452
-1.26076802878
-1.30643955446
-0.951943820278
-0.991601274869
-1.03076419664
-1.07070269226
-1.13978542592
-1.21085643638
-1.28288838882
-1.38229798969
-1.4745253534
-1.56758826127
-2.03519725125
-2.05494389696
-2.07444429981
-2.09433088434
-2.11690256303
-2.14422972797
-2.17192637999
-2.21894593342
-2.26501210428
-2.31149561678
-1.96377852201
-2.00367293301
-2.04306985633
-2.0832469876
-2.15190360788
-2.22303388766
-2.2951259108
-2.39368929658
-2.48526977166
-2.57767993034
-2.92089057064
-2.94098649216
-2.96083181534
-2.98107015091
-3.00349268811
-3.0314105618
-3.05970590947
-3.10770652617
-3.15448542828
-3.20168812911
-2.85997497211
-2.9000792588
-2.93968344062
-2.98007193491
-3.04835114047
-3.11953391594
-3.19167914455
-3.28949302554
-3.38050054212
-3.47233255151
-4.00657915569
-4.02710322177
-4.04737135049
-4.06804086476
-4.09028058336
-4.11892255166
-4.14795178432
-4.1971549947
-4.24480756739
-4.29289185392
-3.95853836256
-3.99889991622
-4.03875815686
-4.07940574129
-4.14722230944
-4.21846943447
-4.2906798827
-4.38757501587
-4.47788019623
-4.5690035065
-5.54939977655
-5.57053225858
-5.59140121624
-5.61268345813
-5.63369460073
-5.66433432671
-5.69440644858
-5.72448395537
-5.75420336455
-5.84354977864
-5.51965475951
-5.56038190307
-5.60060117466
-5.64161693983
-5.68211023444
-5.78011464502
-5.85241777375
-5.92473384959
-5.9961889427
-6.12743065307
-1.02349910723
-1.03806624693
-1.05245173279
-1.06712210564
-1.11084006434
-1.15103364018
-1.19177066818
-1.24821471767
-1.30159663418
-1.35546217016
-0.958302100217
-0.971658195564
-1.00933359804
-1.06895365053
-1.14365572123
-1.22856494605
-1.32112022166
-1.41685445896
-1.51207639709
-1.60701844227
-2.02456521293
-2.03916975654
-2.05359217989
-2.06830022172
-2.11196236548
-2.15217947439
-2.19294035365
-2.24947936158
-2.30289058206
-2.35678568749
-1.95167503753
-1.98798698726
-2.02384612298
-2.0604154051
-2.15590883451
-2.23986638152
-2.3249591077
-2.42616085762
-2.52027859801
-2.61524900864
-2.9112237637
-2.92586143649
-2.9403165759
-2.96527461649
-2.99867068935
-3.03890864183
-3.07969064649
-3.13631376047
-3.1897509359
-3.24367223142
-2.85104352339
-2.88703262009
-2.92257292878
-2.98032761034
-3.05328516318
-3.1363846143
-3.22060764238
-3.32070177456
-3.41374664333
-3.50763446253
-3.99809553561
-4.01277381837
-4.02726906132
-4.04205136486
-4.08560347345
-4.12586697612
-4.16667487642
-4.22340108814
-4.27687007932
-4.33082347881
-3.97526306809
-3.9881269486
-4.02459100411
-4.0822089894
-4.15435977188
-4.23636622213
-4.32571450686
-4.41804549731
-4.50964647433
-4.60077606302
-5.54259752727
-5.55733351892
-5.57188575113
-5.58672617254
-5.60137755241
-5.67049197747
-5.71133667685
-5.75218869017
-5.79255432646
-5.87572261984
-5.52013709434
-5.55516804654
-5.58976215891
-5.62504136544
-5.65987117535
-5.79701936965
-5.87866135821
-5.96031796617
-6.04100238463
-6.15600419667
-1.02220413181
-1.0362426275
-1.05010606162
-1.06424404411
-1.11027954971
-1.15196823034
-1.19422057825
-1.25182817383
-1.30610720163
-1.36087797637
-0.953313912351
-0.967623150882
-1.00692243855
-1.06845715033
-1.14497292693
-1.23140654966
-1.32508479867
-1.42148797623
-1.51695517588
-1.61155624162
-2.0233906314
-2.03742709785
-2.05128852802
-2.06542446689
-2.11141659386
-2.15305772793
-2.19526188642
-2.25285256244
-2.30707523219
-2.3617891383
-1.950337897
-1.98625407193
-2.0217223682
-2.05789307077
-2.1563513146
-2.24172596252
-2.32825495005
-2.429748175
-2.52414622148
-2.61939947765
-2.91015581675
-2.92419048587
-2.93805014112
-2.96353332171
-2.99813797582
-3.03973699723
-3.08189847366
-3.13947416378
-3.1936469164
-3.24831045316
-2.85005681563
-2.88559128396
-2.92068263356
-2.97938556957
-3.05383025264
-3.13824620645
-3.2238035375
-3.32414958195
-3.41741952856
-3.51153446473
-3.99715830202
-4.01119076795
-4.0250482475
-4.03918015751
-4.08508676661
-4.12663416605
-4.16874332252
-4.22630064284
-4.28041220673
-4.3350140004
-3.97106017433
-3.98461129772
-4.02241164337
-4.08175171484
-4.15548668676
-4.23872749112
-4.32893475904
-4.42172534993
-4.51344747621
-4.60419460743
-5.54184604424
-5.55587537934
-5.56972976709
-5.58385852408
-5.59780730492
-5.67117224805
-5.71320705513
-5.75524938925
-5.79679117459
-5.87927693596
-5.5201903806
-5.55459204226
-5.58856471141
-5.62321016779
-5.65741430044
-5.79888693039
-5.88156063573
-5.96424914521
-6.04595317955
-6.15916087798
-1.02096684924
-1.03450025272
-1.04786489316
-1.061494204
-1.10974400674
-1.15286118328
-1.19656134162
-1.25528064579
-1.31041681738
-1.36605250131
-0.939865357234
-0.955853622671
-0.998321400542
-1.06417785785
-1.1448411146
-1.23436944869
-1.33033365257
-1.42825375655
-1.52441931332
-1.61880016572
-2.02226837901
-2.03576207688
-2.04908750685
-2.0626768307
-2.11089513707
-2.15389685413
-2.19747999187
-2.25607548279
-2.31107345067
-2.36656967882
-1.94906032783
-1.98459836024
-2.01969322948
-2.05548310975
-2.15677408161
-2.24350269675
-2.33140395831
-2.4331756727
-2.52784153726
-2.62336503783
-2.90913544823
-2.92259397828
-2.93588467898
-2.96186960389
-2.99762899537
-3.04052844831
-3.08400793923
-3.14249376699
-3.19736932587
-3.25274203604
-2.84911406699
-2.88421416125
-2.91887655347
-2.97848549796
-3.05435105764
-3.14002486224
-3.2268570513
-3.327443785
-3.42092878195
-3.51526071671
-3.99626282341
-4.00967824451
-4.02292637385
-4.0364368662
-4.08459307974
-4.12736717666
-4.17071961664
-4.22907101858
-4.28379652773
-4.33901782876
-3.96101387793
-3.97641487864
-4.01745295034
-4.08081844357
-4.15826206781
-4.24448354399
-4.33683019246
-4.43089674841
-4.52310797865
-4.61332801749
-5.54112804076
-5.55448220179
-5.56766983497
-5.58111863312
-5.59439611663
-5.67182221169
-5.7149941056
-5.75817373017
-5.80083926558
-5.88267290264
-5.52024129289
-5.55404169972
-5.58742061176
-5.6214605524
-5.65506688253
-5.80067128885
-5.88433074664
-5.96800518507
-6.05068341007
-6.162176925
-1.01976938001
-1.03281394414
-1.04569584113
-1.05883284835
-1.10922569649
-1.15372540275
-1.1988267838
-1.25862202396
-1.31458775814
-1.37106052017
-0.931268303702
-0.966996252132
-1.00227866911
-1.03825981129
-1.14368275846
-1.23301771455
-1.32356055706
-1.42698098545
-1.52329694727
-1.62048549436
-2.02118223851
-2.03415063303
-2.04695731024
-2.06001760806
-2.11039045975
-2.15470897889
-2.19962672302
-2.25919469586
-2.31494301431
-2.3711963909
-1.94782386834
-1.98299592612
-2.01772938447
-2.05315069655
-2.15718324482
-2.24522225914
-2.33445163764
-2.43649288024
-2.531417945
-2.62720299405
-2.90814791318
-2.92104884319
-2.93378889718
-2.94678125238
-2.99713639292
-3.04129443205
-3.08604952633
-3.14541620527
-3.20097195549
-3.25703101926
-2.84820165416
-2.88288135165
-2.9171285895
-2.95205405207
-3.05485510416
-3.14174628436
-3.229812309
-3.33063198705
-3.42432511442
-3.5188670652
-3.99539615955
-4.00821439112
-4.02087277793
-4.03378184864
-4.08411527874
-4.12807660043
-4.17263231749
-4.23175224905
-4.2870719479
-4.34289282177
-3.93680011198
-3.95678829982
-4.00547748115
-4.07842155601
-4.16505938199
-4.25890588192
-4.35697331865
-4.45473585948
-4.54883846639
-4.63863178421
-5.54043314123
-5.55313385397
-5.56567618743
-5.57846690648
-5.5910946937
-5.67245126076
-5.71672365228
-5.76100397153
-5.80475709693
-5.88595959375
-5.52029056693
-5.55350906613
-5.586313327
-5.6197672362
-5.65279499994
-5.80239823016
-5.8870117208
-5.97164036293
-6.05526143104
-6.16509592153
-1.01851537203
-1.03104801618
-1.04342437687
-1.05604583628
-1.10868291413
-1.15463042651
-1.20119918928
-1.26212116596
-1.31895563068
-1.37630499363
-0.929590331287
-0.964999370976
-0.999966856044
-1.03562682946
-1.14399905607
-1.2348162676
-1.32686140694
-1.4306073439
-1.52725512596
-1.62477849945
-2.02004481567
-2.03246310454
-2.04472653598
-2.05723282971
-2.10986195398
-2.15555944828
-2.20187481251
-2.2624611832
-2.31899528015
-2.3760415541
-1.94652902917
-1.98131783275
-2.01567281613
-2.05070815801
-2.15761172674
-2.24702301102
-2.33764321375
-2.43996671038
-2.53516321355
-2.63122216013
-2.90711375146
-2.91943075423
-2.93159416262
-2.94399845246
-2.99662053214
-3.04209658185
-3.08818750737
-3.14847662705
-3.20474468397
-3.26152250767
-2.84724616158
-2.88148561319
-2.91529809506
-2.94978019186
-3.05538294934
-3.14354898377
-3.23290709978
-3.33397072068
-3.42788180541
-3.52264368815
-3.99448857598
-4.00668142159
-4.01872222108
-4.0310014739
-4.08361491828
-4.12881951978
-4.17463532688
-4.23456007435
-4.29050201768
-4.34695077333
-3.88856693005
-3.91624711638
-3.9799760674
-4.07494144252
-4.18371989821
-4.296293923
-4.40888607157
-4.51680478254
-4.61716888504
-4.70881343836
-5.53970543188
-5.55172184364
-5.56358840942
-5.57568997805
-5.58763739344
-5.67311001052
-5.71853485986
-5.76396784329
-5.80885990945
-5.88940146664
-5.52034216744
-5.55295128414
-5.58515376157
-5.61799396975
-5.65041584996
-5.80420670933
-5.88981927768
-5.97544717642
-6.06005560416
-6.16815273906
-1.01726258714
-1.0292838106
-1.04115512807
-1.0532615425
-1.10814066116
-1.15553456756
-1.20356928085
-1.26561689509
-1.32331924305
-1.38154435192
-0.927913995472
-0.963004437467
-0.997657297789
-1.0329964157
-1.14431504518
-1.23661306644
-1.33015903736
-1.43423016541
-1.53120944407
-1.62906731739
-2.01890850221
-2.03077722197
-2.04249793749
-2.05445076747
-2.1093339637
-2.15640908817
-2.20412070934
-2.26572448459
-2.32304359365
-2.38088199161
-1.94523545291
-1.97964137611
-2.01361825365
-2.04826800178
-2.15803979075
-2.24882200655
-2.34083167698
-2.44343715234
-2.53890482917
-2.63523740613
-2.90608059841
-2.91781424347
-2.92940156868
-2.94121836673
-2.99610517451
-3.04289794929
-3.09032340314
-3.15153406387
-3.20851373275
-3.26600961533
-2.84629160093
-2.88009123604
-2.91346938599
-2.94750854944
-3.05591027968
-3.14534992492
-3.23599887208
-3.3373061979
-3.4314350274
-3.52641662759
-3.99358187762
-4.00514994724
-4.01657376176
-4.02822381098
-4.08311504584
-4.12956171453
-4.17663638264
-4.23736516105
-4.29392874197
-4.35100476699
-3.81142649412
-3.85344109913
-3.94426893562
-4.08151193426
-4.23237612985
-4.37997497208
-4.52009082449
-4.6486716573
-4.76420680367
-4.86694139719
-5.5389784323
-5.5503112105
-5.56150266772
-5.57291575808
-5.58418346523
-5.67376811776
-5.72034430088
-5.76692882425
-5.81295872033
-5.89283998251
-5.52039371763
-5.55239404618
-5.58399532712
-5.61622243284
-5.64803902047
-5.80601342462
-5.89262409623
-5.97925027696
-6.06484510132
-6.17120657514
-1.01601110062
-1.02752143342
-1.0388882311
-1.05048013433
-1.10759897018
-1.15643777156
-1.20593691609
-1.26910900128
-1.32767833302
-1.38677828019
-0.926239396996
-0.961011571488
-0.995350133137
-1.03036872808
-1.1446307068
-1.2384080031
-1.33345325014
-1.43784923226
-1.53515966396
-1.63335169044
-2.01777336641
-2.02909308663
-2.04027164869
-2.05167158853
-2.10880652061
-2.1572578475
-2.20636427854
-2.26898440393
-2.32708771151
-2.38571741253
-1.9439432173
-1.97796665692
-2.01156582051
-2.0458303745
-2.15846741112
-2.25061913761
-2.34401683572
-2.44690399757
-2.54264256701
-2.63924849078
-2.90504851611
-2.91619940804
-2.92721124713
-2.93844116225
-2.99559035099
-3.04369848619
-3.09245708529
-3.15458833199
-3.21227887532
-3.2704920726
-2.84533802958
-2.87869830402
-2.91164257217
-2.94523926133
-3.05643706351
-3.1471489996
-3.23908744009
-3.34063821827
-3.43498456686
-3.53018565679
-3.99267611896
-4.0036200601
-4.01442752909
-4.02544902681
-4.08261569146
-4.13030314007
-4.17863536453
-4.24016734059
-4.29735191483
-4.35505455914
-3.68122551152
-3.76566372226
-3.92110784889
-4.12653615351
-4.32713145355
-4.50770796725
-4.67111033958
-4.81742036226
-4.94788760151
-5.06446691883
-5.53825218617
-5.54890203934
-5.55941908766
-5.57014441329
-5.58073311665
-5.67442554295
-5.72215186661
-5.76988673649
-5.81705328323
-5.89627493474
-5.52044521439
-5.55183738574
-5.58283809325
-5.61445273193
-5.6456646543
-5.80781826744
-5.89542600789
-5.983049436
-6.06962963469
-6.17425724626
