-14.6912821619
28.2945078283
70.7442602872
114.034678265
5.40473348482
5.71399314891
6.02743427307
-256.01860271
49.7644311517
358.317740732
-614.548271942
-331.803297092
-52.5841831903
232.164524355
-700.698656293
13.2622638158
736.876557527
138.991163288
-41.8512454928
-224.332016375
-23.6257618212
15.1053174299
53.3534158609
92.3589711831
8.81199704541
33.0670125286
57.6499769507
-237.32309147
68.663053868
377.421315036
-239.000925852
-69.7699563265
97.3506843867
267.780945347
-477.364763821
3.18222706543
490.226631894
-14.3471763967
-16.7026093641
-19.0793816409
-31.5391580909
3.42346307708
37.9500965119
73.1604877673
11.8298590562
57.2939725506
103.372800465
-220.764210086
85.4018339882
394.341623705
93.6267235429
162.316716923
230.150138526
299.326918225
-279.554744774
-5.74580548495
271.76526919
-150.161134403
5.57189692133
162.715809124
-41.2394502924
-10.8962293554
19.0686082776
49.626862935
15.5291737791
86.9915364485
159.420132515
-200.466226454
105.920338652
415.082647235
501.363842155
446.810058325
392.936566182
337.996175302
-37.0779472328
-16.6898453854
3.97392135997
-316.642760346
32.8761304325
385.561526835
-55.0240760525
-31.24526597
-7.76298026584
16.1843434365
39.8266192777
129.193337777
239.066341218
348.959019294
457.543334092
444.556733304
1080.77974755
851.090069791
624.264647586
392.947224833
164.576389595
-32.2419020861
-376.571678188
-720.963112412
-1061.2542816
702.237020425
2.79005672852
2.76655771939
2.74335174549
2.71968620561
2.68470756854
2.64578827071
2.60634275007
-36.0708109806
4.14617449369
44.7275102621
-22.4339751074
-11.1433524056
0.00647498871
11.3771111014
-56.0761794704
9.21713270382
75.3932673385
7.14034219727
-3.38489454546
-14.0054858519
1.37479159539
2.02094422315
2.65903925654
3.309770983
2.42008766955
3.81085478298
5.22042627936
-40.2722328264
5.62863197474
51.9453408128
-20.3124775019
-8.41744301986
3.32925907324
15.3085902594
-37.0914024568
12.3818571312
62.5240382871
-1.8767546517
-2.23145609756
-2.58937100098
0.121271048909
1.36054369791
2.58436248062
3.83241750011
2.18571004472
4.84277083671
7.53575740529
-43.9934921755
6.94166574367
58.3382764434
-18.4334367656
-6.00306613537
6.27229640526
18.7907575136
-20.2763142447
15.1848987669
51.1255782702
-9.8633261465
-1.20983918656
7.52204500983
-1.4153025242
0.551020473426
2.4928232069
4.47308097271
1.8984084401
6.1077001929
10.3739052371
-48.5550358938
8.55119100882
66.1747781842
-16.1300965082
-3.04350737373
9.87989055418
23.0592205995
0.335729370111
18.620885288
37.153272443
-19.6533170111
0.0424654140132
19.9166839908
-3.59885444388
-0.599354635055
2.3627410811
5.38349748639
8.3657746323
7.90523138326
14.4070626823
20.9100582451
27.3356302639
77.3108596052
-12.856928774
1.16218139282
15.0064717132
29.1249313004
43.0635459098
23.503602976
17.297890478
11.0910667413
4.95814037783
37.5301183323
4.72131931587
-0.05365961557
-4.76909403431
-9.5779118745
2.3842108891
2.30682628795
2.22839537958
-11.7719318158
-0.893532872904
10.0834201463
42.9802472289
24.2817691092
5.81646306926
-13.014525812
15.1389191131
8.77024414302
2.31545913927
-7.42596530811
0.86470126195
9.23047805642
4.1367444286
0.575439355844
-2.94145585077
-6.52799887308
1.71393721295
0.578761219792
-0.571763341696
-18.502907634
-1.33513787613
15.9881652189
3.84727486214
-1.63948314323
-7.05782067252
-12.5834617612
11.5480911392
13.3981924059
15.2733086534
-0.499076482109
-0.632745777102
-0.767626064078
3.61897809987
1.13264130195
-1.3226906025
-3.82664735753
1.12026624265
-0.951810697719
-3.0519039234
-24.464629073
-1.72627373613
21.2180822833
-30.8133578055
-24.5983065668
-18.460757701
-12.2016621733
8.3676435052
17.4972322959
26.7502610802
5.63616790664
-1.95905601169
-9.62308971366
2.98429679368
1.81566304234
0.66160228248
-0.515313241706
0.392540537117
-2.82799562886
-6.09207624935
-31.7725456756
-2.20573059677
27.6289483622
-73.3005849466
-52.7413804409
-32.4385514777
-11.7336497753
4.46903027638
22.5218618385
40.8187834099
13.1567900606
-3.58485565409
-20.4781741873
2.08238125332
2.78627288395
3.48138690851
4.19026681763
4.89011681164
-5.49415316259
-10.4123211336
-15.3313697865
-20.1918530942
36.7391264742
-133.677170884
-92.7341696304
-52.3017321079
-11.0685795255
29.6393333617
29.6621248726
60.8108940889
91.9652410236
122.748669675
-35.9038205447
6.56654162463
-2.74823257323
-11.9468505119
-21.3276358479
2.09710173044
1.98296550563
1.86728605963
11.444400446
-5.70871467332
-23.0172303645
105.480180255
58.1286550468
11.3676085686
-36.3194833431
83.1812917493
8.34326505311
-67.5066369586
-21.3433247294
4.92497200835
31.431249329
6.77564864439
-0.805666375735
-8.29244156333
-15.9274831927
1.03924668439
-2.50933834049
-6.10590332624
2.29656559902
-7.98866265625
-18.3670710914
26.9306786044
4.83650974047
-16.9821424065
-39.2328863202
58.0206315684
14.3692486125
-29.8723390675
0.817224320002
0.89473990396
0.972957749051
6.96085771903
0.914892256329
-5.05567935177
-11.1444908409
0.102289357896
-6.48823603277
-13.167871068
-5.8058024083
-10.0080451554
-14.2483585924
-42.6417371431
-42.3651046737
-42.0919218416
-41.8133289571
35.7354754082
19.7065483366
3.46089620749
20.4451391924
-2.67489424564
-26.0043862218
7.18788819763
3.02396412789
-1.08803535051
-5.28146795811
-1.04623897781
-11.3655944943
-21.824476687
-15.737737385
-12.4834172512
-9.19961423879
-127.924053221
-100.225148149
-72.8716514718
-44.9764521895
8.41818721185
26.2490447725
44.3209910607
44.5051638746
-7.05057481612
-59.0733885086
7.51051045668
6.02106626117
4.55019559866
3.05019613852
1.56930410068
-18.2965775711
-34.1259688823
-49.958194716
-65.6019247986
-2.0250827889
-249.11471291
-182.447315193
-116.611267262
-49.4714167828
16.8131870708
35.5462765499
102.385336378
169.236364881
235.291476564
-106.066181232
8.35238829121
-5.35609944728
-18.8936408352
-32.6992767019
1.81923118253
1.66952592938
1.51779653078
33.9136765776
-10.3689533483
-55.0527667307
165.968987769
90.8864144444
16.7401290712
-58.8745329563
149.034194015
7.93002531458
-135.081994669
-34.8128507655
8.85459118942
52.9176432363
9.32963808773
-2.14233082815
-13.4712430293
-25.0245105048
0.38626637645
-5.49806890136
-11.4619655182
22.4267524949
-14.4280900321
-51.6168231418
49.2713035961
11.1041178488
-26.5871188923
-65.0247845587
102.997776609
15.3090581311
-73.5652882098
2.09116913874
2.3730740856
2.65753298197
10.1952021932
0.704149948787
-8.66854782978
-18.2268604444
-0.882931023224
-11.8465100372
-22.9583261902
12.2526197358
-18.0233253806
-48.5735588203
-54.0895023856
-59.560201993
-64.9626813743
-70.4721502637
62.2226640485
21.8447729115
-19.0790624887
34.7775867682
-3.36769820635
-41.8585646719
11.256216258
4.19338444955
-2.78137306908
-9.89425714468
-2.43872138411
-19.6284701391
-37.050639272
-0.218897839769
-22.4303880659
-44.8431057809
-180.789845202
-146.180981154
-112.003693449
-77.1495662891
12.2402680069
29.8562942551
47.7105045243
74.8448083785
-10.4047739191
-96.4266843766
12.7639730869
9.15177031906
5.58461211718
1.94681070236
-1.64465135718
-30.6870450208
-57.0765578619
-83.4707961955
-109.550789278
-39.5419356724
-360.837700783
-269.27366733
-178.85144745
-86.6385259043
4.39976106263
41.2410877435
142.62199449
244.021055218
344.21287621
-173.970854483
10.2225540609
-8.08709727088
-26.1684252358
-44.607831825
1.52824092183
1.34128724163
1.15180578481
57.4438440199
-15.2492261128
-88.600867274
229.313786277
125.190837922
22.3663141905
-82.4945236921
217.996354069
7.49727438017
-205.847936241
-48.9183431338
12.9697481163
75.4185214759
12.0042146471
-3.5421061567
-18.8945626294
-34.5510557582
-0.297544525706
-8.62791296598
-17.0709152445
43.507390141
-21.1715562434
-86.4364688027
72.6667456093
17.667652312
-36.64559624
-92.0344523669
150.098526436
16.2932409417
-119.321208576
3.42526351371
3.92120810762
4.42164576725
13.5822568806
0.483457401569
-12.4519986066
-25.6436255277
-1.91466877923
-17.457776007
-33.2110395848
31.1636738483
-26.4170486448
-84.5194301567
-66.0777761252
-77.5671692285
-88.9132883356
-100.484103479
89.9604505321
24.083954182
-42.6832497866
49.7867436872
-4.09321304291
-58.461301289
15.5166312313
5.41801918268
-4.5546620625
-14.7248400838
-3.89695012227
-28.2814790896
-52.9957081309
16.0326667798
-32.8470070723
-82.1695118164
-236.151705993
-194.306627891
-152.983362517
-110.841740326
16.2428091017
33.6338607345
51.2600545355
106.61694519
-13.9173421952
-135.543623487
18.2654789929
12.4302911874
6.66786881593
0.791328704905
-5.01035435678
-43.6625308384
-81.1107634333
-118.565701773
-155.574708075
-78.8301541749
-477.835711595
-360.199542833
-244.030310039
-125.560487424
-8.59976730641
47.2047805724
184.758434362
322.33671948
458.277021255
-245.081660294
12.0908957751
-10.8154314315
-33.4361142173
-56.5047720074
1.23753447679
1.01336869959
0.786172005791
80.9510614489
-20.1247389314
-122.116246871
292.596801802
159.461802778
27.9870118426
-106.091476806
286.891252277
7.06494552689
-276.54485666
-63.0100777914
17.0808913486
97.8974536135
14.6761825736
-4.94051622246
-24.312592626
-44.0683093507
-0.98068847684
-11.7547043552
-22.674394314
64.5674669087
-27.9084452538
-121.222153323
96.0393690131
24.2247850696
-46.6942631098
-119.017776451
197.153336818
17.2764638353
-165.032501169
4.75805668743
5.46783216605
6.18403793528
16.9660080237
0.262980105555
-16.2317592165
-33.0531567119
-2.94540023577
-23.0635690609
-43.4537530544
50.0562831732
-34.8025851394
-120.430241895
-78.054357171
-95.5565734724
-112.840535211
-130.466784708
117.671183125
26.3209514799
-66.2644148766
64.7812615115
-4.81802025276
-75.0478445226
19.7728908335
6.64145947538
-6.32622148872
-19.5507115417
-5.35375658543
-36.9260483776
-68.9252250588
32.2683805296
-43.2534662894
-119.459511757
-291.459569913
-242.385335556
-193.923062302
-144.501052895
20.2414463411
37.4077427862
54.8061425137
138.358093231
-17.4264845081
-174.622410116
23.7616190368
15.7056143693
7.75006896651
-0.363026299846
-8.37277463737
-56.6253610907
-105.121527381
-153.626377737
-201.553737707
-118.08005314
-594.719609072
-451.036734307
-309.1456008
-164.444486633
-21.5866166604
53.1626567478
226.8537767
400.57599901
572.229914493
-316.123108591
13.9573011582
-13.5409379731
-40.6962710367
-68.3893823168
0.947129317091
0.685790009133
0.420917166069
104.433916226
-24.9951988159
-155.596891454
355.814231424
193.69724954
33.6018842583
-129.663974267
355.714748483
6.63306473503
-347.168507478
-77.0872079122
21.187773832
120.353088805
17.3453812986
-6.33747698962
-29.725007429
-53.5756993541
-1.66312442423
-14.8782551683
-28.2720659923
85.6057172178
-34.638352218
-155.971786298
119.387769257
30.7751220787
-56.732515639
-145.973135281
244.159380053
18.2586677263
-210.696419023
6.08946856727
7.01285331835
7.94460357722
20.34625228
0.0427313100653
-20.0076025192
-40.45500873
-3.97506345226
-28.6635523255
-53.6858510755
68.9293123815
-43.1794309455
-156.303836017
-90.0185258048
-113.527333673
-136.74298412
-160.418392179
145.353196585
28.5556303757
-89.8211406765
79.7602391634
-5.54207627946
-91.6171976242
24.0247392895
7.86363180646
-8.09594488799
-24.3715815133
-6.80905322855
-45.5616585181
-84.8382327903
48.4872677435
-53.6491403534
-156.710864704
-346.7101133
-290.414214916
-234.820332579
-178.125481279
24.2359394317
41.1777136233
58.3485553607
170.066345055
-20.93198998
-213.660695871
29.2520629347
18.9775430382
8.83114753538
-1.5161849423
-11.7317101383
-69.5747567919
-129.107406806
-188.650717157
-247.485115121
-157.289273892
-711.482369215
-541.779782999
-374.193406707
-203.288186843
-34.56000657
59.1143582384
268.905491835
478.734192112
686.064708061
-387.090930222
-10.2037167308
22.0544963946
53.9104460527
86.3972638998
4.93259808179
5.15676733614
5.38396755409
-188.218103827
34.1662851988
258.565390559
-378.355322411
-203.562449069
-30.9492620913
145.082318306
-500.311274042
8.87302139459
524.941932079
81.9680715501
-12.9526792673
-108.733375281
-16.604335995
12.9411458865
42.1181923579
71.8730546115
6.05216464409
21.6510995563
37.4609456575
-178.796145464
44.0601882195
268.935513873
-111.613929622
-20.5496710584
69.3790061807
161.088611076
-334.077896658
3.22832577212
345.095222171
-25.6433797638
-0.256492488445
25.3603901418
-22.2734559148
4.86932115079
31.6736247996
59.0087549561
7.04378074212
36.2603652371
65.8719834063
-170.450982342
52.8233594664
278.120480237
124.642732562
141.547360894
158.24118665
175.265613244
-186.842619545
-1.77126177922
185.802421968
-120.956379499
10.9887015157
144.129153802
-29.2226996874
-5.02517368655
18.8706065025
43.239613443
8.25931015262
54.1684973619
100.698416776
-160.221427548
63.5653113174
289.379471264
414.247673304
340.246948448
267.169020774
192.643873966
-6.36066695599
-7.89978845505
-9.45972021757
-237.791669497
24.7731328755
289.716670548
-39.097940838
-19.0857716133
0.676843659074
20.8308333981
40.7280958494
79.6168956445
150.188611564
220.772964553
290.516952405
305.379090091
825.791536464
622.609520236
421.961206108
217.339297097
15.3239205085
-16.6087474154
-286.937501217
-557.314661995
-824.472758912
496.604194344
2.79514787706
2.77460540491
2.75431909964
2.73363104887
2.69766396603
2.6600596482
2.62194688723
-26.3955471497
3.34093612343
33.3468204046
-17.0779862264
-8.14057829325
0.685379179555
9.68612396423
-41.883063151
5.87106988728
54.2708804049
3.65085912183
-2.26276897763
-8.22997225466
1.7096151424
2.0249226542
2.33629824664
2.65384025252
2.19059777021
2.86673493297
3.55201405919
-30.6108117806
3.70929387552
38.3403263812
-14.2414831399
-6.12881849976
1.88268031958
10.0528370916
-27.675801603
7.0723009268
42.2902280734
-4.33348267105
-1.48534182256
1.38860207765
0.748143291696
1.36091793215
1.96605120541
1.70342579815
1.74148199678
3.0497901852
4.37578784006
-34.3443318823
4.03555359879
42.7631459605
-11.7291518346
-4.34697411125
2.94314704361
1.64472290103
-15.0922270891
8.13624841895
31.6787931512
-11.405328259
-0.796763485214
9.90791077198
-0.430435105939
0.546976659952
1.51219999357
2.49653839684
1.19095298418
3.27418049438
5.38557505532
-38.9209049101
4.43548487249
48.1846667351
-8.64951991207
-2.16277776403
4.24307399563
10.7757858283
0.332799734408
9.440442119
18.6712277627
-20.0740422056
0.0473002831473
20.3509343328
-2.10525703942
-0.609676726852
0.867253534649
2.37343259675
3.86042551901
3.59305093375
6.8205358349
10.0485986723
13.2382287501
55.8889330989
-4.27320086424
0.941080203059
6.09033861168
11.3415717962
16.5259132699
11.2937700086
0.186792736951
-10.9221734284
-21.8988781579
35.1910204455
4.2312061248
0.64464657338
-2.89718818578
-6.50916465801
2.45075812718
2.38423419916
2.31681080968
-8.51809214126
-0.0645148997755
8.46564847363
22.8343687371
13.4487833767
4.18023729848
-5.27186101854
8.76209956975
5.53942728991
2.27318167342
-5.00128721871
-1.08179400003
2.87320830742
3.73286112373
0.818945603137
-2.05863307027
-4.99319867598
1.7639885912
0.791519707658
-0.194097802351
-14.2399380889
-0.748498122067
12.8651690596
-3.48419709278
-4.5356651836
-5.57402135164
-6.63294089581
6.17417445286
7.49696664889
8.83764414775
-1.97925755972
-1.62109977333
-1.25969721627
3.29146983706
0.973324743778
-1.31591282511
-3.34509648544
1.15570700219
-0.619170270529
-2.41804543015
-19.3078587854
-1.35431183324
16.7618872928
-26.7949268278
-20.4647481941
-14.2135075846
0.582510388626
3.88201220647
9.23078722398
14.6518823393
0.697397281097
-2.09877060111
-4.92027068011
2.75040955018
1.16256369037
-0.40548155684
-2.0045800257
0.41007150599
-2.34840314702
-5.14417478036
-25.5201486714
-2.09692218887
21.5385096432
-55.3693697288
-39.9907209167
-24.8038455476
-9.31621265386
1.07226493669
11.3561156709
21.7790130257
3.97845805371
-2.68430258355
-9.40742524869
1.98153440566
1.43148219342
0.888289192802
0.334338918002
-0.212554979699
-4.80573407676
-9.01814806749
-13.2313163628
-17.3943234028
28.3263414044
-95.9751570091
-67.7381558383
-39.8532731792
-11.4161644645
16.6587042229
14.3763192533
31.9070408432
49.4409016079
66.7660072494
-15.7839080567
5.60328609609
-1.39041980155
-8.29691341707
-15.3401817063
2.21485226695
2.12069713526
2.02526894417
8.56289882361
-3.3182486181
-15.3070346487
60.968575994
34.0763106979
7.51939490926
-19.5634481725
57.1509539363
5.22255980476
-47.4079514525
-13.2679691038
0.0465669950123
13.4817276281
5.66596884574
-0.333303590241
-6.2577644388
-12.2995520011
1.35638541006
-1.19124196044
-3.77331547232
1.4015917308
-5.00768964559
-11.475036626
6.79383776679
-3.01348893502
-12.6985171937
-22.5753456123
38.5160897254
7.90271295666
-23.1245833347
0.270083738414
-1.75080952952
-3.79001130686
5.72148785258
0.602999339772
-4.45166105805
-8.16870048676
0.596029051098
-4.12467373091
-8.90920452693
-4.94128026568
-6.50405169851
-8.08098123455
-41.1895018059
-35.8644543242
-30.6058107706
-0.43237916465
22.0109242815
10.2765628912
-1.6164572874
12.2609305415
-3.34277159411
-19.0878372207
5.78954340934
1.75072551205
-2.23772788165
-6.30516772518
-0.336020679239
-7.72049332052
-15.2048104648
-12.7164136807
-8.33830195693
-3.92052623854
-100.007789024
-76.13337964
-52.556686768
-28.5130862792
1.77878599538
13.1864434561
24.7483423834
26.959387913
-5.29420896361
-37.8400109216
5.88625393738
3.38170480949
0.908387684824
-1.61391046575
-4.1040788608
-12.830342211
-24.1511978503
-35.4740806819
-46.6621552227
1.99169928212
-183.59167086
-133.357641931
-83.7500368697
-33.1600137578
16.7855791649
17.3215368905
62.2141103367
107.114722564
151.480755844
-64.487836707
6.93121521952
-3.36000172383
-13.5228860595
-23.8870339112
1.98653739555
1.86564017825
1.74310832525
25.0942569324
-6.46728355399
-38.3147593591
97.8756991027
54.0400845649
10.751104964
-33.3951600252
103.982749682
4.91588849508
-95.4904429569
-21.2686453464
1.13861954181
23.7488855615
7.536872945
-1.44847565991
-10.321775979
-19.3708011772
0.961898101465
-3.11020223897
-7.23736092339
16.5398077366
-9.12982872253
-35.0320221345
16.7411455821
-1.54029333871
-19.5937607045
-38.0047549495
69.8173054683
8.29540314243
-54.0583288973
2.44704563628
-1.87634547965
-6.23890484268
8.07331264471
0.244590282418
-7.48650705056
-15.3707093271
0.0543604409924
-7.51737695136
-15.1914908293
8.96300987743
-11.4880830147
-32.1244548784
-55.1208875362
-50.7686280534
-46.4706417252
-42.0875390253
39.5564834502
11.2886875444
-17.3613135874
23.4523719353
-4.54674307008
-32.7995192007
8.73088388951
2.31996143753
-4.01101610603
-10.4673709302
-1.0581050783
-12.9197201472
-24.941714585
-0.324677820865
-14.3788463405
-28.5603401774
-143.209831359
-111.113038349
-79.4164958795
-47.092242086
2.46257258929
14.9578748758
27.6221245344
49.2008364308
-7.82013366481
-65.3576916395
9.66532723739
5.269173079
0.927839446711
-3.4994689977
-7.8703811204
-20.5967341623
-38.7972957115
-57.0011163817
-74.9882055015
-23.4955456022
-268.38885679
-196.8656214
-126.234288625
-54.2041885407
16.9083715196
20.1719831888
91.5459576548
162.932712849
233.469549643
-111.624568263
8.3218427788
-5.42257784559
-18.9956040324
-32.8374274311
1.7474425924
1.59854065663
1.44762543697
42.4061463795
-9.76500079638
-62.4087983362
136.525399319
74.9464519582
14.1354008472
-47.879938885
153.025717915
4.59473763894
-145.843158795
-29.6470750982
2.2822335653
34.5008093846
9.49611215083
-2.61630079911
-14.5776706267
-26.7759207798
0.548784996681
-5.11976660608
-10.8649619646
32.3927776011
-13.4465954102
-59.7012553666
27.1581175006
0.00245947865584
-26.8145644996
-54.1626668961
102.596414295
8.70663427288
-86.4526173667
4.72679322014
-2.00780863445
-8.80342337049
10.5361793089
-0.130741129371
-10.664643896
-21.4071577458
-0.512883159527
-11.0702673245
-21.7703965203
23.523793826
-16.7074363538
-57.3031458793
-69.7100463954
-66.3765052889
-63.0845338069
-59.7273688489
57.9304596606
12.348599863
-33.8495663875
35.1722194449
-5.80756029709
-47.1586009536
11.8111003414
2.91607394967
-5.86803048419
-14.8260933816
-1.81428283488
-18.3644294954
-35.1383485564
12.6521362952
-20.7045962202
-54.3635277981
-188.451666655
-147.744268552
-107.544496183
-66.5486164039
3.17864430229
16.8129447798
30.6315928772
72.4924193333
-10.4653203997
-94.1746250877
13.6228302297
7.24575853566
0.948209627379
-5.47405454817
-11.8145100851
-28.7298178436
-54.134911976
-79.5445553239
-104.651675839
-50.186175788
-357.189758603
-263.372142664
-170.724442719
-76.2419681925
17.0369615396
23.1570138722
122.262713938
221.386160569
319.329460536
-160.98686991
9.7111139975
-7.48314224563
-24.4629842214
-41.7790912363
1.50858098899
1.33170164899
1.15243074623
59.701150775
-13.0595016293
-86.4793373312
175.137402772
95.8324284465
17.516395877
-62.3505900992
202.02085237
4.27390001543
-196.146763401
-38.0173329967
3.42473217145
45.2422463808
11.453440424
-3.7829869068
-18.8294143122
-34.1738178417
0.136074819382
-7.12737095617
-14.4890248461
48.2302853628
-17.7591517643
-84.3464276043
37.5649292857
1.54370758096
-34.0283255254
-70.3048193165
135.343552207
9.11746431142
-118.815310253
7.00431726533
-2.13914356743
-11.3654406099
12.9966438303
-0.505706463831
-13.8396809641
-27.4377185494
-1.07957350227
-14.6196924065
-28.3428855136
38.0703759978
-21.9216990268
-82.4572789891
-84.2849758026
-81.9691594714
-79.6822216247
-77.3499937661
76.2865149192
13.4074784022
-50.3217374653
46.8806360688
-7.06714779329
-61.5036776589
14.888312522
3.5116050469
-7.72323363407
-19.1805645782
-2.56972305785
-23.8038283778
-45.3250372996
25.6162935504
-27.0241763163
-80.1415484285
-233.649375588
-184.339770697
-135.645062004
-85.9860140592
3.89401759887
18.6662053521
33.6381259524
95.7612849248
-13.1079271669
-122.963452106
17.5764732943
9.22041614109
0.968559940108
-7.446714198
-15.7547921663
-36.8549689686
-69.4575687849
-102.066006653
-134.286214082
-76.8507734214
-445.904048968
-329.813797175
-215.171203597
-98.258253423
17.1654261401
26.1391331231
152.949510809
279.782596057
405.105628459
-210.30102632
11.098945389
-9.54157109676
-29.9246980707
-50.7114879881
1.26996693942
1.0651391907
0.85754199239
76.9782307961
-16.3505880735
-110.524929854
213.709389121
116.696758912
20.8938868764
-76.8062440713
250.965208746
3.95339490492
-246.398233842
-46.3789160414
4.56604670316
55.9725510562
13.4087401412
-4.94846387235
-23.0767515318
-41.5640477951
-0.276207629103
-9.13289464464
-18.1093317841
64.0513792856
-22.067238627
-108.966057825
47.9609555522
3.08335834872
-41.2346102794
-86.4302421671
168.056751304
9.52786856971
-151.14446276
9.27948090676
-2.27034238615
-13.9248025996
15.4545583502
-0.880283187867
-17.0114274545
-33.4620293384
-1.64567653266
-18.1654388988
-34.9085628432
52.6018822334
-27.1305576887
-107.5853426
-98.8447998948
-97.5456535788
-96.2627077603
-94.9543547663
94.6235461408
14.46525953
-66.7768369452
58.5769182037
-8.32542986526
-75.8338872662
17.9623355097
4.1065189415
-9.57651406946
-23.5305228432
-3.32438034991
-29.23758992
-55.5011686577
38.5670148791
-33.337206861
-105.892852969
-278.800242056
-220.897345619
-163.716504672
-105.403266985
4.60864948953
20.5175452232
36.641543086
119.00603489
-15.7477951622
-151.722442664
21.5260188416
11.1930272306
0.988889161971
-9.41732940256
-19.6909905776
-44.971699266
-84.7643453414
-124.564116969
-163.890039377
-103.487736125
-534.526396705
-396.186592202
-259.571900284
-120.25172119
17.2937576011
29.1181617346
183.604504183
338.118510047
490.792898797
-259.564074019
-5.71615129959
15.8144849609
37.0766318181
58.7598495342
4.46046267876
4.59954152337
4.74050083512
-120.417604944
18.5681392459
158.813040386
-142.16237288
-75.3216010464
-9.31434099235
58.0001122568
-299.923891792
4.48377897333
313.00730663
24.9449798125
15.9458869583
6.86526581224
-9.58291016881
10.7769743431
30.8829688549
51.3871380399
3.29233224277
10.2351865841
17.2719143644
-120.269199458
19.457322571
160.44971271
15.773066607
28.6706142098
41.4073279747
54.3962768051
-190.791029494
3.27442447881
199.963812448
-36.9395831309
16.1896243872
69.8001619246
-13.0077537387
6.31517922451
25.3971530874
44.8570221449
2.25770242804
15.2267579236
28.3711663474
-120.137754599
20.2448849446
161.899336769
155.658741581
120.778004865
86.3322347741
51.2043082621
-94.1304943164
2.20328192651
99.8395747447
-91.7516245952
16.40550611
125.542498481
-17.2059490824
0.84588198232
18.6726047273
36.852363951
0.989446526109
21.3454582753
41.9767010363
-119.976628643
21.2102839832
163.676295292
327.131504453
233.683838572
141.401475367
47.2915726289
24.3566133209
0.890268475309
-22.8933617951
-158.940578648
16.6701353185
193.87181426
-23.1718056235
-6.92627725658
9.11666758399
25.4773233598
41.6295724212
30.0404535119
61.31088191
92.5869098119
123.490570718
166.201446878
570.803325376
394.128970681
219.65776463
41.7313693605
-133.928548578
-0.975592744818
-197.303324246
-393.666211578
-587.691236228
290.971368262
2.79748205724
2.78265309043
2.7652864538
2.74179264671
2.71062036352
2.67433102569
1.12571319687
-16.7202833188
2.53569775317
2.50513487485
-3.7756228177
-5.13780418091
1.3642833704
0.444204545051
-27.6899468315
2.52500707073
0.300545852442
0.161376046396
-1.1406434098
-25.2773271076
2.0444386894
2.02890108525
2.01355723674
1.98829032151
1.96110787088
1.92261508296
1.88360183902
-20.9493907349
1.78995577629
24.7353119496
-8.17048877787
-3.84019397966
0.436101565921
0.428671902322
-18.2602007492
1.7627447224
22.0564178596
-6.79021069041
-0.739227547561
5.36657515628
1.37501553448
1.36129216638
1.3477399302
1.32090254777
1.29725394883
1.25680953369
1.21581827482
-24.6951715891
1.12944145391
1.10025161281
-5.02486690369
-2.69088208713
-0.386002318047
0.414914418762
-9.90813993349
1.08759807102
12.2320080322
-12.9473303716
-0.383687783864
-15.0676769651
0.549021551294
0.542932846479
0.531576780241
0.502814308979
0.483497528256
0.440660795869
-0.804203530724
-29.2867739265
0.319778736158
0.291379431639
-0.710434147062
-1.28204815434
-1.39374256291
0.398050406656
0.329870098705
0.25999894997
0.194496077921
-20.4947674001
0.0521351522814
-9.18939354972
-0.611659634961
-0.619998818649
-0.628234011799
-0.636632292895
-0.644923594283
-0.719129515769
-0.765991012478
-0.812860900538
-0.859172763792
34.4670065927
4.31052704548
0.719979013302
-2.82579448982
-6.44178770803
-10.01171937
-0.916062958886
-16.9243050041
-32.9354135981
-48.7558966937
32.8519225587
-0.796054939079
1.34295276233
-1.02528233725
-5.71979841942
2.51730536526
2.46164211037
1.08631065134
-5.26425246676
0.764503073353
-1.42561024743
-7.4988952392
2.61579764411
2.54401152769
2.46325015396
2.38528002637
2.30861043679
-0.163803238084
-2.5766091293
-3.02828926201
-0.10266416361
3.32897781886
1.06245185043
-1.17581028977
-3.64143205168
1.81403996945
1.00427819552
0.183567736994
-9.97696854383
-0.161858368006
9.74217290019
-10.8156690477
-7.43184722398
-4.09022203075
1.15304789574
0.800257766489
1.59574089186
2.40197964207
-3.45943863733
-2.60945376956
-1.75176836847
2.96396157425
0.814008185604
-1.30913504771
-1.80059326882
1.19114776174
-0.286529843338
-1.7841869369
-14.1510884978
-0.982349930352
-11.2033954532
-22.77649585
-16.3311898214
-9.96625746823
-0.00741696154365
-0.603619092262
0.964342152066
2.55350359834
-4.24137334444
-2.23848519053
-8.98342021402
0.527642596261
0.509464338398
-1.47256539616
0.455918787586
0.427602474863
-1.86881066517
-11.4128487749
-19.2677516672
-1.98811378097
-16.8330293596
0.490361475545
-27.2400613925
-17.1691396174
-1.42992227047
-2.32450040299
0.190369503286
-10.3114076612
-5.19987395316
-1.78374951301
-14.0965827885
1.88068755801
0.0766915028948
-1.7048085229
-3.52158898162
-5.31522677104
-4.11731499093
-7.62397500138
-11.1312629391
-14.5967937114
19.9135563345
-58.2731431344
-42.7421420461
-27.4048142504
-11.7637494035
3.67807508407
-0.909486366033
3.00318759759
6.91656219224
10.7833448237
4.33600443134
4.64003056755
-0.0326070298672
-4.64697632228
-9.35272756471
2.33260280345
2.25842876489
2.18325182871
5.68139720121
-0.927782562871
-7.59683893289
1.31681804451
0.988573874115
0.894687518591
2.14512187208
0.591209252656
-9.57232354724
-2.10516901696
-18.8098212211
-5.38360376317
1.56770315467
4.5562890471
0.139059195252
-4.22308731428
-9.02034291712
1.67352413572
0.126854419622
-1.44072761841
0.506617862585
-2.02671663492
-4.58300216067
-13.3430030708
-10.8634876105
-8.41489198084
1.84515198958
19.0115478824
1.43617730078
-16.3768276018
-0.277056843174
-4.39635896301
-8.55298036278
4.48211798612
0.291106423215
-3.84764276433
-4.78302235701
1.0897687443
-1.76111142904
-4.65053798586
-4.07675812305
-3.00005824159
-22.9588989223
-39.7372664687
-29.3638039747
-19.1196996995
-0.410932925521
8.28637315476
0.846577445794
-6.69381078229
4.07672189064
-4.01064894258
-3.17022507276
4.39119862106
0.477486896202
-3.38742041279
-7.32886749225
0.374197619332
-4.07539214677
-8.58514424273
-9.69508997641
-4.19318666267
1.35856176171
0.412640960108
-12.4755797575
-5.6943449561
-3.74071766486
-6.95523397906
-9.91911516973
-1.50778998993
-0.242968156366
-3.32965187468
-10.9788764384
4.26199741807
0.742343357815
-2.73342022901
-6.27801707001
-9.77746182227
-7.36410685089
-14.1764268183
-20.9899666478
-27.7223856468
6.00848135314
-118.068628811
-84.2679686686
-50.8888064774
-16.8486107327
16.757971259
-0.903202769009
22.042884295
44.9930802473
67.6700351235
-22.9094921821
5.51004214783
-1.36390400038
-8.15213128373
-15.0747911205
2.15384360856
2.06175442711
1.96842011971
16.2748372871
-2.56561375968
-21.5767519876
29.7824104366
17.1937546854
4.76208085669
-7.915787094
58.9313053493
1.90175167558
-55.8988912447
-7.7244399274
-6.5773521058
-5.41987211332
5.74410780227
-0.754620491667
-7.17230892867
-13.7170918496
1.53752982648
-0.722335576581
-3.01275632856
10.6528629783
-3.83156741295
-18.4472211272
-15.7890124319
-14.1847045262
-12.6004025167
-10.9847253403
36.636834328
1.28174815375
-34.5513695849
2.80292213382
-6.1257650449
-15.1353426673
5.9514230962
-0.214969383951
-6.30446627133
-7.66948271475
0.991651905208
-3.18824386557
-7.42465546845
5.67340001905
-4.9528406487
-15.6753509366
-56.1522726868
-41.9770541137
-27.9786020761
-0.801464535591
16.8903028519
0.732602177265
-15.6435646862
12.1271571023
-5.72578793381
-23.7404737295
6.20555152101
0.446538425506
-5.24065914299
-11.0404847157
0.322511227521
-6.21097015529
-12.832789898
-0.43045780196
-6.3273046151
-12.2775745739
0.315206801534
0.104677948305
-0.127048197771
-0.333738482051
-0.505537922199
-19.6622619443
-7.90537664577
-3.9684833317
-2.84562217456
-1.02834533558
6.56668138785
1.38657583895
-3.72893322376
-8.94574869777
-14.0961108836
-10.5064233039
-20.518033561
-30.5314365679
-40.4256217249
-7.44915553214
-175.940012798
-124.45757547
-73.6171298005
-21.7698511771
29.4169819766
-0.897121365837
40.4699208196
81.8443704798
122.726223076
-49.2782820429
6.42113149672
-2.7580584203
-11.822782829
-21.0670230372
1.96664426297
1.85579407163
1.74344508914
27.3684487391
-4.28077547995
-36.2167293984
43.7370123602
24.7020659942
5.90448750389
-13.2653540779
88.0550817601
1.6922008977
-85.8383813484
-10.3758070625
-8.40528098568
-6.41690270664
6.98800965458
-1.69049544152
-10.2607786241
-19.0007858014
1.39511451907
-1.61162024618
-4.65900868476
21.2781650612
-5.72163457695
-32.9660419306
-18.3505106081
-17.6627333547
-16.9835327593
-16.2908814254
55.0943021543
1.12002760403
-53.5840261575
6.02832292656
-7.93682537653
-22.0284925082
7.49010173725
-0.744939660312
-8.87728918548
-17.170689964
0.88890246018
-4.68275864196
-10.3297534559
15.8839138036
-6.99782406286
-30.086861602
-73.3423166656
-55.1858413493
-37.2557792781
-18.9706342189
25.9004687892
0.613245543921
-25.0158829884
20.5576952026
-7.52190755127
-35.8559006182
8.10556945149
0.414128716653
-7.18139890588
-14.9273466794
0.268384452512
-8.4473799013
-17.2809889819
9.27160581052
-8.56218536818
-26.5575437799
0.07106385044
-4.12540391617
-7.30021597134
-6.71574605999
-3.04457476053
-1.3188990189
-2.75249972938
-2.97944406761
-2.74157155412
-3.58092508773
8.98018146647
2.06122588392
-4.77144956118
-11.7394378012
-18.6186658134
-13.7971048488
-27.1590605187
-40.5234088748
-53.7286436035
-21.5421974011
-236.543805611
-166.544742495
-97.4185753985
-26.9234489611
42.6736903857
-0.890752828014
59.7669935134
120.435601659
180.381899816
-76.8920795253
7.33133221986
-4.15085305975
-15.4898542254
-27.0534104651
1.77962750119
1.6500345984
1.51868948666
38.451240101
-5.99426432712
-50.8424277916
57.6780037433
32.2030541148
7.04577991135
-18.6097033924
117.150452463
1.48285450397
-115.748670143
-13.024588202
-10.2314270057
-7.41296085191
8.23069827438
-2.62545759113
-13.3462359984
-24.2793263327
1.2528381156
-2.50003755711
-6.30365537821
31.8931038169
-7.60985827484
-47.4707018858
-20.9095104418
-21.1373699077
-21.362387941
-21.5918621818
73.5337675958
0.958464787519
-72.5981193382
9.25057784322
-9.7461193009
-28.9149191552
9.02727963696
-1.27439303322
-11.4476027116
-21.8222803869
0.786253231231
-6.17581575198
-13.2320179728
26.0844688225
-9.04081291424
-44.4843160836
-90.5155944342
-68.3817454705
-46.5239080389
-24.2332028238
34.901846713
0.494005324381
-34.379060054
28.9800106262
-9.31627533382
-47.9595107952
10.0037342104
0.381750618422
-9.12024577942
-18.8104176147
0.214310469741
-10.681608378
-21.7248495404
18.9642065712
-10.7948863432
-40.8235851002
-0.407123088152
-0.884430761777
-1.34488454731
-1.6469262615
-1.85666094244
-2.01504334993
-2.14196346797
-2.25027501404
-2.3460339283
-2.42545571814
11.3913275517
2.73521791286
-5.81294908629
-14.5304020962
-23.1368096953
-17.0845768465
-33.7936101891
-50.5056355691
-67.0186904564
-35.6214937028
-297.088488863
-208.590860044
-121.196806394
-32.0720202131
55.9174689406
-0.884390501707
79.0452449186
158.989193104
237.981342425
-104.478944049
8.24058961983
-5.54220422038
-19.1531251048
-33.0335936593
1.59280456176
1.44448837228
1.29416681871
49.5225453658
-7.70597733112
-65.4529682532
71.6045468185
39.6962682843
8.18588949447
-23.9485138753
146.215669008
1.2737250748
-145.627960205
-15.6706241705
-12.0556804257
-8.40798669221
9.47209898379
-3.55945075507
-16.4284956347
-29.552396236
1.11070916602
-3.38753412098
-7.94659757583
42.4970413534
-9.49612503605
-61.9603293526
-23.4658581529
-24.6084053812
-25.7367049199
-26.8873490533
91.9541225547
0.79706941314
-91.5925064977
12.4694932462
-11.5535380907
-35.7942087765
10.5628644205
-1.8032976858
-14.0152523898
-26.4690499468
0.683710386944
-7.66732547214
-16.131274611
36.2744520853
-11.0816844319
-58.8668491834
-107.671073985
-81.5639734849
-55.7824314011
-29.4903173538
43.8938956963
0.374888684244
-43.7325332139
37.393597244
-11.1087834511
-60.0505769083
11.8999317299
0.349406076538
-11.0570832509
-22.689464173
0.160292528719
-12.913521322
-26.1641045251
28.6467620147
-13.0252733686
-55.0748412342
-1.03823864552
-inf
-3.08356588419
-3.50797015464
-3.49353132477
-4.02615406499
-5.67915952256
-4.73870606367
-4.58561374315
-5.38371462679
13.7999747486
3.40851142302
-6.85336921144
-17.3184738628
-27.6502710169
-20.3686417401
-40.4212838766
-60.4775167808
-80.294963634
-49.6861983589
-357.570424195
-250.593401406
-144.950393862
-37.215255536
69.1475217722
-0.878034769254
98.3035165316
197.502827981
295.521089532
-132.037217816
-1.22858586843
9.57447352726
20.2428175835
31.1224351686
3.98832727573
4.0423157106
4.09703411614
-52.6171060614
2.96999329296
59.0606902135
94.0305766508
52.9192469763
12.3205801067
-29.0820937922
-99.5365095407
0.0945365520729
101.072681181
-32.0781119251
44.8444531839
122.463906906
-2.5614843426
8.61280279974
19.6477453518
30.9012214683
0.532499841452
-1.18072638812
-2.91711692878
-61.7422534522
-5.14554307759
51.9639115476
143.160062836
77.8908994779
13.4356497687
-52.2960574657
-47.5041623307
3.32052318549
54.8324027254
-48.2357864981
32.6357412629
114.239933707
-3.74205156258
7.76103729822
19.1206813752
30.7052893337
-2.52837588605
-5.80684938984
-9.12965071142
-69.8245268555
-12.3335895772
45.6781933006
186.674750601
100.008648836
14.4232828979
-72.8569967194
-1.41836908749
6.17782563224
13.8767275219
-62.5468696913
21.8223107043
106.95584316
-5.1891984774
6.71693765119
18.4746029521
30.4651144591
-6.2804171004
-11.4775808113
-16.745014703
-79.7318297369
-21.144743351
37.9731193204
240.015335602
127.120728695
15.6339299595
-98.0607287078
55.0738935977
9.68032540567
-36.3270033726
-80.0894877992
8.56713776153
98.0269579731
-7.24567040898
5.23321710015
17.5564915089
30.1238133215
42.531048993
-19.5359886207
-27.5668477438
-35.5991449291
-43.5358109691
27.0238036644
315.815114288
165.648421126
17.3543231523
-133.876558376
-283.181017664
14.6575619258
-107.669147275
-230.017761161
-350.909713544
85.338542181
2.80533017415
2.79070077595
2.77625380795
2.7615207354
2.72357676101
2.68860240318
2.65315516156
-7.04501948792
1.73045938291
10.5854406896
2.76316245896
1.63449162776
2.72458156503
2.66884767122
1.08242467543
1.32054352211
2.46239354843
-5.20034835992
1.12339031731
2.25136413175
2.37926223641
2.03287951631
1.69081622683
1.79081406352
1.73161797155
0.97849523295
0.215189618845
-11.2879696891
-0.129382322933
11.130297518
-2.09949441587
-1.55156945956
-1.01047718774
0.300990200691
-8.84459989543
-3.546811482
1.82260764591
-9.24693870976
0.00688672743858
9.34454823491
2.00188777727
1.36166640062
0.729428654984
0.93837929738
0.853025900889
-0.536171117825
-1.94415129042
-15.0460112959
-1.77667069097
0.411815280818
1.67941802724
-1.034790063
-3.7151516797
-0.814894063511
-4.72405277787
-5.96105227692
-7.21477708679
-14.4893324841
0.0293879174862
-7.6687823481
1.53929973058
0.538889033006
-0.44904643309
-1.45654675489
-0.223957927666
-2.39285890265
-4.59108530823
-19.6526429429
-3.79592740017
12.2044438369
-9.59143114737
-22.8913735224
-20.1859477298
-7.54267065502
-inf
-1.08406967058
-1.79089767988
-1.29266888744
0.0547735172552
-4.18483070511
0.881937769499
-0.630320910446
-2.12372155825
-3.64669718254
-5.15027270757
-5.03130996529
-8.35251785985
-11.6743204734
-14.9565742777
13.0450800864
12.8942549552
0.498877823545
-11.7419275913
-24.2251472123
-36.5493520099
-13.1258959263
-34.0354027451
-54.9486537678
-75.6129152295
30.5128246719
2.75952163792
2.72149031289
2.68605470263
2.64532407455
2.59939262802
2.55207010636
2.4893053564
0.96848888592
2.36516688502
-1.53257387015
-8.1700671979
-20.6003490117
-8.33444187809
-6.27519808653
-6.78553797575
-2.89268084476
0.877699584914
-3.99713506801
0.482143638348
0.83450362585
2.92509451399
1.30595809772
-0.292987509264
-0.848521352035
1.8640913477
1.21703668339
0.561233276339
-5.71399899875
0.424781386056
6.61917674083
-18.1471410026
-10.3280292644
-2.60642270987
-0.0295934577306
-4.57365891988
-4.30548486517
-4.03368486361
-4.93961971494
-3.59780776579
-2.24383952066
2.63645331144
0.654691627429
-1.30235727032
-0.256090052196
1.22658852128
0.0461105838525
-1.15032844366
-8.99431821021
-0.610388027465
-8.46172486637
-18.7580648723
-12.1976314487
-5.71900735187
-0.597344311714
-5.08925039099
-7.30210291985
-9.54487514261
-9.18014396998
-2.37819977995
-5.34856722844
2.28263506317
-0.143635013576
-2.53964923548
-4.98311359368
0.445133443736
-1.38921818332
-3.24837184237
-13.015354663
-1.87930537307
9.35763220538
-0.618576764804
-0.869011773682
-1.19421154415
-10.5628278684
0.291096804546
0.22431472794
-6.10213101319
-1.60182427212
-3.20894779646
-7.81221470263
1.77984071035
-1.27809918764
-4.29790623861
-7.37751688125
-10.4178985624
-3.4288959051
-6.22980193526
-9.03120951544
-11.79926402
11.5007712646
-20.5711292597
-17.746128254
-14.9563553217
-12.1113343426
-9.30255405472
-16.1952919854
-25.900665648
-35.6077772234
-45.199317602
24.4559169193
2.6948067721
2.62489898108
2.54095268449
-10.9848593877
0.00415529464724
-4.59554493484
-9.06748515795
2.07765105403
-4.66511465801
1.91527596888
1.48940099542
0.323003593754
0.800950392728
-0.391950415243
-27.9976140537
-14.333421222
2.08639299287
0.363416873993
-7.50841756745
0.286044726407
3.44660924845
0.611421980746
-2.18841018975
-3.37027091679
1.99066286138
1.44495079968
0.891860235508
-0.388356005635
0.954256375747
2.3090323047
-33.4798439084
-18.713486286
-4.13126676799
-0.345449181041
-0.49299396055
-5.0303583551
-9.62907186895
-0.824197424762
-7.04190839649
-13.3159494187
3.24274811967
-0.0207864933417
-3.24362447062
-1.39734422726
1.5835084375
0.602450872818
-0.391871444781
-3.21223598042
0.503935215323
-16.9399371739
-38.2850311316
-22.8631536252
-7.63358862841
-0.389486686392
-5.43817797196
-8.58340799961
-11.7711642772
-4.10748676022
-4.67852629106
-3.1317207323
-1.68702892154
-1.20396516874
-7.15336582031
0.351463211816
0.295637994421
-2.09712420687
-1.04592694903
-1.35011322366
-6.04232413955
-0.00636570839848
-6.22829052751
-1.24076897825
-1.07302115458
-7.63132711498
-9.28412837132
0.0353157961302
-19.7570399219
-0.139253659103
-3.83193521161
-0.286200405988
2.63774089876
-1.89701809386
-6.37522814285
-10.9421236743
-15.4508447837
-1.89787149077
-4.20165578628
-6.50585261368
-8.78261607091
10.0252634242
-52.5455867617
-35.1782954063
-18.0275760851
-0.53720770768
16.730363353
-19.1279424285
-18.1283417467
-17.1285620694
-16.1406855966
18.6688523429
4.08886907615
0.632193723073
-2.78137650798
-6.26254832973
2.32114982157
2.25786867598
2.19373191418
7.45541764185
1.33605603463
-4.83874461597
-38.3108782296
-19.6525751941
-1.22694325057
17.5635858372
13.8798610163
-1.11238514392
-16.3073395326
5.81976549164
-14.2933237534
-34.5886297881
3.95134265954
-0.0607653234236
-4.02284187835
-8.06338252203
2.11316155149
1.66553108581
1.21184826628
4.76591822001
1.46669389663
-1.86242011984
-48.3191704458
-26.8291157138
-5.60704432895
16.035304269
3.4563631876
-5.73190683494
-15.0444102725
3.15879863136
-10.3751846101
-24.031780492
3.82953354768
-0.674529050321
-5.12242549211
-2.50187507679
1.92894336942
1.14088922023
0.342179892425
2.38379016066
1.58240171726
0.773753005297
-57.1836578374
-33.1854801741
-9.48656242694
-0.188317512606
-5.77587774635
-9.82348318984
-13.925815785
0.801942269396
-6.90483279754
-14.6814282583
0.400754268879
0.3080983021
0.181785566039
0.0740162861615
-0.0540664823162
-1.71930445995
-3.68174733806
-1.88076315685
-7.66770896682
-11.6587316514
-6.06280094943
-0.901043534838
-1.34381485678
-1.63121681756
-14.4266054476
-0.361463901119
-19.6000101822
-0.610878145243
-0.70567813616
-0.792167347574
3.46803553831
-2.49602140111
-8.38570589422
-14.3920283978
-20.3218406468
-0.416112445371
-2.23877141062
-4.06175675406
-5.8630379483
8.59723453797
-83.4911688058
-52.0495295401
-20.9999709758
10.6644861865
41.9255924336
-21.9662259205
-10.6061160156
0.756028110864
11.9828965083
13.0680041773
4.52042021464
-0.0935389950123
-4.64996162561
-9.29661864333
2.18584593355
2.11304748664
2.03926474131
12.3307510986
1.20344983647
-10.0246604605
-49.0513745984
-25.5423199699
-2.32642583943
21.3492307293
23.0844456056
-1.21033584354
-25.8336039022
8.89546097306
-19.0927955367
-47.3346147979
4.47990715832
-0.764690083927
-5.94388662146
-11.225650823
2.24144404145
1.89652611372
1.54694459512
10.1635525213
2.00332625627
-6.23082849454
-63.8591387168
-35.327926188
-7.15250101894
21.5809040453
7.59219001356
-6.46657906483
-20.7154349484
7.32985263298
-13.8658421186
-35.253561646
4.44402416558
-1.35913819125
-7.08993447493
-12.9342221821
2.29068807989
1.70475004056
1.1108896085
8.2440337813
2.7117882281
-2.87057732469
-76.9745869359
-43.9951774097
-11.4270247494
21.786100411
-6.12952208228
-11.1221087751
-16.1821995893
5.94317096034
-9.23625480545
-24.5532002828
0.366296736559
0.161997487941
-0.0868325840247
-0.328821092075
-0.519056047196
-0.671950660264
-24.8432317592
-0.925235077657
-2.91147711857
-8.66971876748
0.29496723308
0.0366217338745
-0.265301691255
-0.537624915656
-0.749280978185
-0.908750768336
-1.04967388102
-1.17361352278
-2.40563611912
-2.62368245021
4.33753270325
-3.12330676783
-10.4911087497
-18.0048210543
-25.4228215417
1.13560814603
-0.183209061464
-1.50226242568
-2.80561136795
7.10178098586
-115.897852618
-69.7173423259
-24.1127080784
22.3950702704
68.3104192317
-24.9385195282
-2.72872691074
19.485042749
41.4343390971
7.20271085936
4.95155044222
-0.818563873874
-6.51672422951
-12.3277296939
2.05067401339
1.9683675478
1.8849482271
17.2013294271
1.07097297501
-15.2055182519
-59.781395286
-31.426320217
-3.42483605428
25.1311833144
32.2800525565
-1.3081910075
-35.3505768847
11.9681565926
-23.8875861828
-60.0681680846
5.00795612477
-1.46792827547
-7.86305768465
-14.3848348238
2.36960141183
2.12729584195
1.88171408969
15.555922271
2.53943521464
-10.5949761673
-79.3839501692
-43.8184473964
-8.69645035665
27.1210949529
11.7239829847
-7.20053473639
-26.380928423
11.4968384211
-17.3530950344
-46.4643977004
5.0579154436
-2.0430796026
-9.0555244592
-16.2068422245
2.65207996473
2.26806090249
1.87884956799
14.0985616471
3.84007319831
-6.51135317809
-96.7462130658
-54.7943314695
-13.365594453
28.8835881184
-6.48282149325
-12.4194677534
-18.4363826427
11.0793851835
-11.5654028744
-34.4153439315
0.206588221945
-0.145618525782
-0.537854275908
-8.12661826382
-7.71424608979
-1.21104443928
-1.35812667411
-1.47350529141
-1.57967984408
-1.6749396635
0.101549099611
-0.306015055015
-0.738940130025
-2.12894935815
-3.21204591703
-1.44769526466
-3.09496702266
-2.9172363011
-3.49985465198
-4.86223673793
5.20618180915
-3.74998031538
-12.5944581127
-21.6140899943
-30.5188272243
2.68581527569
1.87034840681
1.05473551466
0.248833168995
5.60778601575
-148.272928759
-87.3679229124
-27.2224091907
34.1142129967
94.6695117411
-27.9079141265
5.14097902804
38.1957901507
70.8570563911
1.34313822142
5.38223385062
-1.54283734401
-8.38155213882
-15.3556993305
1.91564218409
1.82383755385
1.73079164503
22.0668599355
0.938633411275
-20.3810066527
-70.5002954845
-37.3042223435
-4.52210788746
28.9092163207
41.4661292698
-1.40594475532
-44.857686569
15.0376677003
-28.6774075545
-72.7885244406
5.5354578264
-2.1704376378
-9.78023973762
-17.540744677
2.49762596115
2.35782640269
2.21613663242
20.9427034212
3.07498855489
-14.9546008799
-94.8926718581
-52.3001691112
-10.2387995603
32.6555440605
15.8514938057
-7.93372974343
-32.0405502353
15.6595055857
-20.8367337952
-57.6636149534
5.67117049066
-2.72631218373
-11.0190773251
-19.4760705553
3.01309730654
2.83078795452
2.64601362125
19.9470219372
4.96718882496
-10.1483557668
-116.497348075
-65.5822933911
-15.3021550419
35.9737200586
-6.83575474814
-13.7154821615
-20.6882294826
16.2102762842
-13.8921370368
-44.2672665504
-0.0959098741332
-25.4718995487
-3.56026000083
-10.6087335417
-9.85312754029
-4.92298815119
-3.05229046586
-4.40898239423
-3.94354146659
-4.38730780036
-3.32607739377
-0.776153081171
-1.25277815953
-1.56133727173
-1.78164692947
-1.96163988415
-2.10444830542
-2.22040511608
-2.32354549824
-2.4110314287
6.07393065557
-4.37600438456
-14.6956275848
-25.2196183231
-35.6095514561
4.23441578577
3.92177758809
3.60908340721
3.30011210934
4.1153394075
-180.614451685
-105.000210609
-30.3288874391
45.8212101176
121.001285943
-30.8742312731
13.0025288801
56.8871459158
100.249280267
-4.51036161244
3.25897956274
3.33446209359
3.40900334899
3.48502080294
3.5161918727
3.48508989783
3.45356739717
15.1833928214
-12.62815266
-40.6916599594
330.223526182
181.160094999
33.9555012057
-116.164299841
100.85087271
-4.29470586919
-110.861944268
-89.1012036627
73.7430194095
238.062548
4.45994148361
6.44863125635
8.41252184879
10.4153048966
-2.22733255987
-12.5966393603
-23.1061482219
-3.21530744636
-29.7484087261
-56.5218896153
270.547059066
127.111184746
-14.5360284374
-158.988391737
95.7827048328
3.36662189218
-90.2990069974
-59.5319898652
49.0818581386
158.67970549
5.52365061352
9.20689537193
12.8442096629
16.5535565225
-7.31445420014
-26.8404567033
-46.6304677703
-19.511299112
-44.912064099
-70.5429501676
217.69075962
79.2392928078
-57.4856689783
-196.918301701
91.2937561414
10.152369338
-72.0861197008
-33.3421147875
27.2391152986
88.3691878389
6.82755212761
12.5879933201
18.276601177
24.0778649671
-13.5502807269
-44.3006198979
-75.4667304424
-39.4870308313
-63.4997706851
-87.7300566511
152.899166751
20.5576188189
-110.133615448
-243.413030044
85.7911738746
18.470382336
-49.7606449502
-1.23839695026
0.464140204537
2.18210168579
8.68046480553
17.3927114569
25.9963154338
34.7703032831
43.4325255648
-69.1124307534
-116.444577398
-163.78519967
-210.562192656
-112.153839549
60.8269032003
-62.8321284285
-184.949118326
-309.484486112
-432.43348675
30.2907165964
-18.0349703045
-66.3693107441
-114.12819086
-120.2942839
2.80532001718
2.79874846147
2.78722116211
2.76468817807
2.7365331585
2.70287378067
-4.97746361625
2.63024434295
0.925221012654
2.54073642722
0.909533404506
0.867744043766
2.72209175209
2.67751451743
0.696285807442
-4.16711856236
0.290004951643
-6.81759010448
1.10360772586
-0.724096074309
2.71408578342
2.03685794736
1.36807521693
1.59333780553
1.50212807222
0.0343753829387
-1.45322260133
-1.62654864335
-2.04872042216
-2.47471691358
3.97149994612
0.737055060543
-2.4570559414
0.173308499059
0.571000958355
-8.85636768641
-18.4112025678
-11.7036667291
0.753001002438
13.3225213135
2.62876002006
1.36204063486
0.111117379774
0.555856046994
0.408797852944
-2.32915176934
-5.10412085566
-5.39685100265
-4.68278283585
-0.276621051176
8.38370295818
0.621301961117
-7.04430104135
-2.04470254578
0.460034377736
-13.0097026248
-26.6615622058
-16.0313345966
0.442463618836
-0.269887731104
-1.06062476988
0.534845219532
-1.42966964642
-0.715895786049
-0.931413383588
-5.22637860116
-5.90646656723
-10.0185119592
-7.9116335365
-1.89873596298
0.493454758502
0.479411065046
-12.66737568
-4.7635547943
0.324010827299
-18.1008873881
-28.1325155104
-21.3362177891
0.0618048905496
-0.00837383653167
2.37553517396
-0.640643002244
-3.6192091047
-6.65676207218
-9.65562182086
-9.3434904148
-15.9390447072
-22.5357800462
-29.0539757915
-8.37684641988
21.4779828649
0.277776633788
-20.6580606928
-42.0085067165
-63.0869846499
-25.3357288938
-51.1465004861
-76.9618939375
-102.469933765
28.1737267851
2.76357085639
2.73956514023
2.71852935981
2.68500761894
2.65039984142
2.61645793279
2.55301820433
1.24342688224
2.42253901961
-1.13191035669
-7.1750676817
-19.050173821
-0.728440013882
-1.24041901204
-10.3683590604
-4.15302326944
0.773875779239
2.27274704951
-6.92127978597
-4.6067817621
2.52121120912
1.54946434502
0.589835271239
1.94438934761
1.91414272595
1.42979517126
0.938898815685
-1.45102945367
1.01142114012
3.49618058146
-25.4786129575
-13.2242113047
-1.12262338899
-1.2122348112
-9.94757560625
-10.2067106222
-10.4693493693
-6.41980079255
-4.58616176201
-2.73591067286
2.30894504864
0.495375069255
-1.29557949292
1.28841316443
1.26202928083
0.378751011043
-0.516469950412
-3.83754792262
-0.238426124577
-5.72005427951
-14.7396338945
-8.06407307604
-1.47175723551
-1.18727166188
-9.57488168972
-15.5685479918
-21.6432538836
-14.1189145955
-2.51791436937
-1.71371424287
-2.17103834041
-0.796734365549
-3.6067330748
0.484313326983
0.462664412609
-0.909625701478
-0.955514716281
-6.76295765875
-1.77049696517
-8.36171290174
-2.16497624167
-1.73874234409
-1.89972775706
-1.1566716724
-9.11803108236
-22.1411228319
0.162510180026
-23.5565379669
0.0173566280712
-0.048008701489
1.6789938627
-2.63288987817
-6.89100395431
-11.2334447809
-15.5205703537
-2.74047681927
-4.83562886915
-6.93115609175
-9.00173432852
3.08798619472
17.130884615
7.24988553815
-2.50789639294
-12.4589192816
-22.2831831935
-31.4810976047
-54.8045188937
-78.1321166391
-101.181980028
44.5758294074
-6.52579411421
-3.97093538923
-22.3262507227
0.304282847383
1.35558110812
-2.48067815757
-18.3049825628
2.16974840499
2.07166024688
1.99842934949
2.68767136655
2.61901555376
2.53851071989
1.17055113027
-inf
-20.7570664778
2.13512211533
-0.911902540705
-2.10881100121
-0.0525658848962
2.3369294498
1.08378476624
-0.153733065228
2.27980108354
2.30780158705
2.76304717974
3.22444808942
-1.28332987385
3.93522938641
9.20106677008
-53.616684746
-26.5634849615
0.152358444847
-2.53605035166
-19.9975358035
-11.496894011
-2.8813161361
-1.37133800635
-9.68745782997
-18.0789184746
2.00337825321
-0.332679409899
-2.6396061769
1.98833390249
2.0772481307
2.96601317468
3.8667950963
-2.3477138378
4.00792867224
-10.9209754256
-36.8327957944
-16.3625032758
3.85252244266
-0.368040447262
-19.1627290987
-18.013393445
-16.8485177721
-12.2916954111
-5.34640363953
-3.09321639184
-2.1047842185
-1.98053329671
-7.90861984486
-0.917513652142
0.358791979574
-9.50132539998
-3.35583785542
-1.61508064346
-19.8496110303
-1.57946686899
-6.38132198306
-2.02439199452
-0.785787699655
-0.950375156782
-18.3379565713
0.0966819292334
-5.37276820323
-0.0767033604918
-3.22252975887
-0.225427813516
1.01348437946
-4.53637954554
-10.0170360567
-15.6062302785
-21.1242277452
3.56836386935
5.77311524572
7.97826142044
10.157153505
14.0420454952
12.9774552877
13.911377856
14.8336543071
15.7741953174
16.7027554471
-37.352682088
-58.2995677885
-79.2502043862
-99.9514063167
60.2471968679
2.66769600446
2.62829144652
2.58937826776
2.549694461
2.48845603459
2.45398292485
2.41904370864
-1.36400200341
5.23772582894
11.8992627556
-106.404166896
-56.4989050736
-7.21596735784
43.0429587683
-31.1715833168
-4.12652196343
23.2842121796
19.3639709107
-22.009295401
-63.757387463
2.15857751681
0.63308984482
-0.873374828036
-2.40967319445
2.68879327651
4.0533977482
5.43645286111
-1.12102653827
6.76495520621
14.7223808875
-80.8493284598
-39.4735269013
1.38631385883
43.0553338782
-29.7241079528
-12.7455618236
4.46254903994
3.5146751289
-14.6246041754
-32.9282183167
1.70764399917
-1.13408871669
-3.94038471288
2.66573256118
2.86623483364
5.47002230602
8.1090152533
-0.905819697726
8.11764408322
17.2228569472
-58.215042988
-24.3939062344
9.00547722217
0.424829510379
-28.4420583446
-20.3795685569
-12.2080668837
-10.5232725635
-8.08387766126
-5.62238278706
1.154886784
-3.30030759854
-7.69994521689
-12.1867122866
3.08374383916
7.20652982851
11.385059476
-0.642017764151
9.77577883568
20.2879566332
-24.9492483325
-7.80761821508
-12.662292236
-1.20250580217
-2.91095278447
-0.212425199977
-0.340637336847
-2.11824165528
-6.10079831706
-0.647966412001
0.369389688765
-6.37861864117
-13.0424785647
-19.8383080979
-26.5475704101
9.67419841311
16.0404907398
22.4079230597
28.6995458283
24.6436246081
8.95767518648
20.3585163898
31.6171878489
43.0988235501
54.4342028906
-43.0353304752
-61.6821528508
-80.332314258
-98.7604300591
75.4142903975
2.61970893256
2.57098043028
2.52285957778
2.47378575055
2.40504760412
2.37030090164
2.33508439347
-2.70694654175
6.6876751529
16.1674084773
-141.839761557
-75.7867059339
-10.5573391827
55.9638155364
-41.8861905488
-4.11287258477
34.1711735441
28.1667290087
-29.7803100877
-88.2523268891
1.97180466206
0.161115273665
-1.62699461882
-3.45051584456
3.08777356384
5.40467247362
7.752897875
-0.951060018645
9.7282870895
20.5043849415
-109.367766825
-52.9931190213
2.67853072142
59.4526895161
-39.9099221272
-14.0531857337
12.1531562608
8.6313823394
-19.7948588607
-48.4786307837
1.39794659391
-1.97333672219
-5.30257976437
-8.69775440023
3.69247369959
8.09225872308
12.5515326729
0.604153758966
12.4214005191
24.3457069526
-80.6068572061
-32.8045134701
14.4017297794
62.5428350409
-38.1595129537
-22.8574630941
-7.34851619016
-8.67135328195
-10.9506020596
-13.2504999475
0.694507671656
-4.58976174937
-9.80813574925
-15.1298532749
4.43371902729
11.3867192869
18.4337301672
2.5105448412
15.7226363359
29.0544242566
-1.24333557094
0.186260323667
-0.0332973214712
-0.27637834217
-inf
-2.85575805866
-4.61352614558
-2.35725038489
-3.00047156063
-9.05207208922
-0.305116059967
-8.30783941958
-16.2107679383
-24.2702043074
-32.22697727
16.0683211408
26.7926423958
37.5188840234
48.1174208676
35.7457593728
4.74810037382
27.1100578429
49.1931592418
71.7135895019
93.9471480777
-48.9862862284
-65.2244473349
-81.4655161612
-97.5132216222
91.297501244
2.57176866458
2.513725312
2.45640576642
2.39795107722
2.32172052558
2.28670049721
2.25120696754
-4.04858124689
8.13621027714
20.4313912877
-177.240794315
-95.0556945488
-13.8954520199
68.8720700212
-52.5903473504
-4.09923651896
45.0475163737
36.9609013873
-37.5437453599
-112.723375317
1.78521397515
-0.310398959812
-2.37987937088
-4.49034331479
3.48636470805
6.75462924102
10.0670835576
-0.781259274882
12.6887287041
26.2807495512
-137.858389897
-66.499524885
3.96948722773
75.8340520876
-50.0858016265
-15.3595342603
19.8362624922
13.743098999
-24.9600707678
-64.0138762456
1.08855125023
-2.81176617199
-6.66344620677
-10.591404062
4.51790669823
10.711937557
16.9897171088
2.11265447175
16.7209593109
31.4616097274
-102.976831697
-41.2069174686
19.7927191328
82.0003790607
-47.8674896995
-25.3329408312
-2.49370523134
-6.82124025915
-13.8145304149
-20.8711770678
0.234577587424
-5.87795823853
-11.9142700701
-18.0701236876
5.78237752491
15.5628316217
25.475525978
5.66003261278
21.663693603
37.8123415564
-2.94093620876
-0.0379261649552
-0.385334696959
-1.9566399099
-0.904135193643
-1.09340191156
-1.24206260966
-2.72767114286
-2.63152777442
-4.8462998134
-0.978963933406
-10.2351785436
-19.3759671391
-28.6977778925
-37.9008447533
22.4562073978
37.5343070027
52.6151065985
67.5163567944
46.8370657343
0.542631345684
33.855014219
66.7519880123
100.300446207
133.421554542
-54.9314377512
-68.7632868626
-82.5976128024
-96.2672296429
107.165220492
2.52387808142
2.45652953237
2.39002082715
2.32219499821
2.23847980642
2.20318673542
2.16741647135
-5.38882549486
9.58324415367
24.6909549478
-212.605137787
-114.304712971
-17.2301052694
81.7669465167
-63.2834104681
-4.08561458544
55.9125870673
45.7459595712
-45.2991346834
-137.169062189
1.59881666901
-0.781424520525
-3.13198384051
-5.52909311795
3.88454275627
8.10318692636
12.3788708407
-0.611634510958
15.6461021458
32.0511275928
-166.319485563
-79.9919328411
5.25910579928
92.1984371744
-60.2511349432
-16.6645289
27.5114060271
18.8495179252
-30.1199294997
-79.5330211302
0.779476560873
-3.64932668166
-8.02290226043
-12.4830911637
5.34248422614
13.3289013812
21.4233018535
3.61959178907
21.0160620818
38.5701376498
-125.323622165
-49.6006132972
25.1781213172
101.437757471
-57.5654051926
-27.8058530072
2.35607424863
-4.9730446755
-16.6754906226
-28.4839561924
-0.224875829744
-7.16481965338
-14.0182216139
-21.0073468327
7.12963828598
19.7346158742
32.5100237402
8.80625628588
27.5985936161
46.5611822358
0.0847935469202
-22.6602730331
-2.16170742742
-1.10678014682
-1.33718404711
-1.51791108453
-1.66807056294
-1.79729171085
-1.90667458524
-2.00887906171
-1.65211343746
-12.1605201921
-22.5378859583
-33.1207627833
-43.5688318954
28.8374733117
48.2648390528
67.6956835953
86.8951878527
57.9168771738
-3.65847917526
40.5929801879
84.2926189835
128.857675771
172.855050115
-60.8704277769
-72.2984587713
-83.7285361497
-95.0225289975
123.016494591
7.7465449939
-2.90554934007
-13.4248108856
-24.1523935627
3.04405646967
2.92786408506
2.81010067819
82.9838917041
-28.2262986129
-140.444010132
566.416475713
309.400943022
55.5904223047
-203.24650589
301.238254961
-8.68394829045
-322.796569717
-146.1242954
102.641585635
353.661189093
11.4813673098
4.28445971296
-2.82270165424
-10.070611675
-4.98716496118
-24.0125523326
-43.2951795151
55.3116385595
-54.3512743747
-165.007690778
397.934055295
176.331470014
-42.5077066434
-265.680726007
239.069571996
3.41272059887
-235.43041672
-70.8281932324
65.5279750142
203.119477273
14.7893527896
10.6527534456
6.56773795066
2.40182371131
-12.1005325142
-47.8740640168
-84.1312848291
30.8019286314
-77.4905386208
-186.764093636
248.706768639
58.469936779
-129.394620855
-320.979606683
184.00588137
14.1269130437
-158.048966924
-4.13735988365
32.655919893
69.7825325177
18.8443027326
18.4590489889
18.0785994018
17.6906154751
-20.8201443534
-77.1236589845
-134.188446182
0.757768074347
-105.854798019
-213.433232623
65.7829978998
-86.0054910576
-235.901160855
-388.765331381
116.508454151
27.2604392664
-63.1942865277
77.6126938987
-7.63885735246
-93.6627546015
24.60660002
29.5522058136
34.4361393587
39.4167932448
44.3340021365
-118.688872886
-205.322307051
-291.971254411
-377.588574343
-251.331482762
-194.161307888
-291.312677983
-387.252559804
-485.092413848
-581.685955837
45.923871267
71.5992066665
97.2791396728
122.653331824
-325.927109981
2.81551247124
2.80679614699
2.79818851626
2.78941042192
2.74948955599
2.71714515816
2.68436343589
12.3055081738
0.119982642396
-12.1759390254
2.76676003739
2.75490688571
2.73193918181
2.67931510754
2.61837832189
1.15152249791
2.48324662313
0.774621159253
2.35983713837
2.27070479865
3.04890933042
2.04083637841
1.04533420703
0.0301173305853
1.27263817289
-0.909744467073
-3.1216348215
8.0348724024
-3.96805852138
-16.0797313452
10.0424943081
3.02567958064
-3.90363469506
-10.9701755798
9.98660181214
-14.1659238908
-38.6450127816
-14.1603947485
1.49911527744
17.3004943922
3.25563226285
1.36241486909
-0.507193895437
0.173332796609
-0.0354301950004
-4.12213242085
-8.2640904209
4.25230929057
-7.58889498073
-19.5373759713
15.0879878891
2.27739398524
-10.373450403
-3.27451102806
5.64412153335
-20.0583529728
-46.1083473248
-17.5733367092
0.855539320186
19.4513738206
3.5090345671
0.530801406059
-2.41029285975
-5.40963190662
-1.63886883951
-8.05989829967
-14.5677456718
-0.38438097555
-12.0273396728
-23.7757790613
-27.4955915784
0.468857079777
0.436324126824
-10.0255434673
-6.75948798901
0.272218895403
0.207129090614
-0.956060888001
0.0572855864261
-9.1411793033
3.86913257842
-0.650965094041
-5.11469665114
-9.66682696183
-14.1609709342
-13.6556708643
-23.5255715546
-33.397239619
-43.1513773054
-29.7987729261
30.0617107746
0.0566754440302
-29.5741937943
-59.7918662207
-89.6246172898
-37.5455618612
-68.2575982272
-98.9751341072
-129.326952301
25.8346288983
2.27075336052
3.43787132918
4.59043520834
5.76582420793
2.7169470795
2.693865844
2.67047253009
4.49726655674
3.25155699274
1.99456178311
-2.07040179415
-4.06214136822
-6.39394146781
2.6091020344
-13.0902702042
-12.5302854535
0.345693939284
-20.1367802292
-1.82102231808
2.13611158353
2.11732790425
1.79297059231
1.47265805174
1.14600211239
1.96419410421
1.64255365912
1.31656435503
2.81194009141
1.59806089418
0.373184422102
-32.8100849125
-16.1203933451
0.361175931892
17.1691425656
-15.3214922926
-16.1079363792
-16.905013875
-7.89998187016
-5.57451575824
-3.22798182505
1.98143678583
0.33605851108
-1.28880171553
2.83291638105
1.29747004037
0.711391438234
0.117388542834
1.31922236498
0.13353577831
-1.06289266908
-10.7212029168
-3.93051470334
2.77549288084
-1.77719901205
-14.0605129885
-23.8349930637
-33.7416326245
-19.0576852211
-2.65762895879
13.8910054541
1.81486057616
-1.44983371752
-4.67381691412
-7.96164716167
0.480195381482
-0.430033219632
-1.35256890437
-0.510560654525
-1.66168855727
-2.82324523246
-8.49992735311
-17.2888907254
-7.32474784043
0.372614529919
0.311515303264
0.244613941925
-7.61021817411
-1.17426502784
-1.10292615564
-3.03725047607
1.57814701504
-3.98768056869
-9.48410167001
-15.0893726805
-20.6232421451
-2.05205773344
-3.44145580304
-4.83110266806
-6.2042046371
-5.32479887516
54.8328984897
32.2458993303
9.9405625358
-12.8065042206
-35.2638123323
-46.7669032241
-83.7083721393
-120.656456055
-157.164642453
64.6957418954
1.75026398193
4.04083128517
6.30283496209
8.60963486009
2.68585441297
2.67162365379
2.65720048234
-2.963107666
6.24361560281
15.5337482145
2.7081146991
1.32983896385
1.38301812096
-10.2211702283
-9.2797886173
2.31259510708
2.20401501255
-inf
2.01760039347
1.92711836392
1.22724965116
1.55614755173
1.8809440593
2.21217276514
2.62494031271
4.08114355979
5.55703594334
-2.17830374207
6.91620239708
16.0931012354
-73.7535255836
-34.413483637
4.43598365769
44.0548172196
-39.5020776465
-17.9634296669
3.86643959675
-1.91847858794
-12.3330072635
-22.8418875305
0.764008386757
-0.644572326456
-2.03558788318
5.37401203224
2.5709878239
5.32957547654
8.12546163737
-1.48319169517
7.51192212915
16.5885281969
-35.3805604572
-9.86185292628
15.3386335137
-0.346594208133
-32.8872802254
-27.4433788904
-21.9258712669
-20.475904062
-6.014280988
8.57835878349
0.196164256202
-3.34222895133
-6.83649800621
-10.3999667935
2.50485251504
6.8599113745
11.2738544236
-0.631118863482
8.24215922008
17.1958257625
0.446915940995
-inf
-24.4689875139
-1.53189455409
-10.2947678897
-9.02401485453
0.0631457578489
-1.10480832077
-0.114262040981
-1.71207701136
-0.610772139849
-7.17574099721
-13.6588439705
-20.2703368828
-26.7976107067
9.03459922948
15.7478862777
22.4623754546
29.0969230809
18.0588275662
78.500497337
63.0010511183
47.6948846994
32.0855983424
16.6751475411
-55.5774217474
-98.4707938302
-141.371846703
-183.762127037
101.825541393
1.24652293277
4.62438916997
7.9601330435
11.3619372517
2.6557622476
2.65009717372
2.6443555031
-10.1834216487
9.13939562325
28.6372701272
-174.497455562
-93.3452349531
-13.2049914651
68.5223316995
-76.2230276498
-7.14065878293
62.8757638917
32.9081763297
-29.7252670486
-92.9261451378
0.365812374075
1.32694501306
2.27609222228
3.24403613313
3.26442500152
6.44126441059
9.66105745595
-7.00797129656
12.0632165158
31.3071818948
-113.379486474
-52.1179380889
8.37967204662
70.0753634875
-62.9045790931
-19.7592168123
23.9695083524
3.87055162644
-18.8740237406
-41.8246561413
-0.414245549343
-1.59364838306
-2.75834393366
-3.94610485763
3.80352629786
9.79915539182
15.8758506142
-4.19542955611
14.6528864492
33.671960889
-59.2464281386
-15.6023322948
27.4975168713
71.4509059282
-51.1082389429
-30.935653924
-10.4903179825
-21.8484873965
-9.26292252499
3.43666268415
-1.3704455845
-5.17373061056
-8.92958825385
-12.7598260721
4.46436014497
13.9152798204
23.493984163
-0.747797745247
17.8273205611
36.5707222367
-24.939964633
0.365781992369
0.284402275126
0.162053599651
0.0359694767515
-0.0985959609261
-0.237992322846
-2.69645411106
-5.38736881774
-0.545944514872
-2.72925616078
-10.2612158812
-17.6992512352
-25.284587798
-32.7733001733
19.7645092716
34.3197528902
48.8776028736
63.2621296049
40.6900146782
101.406519179
92.7665623198
84.2343466736
75.5331609137
66.9428133476
-64.1044350298
-112.758189686
-161.420656627
-209.503756626
137.760576618
0.718997650482
5.23549985557
9.69568078117
14.2441901444
2.62424927469
2.62755431664
2.63090404564
-17.7446441822
12.1719004693
42.3594774152
-234.628148516
-126.031091898
-18.7882525261
90.5784003435
-106.856826703
-7.01540932601
94.1759509904
47.4379970443
-40.4678246386
-129.17003898
-0.536297834192
1.08692063126
2.68989738383
4.32461913386
3.93410308623
8.91281883351
13.9588511549
-12.0656725586
17.4532479227
47.2395983776
-154.876394934
-70.6583118546
12.5095624618
97.3244749868
-87.4120342679
-21.6397924025
45.0217474699
9.93291204582
-25.7238756027
-61.7036999214
-1.64813097776
-2.58753525313
-3.51522505382
-4.46128661837
5.0942593193
14.4797674056
23.9921757374
-7.03572626337
22.13101281
51.56199123
-84.2391274764
-21.6138495305
40.2304843081
103.299569671
-70.1895038252
-34.5928174132
1.48516720896
-23.2858775242
-12.6649493138
-1.94779961209
-3.01102321826
-7.09170698238
-11.1215041709
-15.2311065727
6.51638631468
21.3037688811
36.2910897417
-0.86998564346
27.865047188
56.8604082748
0.390290632253
-1.80318476219
-7.00724636413
-6.09644746621
-11.0876010635
-1.91152111039
-2.87758210602
-0.753728907931
-0.862660151523
-3.20061173888
-4.94776482319
-13.4923720713
-21.9304271268
-30.5355875605
-39.0311329984
31.0010341357
53.7684938531
76.5400304726
99.0404531031
64.3897377597
125.394053366
123.937458012
122.499026562
121.032108733
119.583876924
-73.0340529286
-127.720167759
-182.416075071
-236.460782341
175.392291629
0.191986886934
5.84601449788
11.4295357624
17.1236318484
2.59276703778
2.60503344661
2.61746570797
-25.2984919208
15.2014475793
56.0683008273
-294.700193344
-158.685068881
-24.3660679855
112.612956728
-137.460747257
-6.89028203043
125.445609632
61.9536461819
-51.199904537
-165.37858255
-1.43752817447
0.847130355849
3.10329894289
5.40414819418
4.60312800427
11.3819626401
18.2524530255
-17.1184408208
22.8380221936
63.1564752697
-196.332829624
-89.1806023737
16.6354248121
124.547009222
-111.895586238
-23.5185337842
66.0534534074
15.9893595769
-32.5670465013
-81.5633547908
-2.88081294314
-3.58045274138
-4.27136795434
-4.97596589955
6.38373343174
19.1558142114
32.1005846496
-9.8732527036
29.6018454234
69.4345726329
-109.207450329
-27.6195034676
52.9510327186
135.117170003
-89.2521579057
-38.246413909
13.44897218
-24.7218657018
-16.0636579554
-7.32701020406
-4.65000072409
-9.00781266701
-13.3112822155
-17.6999767241
8.5664110525
28.6850516215
49.0757137372
-0.992054366412
37.8929835761
77.1303048847
-6.26141578506
-2.15944025057
-11.605068177
-0.429181909499
-0.664128628635
-0.850000779225
-12.2318073666
-10.7449147861
-12.852333113
-26.9213775686
-7.16410967596
-16.7203767719
-26.1574761655
-35.7814657906
-45.2828622822
42.22659952
73.1982655985
104.175477682
134.78388042
88.0663454529
149.35819145
155.07795135
160.726385215
166.486679416
172.173597342
-81.954961376
-142.667552753
-203.391015756
-263.391515677
212.987302763
-0.334477687786
6.45589640875
13.1615937931
20.000089327
2.56131742875
2.58253591699
2.60404129767
-32.8445109252
18.2278548961
69.7629165483
-354.70998009
-191.305203599
-29.9381026513
134.624676713
-168.032950206
-6.76528441556
156.682860704
76.454251442
-61.9208618122
-201.549599937
-2.33782448839
0.60758859675
3.51627205661
6.48255844109
5.2714595514
13.84854745
22.5416050489
-22.1659724431
28.2172157368
79.0568560655
-237.746299268
-107.683696571
20.7570111589
151.741330288
-136.353763692
-25.3953280566
87.0633622895
22.0395302647
-39.4031252042
-101.402427307
-4.11221736892
-4.57234117959
-5.02672719572
-5.49011177213
7.67187114574
23.8270148079
40.2005900857
-12.707838359
37.0649353386
87.2886310664
-134.149896255
-33.6189332033
65.6583976764
166.901794884
-108.295055637
-41.8962238529
25.4003779799
-26.1563656352
-19.4588442084
-12.7006458345
-6.28727960957
-10.9219325183
-15.4987907954
-20.1662881625
10.6143111646
36.0586844723
61.8470878728
-1.11399657853
47.9105271085
97.3791939708
0.247317060186
-0.0784750504959
-0.468404855492
-0.796093917157
-30.4292395737
-16.2284367407
-1.37755325809
-1.51874073141
-12.3680823491
-inf
-9.37815753049
-19.9450359997
-30.3801443317
-41.0219072436
-51.5281123347
53.4405308375
92.6079005176
131.782283783
170.490263596
111.71841494
173.297493335
186.186170985
198.914125406
211.894141425
224.708814286
-90.8666242807
-157.599446423
-224.344218215
-290.294338262
250.543350794
