-4.78328781661e-11
-2.42636531664e-10
-4.35010962166e-10
-6.31195133389e-10
-5.60745228999e-10
-5.62282317678e-10
-5.63840189136e-10
-5.71092695289e-10
-7.37756296006e-10
-9.05929804321e-10
8.58477875358e-11
-8.03468717824e-11
-2.44469065411e-10
-4.11841498703e-10
-3.73301484408e-10
-3.78128002006e-10
-3.83019778326e-10
-5.37427021296e-10
-8.40271707839e-10
-1.14586004982e-09
-8.28592303123e-11
-3.14377164663e-10
-5.43008044896e-10
-7.7616668057e-10
-7.69572412827e-10
-9.80812846884e-10
-1.19490943563e-09
-1.15965674343e-09
-1.38093620069e-09
-1.60422036403e-09
1.40018646431e-11
-1.72717318915e-10
-3.57108093708e-10
-5.45150502667e-10
-9.68874560388e-10
-1.07613958481e-09
-1.1848549258e-09
-1.87467180958e-09
-1.90511214496e-09
-1.93582825796e-09
-1.13882570785e-10
-3.77918868176e-10
-6.38662603885e-10
-9.0457005093e-10
-9.5453363279e-10
-1.35151131561e-09
-1.75385648252e-09
-1.68095632894e-09
-1.95060983056e-09
-2.22270628834e-09
-4.96330956332e-11
-2.54531143518e-10
-4.56874090199e-10
-6.63224191892e-10
-1.49638214197e-09
-1.69437841529e-09
-1.89505177071e-09
-3.05908862207e-09
-2.84825653212e-09
-2.63551438518e-09
-1.51911181686e-10
-4.5580869829e-10
-7.5591657942e-10
-1.06196773073e-09
-1.18126028952e-09
-1.80591589017e-09
-2.43901737872e-09
-2.31996872407e-09
-2.64891944136e-09
-2.9808503246e-09
-1.27637240488e-10
-3.54819057547e-10
-5.7916789235e-10
-8.07959681911e-10
-2.14300433875e-09
-2.45221956233e-09
-2.76561564511e-09
-4.51095439221e-09
-4.0043690067e-09
-3.49319415403e-09
-2.05951839283e-10
-5.66494246345e-10
-9.22540649918e-10
-1.28563811781e-09
-1.64411034626e-09
-2.45164870666e-09
-3.41266707331e-09
-4.37385752669e-09
-5.32360421225e-09
-4.05821290244e-09
-2.38485235808e-10
-4.97333461695e-10
-7.52953821722e-10
-1.01363643088e-09
-1.27099839038e-09
-3.52915171866e-09
-4.00273272979e-09
-4.47639854369e-09
-4.94442497406e-09
-4.7120022466e-09
-5.85946777926e-12
-2.91285654605e-12
-2.98987916e-15
2.96450314432e-12
1.67488533038e-11
2.44979135389e-11
3.23517478189e-11
3.41415488203e-11
3.51505355781e-11
3.61686633648e-11
2.61886513612e-13
6.0813022596e-12
1.18281492509e-11
1.76888055303e-11
3.73569755678e-11
4.8385644937e-11
5.95634315237e-11
6.25608929515e-11
4.61453759185e-11
2.95811406663e-11
-2.96713405591e-11
-2.79874894877e-11
-2.63246362245e-11
-2.46288521827e-11
3.58309133322e-13
2.62888106406e-12
4.93015310529e-12
1.44980543695e-11
-3.60844464294e-12
-2.18789815157e-11
-5.31389645827e-11
-3.77422246664e-11
-2.25374837911e-11
-7.03163158669e-12
-2.33728479579e-13
2.67202095264e-11
5.4038588255e-11
1.63340343077e-11
9.4612187445e-12
2.52613813721e-12
-5.07618564497e-11
-5.01964500932e-11
-4.96380944161e-11
-4.90686811866e-11
-1.41590299891e-11
-1.67408334136e-11
-1.93575450696e-11
-2.90046928681e-12
-3.79378271245e-11
-7.32926098383e-11
-1.00436861268e-10
-7.65573485152e-11
-5.2975615914e-11
-2.89268758903e-11
-3.35283520644e-11
7.53082387702e-12
4.91451556456e-11
-2.46097547768e-11
-2.30304633239e-11
-2.14368641029e-11
-7.66147468964e-11
-7.7420337287e-11
-7.82158818768e-11
-7.90271812559e-11
-3.19544779456e-11
-4.04843543863e-11
-4.91295621872e-11
-2.42276918333e-11
-8.00190056502e-11
-1.36315767137e-10
-1.58414928173e-10
-1.24137177749e-10
-9.02868746453e-11
-5.57662076174e-11
-7.43411164586e-11
-1.59916488545e-11
4.31467543824e-11
-7.479891559e-11
-6.28589768271e-11
-5.08108668488e-11
-1.133530649e-10
-1.16106913826e-10
-1.18826421952e-10
-1.21599786618e-10
-1.2433782337e-10
-7.42251473475e-11
-9.14371654596e-11
-1.08652265677e-10
-1.2566240588e-10
-2.25874990667e-10
-2.40804812721e-10
-1.91750619292e-10
-1.43308137053e-10
-9.39063105979e-11
-4.51337787432e-11
-4.94183206309e-11
3.4622710482e-11
1.18678790575e-10
2.01734113471e-10
-9.25528707508e-11
-1.22242723838e-12
2.35707765417e-11
4.80548063425e-11
7.30237124602e-11
8.05478976767e-11
8.93228514141e-11
9.82164501703e-11
1.01005206093e-10
1.20537933918e-10
1.40247620683e-10
-9.19327305311e-12
1.56295125006e-11
4.01427551871e-11
6.5141452716e-11
8.27247431571e-11
9.55050248941e-11
1.08458107174e-10
1.28844958429e-10
1.44072895165e-10
1.59438791104e-10
-2.37953729215e-11
3.65160111835e-12
3.07563083718e-11
5.83977912594e-11
8.5416919775e-11
1.11275262667e-10
1.37483232882e-10
1.44213589717e-10
1.48552758938e-10
1.5293123935e-10
-6.05563925257e-11
-2.28307609976e-11
1.44244277541e-11
5.24174100331e-11
1.0677751425e-10
1.48559381757e-10
1.90906176511e-10
2.2524416766e-10
2.20974989585e-10
2.16667134412e-10
-4.37885533838e-11
-1.39910971138e-11
1.54347815977e-11
4.544340391e-11
8.97294822049e-11
1.3071882692e-10
1.72262383284e-10
1.82483872355e-10
1.73365889671e-10
1.64165301599e-10
-1.06049441201e-10
-5.68955746675e-11
-8.35466225795e-12
4.11475436568e-11
1.28081397219e-10
1.9555038355e-10
2.63931609352e-10
3.10626324407e-10
2.89088273214e-10
2.67355095629e-10
-6.82963229826e-11
-3.56176304306e-11
-3.3464447706e-12
2.95638323205e-11
9.50158490545e-11
1.54552873424e-10
2.14894890228e-10
2.29395831719e-10
2.03781985408e-10
1.7793608758e-10
-1.61815113772e-10
-9.8652443037e-11
-3.62774177566e-11
2.73328687439e-11
1.54195834406e-10
2.53152256716e-10
3.53446656061e-10
4.15288323e-10
3.72581975727e-10
3.29488725507e-10
-1.03123153465e-10
-6.63500725124e-11
-3.00355559255e-11
6.99812532493e-12
4.35600609474e-11
1.88422307929e-10
2.75477926412e-10
3.62549133689e-10
4.48583686184e-10
1.97505099238e-10
-2.4106106953e-10
-1.5799115072e-10
-7.59571229389e-11
7.7014886046e-12
9.02944328177e-11
3.35007550162e-10
4.80652248753e-10
6.26323027511e-10
7.70259475094e-10
4.17783883755e-10
3.20802707098e-12
4.88745290768e-11
9.39715647775e-11
1.3996169221e-10
1.41504611034e-10
1.51259753374e-10
1.61146793736e-10
1.64889999829e-10
2.02121211787e-10
2.39689724089e-10
-1.8227192873e-11
2.47523374654e-11
6.71959083312e-11
1.10480022297e-10
1.2607131726e-10
1.40525174739e-10
1.55174460962e-10
1.92175981945e-10
2.37637615126e-10
2.83511113075e-10
-1.81811873409e-11
3.38811287846e-11
8.52942220992e-11
1.37725488955e-10
1.66686057869e-10
2.15081305623e-10
2.64130899285e-10
2.68150128012e-10
2.9393498154e-10
3.19953435842e-10
-6.76433643356e-11
-8.58362257216e-12
4.97396377127e-11
1.09217918959e-10
2.09021265911e-10
2.64970459232e-10
3.21676134387e-10
4.24847080858e-10
4.23065544811e-10
4.21267868738e-10
-3.71259201057e-11
2.06012599544e-11
7.7608575727e-11
1.35744851786e-10
1.88989625067e-10
2.71608966186e-10
3.5534539277e-10
3.59609098688e-10
3.75255749034e-10
3.91044151965e-10
-1.11411973345e-10
-3.81097586055e-11
3.42783694506e-11
1.08100056002e-10
2.82491220431e-10
3.75193425498e-10
4.69149045134e-10
6.30927197039e-10
5.87301711103e-10
5.43280995181e-10
-6.0348495753e-11
4.32271106572e-12
6.81874608191e-11
1.33316973967e-10
2.16329481631e-10
3.40900937199e-10
4.67156707366e-10
4.71720095001e-10
4.74939270479e-10
4.78187610439e-10
-1.65063816648e-10
-7.43030866463e-11
1.53258470649e-11
1.06729772377e-10
3.72551164681e-10
5.10305448663e-10
6.49922290567e-10
8.83541533002e-10
7.88623463333e-10
6.92845472757e-10
-9.33489979885e-11
-1.88099636708e-11
5.47995606868e-11
1.29866831802e-10
2.0397787454e-10
4.39368474954e-10
6.26046470211e-10
8.12757893349e-10
9.97246362473e-10
6.02023051429e-10
-2.41305909761e-10
-1.25735710704e-10
-1.16066847465e-11
1.04782527227e-10
2.19689140116e-10
7.02306744738e-10
9.06810586708e-10
1.11135104858e-09
1.31345628698e-09
9.05384467207e-10
7.49591803254e-12
7.3364056383e-11
1.384108118e-10
2.04745738791e-10
2.00499856667e-10
2.11203647059e-10
2.22052162022e-10
2.26719105947e-10
2.81079299461e-10
3.35931975249e-10
-2.69704188356e-11
3.35816077792e-11
9.33785439591e-11
1.54359685452e-10
1.68023083451e-10
1.8409666428e-10
2.00387573925e-10
2.53469137083e-10
3.28191605535e-10
4.03591030577e-10
-1.27476552635e-11
6.31379294197e-11
1.38077212512e-10
2.1450057661e-10
2.4534011417e-10
3.15547073298e-10
3.86703291674e-10
3.8809863109e-10
4.34639088779e-10
4.81601184968e-10
-7.45022912643e-11
5.20507082512e-12
8.39184733384e-11
1.64190698685e-10
3.07975013769e-10
3.77635656089e-10
4.48238170978e-10
6.18027162999e-10
6.18653221527e-10
6.19284951903e-10
-3.06776773256e-11
5.40805026808e-11
1.37781738856e-10
2.2314057582e-10
2.85055770816e-10
4.07965536538e-10
5.32537149365e-10
5.3103478193e-10
5.70649187889e-10
6.10622485004e-10
-1.16601949701e-10
-1.99284333342e-11
7.55395536458e-11
1.72898167548e-10
4.31932437764e-10
5.49055905977e-10
6.67762985512e-10
9.40921414524e-10
8.75919224264e-10
8.10328139364e-10
-5.2656414047e-11
4.29778505491e-11
1.37419545342e-10
2.33731542594e-10
3.33739478962e-10
5.21252685026e-10
7.11301232987e-10
7.06246837799e-10
7.37371244862e-10
7.68777626984e-10
-1.68207982624e-10
-5.07372448844e-11
6.52686198291e-11
1.83571839058e-10
5.83880247822e-10
7.59183954226e-10
9.36857919456e-10
1.33672727123e-09
1.1912775502e-09
1.04451011109e-09
-8.38893557037e-11
2.720039752e-11
1.36904849297e-10
2.487818638e-10
3.59233756882e-10
6.82239685509e-10
9.6533440445e-10
1.24847981633e-09
1.52825414775e-09
9.93524407693e-10
-2.41542871514e-10
-9.45181876136e-11
5.06730823e-11
1.98739688046e-10
3.44920179003e-10
1.05778697016e-09
1.31925598348e-09
1.58077181729e-09
1.83917408867e-09
1.37729501828e-09
1.19862626128e-11
9.90098615582e-11
1.84948266649e-10
2.72588576928e-10
2.62280574476e-10
2.73977803525e-10
2.85833189301e-10
2.91467485523e-10
3.63765408839e-10
4.36718323307e-10
-3.61264579388e-11
4.28277538348e-11
1.207973979e-10
2.0031113557e-10
2.1195561057e-10
2.29725390307e-10
2.47735432946e-10
3.17656260648e-10
4.23021120487e-10
5.293405451e-10
-7.05757789577e-12
9.37760956755e-11
1.93352362242e-10
2.94900615192e-10
3.27707837275e-10
4.20756352038e-10
5.1506296378e-10
5.13710526432e-10
5.81986568232e-10
6.50881164497e-10
-8.16850637826e-11
1.96448001046e-11
1.19711069439e-10
2.21759029064e-10
4.11600882376e-10
4.95620362469e-10
5.80775859126e-10
8.20328280874e-10
8.23475609032e-10
8.26651450762e-10
-2.3924979489e-11
8.91404744652e-11
2.00795989767e-10
3.14662706226e-10
3.85657698612e-10
5.50760209293e-10
7.18095049746e-10
7.10554362666e-10
7.75268166552e-10
8.40568252408e-10
-1.22036971816e-10
-8.88673199242e-13
1.18748892802e-10
2.4075573473e-10
5.8842955169e-10
7.31127337812e-10
8.75754522313e-10
1.26555207022e-09
1.17816387031e-09
1.08998396721e-09
-4.4601149184e-11
8.34581000783e-11
2.09920436411e-10
3.38887204913e-10
4.56693012508e-10
7.1011977625e-10
9.66973090609e-10
9.51846807082e-10
1.01219399675e-09
1.07308790856e-09
-1.71500601017e-10
-2.60587372492e-11
1.17569450474e-10
2.64042019095e-10
8.05187275365e-10
1.01981330759e-09
1.23734127074e-09
1.81131026361e-09
1.61294302931e-09
1.41277866478e-09
-7.398307454e-11
7.53831470022e-11
2.22886755326e-10
3.73311492521e-10
5.21820076374e-10
9.36578108241e-10
1.32064188552e-09
1.70477443597e-09
2.0843335705e-09
1.40351057782e-09
-2.41791021462e-10
-6.18267230043e-11
1.15893400849e-10
2.97133054771e-10
4.76064026125e-10
1.43005126464e-09
1.75117507113e-09
2.07235638031e-09
2.38971376021e-09
1.87148691923e-09
1.64722275613e-11
1.24630653245e-10
2.31440331459e-10
3.40365244943e-10
3.24001034818e-10
3.36690733579e-10
3.49552008123e-10
3.56152713139e-10
4.46370870797e-10
5.37406369981e-10
-4.52735667521e-11
5.20648817152e-11
1.48189509019e-10
2.46217767205e-10
2.55845288351e-10
2.75309612619e-10
2.95037111506e-10
3.81780779672e-10
5.17758144018e-10
6.5496741056e-10
-1.37305031223e-12
1.24384379172e-10
2.48573599673e-10
3.7522223606e-10
4.09995223496e-10
5.25863015515e-10
6.43297441019e-10
6.39199906936e-10
7.29190333171e-10
8.19996037773e-10
-8.88608306251e-11
3.40704456774e-11
1.55468755437e-10
2.79271210503e-10
5.1512568009e-10
6.13489993145e-10
7.13184277403e-10
1.02243208552e-09
1.0280982242e-09
1.0338156959e-09
-1.71788678573e-11
1.24166250708e-10
2.63748780092e-10
4.0609557105e-10
4.86161504897e-10
6.93415608086e-10
9.03471967299e-10
8.89898850013e-10
9.79687571274e-10
1.07028974353e-09
-1.27466692913e-10
1.81325166155e-11
1.61916087979e-10
3.08547117424e-10
7.44774027058e-10
9.13021187326e-10
1.08354319577e-09
1.58986609927e-09
1.48011372379e-09
1.36936703435e-09
-3.65537409772e-11
1.23898867429e-10
2.82350614153e-10
4.43940304262e-10
5.79526624033e-10
8.98802657044e-10
1.22239558016e-09
1.19720723185e-09
1.28674870185e-09
1.37710138285e-09
-1.74790007975e-10
-1.40429965408e-12
1.69819269805e-10
3.44433713005e-10
1.02627845237e-09
1.28018845761e-09
1.53753154731e-09
2.28543037419e-09
2.03419723942e-09
1.78068802986e-09
-6.40864554106e-11
1.23518901717e-10
3.08784799398e-10
4.97719661986e-10
6.84247818236e-10
1.19066846346e-09
1.67560281948e-09
2.16062401128e-09
2.63987062438e-09
1.8130968703e-09
-2.42038929379e-10
-2.91671438266e-11
1.81050107136e-10
3.95430454093e-10
6.07079962852e-10
1.80195247328e-09
2.18267288898e-09
2.56346147917e-09
2.93971646605e-09
2.36519681296e-09
2.09535432994e-11
1.50224891793e-10
2.77884212345e-10
4.08071669879e-10
3.85657528675e-10
3.99338668563e-10
4.13204789381e-10
4.20770901615e-10
5.28890721258e-10
6.37990064543e-10
-5.44111955908e-11
6.1292436326e-11
1.75553231221e-10
2.92076821655e-10
2.99689479298e-10
3.20846591886e-10
3.42289767067e-10
4.45838840668e-10
6.1239698302e-10
7.80464077559e-10
4.30558588222e-12
1.54960940542e-10
3.03737606352e-10
4.55460612382e-10
4.9219732787e-10
6.30860747468e-10
7.71399017294e-10
7.64559231467e-10
8.7624153756e-10
9.88935642041e-10
-9.60291605727e-11
4.84811406515e-11
1.91189382518e-10
3.36723786878e-10
6.1854318571e-10
7.31237464883e-10
8.45455468883e-10
1.22432643175e-09
1.23250877048e-09
1.24076523803e-09
-1.04397478301e-11
1.59155726577e-10
3.26636326757e-10
4.97433675741e-10
5.86561150015e-10
8.35923160212e-10
1.08865676202e-09
1.06905746648e-09
1.18389511771e-09
1.29977315354e-09
-1.328907867e-10
3.71339930541e-11
2.05038545095e-10
3.76268241789e-10
9.00956468532e-10
1.09472652382e-09
1.29111651906e-09
1.91384401242e-09
1.78175063938e-09
1.6484605516e-09
-2.85146730259e-11
1.64297722363e-10
3.54705725964e-10
5.48884527602e-10
7.02232931998e-10
1.08728998874e-09
1.47755335232e-09
1.44231336746e-09
1.56101886113e-09
1.68079978054e-09
-1.78076005823e-10
2.32245863217e-11
2.22014937931e-10
4.24742089746e-10
1.24714049264e-09
1.54029375736e-09
1.83741070961e-09
2.75905911131e-09
2.45501486577e-09
2.14821609726e-09
-5.4200093041e-11
1.71604769005e-10
3.94593819574e-10
6.21998896035e-10
8.46507221567e-10
1.4444954819e-09
2.03019587539e-09
2.61600114852e-09
3.19483192507e-09
2.22225867153e-09
-2.42286580366e-10
3.45858728103e-12
2.46139285646e-10
4.93625978947e-10
7.37960115937e-10
2.17346824713e-09
2.61372350669e-09
3.05405760147e-09
3.48914915444e-09
2.85839503056e-09
-4.17325084176e-11
-1.88629736433e-10
-3.33695139851e-10
-4.81633386469e-10
-4.45412573835e-10
-4.54012923663e-10
-4.62729557714e-10
-4.70959453487e-10
-6.02723049693e-10
-7.35680372989e-10
4.41035528365e-11
-7.81485988377e-11
-1.98876252728e-10
-3.21994770404e-10
-2.95021202028e-10
-2.94607670066e-10
-2.94188546792e-10
-4.21534977152e-10
-6.54644951961e-10
-8.89866812753e-10
-1.0704626428e-10
-2.86686897312e-10
-4.64087391883e-10
-6.45001086655e-10
-6.58755894609e-10
-8.35935931876e-10
-1.0155115976e-09
-9.89230622939e-10
-1.18964875425e-09
-1.39188259612e-09
4.84908656475e-11
-1.03612992898e-10
-2.53820099591e-10
-4.07001874639e-10
-7.50462790731e-10
-8.14895278e-10
-8.80198948628e-10
-1.46629316459e-09
-1.48702180537e-09
-1.50793823961e-09
-1.64895590902e-10
-3.73537525519e-10
-5.79577672254e-10
-7.89698192534e-10
-8.47717121581e-10
-1.17421059629e-09
-1.50511854721e-09
-1.4482708016e-09
-1.70949723543e-09
-1.97309027946e-09
5.23767712801e-11
-1.26167170495e-10
-3.02484649669e-10
-4.82293881247e-10
-1.15385391215e-09
-1.27572144503e-09
-1.39923673311e-09
-2.39165041632e-09
-2.22426987554e-09
-2.05537293196e-09
-2.35807668695e-10
-4.79999585902e-10
-7.21146403031e-10
-9.6706883845e-10
-1.07934701271e-09
-1.58886986235e-09
-2.10528190479e-09
-2.01096521414e-09
-2.34673085752e-09
-2.68553840743e-09
5.7140139475e-11
-1.53814226903e-10
-3.6213796912e-10
-5.74587308702e-10
-1.64833335132e-09
-1.84060513364e-09
-2.03547659796e-09
-3.52595930554e-09
-3.12799331639e-09
-2.72642190969e-09
-3.36577463455e-10
-6.31287776973e-10
-9.22323020451e-10
-1.21912186159e-09
-1.51213999418e-09
-2.1781225036e-09
-2.95814562347e-09
-3.73830841979e-09
-4.50918273237e-09
-3.69796469454e-09
6.39091363834e-11
-1.93102149168e-10
-4.46908475708e-10
-7.05741126664e-10
-9.61276693256e-10
-2.64333458588e-09
-2.93960693222e-09
-3.23593233117e-09
-3.52872973102e-09
-3.6800178254e-09
-7.29365444387e-12
-4.51012782792e-12
-1.76131209516e-12
1.04194057706e-12
1.21052876804e-11
1.864983261e-11
2.52828654883e-11
2.6662074961e-11
2.74273664044e-11
2.81995910915e-11
-3.40189064701e-12
1.7349137417e-12
6.80766161443e-12
1.19808690653e-11
2.87803571971e-11
3.8478559726e-11
4.83078904017e-11
5.11211370117e-11
3.81471694477e-11
2.50556627683e-11
-3.00181418941e-11
-2.93087335513e-11
-2.86081716085e-11
-2.78937358918e-11
-6.8361212861e-12
-4.64630195654e-12
-2.426874362e-12
5.11110083134e-12
-1.1430265663e-11
-2.81214905239e-11
-4.92034102381e-11
-3.68994568572e-11
-2.47489351289e-11
-1.23577871527e-11
-9.43822561061e-12
1.59654922131e-11
4.17126904321e-11
1.16493015288e-11
8.95191017061e-12
6.23008149263e-12
-5.01455450644e-11
-5.12732129063e-11
-5.2386818606e-11
-4.00146557742e-11
-2.36127977993e-11
-2.5280021144e-11
-2.69697868008e-11
-1.39769048264e-11
-4.58470254942e-11
-7.80058770976e-11
-8.97704704473e-11
-7.11184708162e-11
-5.2699063673e-11
-3.95887857295e-11
-4.32889703831e-11
-3.97465329833e-12
3.58712276019e-11
-2.33114670418e-11
-1.69067480463e-11
-1.04440047801e-11
-7.48178457247e-11
-7.81974134059e-11
-8.15348375062e-11
-8.49383552161e-11
-4.41777561058e-11
-5.05729672449e-11
-5.70546472097e-11
-3.737510531e-11
-8.80353117389e-11
-1.39154479994e-10
-1.39497834575e-10
-1.13064358895e-10
-8.69605115657e-11
-6.0339709411e-11
-8.47834317172e-11
-2.84174123123e-11
2.87107247777e-11
-6.61666027089e-11
-4.86044581186e-11
-3.08832073081e-11
-1.09878483505e-10
-1.16458119379e-10
-1.2295570647e-10
-1.2958197034e-10
-1.36123826964e-10
-8.65155748618e-11
-9.98068172644e-11
-1.13100439691e-10
-1.2623579054e-10
-2.26049863058e-10
-2.1016303623e-10
-1.72671673533e-10
-1.35647832255e-10
-9.78907790044e-11
-6.06146859009e-11
-6.31518593323e-11
1.85352733961e-11
1.00237033599e-10
1.80966066732e-10
-5.99283898477e-11
-3.48899905405e-12
1.58306088815e-11
3.49092991801e-11
5.43658196464e-11
6.26498789459e-11
7.08675662371e-11
7.91963638193e-11
8.16371456107e-11
9.70436544154e-11
1.12589740216e-10
-8.65008623834e-12
1.05600981374e-11
2.95307294e-11
4.88770508531e-11
6.45525506759e-11
7.52764833858e-11
8.61454130079e-11
1.03338136847e-10
1.14683841683e-10
1.26132334205e-10
-2.15084086368e-11
-8.74709041567e-13
1.95016860492e-11
4.02816107667e-11
6.51851510012e-11
8.71909750153e-11
1.0949433694e-10
1.14961666752e-10
1.18734208637e-10
1.22540928289e-10
-5.99962506034e-11
-2.95292344141e-11
5.57854730833e-13
3.1240781942e-11
7.24269580516e-11
1.07755390622e-10
1.43561494378e-10
1.74925982392e-10
1.74220605355e-10
1.73508837875e-10
-3.74684571244e-11
-1.56708477734e-11
5.85494299048e-12
4.76904571622e-11
6.74306776788e-11
1.01648851362e-10
1.36329684562e-10
1.44477671191e-10
1.37945842376e-10
1.31354837725e-10
-1.05474281898e-10
-6.50369289596e-11
-2.51038342619e-11
4.16893899534e-11
7.94014331558e-11
1.36522422746e-10
1.94415737877e-10
2.38332359875e-10
2.26953167464e-10
2.15470883983e-10
-5.70323875286e-11
-3.38080500898e-11
-1.08733226944e-11
1.25155989753e-11
7.01832587675e-11
1.19371409464e-10
1.69224626807e-10
1.80658579858e-10
1.6149558696e-10
1.42158984776e-10
-1.61221546066e-10
-1.08562490016e-10
-5.65600981885e-11
-3.52786248256e-12
8.79507897352e-11
1.71785236318e-10
2.5675319765e-10
3.16056306466e-10
2.91593082308e-10
2.66908230825e-10
-8.48337623134e-11
-5.9581969171e-11
-3.46450686678e-11
-9.21432329628e-12
1.58924779644e-11
1.44556097293e-10
2.15970071051e-10
2.87396832699e-10
3.57973199638e-10
1.57512246374e-10
-2.40441342515e-10
-1.70414603095e-10
-1.01261104821e-10
-3.07381059453e-11
3.88865507925e-11
2.2189555034e-10
3.45338008906e-10
4.68802571951e-10
5.90797187194e-10
3.40003407916e-10
1.46153953321e-13
3.52651391201e-11
6.99461866775e-11
1.05314050039e-10
1.10942642447e-10
1.20758931416e-10
1.30707945163e-10
1.34163004835e-10
1.63558445585e-10
1.93220197629e-10
-1.36644678399e-11
1.89921090055e-11
5.12414547442e-11
8.4129459401e-11
9.87310460668e-11
1.10435011334e-10
1.22297224408e-10
1.53228800926e-10
1.87810704892e-10
2.22705907499e-10
-1.33777951455e-11
2.62925424222e-11
6.54681865151e-11
1.05419656409e-10
1.33997781246e-10
1.74936780973e-10
2.16429311641e-10
2.19918246035e-10
2.43099685066e-10
2.66491138947e-10
-7.03082557897e-11
-2.24873650372e-11
2.47371939455e-11
7.2896977661e-11
1.50644940522e-10
1.95455928795e-10
2.40872800666e-10
3.30928473199e-10
3.32126363635e-10
3.33335106493e-10
-2.53561500616e-11
1.83453853468e-11
6.15019577999e-11
1.31488192407e-10
1.5441804704e-10
2.22922876296e-10
2.92353950521e-10
2.95872888241e-10
3.13550497179e-10
3.31388258399e-10
-1.20478467974e-10
-5.92263277608e-11
1.26199152383e-12
1.19346516419e-10
1.96625818469e-10
2.70760169975e-10
3.45896882495e-10
4.88319611498e-10
4.59948804235e-10
4.31320968459e-10
-4.00392947975e-11
8.60370893192e-12
5.66401290522e-11
1.05627851824e-10
1.79449340593e-10
2.8174454153e-10
3.85422862697e-10
3.88978578686e-10
3.99909557188e-10
4.10939566116e-10
-1.81977437748e-10
-1.04261185293e-10
-2.75140630576e-11
5.07529422307e-11
2.52989475307e-10
3.63068594647e-10
4.74636079576e-10
6.81250684251e-10
6.16634376584e-10
5.51432670224e-10
-6.09048162642e-11
-5.2397259735e-12
4.97312145161e-11
1.05790787366e-10
1.61136257338e-10
3.65333223704e-10
5.17678685263e-10
6.70051426875e-10
8.20610044897e-10
5.23986161291e-10
-2.69370710585e-10
-1.68258088102e-10
-6.84063511469e-11
3.34228275461e-11
1.33954877025e-10
4.94243724445e-10
6.57581254375e-10
8.20948032677e-10
9.82369794283e-10
7.22117720101e-10
3.66433485211e-12
5.40743042155e-11
1.03855655714e-10
1.54622866099e-10
1.57681439344e-10
1.69044890117e-10
1.80561984643e-10
1.8499868472e-10
2.27932920966e-10
2.71256124744e-10
-1.85174964564e-11
2.71527942681e-11
7.22535714418e-11
1.18247514443e-10
1.31809744375e-10
1.4446220667e-10
1.57285741277e-10
2.01514081087e-10
2.58584488777e-10
3.16171932231e-10
-5.50880888204e-12
5.25856049091e-11
1.09955574968e-10
1.68461687239e-10
2.00596155739e-10
2.59859098643e-10
3.19923328162e-10
3.21497528032e-10
3.63463323889e-10
4.05809313584e-10
-8.02884408332e-11
-1.56720892336e-11
4.81384893512e-11
1.13212758537e-10
2.26346021416e-10
2.80334435309e-10
3.35052819589e-10
4.819111092e-10
4.84951023687e-10
4.8801847862e-10
-1.36335933323e-11
5.12670426663e-11
1.15358360592e-10
1.80718928819e-10
2.38606333118e-10
3.40294540481e-10
4.43357660993e-10
4.42396503536e-10
4.83504537906e-10
5.24984995128e-10
-1.3499984871e-10
-5.36027003352e-11
2.67794166424e-11
1.08753403306e-10
3.1007815251e-10
4.00678409246e-10
4.92503660379e-10
7.30262762672e-10
6.85447097464e-10
6.40225419707e-10
-2.35930065294e-11
4.96507405622e-11
1.21981130068e-10
1.95743934627e-10
2.85199453776e-10
4.38892824024e-10
5.94664262527e-10
5.90595247703e-10
6.30651832509e-10
6.7107131444e-10
-2.02065445462e-10
-1.00098288137e-10
5.97327515486e-13
1.03287096894e-10
4.12717539012e-10
5.48196828911e-10
6.85507916831e-10
1.03469382177e-09
9.31216478224e-10
8.26801670072e-10
-3.77458568621e-11
4.73538902037e-11
1.31392434059e-10
2.17095258671e-10
3.01706376181e-10
5.79006174322e-10
8.09678906813e-10
1.04039294519e-09
1.26836014201e-09
8.78667662937e-10
-2.97369188215e-10
-1.6617096554e-10
-3.66087991386e-11
9.55191877819e-11
2.259640906e-10
7.57828267382e-10
9.59777123368e-10
1.16176214174e-09
1.36134236131e-09
1.09193634164e-09
7.34862735693e-12
7.3771547756e-11
1.39366167029e-10
2.0625980765e-10
2.06627017768e-10
2.19610679895e-10
2.32769892445e-10
2.38234581272e-10
2.95346849917e-10
3.5297653357e-10
-2.35996617775e-11
3.56987878973e-11
9.42577793796e-11
1.53976460192e-10
1.66450259957e-10
1.80096002754e-10
1.93926247882e-10
2.52079160288e-10
3.32699870847e-10
4.14050973782e-10
2.7317131221e-12
8.01200995346e-11
1.56543444253e-10
2.34480260006e-10
2.70338985638e-10
3.48791040316e-10
4.28303835115e-10
4.27872895891e-10
4.89509955692e-10
5.51705423354e-10
-9.07398422847e-11
-8.53502883687e-12
7.26446815416e-11
1.55432056969e-10
3.05621343796e-10
3.69220497272e-10
4.33679566707e-10
6.40022420181e-10
6.44991330249e-10
6.50005256715e-10
-1.3575537716e-12
8.57431025386e-11
1.7175760408e-10
2.59475517807e-10
3.26769585752e-10
4.63207930974e-10
6.0149104148e-10
5.95838260269e-10
6.61482992235e-10
7.2772244002e-10
-1.50206859305e-10
-4.771355223e-11
5.35016520281e-11
1.5672129983e-10
4.28887160911e-10
5.36730763844e-10
6.46032506237e-10
9.83629307516e-10
9.21592337148e-10
8.58993335883e-10
-6.37020351227e-12
9.26358158983e-11
1.90407219352e-10
2.9011486608e-10
3.95942579439e-10
6.03460893716e-10
8.13785036379e-10
8.0173128757e-10
8.72288649934e-10
9.43485234642e-10
-2.23101912427e-10
-9.57388389699e-11
3.00360029469e-11
1.58301662046e-10
5.79987194794e-10
7.4206592932e-10
9.06336109532e-10
1.40482484683e-09
1.26065163593e-09
1.11517227164e-09
-1.34934426174e-11
1.02430724357e-10
2.16909304213e-10
3.33654992572e-10
4.4891354095e-10
8.02767735507e-10
1.1154659765e-09
1.42822021145e-09
1.73725084839e-09
1.25009552174e-09
-3.26689619496e-10
-1.63985299074e-10
-3.30991943158e-12
1.60547439931e-10
3.22317537367e-10
1.03385800658e-09
1.27624123e-09
1.51866785628e-09
1.75820819295e-09
1.47921602245e-09
1.10293264083e-11
9.34495797035e-11
1.74842043371e-10
2.57846385407e-10
2.55524857404e-10
2.70127150622e-10
2.84926879565e-10
2.91418554498e-10
3.62695027081e-10
4.34617236867e-10
-2.8676870238e-11
4.42364462408e-11
1.1624052564e-10
1.8967055792e-10
2.01056989111e-10
2.15695043621e-10
2.3053101738e-10
3.0259492113e-10
4.06742964906e-10
5.11834549574e-10
1.09641977806e-11
1.0762773855e-10
2.03085874329e-10
3.00434441939e-10
3.4001379227e-10
4.37636242731e-10
5.36578633766e-10
5.34144511149e-10
6.15433648639e-10
6.97459234195e-10
-1.01181050022e-10
-1.40492953081e-12
9.71269717588e-11
1.97610177053e-10
3.84819345447e-10
4.58019864727e-10
5.32210118795e-10
7.97979518207e-10
8.0487554242e-10
8.11834041939e-10
1.09065124247e-11
1.20185536385e-10
2.28101838891e-10
3.3815529201e-10
4.14846848865e-10
5.86001438599e-10
7.59470187487e-10
7.49130358468e-10
8.39287856305e-10
9.30262146113e-10
-1.65399037831e-10
-4.18301480714e-11
8.01978240355e-11
2.04642411142e-10
5.4758028963e-10
6.72650420563e-10
7.9941160862e-10
1.23674873276e-09
1.15750725393e-09
1.07754787803e-09
1.08358013432e-11
1.35578965989e-10
2.58766569645e-10
3.84393753388e-10
5.06577692433e-10
7.67868452889e-10
1.03269209205e-09
1.01266139712e-09
1.11368978828e-09
1.2156334575e-09
-2.44117861596e-10
-9.13836417663e-11
5.94459655359e-11
2.13262569058e-10
7.47093705081e-10
9.35745940621e-10
1.12694891873e-09
1.77459486673e-09
1.58976548095e-09
1.4032616126e-09
1.07353171747e-11
1.57453839637e-10
3.0234276598e-10
4.50101040609e-10
5.9597712806e-10
1.02631105214e-09
1.42095479853e-09
1.81566921261e-09
2.20568422493e-09
1.62116111052e-09
-3.55981453263e-10
-1.61801764385e-10
2.9956482405e-11
2.2551226715e-10
4.18577006356e-10
1.30961852175e-09
1.5923966752e-09
1.87522546489e-09
2.15468694378e-09
1.86611797225e-09
1.4706210819e-11
1.1310721753e-10
2.1028115286e-10
3.09379499336e-10
3.04372019795e-10
3.2059126657e-10
3.37029811691e-10
3.44547408373e-10
4.29973405249e-10
5.16173328533e-10
-3.3748816729e-11
5.27652562383e-11
1.38200489196e-10
2.25327662632e-10
2.35627852189e-10
2.51257189988e-10
2.67097850051e-10
3.5305832793e-10
4.80709321422e-10
6.09516783419e-10
1.91881503721e-11
1.35106868915e-10
2.49580068282e-10
3.66320269599e-10
4.0961638861e-10
5.26389366843e-10
6.44741217469e-10
6.40305987539e-10
7.41226835496e-10
8.43061987204e-10
-1.11611436593e-10
5.71778020969e-12
1.21583888768e-10
2.39744584143e-10
4.6393526706e-10
5.46727201381e-10
6.30638554778e-10
9.55772911033e-10
9.64594052149e-10
9.73495109384e-10
2.3157868262e-11
1.54592274427e-10
2.84387679085e-10
4.16753523261e-10
5.0283282956e-10
7.08667684228e-10
9.17285605443e-10
9.02263586229e-10
1.01690844514e-09
1.13259194203e-09
-1.8057547133e-10
-3.59528414157e-11
1.0686632839e-10
2.52513857481e-10
6.66150405946e-10
8.08429211472e-10
9.52631750394e-10
1.4896058275e-09
1.39317767079e-09
1.29587591238e-09
2.80239740626e-11
1.78477610217e-10
3.27055072972e-10
4.78574930975e-10
6.17098144273e-10
9.32105621667e-10
1.25137227457e-09
1.22337290075e-09
1.35484074084e-09
1.48749962858e-09
-2.6511203004e-10
-8.70329582468e-11
8.88254479258e-11
2.68166515122e-10
9.14027027806e-10
1.12922522384e-09
1.34733308696e-09
2.14398166058e-09
1.91853823558e-09
1.69105238057e-09
3.4938966516e-11
2.12419929496e-10
3.87687685338e-10
5.66426405095e-10
7.42888299899e-10
1.24962269066e-09
1.72612701492e-09
2.2027166654e-09
2.67363212167e-09
1.99184213053e-09
-3.85242929259e-10
-1.59620492691e-10
6.31884072664e-11
2.90409765453e-10
5.14736712967e-10
1.58509324142e-09
1.90822445996e-09
2.23141354067e-09
2.55075478789e-09
2.25261894063e-09
-3.56321386691e-11
-1.34622941203e-10
-2.32379317536e-10
-3.32071639549e-10
-3.30079918671e-10
-3.45743529648e-10
-3.61618926292e-10
-3.70826211685e-10
-4.6768980338e-10
-5.65430941657e-10
2.35931813728e-12
-7.59503258931e-11
-1.53283440045e-10
-2.32148042105e-10
-2.16740919647e-10
-2.11087338126e-10
-2.05357315258e-10
-3.05642933008e-10
-4.69018196082e-10
-6.33873575691e-10
-1.31233298248e-10
-2.58996629962e-10
-3.8516673887e-10
-5.1383549274e-10
-5.47939376391e-10
-6.91059016869e-10
-8.36113759564e-10
-8.18804502442e-10
-9.98361307807e-10
-1.1795448282e-09
8.29798666519e-11
-3.45086668816e-11
-1.50532105474e-10
-2.68853246611e-10
-5.32051021074e-10
-5.53650971192e-10
-5.75542971452e-10
-1.0579145196e-09
-1.06893146579e-09
-1.08004822125e-09
-2.15908611018e-10
-3.69156182862e-10
-5.20492740622e-10
-6.74826334137e-10
-7.40900610372e-10
-9.96909876979e-10
-1.25638061189e-09
-1.21558527426e-09
-1.4683846403e-09
-1.72347427058e-09
1.54386638193e-10
2.19680252863e-12
-1.48095209139e-10
-3.01363570601e-10
-8.11325682338e-10
-8.57064474764e-10
-9.03421695509e-10
-1.72421221058e-09
-1.60028321896e-09
-1.47523147874e-09
-3.19704155704e-10
-5.04190473515e-10
-6.86376226641e-10
-8.72169946173e-10
-9.77433735898e-10
-1.37182383453e-09
-1.77154643087e-09
-1.70196170422e-09
-2.04454227368e-09
-2.39022649026e-09
2.41917519438e-10
4.71906037411e-11
-1.4510804589e-10
-3.41214935493e-10
-1.15366236389e-09
-1.22899070495e-09
-1.30533755081e-09
-2.54096421887e-09
-2.25161762608e-09
-1.95964966534e-09
-4.67203087627e-10
-6.960813076e-10
-9.22105390984e-10
-1.15260560538e-09
-1.3801696421e-09
-1.90459630053e-09
-2.50362417363e-09
-3.1027593129e-09
-3.69476125249e-09
-3.33771648664e-09
3.66303508575e-10
1.11129163359e-10
-1.40863129693e-10
-3.97845822445e-10
-6.51554996127e-10
-1.75751745311e-09
-1.87648113465e-09
-1.99546611866e-09
-2.11303448797e-09
-2.6480334042e-09
-9.31935698648e-12
-6.10739910979e-12
-3.51963431117e-12
1.02486063611e-12
7.46172205699e-12
1.28017516811e-11
1.744620062e-11
1.91826011018e-11
1.97041972307e-11
1.91222772368e-11
-9.36370058677e-12
-2.6114747762e-12
1.78717397799e-12
8.80979373795e-12
2.02037388264e-11
2.8571474515e-11
3.21694785751e-11
3.96813810719e-11
3.0148962977e-11
2.75497785383e-11
-3.03649432292e-11
-3.06299776148e-11
-3.08917069925e-11
-2.35871834609e-11
-1.40305517055e-11
-1.19214849771e-11
-9.7839018293e-12
-4.27585270686e-12
-1.92520866832e-11
-3.43639995322e-11
-4.52678558935e-11
-3.6056689048e-11
-2.69603864667e-11
-1.72431183089e-11
-1.86427227416e-11
5.21077489979e-12
2.93867926092e-11
6.96456874989e-12
8.44260159673e-12
9.93402484805e-12
-4.9529233679e-11
-5.23499757193e-11
-5.5135542796e-11
-4.53864225182e-11
-3.30665656095e-11
-3.38192088744e-11
-3.4582028532e-11
-2.5053340366e-11
-5.3756223864e-11
-5.73932184935e-11
-7.91040796267e-11
-6.56795931173e-11
-5.24225114319e-11
-4.03185546933e-11
-5.30495887019e-11
-1.54801304737e-11
2.25972995582e-11
-2.20131793068e-11
-1.07830327687e-11
-4.55749806429e-11
-7.66548197283e-11
-7.89744895248e-11
-8.48537931357e-11
-7.2108070395e-11
-5.64010342659e-11
-6.06615801034e-11
-3.66869558254e-11
-5.05225187868e-11
-9.60516178276e-11
-1.01447594823e-10
-1.07247122144e-10
-1.01991540041e-10
-8.36341484861e-11
-6.86045734871e-11
-9.52257469758e-11
-4.08431757702e-11
-2.4885797129e-11
-5.75342898278e-11
-3.43499394101e-11
-8.7677114717e-11
-1.06403902111e-10
-1.16809324933e-10
-1.27084990987e-10
-1.37564154062e-10
-1.47909830559e-10
-9.88060023761e-11
-1.08176469069e-10
-1.17548613704e-10
-1.26809175201e-10
-2.2622473545e-10
-1.79521259738e-10
-1.53592727775e-10
-1.27987527458e-10
-1.01875247411e-10
-7.60955930585e-11
-7.68853980337e-11
2.44783631013e-12
8.1795276623e-11
1.60198019992e-10
-2.73039089447e-11
-6.71967505166e-12
8.09044122117e-12
2.17637920177e-11
3.30816877315e-11
4.4751860215e-11
5.24122810601e-11
5.64295671741e-11
6.22690851288e-11
7.3549374913e-11
9.39611212121e-11
-1.10015350561e-11
5.49068377408e-12
1.8918703613e-11
3.26173898693e-11
4.63803581947e-11
5.50479418774e-11
6.7621998119e-11
7.78313152655e-11
8.52947882006e-11
1.01961072783e-10
-1.92214443521e-11
-5.40101920148e-12
8.24706372674e-12
3.05726681445e-11
4.49533822275e-11
6.31066873631e-11
8.15054409984e-11
8.57097437867e-11
8.89156583357e-11
9.21506172275e-11
-5.94361086811e-11
-3.62277078306e-11
-1.33087182924e-11
2.19348574822e-11
3.80764018529e-11
6.69513994878e-11
9.6216812245e-11
1.24607797124e-10
1.27466221125e-10
1.30350541338e-10
-3.11483608651e-11
-1.7350598433e-11
-3.72489561668e-12
2.83503936532e-11
4.51318731528e-11
7.2578875803e-11
1.00396985839e-10
1.06471470027e-10
1.02525795082e-10
1.40315020029e-10
-1.04899122595e-10
-7.31782832518e-11
-4.18530062658e-11
1.24731859394e-11
3.0721469093e-11
7.74944619427e-11
1.24899866402e-10
1.66038395342e-10
1.64818061714e-10
7.76592742116e-11
-4.36154898949e-11
-3.1998469749e-11
-1.84002006183e-11
2.56263152445e-11
4.53506684806e-11
8.41899455034e-11
1.12261291543e-10
1.31921327998e-10
1.19209188512e-10
1.67003628438e-10
-1.54764082343e-10
-1.18472536994e-10
-7.68427786203e-11
8.75007919139e-13
2.17057450648e-11
9.04182159197e-11
1.39118073888e-10
2.16824289932e-10
2.10604188889e-10
6.36673295796e-11
-6.65443711616e-11
-5.28138658297e-11
-3.92545814101e-11
-2.54267719175e-11
-1.17751050186e-11
1.00689886657e-10
1.5646221569e-10
2.1224453171e-10
2.67362713092e-10
1.1751939351e-10
-2.398216155e-10
-1.8283805547e-10
-1.26565086703e-10
-6.91777004952e-11
-1.25213312326e-11
1.08783550519e-10
2.1002376906e-10
3.11282116391e-10
4.11334899295e-10
2.62222932076e-10
-2.91571916434e-12
2.16557491635e-11
4.59208085774e-11
7.06664078672e-11
8.03806738608e-11
9.02581094578e-11
1.00269096589e-10
1.03436009841e-10
1.24995679382e-10
1.46750671169e-10
-1.21859023563e-11
1.04336324506e-11
4.29546704329e-11
5.93789694062e-11
7.57444009083e-11
7.83094480998e-11
8.28148660363e-11
8.60338984967e-11
1.03546587099e-10
1.3613848283e-10
-8.57440295009e-12
1.87039560597e-11
4.56421509311e-11
8.23196274011e-11
1.01309504623e-10
1.34792256324e-10
1.68727723996e-10
1.71686364058e-10
1.92264388593e-10
2.13028842052e-10
-7.29731472439e-11
-3.63911075023e-11
-2.65249821707e-13
5.93674031212e-11
9.22686151337e-11
1.25941398358e-10
1.60069466946e-10
2.37009865539e-10
2.41187182459e-10
2.45402344249e-10
-1.35863800175e-11
1.60895107393e-11
4.53953398729e-11
9.88021380547e-11
1.19846469013e-10
1.74236786406e-10
2.29362508272e-10
2.32136677793e-10
2.51845245323e-10
3.29215097488e-10
-1.29544962602e-10
-8.03428969161e-11
-3.1754386403e-11
6.29129853595e-11
1.10760416507e-10
1.66326914452e-10
2.22644719856e-10
3.45712025957e-10
3.32595897367e-10
1.95403281552e-10
-1.9730093842e-11
1.28847067981e-11
4.50927972854e-11
7.79387296809e-11
1.42569199555e-10
2.22588145861e-10
3.03689018028e-10
3.06237062372e-10
3.24879843896e-10
3.43691521792e-10
-1.52359943002e-10
-5.09585203104e-11
9.15707512491e-11
2.6836479875e-10
3.59549934189e-10
4.77920229756e-10
5.79859422406e-10
6.6827761759e-10
6.60686414204e-10
7.99633916019e-10
-2.846063454e-11
8.3305117238e-12
4.46628683453e-11
8.17147429304e-11
1.18294640136e-10
2.91297972455e-10
4.09310900315e-10
5.27344960402e-10
6.43973727321e-10
4.45949271153e-10
-2.97435511408e-10
-2.10780465499e-10
-1.25206017547e-10
-3.79368721346e-11
4.82206139344e-11
2.86180704151e-10
4.08351922042e-10
5.30545016774e-10
6.51283301588e-10
5.38850972994e-10
-1.67248328314e-13
3.4784552048e-11
6.93004996276e-11
1.04499993407e-10
1.14863022021e-10
1.26886133174e-10
1.39071807265e-10
1.43278263493e-10
1.74786542471e-10
2.06580274238e-10
-1.00645740772e-11
2.0723980757e-11
5.11285989245e-11
8.21353434329e-11
9.55964052976e-11
1.04827749059e-10
1.1418390863e-10
1.4955902509e-10
1.88977372019e-10
2.28752833886e-10
1.73003749938e-12
4.20332803985e-11
8.18339374237e-11
1.22422797868e-10
1.55852197308e-10
2.04171123989e-10
2.5314336465e-10
2.54896424974e-10
2.92287558999e-10
3.300174422e-10
-8.60745904021e-11
-3.65492492924e-11
1.2358505364e-11
6.22348183885e-11
1.44717029063e-10
1.83033214528e-10
2.21867468199e-10
3.45795055401e-10
3.51248825846e-10
3.56752005337e-10
3.41049066106e-12
4.84535826518e-11
9.29349823289e-11
1.66986883219e-10
1.9215689542e-10
2.72623544424e-10
3.5417817262e-10
3.53758225142e-10
3.96359887924e-10
4.39347505252e-10
-1.53397747718e-10
-8.72769673362e-11
-2.1980720361e-11
1.11729730762e-10
1.88223867256e-10
2.52300912515e-10
3.17244335246e-10
5.19604110819e-10
4.94974970665e-10
4.70122700051e-10
5.47040098828e-12
5.63236305752e-11
1.06542714793e-10
1.5775632666e-10
2.36659428589e-10
3.56532963022e-10
4.78027292068e-10
4.74943657607e-10
5.23932420155e-10
5.73365001896e-10
-2.26524800912e-10
1.71445871679e-11
2.97942036749e-10
4.83728930927e-10
5.66262608291e-10
6.55479006332e-10
7.65430096959e-10
9.2351225558e-10
1.25289965273e-09
1.55546139605e-09
8.39764197958e-12
6.75073828874e-11
1.25880018822e-10
1.85408653542e-10
2.44178995481e-10
4.75772663135e-10
6.54023409177e-10
8.32306074056e-10
1.00846613626e-09
7.6381091818e-10
-3.53195504915e-10
-2.37823743466e-10
-1.23890680577e-10
-7.70131248205e-12
1.07008002198e-10
4.57869564604e-10
6.00298263254e-10
7.42752466194e-10
8.83510633953e-10
8.06577665007e-10
2.7109921011e-12
4.85332339538e-11
9.37840674085e-11
1.39931038372e-10
1.5097346106e-10
1.65243556266e-10
1.7970659559e-10
1.85001677021e-10
2.26928290994e-10
2.69234743834e-10
-1.10728656162e-11
2.85698219597e-11
6.77181608594e-11
1.07641784814e-10
1.20944909343e-10
1.30466615202e-10
1.40117062818e-10
1.86502059927e-10
2.42378621206e-10
2.98761402464e-10
1.252100414e-11
6.64641033938e-11
1.19734526264e-10
1.7405990482e-10
2.12970134001e-10
2.76825728593e-10
3.41544706451e-10
3.42035265351e-10
3.97033343151e-10
4.52529682212e-10
-9.97946207869e-11
-3.67148577784e-11
2.55782936442e-11
8.91050848752e-11
1.99641805216e-10
2.42820632075e-10
2.86583274288e-10
4.59716559489e-10
4.66507051466e-10
4.73359062667e-10
2.12098719458e-11
8.2345730612e-11
1.42719218393e-10
2.04288329388e-10
2.67881472892e-10
3.75655652655e-10
4.84887033215e-10
4.81122157872e-10
5.47697817919e-10
6.14876627632e-10
-1.78376746795e-10
-9.45384312607e-11
-1.17455887464e-11
7.26868649297e-11
2.69344770132e-10
3.42334189877e-10
4.1631049016e-10
7.01706544814e-10
6.65020803981e-10
6.2800270456e-10
3.18607421595e-11
1.01813531718e-10
1.70894002294e-10
2.41342527247e-10
3.35192146371e-10
4.96802011182e-10
6.6059698215e-10
6.51615768059e-10
7.32383303118e-10
8.13882560728e-10
-1.262409879e-10
2.86771957076e-10
6.14946288485e-10
7.96491429784e-10
9.28377208461e-10
1.09412488634e-09
1.15780686435e-09
1.57730996397e-09
2.09170495281e-09
2.99112173354e-09
4.69961893052e-11
1.29478301711e-10
2.109318531e-10
2.93998492624e-10
3.76007005527e-10
6.68957362773e-10
9.1029006748e-10
1.15166598692e-09
1.39016812629e-09
1.09668046565e-09
-4.11588217529e-10
-2.66143875144e-10
-1.22513239712e-10
2.39618250915e-11
1.6857104861e-10
6.37664748514e-10
8.0130738888e-10
9.64979332252e-10
1.12670262568e-09
1.08694512566e-09
5.58642525531e-12
6.2268506162e-11
1.18243755283e-10
1.7532752587e-10
1.87048679991e-10
2.03563567665e-10
2.20301751008e-10
2.26684395857e-10
2.79019183364e-10
3.31828103753e-10
-1.20801737239e-11
3.64080107665e-11
8.42915422607e-11
1.33123348634e-10
1.46268689871e-10
1.56080474624e-10
1.66024923254e-10
2.23409062588e-10
2.95727785793e-10
3.68701688588e-10
2.33014458735e-11
9.08710979267e-11
1.57598148984e-10
2.25646647818e-10
2.70032361044e-10
3.49409469948e-10
4.29859826513e-10
4.29089115362e-10
5.01676964107e-10
5.74922430616e-10
-1.13501269419e-10
-3.68803047391e-11
3.87851880802e-11
1.15949143602e-10
2.54513010805e-10
3.02549736308e-10
3.51235960188e-10
5.73526950894e-10
5.81652860639e-10
5.89852387975e-10
3.89918927067e-11
1.16204822061e-10
1.9245489769e-10
2.70215012971e-10
3.43532192834e-10
4.78587269112e-10
6.15468407675e-10
6.08361866923e-10
6.98888141337e-10
7.90234548694e-10
-2.03331382749e-10
-1.01792812758e-10
-1.52043990836e-12
1.0073770486e-10
3.50386552203e-10
4.32279653801e-10
5.15280021472e-10
8.8363136625e-10
8.34900784074e-10
7.85728721718e-10
5.82253436635e-11
1.47259064548e-10
2.35182525137e-10
3.24847202514e-10
4.33628760834e-10
6.36934248734e-10
8.42988603938e-10
8.28115562386e-10
9.40630874714e-10
1.05416553215e-09
-1.56525143304e-10
-1.69409782705e-10
2.16271391514e-10
3.49501051897e-10
6.18123109753e-10
8.32658386102e-10
1.03567132935e-09
1.86475310705e-09
3.04504130799e-09
4.87207242568e-09
8.55570897601e-11
1.91388777557e-10
2.95900732561e-10
4.02482419233e-10
5.07706437884e-10
8.61953640827e-10
1.16630677757e-09
1.47071441394e-09
1.77149782548e-09
1.42922535073e-09
-4.69923977148e-10
-2.94436384944e-10
-1.21137142326e-10
5.55940802063e-11
2.30074049859e-10
8.17284570229e-10
1.00212046141e-09
1.18698945062e-09
1.36965742151e-09
1.36703913153e-09
8.45887833857e-12
7.59895432678e-11
1.42678093374e-10
2.10687328794e-10
2.23086510915e-10
2.41843864578e-10
2.60854834002e-10
2.6832391513e-10
3.3105608924e-10
3.94356592523e-10
-1.30864378672e-11
4.42380761506e-11
1.00847747171e-10
1.58578503609e-10
1.71566225079e-10
1.81667788091e-10
1.91905933035e-10
2.60277815191e-10
3.49021659825e-10
4.3856948928e-10
3.4070714862e-11
1.15252797288e-10
1.95422530213e-10
2.77179926817e-10
3.27035449349e-10
4.21917986219e-10
5.18083417644e-10
5.1605274361e-10
6.06212133432e-10
6.97188332366e-10
-1.27193712614e-10
-3.70455802321e-11
5.19783950192e-11
1.42765381408e-10
3.0932734841e-10
3.62216937879e-10
4.15821640673e-10
6.87219390317e-10
6.96679333816e-10
7.06224980734e-10
5.67554843542e-11
1.50028822277e-10
2.42139031413e-10
3.3607337078e-10
4.19104509105e-10
5.81412208244e-10
7.45914448869e-10
7.35469705978e-10
8.49921772574e-10
9.65410730513e-10
-2.28260155961e-10
-1.09039675885e-10
8.69411168486e-12
1.28759473173e-10
4.3134434336e-10
5.22131899121e-10
6.14146981724e-10
1.06536764257e-09
1.00460470221e-09
9.43291273165e-10
8.4562621151e-11
1.92657498071e-10
2.9940441998e-10
4.08265334348e-10
5.31963356548e-10
7.76921254598e-10
1.02519119682e-09
1.00443243404e-09
1.14866262055e-09
1.29419947663e-09
-2.79636353464e-10
-9.03129825619e-10
-3.26403590416e-10
-2.80602803288e-11
3.02491433602e-10
9.13394376142e-10
1.55936453479e-09
2.45324769593e-09
4.13544267408e-09
6.37020705974e-09
1.24078026073e-10
2.53235089987e-10
3.80781551103e-10
5.10853914155e-10
6.3926937823e-10
1.05474989942e-09
1.42205815444e-09
1.78943218228e-09
2.15243231828e-09
1.76142558953e-09
-5.28199278152e-10
-3.22699572663e-10
-1.19762471114e-10
8.71935519597e-11
2.91513309997e-10
9.96718235707e-10
1.20272541323e-09
1.40876947986e-09
1.61236042135e-09
1.6468428507e-09
-2.95317689205e-11
-8.06161459725e-11
-1.31063495221e-10
-1.82509892629e-10
-2.14747263507e-10
-2.37474135634e-10
-2.6050829487e-10
-2.70692969883e-10
-3.32656557067e-10
-3.95181510324e-10
-3.9384916562e-11
-7.37520529484e-11
-1.07690627362e-10
-1.42301313806e-10
-1.38460637267e-10
-1.27567006186e-10
-1.16526083724e-10
-1.89750888864e-10
-2.83391440203e-10
-3.77880338628e-10
-1.55420332216e-10
-2.31306362611e-10
-3.06246085857e-10
-3.82669898825e-10
-4.37122858173e-10
-5.46182101862e-10
-6.56715921531e-10
-6.48378381946e-10
-8.07073861364e-10
-9.67207060292e-10
1.17468867656e-10
3.45956591351e-11
-4.72441113567e-11
-1.30704618582e-10
-3.13639251417e-10
-2.92406664383e-10
-2.70886994276e-10
-6.49535874604e-10
-6.5084112621e-10
-6.52158202889e-10
-2.66921631135e-10
-3.64774840205e-10
-4.61407808991e-10
-5.59954475741e-10
-6.34084099164e-10
-8.19609157664e-10
-1.00764267657e-09
-9.82899746917e-10
-1.22727204517e-09
-1.47385826169e-09
2.56396505107e-10
1.30560775552e-10
6.29423139124e-12
-1.20433259956e-10
-4.68797452521e-10
-4.38407504501e-10
-4.07606657908e-10
-1.05677400483e-09
-9.76296562387e-10
-8.95090025519e-10
-4.03600642714e-10
-5.28381361127e-10
-6.51606050252e-10
-7.77271053896e-10
-8.75520459087e-10
-1.15477780671e-09
-1.43781095695e-09
-1.3929581943e-09
-1.74235368984e-09
-2.09491457308e-09
4.26694899401e-10
2.48195434385e-10
7.19218773403e-11
-1.07842562284e-10
-6.58991376456e-10
-6.17376276257e-10
-5.75198503651e-10
-1.55596913221e-09
-1.37524193577e-09
-1.192877421e-09
-5.97828711798e-10
-7.60874838227e-10
-9.21887761518e-10
-1.08608934917e-09
-1.24819929001e-09
-1.63107009746e-09
-2.0491027238e-09
-2.467210206e-09
-2.88033977261e-09
-2.97746827875e-09
6.68697880766e-10
4.15360475886e-10
1.65182216321e-10
-8.99505182251e-11
-3.41833298999e-10
-8.71700320333e-10
-8.13355337074e-10
-7.54999906152e-10
-6.97339244929e-10
-1.616048983e-09
-1.01620277731e-11
-7.70467039166e-12
-5.27795652717e-12
-2.80318455745e-12
2.81815643359e-12
6.95367075221e-12
1.1145100827e-11
1.17031272426e-11
1.1981028057e-11
1.2261446545e-11
-6.999664916e-12
-2.94660994947e-12
-1.25957824933e-12
2.31625373811e-12
1.01116569889e-11
1.47400471367e-11
1.77190133226e-11
2.76058611817e-11
2.49683030967e-11
2.59333592787e-11
-3.07117445643e-11
-3.19512216784e-11
-3.31752423765e-11
-2.75407834292e-11
-2.12249821249e-11
-1.91966679977e-11
-1.71409292966e-11
-1.36628062451e-11
-2.70739077033e-11
-4.06065085405e-11
-4.13323015489e-11
-3.52139212388e-11
-2.91718378044e-11
-2.11339124604e-11
-2.78472198727e-11
-5.54394241353e-12
1.70608947862e-11
2.27983597097e-12
7.93329302284e-12
1.36379682035e-11
-4.89129222937e-11
-5.34267385324e-11
-5.78842669859e-11
-5.07581892623e-11
-4.25203334196e-11
-4.23583966049e-11
-4.21942702633e-11
-3.61297759055e-11
-6.16654222338e-11
-4.35719492682e-11
-6.84376888061e-11
-6.02407154184e-11
-5.21459591909e-11
-4.10483236572e-11
-6.28102070207e-11
-2.6985607649e-11
9.32337151449e-12
-2.07148915718e-11
-4.65931749104e-12
-6.6247372084e-11
-7.12240433813e-11
-7.97515656437e-11
-8.81727487652e-11
-9.67607031366e-11
-6.8624312426e-11
-7.07501929619e-11
-7.29048172546e-11
-6.36699322635e-11
-1.04067923916e-10
-1.44831905709e-10
-1.29925247514e-10
-1.24793533786e-10
-1.12028545786e-10
-9.44950879471e-11
-9.23600170512e-11
-6.37572050617e-11
-5.23884617873e-11
-4.12445198381e-11
-4.74898932957e-11
-1.48315166056e-10
-1.02929320716e-10
-1.17160530486e-10
-1.31214275504e-10
-1.45546337784e-10
-1.59695834153e-10
-1.1109642989e-10
-1.16546120874e-10
-1.21996787718e-10
-1.27382559862e-10
-2.26399607841e-10
-1.48879483247e-10
-1.34513782016e-10
-1.2032722266e-10
-1.05859715817e-10
-9.15765002162e-11
-9.06189367351e-11
-1.36396007758e-11
6.33535196468e-11
1.39429973252e-10
5.3205719584e-12
-1.62007025701e-11
-5.13877819444e-12
1.78533211341e-12
1.15004332321e-11
2.20475505096e-11
2.77197562771e-11
3.02442528278e-11
3.81875886374e-11
4.93072810129e-11
6.52863174077e-11
-1.09709213757e-11
-3.21848351443e-12
2.55053650105e-12
9.76328832938e-12
1.7458514113e-11
2.15620230834e-11
3.43076591744e-11
4.19910528086e-11
4.28722817074e-11
5.28581112522e-11
-1.69344800674e-11
-9.9273293614e-12
-3.00755859577e-12
1.30560796509e-11
2.47216134537e-11
3.9022399711e-11
5.35165450565e-11
5.64578208216e-11
5.90971080344e-11
6.1760306166e-11
-5.88759667588e-11
-4.2926181247e-11
-2.71752913157e-11
-5.05420372223e-13
3.72584565419e-12
2.61474083531e-11
4.88721301121e-11
7.42896118567e-11
8.07118368943e-11
8.71922448005e-11
-2.48282646057e-11
-1.90303490926e-11
-1.33047342239e-11
9.01033014425e-12
2.28330686267e-11
4.35089002443e-11
6.44642871169e-11
6.84652688621e-11
6.7105747787e-11
8.30605413766e-11
-1.04323963292e-10
-8.1319637544e-11
-5.86021782698e-11
-1.67430180746e-11
-1.79584949698e-11
1.84665011389e-11
5.53839949264e-11
9.374443081e-11
1.02682955965e-10
3.39534299524e-11
-3.45045166205e-11
-3.01888894082e-11
-2.59270785422e-11
-2.15808677153e-11
2.05180781937e-11
4.90084815431e-11
7.78840999651e-11
8.31840761375e-11
7.69227900642e-11
7.06047791669e-11
-1.57528957805e-10
-1.30248209657e-10
-8.96772949255e-11
-4.27506678992e-11
-4.7567772095e-13
6.13842453201e-11
1.13369162893e-10
1.49891575764e-10
4.91344303256e-11
6.84803967962e-13
-4.82549800098e-11
-4.60457624883e-11
-4.38640941524e-11
-4.16392205387e-11
-3.94426880017e-11
5.68236760204e-11
9.69543603283e-11
1.3709223072e-10
1.76752226547e-10
7.75265406459e-11
-2.39201888486e-10
-1.95261507845e-10
-1.51869068585e-10
-1.07617295045e-10
-6.39292132578e-11
-4.32844930304e-12
7.47095292143e-11
1.5376166083e-10
2.31872611396e-10
1.84442456237e-10
-1.75694164871e-11
-2.01048891191e-12
1.45326407976e-11
2.99221320615e-11
4.99172245576e-11
6.00131104938e-11
6.69978191188e-11
8.47636862076e-11
9.56329882425e-11
1.13001682027e-10
-1.18369210882e-11
8.91813303776e-12
2.27926136458e-11
3.50648894044e-11
3.98810419304e-11
3.86919486085e-11
4.99388098397e-11
6.04177920492e-11
7.16895716348e-11
8.81745623971e-11
-3.77101075468e-12
1.11153696973e-11
2.5816115347e-11
5.1844299291e-11
6.86212280004e-11
9.46477316751e-11
1.21026136352e-10
1.23454482081e-10
1.4142909212e-10
1.59566545157e-10
-7.5638038698e-11
-5.02948499673e-11
-2.52676935889e-11
1.92040453661e-11
3.3892289745e-11
5.64268679212e-11
7.92661332253e-11
1.4309125788e-10
1.50248001282e-10
1.57469582005e-10
-1.81660997334e-12
1.38336361318e-11
2.92887219458e-11
6.61160837029e-11
8.52748909863e-11
1.25550696516e-10
1.66371066022e-10
1.68400467346e-10
1.90139993468e-10
2.0405138865e-10
-1.38611457231e-10
-1.01459466071e-10
-6.47707643298e-11
6.47945429964e-12
2.48950145449e-11
6.18936589294e-11
9.9392557217e-11
2.03104440416e-10
2.05242990499e-10
1.29690154976e-10
-1.72223244411e-10
-1.61204395564e-10
-1.40626606394e-10
-6.69991458087e-11
-2.17657824515e-11
7.67426053601e-11
1.61297266314e-10
2.28462779089e-10
2.38177233305e-10
3.70030614615e-10
-1.37692518497e-10
-9.12734178229e-11
-2.85777308443e-11
7.993530437e-11
1.21837877587e-10
1.88840594807e-10
2.67905795634e-10
3.96371498465e-10
4.02697014305e-10
4.29203611421e-10
3.9835471842e-12
2.19007494211e-11
3.95945221745e-11
5.76386984945e-11
7.54530229336e-11
2.17262721205e-10
3.00943115366e-10
3.84638493929e-10
4.67337409745e-10
3.67912381016e-10
-3.25500312232e-10
-2.53302842896e-10
-1.82005683948e-10
-1.09296571815e-10
-3.75136491567e-11
7.81176838567e-11
1.59122589709e-10
2.40142000871e-10
3.20196808893e-10
3.55584225887e-10
-3.99883150874e-12
1.54947998804e-11
3.47453435412e-11
5.43771207155e-11
7.20446046975e-11
8.4727376232e-11
9.75816298862e-11
1.01557842266e-10
1.21640163975e-10
1.41904423733e-10
-1.61165169803e-12
1.42951672459e-11
3.00036264072e-11
4.60231724233e-11
5.93830662207e-11
6.51932914487e-11
7.10820759833e-11
9.76039690939e-11
1.19370255261e-10
1.41333735541e-10
8.96888388081e-12
3.14809558879e-11
5.37122998798e-11
7.63839084966e-11
1.11108238877e-10
1.48483149334e-10
1.86363401139e-10
1.88295321915e-10
2.21111794109e-10
2.54225570816e-10
-9.18607399711e-11
-5.74264093512e-11
-2.34214786232e-11
1.12568782402e-11
6.30880367107e-11
8.57319937474e-11
1.08682116809e-10
2.09679001602e-10
2.17546628006e-10
2.25485532054e-10
2.04545746544e-11
4.56401226373e-11
7.05116040655e-11
1.21384285887e-10
1.45707457722e-10
2.04952548367e-10
2.64998684248e-10
2.65119946748e-10
3.09215237942e-10
3.53710015376e-10
-1.71795646727e-10
-1.20951234337e-10
-7.07408573644e-11
2.89546729669e-11
6.63695820018e-11
1.03923415783e-10
1.41985010112e-10
3.08945458966e-10
3.04502843865e-10
3.00019980394e-10
-6.31787687545e-11
8.13040564225e-12
1.03649029591e-10
2.36062744025e-10
3.09215261156e-10
3.36088127035e-10
4.60805669395e-10
4.87067664062e-10
5.95761332653e-10
7.7742673476e-10
-1.92696169146e-10
-1.02236003362e-10
4.27898856396e-11
1.34805978119e-10
1.68020069705e-10
2.14217308148e-10
2.5133554619e-10
3.94205511581e-10
6.49070059113e-10
9.59126100288e-10
5.45411408212e-11
8.76608755711e-11
1.20367603584e-10
1.53722048413e-10
1.8665161478e-10
3.72539151948e-10
4.9836791154e-10
6.24219202918e-10
7.48572130519e-10
6.48954173424e-10
-4.09021821616e-10
-3.09476521392e-10
-2.11172562016e-10
-1.10921812746e-10
-1.19480862044e-11
1.57910861826e-10
2.40819403141e-10
3.23742790645e-10
4.05678906594e-10
5.21218988371e-10
-1.92664315473e-12
2.32949201517e-11
4.82019677883e-11
7.36022690936e-11
9.5319904352e-11
1.10876432636e-10
1.26643298734e-10
1.31768772769e-10
1.58509732072e-10
1.85492954097e-10
1.45393054508e-12
2.14408560222e-11
4.11785423393e-11
6.13071094356e-11
7.54395587296e-11
8.0837227649e-11
8.63078777543e-11
1.20924959567e-10
1.52057371566e-10
1.83471831146e-10
2.23102951578e-11
5.28081072529e-11
8.29256082752e-11
1.13639549634e-10
1.55601282364e-10
2.0486041687e-10
2.54785577787e-10
2.5619763481e-10
3.04556730611e-10
3.53353941069e-10
-1.08849399289e-10
-6.48946867199e-11
-2.14880942532e-11
2.27781127809e-11
9.3662266636e-11
1.16420766878e-10
1.39486981869e-10
2.79410698796e-10
2.88022772682e-10
2.96712868619e-10
4.37772976633e-11
7.89483586855e-11
1.13680832707e-10
1.4910114097e-10
2.08993360032e-10
2.88103374336e-10
3.68283024949e-10
3.66406055474e-10
4.33912643603e-10
5.02030815244e-10
-2.06546634285e-10
-1.41363310291e-10
-7.69928295208e-11
-1.13475699703e-11
1.09802379353e-10
1.47937615909e-10
1.86588474084e-10
4.19783782113e-10
4.08449270814e-10
3.97012073238e-10
-1.38771509299e-10
-1.35855693872e-11
7.10899974202e-11
1.17161207876e-10
6.57514058852e-11
-2.44393106559e-12
3.98257586275e-11
2.59493824011e-10
5.43512554134e-10
1.09211683904e-09
-2.55224725731e-10
-1.24616493293e-10
-5.07976896799e-12
7.39910722779e-11
2.80725153661e-11
2.18302743907e-11
1.72138191149e-10
3.76442105782e-10
7.20262461288e-10
1.19447686815e-09
1.07485821228e-10
1.56525879066e-10
2.04954401986e-10
2.54341992676e-10
3.03100470104e-10
5.35146990038e-10
7.0511415846e-10
8.75111762403e-10
1.04308540418e-09
9.4326540957e-10
-4.96486815563e-10
-3.68302451213e-10
-2.41716559992e-10
-1.12623789748e-10
1.48245598523e-11
2.41471490453e-10
3.26373547756e-10
4.1129080822e-10
4.95197058423e-10
6.94674228881e-10
1.43524102318e-13
3.10874326205e-11
6.16454671946e-11
9.28086663341e-11
1.18572502577e-10
1.36999984708e-10
1.5567662245e-10
1.61950237216e-10
1.95343339648e-10
2.29038970639e-10
4.51652279023e-12
2.85795752921e-11
5.23425588815e-11
7.65761393479e-11
9.1480390631e-11
9.64659056263e-11
1.01518829127e-10
1.44223204046e-10
1.8471260668e-10
2.25568827602e-10
3.56386939663e-11
7.41144573038e-11
1.12110423639e-10
1.50858853696e-10
2.00050929818e-10
2.61182697164e-10
3.2314101926e-10
3.24033719575e-10
3.87920279575e-10
4.52385627037e-10
-1.25821488816e-10
-7.23556799473e-11
-1.95565955985e-11
3.42881101519e-11
1.24206676162e-10
1.4707960789e-10
1.7026180158e-10
3.49074383581e-10
3.58430178857e-10
3.67870734012e-10
6.70772729887e-11
1.12224107738e-10
1.56807956489e-10
2.02274733932e-10
2.72217536802e-10
3.71173099626e-10
4.71466627863e-10
4.67593375378e-10
5.58488426368e-10
6.50206951275e-10
-2.41263727667e-10
-1.61755477445e-10
-8.32387038522e-11
-3.16700142173e-12
1.53192814776e-10
1.91908887038e-10
2.31148434324e-10
5.3051399974e-10
5.12294314214e-10
4.93909565403e-10
-2.42618568079e-10
-1.77512167056e-10
-9.29088266484e-11
-7.67563133559e-11
-4.9533737381e-11
-4.7978231346e-11
-4.07550456721e-11
4.27483075041e-10
8.74213864425e-10
1.76606772539e-09
-2.73483407613e-10
3.16649589027e-11
2.24000800088e-10
4.66054959997e-10
4.7469945659e-10
7.23117611342e-10
1.10646648781e-09
1.47464115185e-09
2.27724824794e-09
3.25088675807e-09
1.60378862345e-10
2.25323715476e-10
2.89458699143e-10
3.54863797856e-10
4.19435747708e-10
6.97596229511e-10
9.1165875662e-10
1.12575961528e-09
1.33731142602e-09
1.23728959095e-09
-5.83866501032e-10
-4.27071005503e-10
-2.72230767057e-10
-1.14324106737e-10
4.1571093363e-11
3.24950618703e-10
4.11844247629e-10
4.98753436341e-10
5.84627899238e-10
8.67960290821e-10
2.21154585816e-12
3.88718690053e-11
7.50750338888e-11
1.11995158251e-10
1.41801002036e-10
1.63096462585e-10
1.84679856312e-10
1.92100421887e-10
2.32138773231e-10
2.72539856514e-10
7.57594099456e-12
3.57108960629e-11
6.34950051456e-11
9.18293445863e-11
1.0750459797e-10
1.12078386194e-10
1.16714016018e-10
1.67497302452e-10
2.17333998227e-10
2.67622195141e-10
4.89532793519e-11
9.53987256608e-11
1.41264992144e-10
1.88039584034e-10
2.44454510089e-10
3.17446605595e-10
3.91425617818e-10
3.91799499682e-10
4.71197431368e-10
5.51314677529e-10
-1.42775988635e-10
-7.98089406739e-11
-1.76270987302e-11
4.57861786736e-11
1.5471942976e-10
1.77706674378e-10
2.01004726568e-10
4.18665869601e-10
4.28764615482e-10
4.38954852085e-10
9.03531004463e-11
1.45465370127e-10
1.99890383741e-10
2.55393218299e-10
3.3537618865e-10
4.54156732261e-10
5.74543292295e-10
5.68675825728e-10
6.82935100004e-10
7.98229519e-10
-2.75944840592e-10
-1.82126510355e-10
-8.94781050202e-11
5.00508886521e-12
1.96538280774e-10
2.35834586769e-10
2.75662213055e-10
6.41129457646e-10
6.16031733622e-10
5.90706633949e-10
-1.08796355932e-10
1.90434261391e-10
3.61887719103e-10
3.60009514618e-10
4.46051850023e-10
5.19131064191e-10
4.93870224075e-10
7.81861679828e-10
1.74885939833e-09
3.07594532973e-09
-3.97788832347e-10
-2.76695649096e-10
-1.00103921475e-10
-6.39651376746e-11
-1.03546046449e-10
5.25716874817e-11
4.46348152983e-10
9.76848267098e-10
2.07026072419e-09
3.02072616161e-09
2.1321708563e-10
2.94050250479e-10
3.73875416867e-10
4.55281423215e-10
5.35650456562e-10
8.59877108172e-10
1.11798929397e-09
1.37614769915e-09
1.63123251488e-09
1.53100904853e-09
-6.71155627045e-10
-4.85778652635e-10
-3.02713349494e-10
-1.16022661534e-10
6.82899070266e-11
4.08343229996e-10
4.972263665e-10
5.86125419046e-10
6.73966054799e-10
1.04106676077e-09
-2.3431399172e-11
-2.66093507421e-11
-2.97476729065e-11
-3.29481457096e-11
-9.94146083427e-11
-1.29204741619e-10
-1.59397663448e-10
-1.70559728081e-10
-1.97623310754e-10
-2.24932078992e-10
-8.11291512612e-11
-7.15537800037e-11
-6.20978146795e-11
-5.24545855071e-11
-6.0180354886e-11
-4.40466742466e-11
-2.76948521902e-11
-7.38588447205e-11
-9.77646843247e-11
-1.21887101566e-10
-1.79607366184e-10
-2.03616095261e-10
-2.27325432844e-10
-2.5150430491e-10
-3.26306339955e-10
-4.01305186854e-10
-4.77318083498e-10
-4.7795226145e-10
-6.15786414922e-10
-7.54869292379e-10
1.51957868661e-10
1.03699985152e-10
5.60438827603e-11
7.44400944581e-12
-9.52274817598e-11
-3.11623575748e-11
3.37689828991e-11
-2.41157229612e-10
-2.32750786628e-10
-2.2426818453e-10
-3.17934651252e-10
-3.60393497548e-10
-4.02322877359e-10
-4.45082617344e-10
-5.27267587955e-10
-6.42308438348e-10
-7.58904741256e-10
-7.50214219577e-10
-9.86159450042e-10
-1.22424225281e-09
3.5840637202e-10
2.58924748575e-10
1.60683671921e-10
6.04970506898e-11
-1.26269222705e-10
-1.97505342369e-11
8.82083796924e-11
-3.89335799087e-10
-3.52309905811e-10
-3.14948572298e-10
-4.87497129723e-10
-5.5257224874e-10
-6.16835873862e-10
-6.82372161619e-10
-7.73607182277e-10
-9.3773177889e-10
-1.10407548302e-09
-1.08395468438e-09
-1.440165106e-09
-1.79960265591e-09
6.11472279364e-10
4.4920026503e-10
2.8895180057e-10
1.25529810924e-10
-1.64320389025e-10
-5.7618475647e-12
1.54940543504e-10
-5.7097404554e-10
-4.98866245454e-10
-4.26105176659e-10
-7.2845433597e-10
-8.25668368854e-10
-9.21670132051e-10
-1.01957309296e-09
-1.11622893793e-09
-1.3575438944e-09
-1.59458127396e-09
-1.83166109911e-09
-2.06591829274e-09
-2.61722007085e-09
9.71092252958e-10
7.19591788413e-10
4.71227562335e-10
2.17944785995e-10
-3.21116018708e-11
1.41168124432e-11
2.49770460498e-10
4.8546630636e-10
7.18355998117e-10
-5.84064561803e-10
-1.11183321796e-11
-9.30194167353e-12
-7.03627874318e-12
-3.68002722642e-12
-1.82540918981e-12
1.10558982332e-12
8.31521627627e-13
4.22365338334e-12
4.25785888327e-12
2.63402573635e-12
-1.50054451455e-11
-1.1304251812e-11
-8.2538012949e-12
-6.10959337585e-12
3.05050208505e-12
8.75730409297e-12
1.12085467327e-11
1.68018691923e-11
1.41525500355e-11
1.08486913858e-11
-3.10585458994e-11
-3.3272465742e-11
-3.54587777605e-11
-3.14943833975e-11
-2.84194125444e-11
-2.64718510184e-11
-2.44979567639e-11
-2.30497597833e-11
-3.48957287234e-11
-4.68490175488e-11
-3.73967472043e-11
-3.43711534296e-11
-3.13832891422e-11
-2.50247066119e-11
-3.70517170037e-11
-1.62986597268e-11
4.7349969633e-12
-2.40489680795e-12
7.42398444896e-12
1.73419115589e-11
-4.82966109083e-11
-5.45035013454e-11
-6.06329911758e-11
-5.61299560063e-11
-5.19741012298e-11
-5.08975843353e-11
-4.98065119945e-11
-4.72062114451e-11
-6.95746206035e-11
-2.9750680043e-11
-5.77712979854e-11
-5.48018377195e-11
-5.18694069498e-11
-4.1778092621e-11
-7.25708253395e-11
-3.84910848244e-11
-3.95055652919e-12
-1.94166038368e-11
1.46439778659e-12
-8.6919763525e-11
-7.55785338581e-11
-8.05286417626e-11
-9.14917043946e-11
-8.63283998492e-11
-8.08475905862e-11
-8.08388058205e-11
-5.42436531025e-11
-7.68173457403e-11
-1.12084230005e-10
-4.83964197341e-11
-8.6313684824e-11
-7.98459023329e-11
-7.69814223269e-11
-6.23145012773e-11
-1.16110377493e-10
-6.56947026859e-11
-5.20443501177e-11
-4.02696640656e-11
-5.84090199309e-12
-1.4321069211e-10
-9.94547393219e-11
-1.1751173604e-10
-1.35343560021e-10
-1.53528521506e-10
-1.71481837747e-10
-1.23386857405e-10
-1.24915772679e-10
-1.26444961731e-10
-1.27955944522e-10
-2.26574480232e-10
-1.18237706755e-10
-1.15434836257e-10
-1.12666917863e-10
-1.09844184224e-10
-1.07057407374e-10
-1.04352475436e-10
-2.97270378618e-11
4.49117626707e-11
1.18661926513e-10
3.79450528615e-11
-1.25848521345e-11
-7.38989409939e-12
-4.52722230711e-12
2.16603497238e-12
8.95582275329e-12
1.55017107061e-11
1.92021461657e-11
2.35329641649e-11
2.65608159082e-11
3.43350158812e-11
-1.10643977954e-11
-4.64814495247e-12
-2.30534796107e-12
3.03731258513e-12
1.00359732323e-11
1.45908588607e-11
2.3479661809e-11
2.68176721019e-11
2.65166812359e-11
4.09768799215e-11
-1.46475157827e-11
-1.44536395213e-11
-1.42621809183e-11
-4.46050884274e-12
4.48984467993e-12
1.49381120588e-11
2.55276491146e-11
2.72058978565e-11
2.92785577331e-11
3.13699951045e-11
-5.83158248365e-11
-4.96246546635e-11
-4.1041864339e-11
-2.29456982267e-11
-3.06247105445e-11
-1.46565827816e-11
1.52744797916e-12
2.39714265891e-11
3.39574526641e-11
4.40339482632e-11
-1.85081683464e-11
-2.07100997522e-11
-2.2884572831e-11
-1.03297333647e-11
5.34264100659e-13
1.44389246855e-11
2.85315883945e-11
3.04590676976e-11
3.16857004923e-11
2.58060627246e-11
-1.03748803988e-10
-8.94609918362e-11
-7.53513502737e-11
-4.59592220886e-11
-6.66384590326e-11
-4.05614596648e-11
-1.41318765488e-11
2.14504662777e-11
4.05478502147e-11
-9.75241430675e-12
-2.70066288852e-11
-2.83793090674e-11
-3.3453956466e-11
-1.75242666497e-11
-4.31451209328e-12
1.38270175828e-11
3.38610242221e-11
3.44468242771e-11
3.46363916165e-11
2.08954533314e-11
-1.56523641453e-10
-1.38292630951e-10
-1.17408139484e-10
-7.41693481128e-11
-1.10784344276e-10
-7.23158248765e-11
-1.76166338631e-11
1.83602568638e-11
4.8626402051e-11
-3.89601897715e-11
-2.99655888581e-11
-3.92776591469e-11
-4.84736068947e-11
-5.78516691599e-11
-6.71102709847e-11
1.29574653842e-11
3.74465049669e-11
6.193992973e-11
8.61417400008e-11
3.75336877818e-11
-2.38582161471e-10
-2.07684960219e-10
-1.77173050467e-10
-1.46056889595e-10
-1.15337095283e-10
-1.17440449125e-10
-6.06047106319e-11
-3.75879473044e-12
5.24103234971e-11
1.06661980398e-10
-8.91179489554e-12
-5.75497196533e-12
1.27737516165e-12
1.04450961484e-11
2.18696715013e-11
3.13287300045e-11
3.13724544954e-11
3.95031343779e-11
4.6929864652e-11
6.54608512957e-11
-3.13949747958e-11
-2.28170723307e-11
-1.64971825284e-11
-3.67756577903e-12
7.98569290071e-12
1.33887375061e-11
2.68627920625e-11
3.71561037181e-11
4.93130648275e-11
6.95363737972e-11
1.03238144073e-12
3.5267833349e-12
5.99007976297e-12
2.1368971181e-11
3.59329513774e-11
5.45032070259e-11
7.33245487081e-11
7.52226001038e-11
9.05937956472e-11
1.06104248262e-10
-7.83029301521e-11
-6.41985924324e-11
-5.02701373561e-11
-2.09593123889e-11
-2.44840356437e-11
-1.30876625158e-11
-1.53720049523e-12
4.91726502207e-11
5.93088201062e-11
6.95368197606e-11
9.9531600708e-12
1.15777615242e-11
1.31821040188e-11
3.3430029351e-11
5.07033129596e-11
7.6864606626e-11
1.03379623773e-10
1.04664256898e-10
1.28434741613e-10
7.88876798118e-11
-1.47677951859e-10
-1.22576035227e-10
-9.77871422566e-11
-4.99540767602e-11
-6.09703874172e-11
-4.25395965935e-11
-2.38596054221e-11
6.04968548748e-11
7.78900836303e-11
6.39770283997e-11
-1.31279431263e-10
-1.10931943985e-10
-7.94096930611e-11
-3.23198839372e-11
1.93583642467e-11
7.95414913431e-11
1.81086516096e-10
2.33683871098e-10
2.32527097463e-10
2.76450440121e-10
-1.36981156612e-10
-9.67637286994e-11
-5.95539805733e-11
8.91887349391e-12
3.92724754985e-11
9.99943634826e-11
1.46761650517e-10
2.21580811121e-10
2.97247743121e-10
1.88229172514e-10
3.64277289084e-11
3.54709871184e-11
3.45261760038e-11
3.35626540585e-11
3.26114057316e-11
1.43227469955e-10
1.92575330418e-10
2.41932027456e-10
2.90701092169e-10
2.89875490878e-10
-3.53565113055e-10
-2.95825220294e-10
-2.38805350348e-10
-1.80656271496e-10
-1.23247912248e-10
-1.29945336437e-10
-9.01067426243e-11
-5.02610150315e-11
-1.08896838016e-11
1.7231747878e-10
-7.83041468916e-12
-3.79495228708e-12
1.90187454791e-13
4.25424802367e-12
2.92261873742e-11
4.25686192896e-11
5.60914525076e-11
5.98374210384e-11
6.84937854804e-11
7.72285732277e-11
6.84127068115e-12
7.86635373477e-12
8.87865388991e-12
9.91100141368e-12
2.31697271438e-11
2.55588338382e-11
2.79802433363e-11
4.56489130974e-11
4.97631385031e-11
5.39146371957e-11
1.62077302622e-11
2.09286313772e-11
2.55906623359e-11
3.03450191256e-11
6.63642804459e-11
9.27951746789e-11
1.19583437627e-10
1.21694218857e-10
1.49936029219e-10
1.78433699433e-10
-9.764688954e-11
-7.83035694099e-11
-5.92014626104e-11
-3.9721061908e-11
-1.85409556419e-11
-1.15692270332e-11
-4.50323458024e-12
7.3562947803e-11
8.38444301651e-11
9.42190587707e-11
3.74986586478e-11
4.28266626228e-11
4.8088225802e-11
7.57816885549e-11
9.92580200236e-11
1.37281552309e-10
1.75819195876e-10
1.76481668354e-10
2.2207058796e-10
2.680725255e-10
-1.90193545736e-10
-1.54625501338e-10
-1.19500994368e-10
-5.38203848278e-11
-5.54847032521e-11
-4.44540809477e-11
-3.32743150206e-11
9.82868071136e-11
1.14030717066e-10
1.29917260737e-10
6.35972160236e-11
6.96694106012e-11
7.56658842443e-11
8.17811107266e-11
1.39579378216e-10
1.91813241018e-10
2.44753351148e-10
2.43640477415e-10
3.10493595448e-10
3.77952376808e-10
-2.27479902389e-10
-2.23275428883e-10
-1.42455924557e-10
-5.60321718093e-11
2.36339176716e-11
1.4970600481e-10
2.09723039857e-10
2.62852693095e-10
3.16851241545e-10
5.24397286849e-10
1.00684639663e-10
1.07814368255e-10
1.14855188347e-10
1.22035443284e-10
1.29124234079e-10
2.69305640761e-10
3.42712413904e-10
4.16132331781e-10
4.88678124775e-10
5.34097428667e-10
-4.64848138317e-10
-3.81129299318e-10
-2.98454443454e-10
-2.1414231301e-10
-1.30904174607e-10
-1.42047840952e-10
-1.18659456973e-10
-9.52668849035e-11
-7.21528207644e-11
2.35860311734e-10
-6.56427841056e-12
-1.94339365049e-12
2.61986816814e-12
7.27349981567e-12
3.9666347644e-11
5.65093090059e-11
7.35800018781e-11
7.85358685183e-11
9.00911731498e-11
1.01751164361e-10
1.39807267064e-11
1.43118900847e-11
1.46389238192e-11
1.49724340575e-11
2.99342081161e-11
3.12078400963e-11
3.24986926904e-11
5.53478592065e-11
6.17361219255e-11
6.81822598277e-11
3.20995861757e-11
3.91521111121e-11
4.61166902864e-11
5.3219194448e-11
9.8232430727e-11
1.32895105148e-10
1.68026449123e-10
1.70360004269e-10
2.12080118071e-10
2.54178199926e-10
-1.17904177791e-10
-9.30745156614e-11
-6.85544821506e-11
-4.35488593134e-11
-1.23172719439e-11
-9.97909831932e-12
-7.60931055042e-12
9.91048381031e-11
1.09538493899e-10
1.20066674571e-10
6.63447233807e-11
7.55509867589e-11
8.46424470197e-11
9.39139525509e-11
1.50105247172e-10
2.00551096016e-10
2.51679016683e-10
2.51689953077e-10
3.20127469287e-10
3.89185002856e-10
-2.34716521775e-10
-1.88188189322e-10
-1.42240070295e-10
-9.53820048704e-11
-4.97400114257e-11
-4.64589580589e-11
-4.31335419923e-11
1.37861019411e-10
1.51877737647e-10
1.66021441915e-10
1.08322633503e-10
1.20168963358e-10
1.31867568177e-10
1.4379784958e-10
2.13691280234e-10
2.83484246113e-10
3.54220873692e-10
3.51384729035e-10
4.52572609487e-10
5.54677212899e-10
-2.53817898563e-10
-1.09180913107e-10
6.35912541582e-11
2.098679838e-10
1.7409195086e-10
1.86907796325e-10
2.80548688256e-10
4.24586286436e-10
6.24531597209e-10
9.99828456148e-10
1.6797545315e-10
1.8357345642e-10
1.98976950873e-10
2.14685492727e-10
2.30193934681e-10
4.01336617304e-10
4.99938249441e-10
5.98557537882e-10
6.96002682079e-10
7.89850353487e-10
-5.81385413597e-10
-4.70461027283e-10
-3.60919880273e-10
-2.49209404588e-10
-1.38921928905e-10
-1.54721767609e-10
-1.48560293368e-10
-1.42397715811e-10
-1.36308508839e-10
3.02403332097e-10
-5.29937705067e-12
-9.36409209472e-14
5.04717910641e-12
1.02898067978e-11
5.00963251635e-11
7.04364017508e-11
9.10514938928e-11
9.72160785753e-11
1.11667495932e-10
1.26249837526e-10
2.11132193043e-11
2.07511398178e-11
2.03935755023e-11
2.00289300621e-11
3.66920913908e-11
3.68513366288e-11
3.70127350011e-11
6.50373455045e-11
7.36974275676e-11
8.24359666162e-11
4.79759420591e-11
5.73578166809e-11
6.66226982938e-11
7.60710595753e-11
1.30069498591e-10
1.72955924381e-10
2.16422212007e-10
2.18978323788e-10
2.74163595043e-10
3.29848823458e-10
-1.38141708213e-10
-1.07831055156e-10
-7.78983792771e-11
-4.73729232986e-11
-6.09965847997e-12
-8.39052052836e-12
-1.07123570273e-11
1.24621816268e-10
1.35207497076e-10
1.45889080048e-10
9.51626532707e-11
1.08243393414e-10
1.21161015288e-10
1.34334454893e-10
2.00902880771e-10
2.63758930139e-10
3.27464848051e-10
3.26824883833e-10
4.180887114e-10
5.10179353856e-10
-2.79196072585e-10
-2.21718142132e-10
-1.64956967796e-10
-1.07071707704e-10
-4.40009226513e-11
-4.84618797247e-11
-5.29831528239e-11
1.77396633229e-10
1.89687844355e-10
2.02090409088e-10
1.53004428304e-10
1.70619261668e-10
1.88014436121e-10
2.05754100765e-10
2.87730897635e-10
3.75065840423e-10
4.63581627718e-10
4.59023892921e-10
5.94513047578e-10
7.3122968144e-10
-1.31214615065e-10
-2.49244475085e-11
1.08440116346e-10
1.51018604573e-10
1.71958466957e-10
1.58518574456e-10
3.22157412018e-10
4.31270359656e-10
8.63945905945e-10
1.71000266123e-09
2.35200634931e-10
2.59258653396e-10
2.83016665724e-10
3.07245176479e-10
3.31165057532e-10
5.33238818195e-10
6.57010735666e-10
7.8080481661e-10
9.0312502657e-10
1.04535383117e-09
-6.97809024917e-10
-5.59705626062e-10
-4.23324391788e-10
-2.8424229368e-10
-1.46931863133e-10
-1.67383332823e-10
-1.78431966156e-10
-1.89482577934e-10
-2.00401623034e-10
3.68881450108e-10
-4.03578662225e-12
1.75419474287e-12
7.47197440324e-12
1.33029877088e-11
6.05154931558e-11
8.43490605924e-11
1.08504878623e-10
1.15876928644e-10
1.33221457222e-10
1.50723120504e-10
2.82383198563e-11
2.71837159752e-11
2.61422631205e-11
2.50801855635e-11
4.34429708611e-11
4.24889842963e-11
4.15220990022e-11
7.47167897131e-11
8.56463366288e-11
9.66749010017e-11
6.38358438418e-11
7.55446540337e-11
8.71074540741e-11
9.88992412519e-11
1.61873570829e-10
2.1297522497e-10
2.64767817993e-10
2.67546255753e-10
3.36182729304e-10
4.05441022692e-10
-1.58358264655e-10
-1.22572301116e-10
-8.72325924795e-11
-5.1193024061e-11
1.11511109874e-13
-6.80358912397e-12
-1.3812187537e-11
1.50112348884e-10
1.60849897148e-10
1.71684723435e-10
1.23950716538e-10
1.40901917977e-10
1.57641736068e-10
1.74713065819e-10
2.51647868196e-10
3.26901256277e-10
4.03172135721e-10
4.01881945478e-10
5.15948427434e-10
6.31048307487e-10
-3.23629525223e-10
-2.55213344825e-10
-1.87650321725e-10
-1.18749295443e-10
-3.82677818126e-11
-5.0462725582e-11
-6.28225556146e-11
2.16891272722e-10
2.27458765036e-10
2.38121994734e-10
1.97639915328e-10
2.21017273778e-10
2.44103113997e-10
2.67646141094e-10
3.61693781097e-10
4.66552520459e-10
5.72829041323e-10
5.66551500625e-10
7.3630637998e-10
9.0759917272e-10
-2.62845592867e-10
-2.91344598247e-10
-2.50242185496e-10
-1.28548388546e-10
-3.94389287528e-11
6.98510334779e-11
1.83134957214e-10
3.78314705219e-10
9.5289804289e-10
2.0639941677e-09
3.02356145187e-10
3.3486541097e-10
3.66969282632e-10
3.99708932275e-10
4.32031534894e-10
6.65004316928e-10
8.13920433494e-10
9.62863216032e-10
1.11003271148e-09
1.30059250752e-09
-8.14111975938e-10
-6.48857732607e-10
-4.85664227874e-10
-3.19238875027e-10
-1.54933495943e-10
-1.80031775715e-10
-2.08272680232e-10
-2.36518641764e-10
-2.64428311748e-10
4.35290670845e-10
-1.73310294235e-11
2.73974444883e-11
7.15681494085e-11
1.1661360121e-10
1.59180468213e-11
-2.09353476038e-11
-5.82870320261e-11
-7.0426486279e-11
-6.2590064441e-11
-5.46826476597e-11
-1.2287338596e-10
-6.93555070591e-11
-1.65050019966e-11
3.73921427919e-11
1.80999274946e-11
3.94736576933e-11
6.11363793438e-11
4.20331994233e-11
8.7862071554e-11
1.34106135496e-10
-2.03794400152e-10
-1.7592582791e-10
-1.4840477983e-10
-1.20338710995e-10
-2.15489821737e-10
-2.56428271847e-10
-2.97920245465e-10
-3.07526140954e-10
-4.24498968479e-10
-5.42531524466e-10
1.86446869665e-10
1.72804311168e-10
1.59331876877e-10
1.45592637474e-10
1.23184287897e-10
2.30081949234e-10
3.38424960075e-10
1.67221415381e-10
1.85339552954e-10
2.03621833828e-10
-3.68947671369e-10
-3.56012154891e-10
-3.43237945728e-10
-3.30210758948e-10
-4.20451076746e-10
-4.65007719033e-10
-5.1016680594e-10
-5.17528692237e-10
-7.45046854913e-10
-9.74626243923e-10
4.60416238934e-10
3.87288721598e-10
3.15073112451e-10
2.41427361335e-10
2.16259007111e-10
3.98906436027e-10
5.84023417293e-10
2.78102406658e-10
2.71676750766e-10
2.65192880923e-10
-5.71393616732e-10
-5.76763136353e-10
-5.82065697473e-10
-5.87473269342e-10
-6.71693905467e-10
-7.20685751069e-10
-7.70340009102e-10
-7.74951174456e-10
-1.13797652215e-09
-1.50429073874e-09
7.96249659327e-10
6.50205095674e-10
5.059817238e-10
3.58902184133e-10
3.30350598406e-10
6.05852581128e-10
8.85079590658e-10
4.14021041126e-10
3.77509444858e-10
3.40667067684e-10
-8.59079960142e-10
-8.90461899481e-10
-9.21452502584e-10
-9.53056836744e-10
-9.84258585853e-10
-1.08401769133e-09
-1.14005982412e-09
-1.19611199221e-09
-1.25149681286e-09
-2.25697186296e-09
1.27348662515e-09
1.02382310094e-09
7.77272908349e-10
5.25840090214e-10
2.77610095257e-10
8.99933945219e-10
1.31289625807e-09
1.72593251887e-09
2.13405124116e-09
4.47919859397e-10
-1.30304011023e-11
-1.08992129554e-11
-8.79460095918e-12
-6.64830969197e-12
-6.46897481321e-12
-4.74249110557e-12
-2.99266383419e-12
-3.25582047589e-12
-3.46531029045e-12
-3.67669800149e-12
-1.51565487511e-11
-1.28153548255e-11
-1.17351925009e-11
-1.06599483813e-11
-3.3404693163e-12
7.71128359872e-13
1.34800277595e-12
6.46441904146e-12
2.60110260368e-12
4.88320273697e-12
-3.14053472345e-11
-3.45937098055e-11
-3.77423131445e-11
-4.09532707283e-11
-3.56138429638e-11
-3.3747034039e-11
-3.18549842312e-11
-3.24367133215e-11
-4.27175497435e-11
-5.3091526557e-11
-3.34611928597e-11
-3.35283856204e-11
-3.359474048e-11
-3.36624094165e-11
-4.62562141348e-11
-2.70533770402e-11
-7.59090085962e-12
-7.08962958687e-12
6.91467587507e-12
2.10458549143e-11
-4.7680299523e-11
-5.55802641585e-11
-6.33817153657e-11
-6.15017227503e-11
-6.142786904e-11
-5.94367720657e-11
-5.74187537257e-11
-5.82826469847e-11
-7.74838189733e-11
-9.68589461348e-11
-4.71049071648e-11
-4.93629600206e-11
-5.15928547088e-11
-4.25078615848e-11
-8.23314436583e-11
-4.99965619997e-11
-1.72244845729e-11
-1.81183161018e-11
7.58811306421e-12
3.35274325107e-11
-6.76302410379e-11
-8.13057178815e-11
-9.4810660024e-11
-1.08583051057e-10
-9.30708687464e-11
-9.0927418679e-11
-8.87549872996e-11
-8.99647592171e-11
-1.20100536094e-10
-1.50509331424e-10
-7.45817960067e-11
-7.06990342953e-11
-6.54601463547e-11
-4.55785182401e-11
-6.24133845792e-11
-3.29419874006e-11
-4.0994055644e-11
-4.61694929301e-12
-3.68996202727e-11
-8.78337788915e-11
-9.59801579275e-11
-1.17862941593e-10
-1.39472844538e-10
-1.61510705228e-10
-1.83267841342e-10
-1.35677284919e-10
-1.33285424484e-10
-1.30893135745e-10
-1.28529329183e-10
-2.26749352624e-10
-8.75959302637e-11
-9.63558904985e-11
-1.05006613065e-10
-1.1382865263e-10
-1.22538314531e-10
-1.18086014138e-10
-4.58144749477e-11
2.64700056945e-11
9.78938797728e-11
7.05695337645e-11
-1.25552863167e-11
-1.51300617597e-11
-1.76727294695e-11
-2.02657516089e-11
-8.94219597756e-12
-2.9535744709e-12
3.11601841548e-12
4.16490368295e-12
3.0665364058e-12
1.95821834701e-12
-8.24160223662e-12
-4.0358912109e-12
-3.53492023325e-12
-2.29646749064e-12
7.00096085862e-12
1.40965388751e-11
1.91640364685e-11
2.46456584802e-11
2.9074220584e-11
3.94489513723e-11
-1.2360551498e-11
-1.89799496812e-11
-2.55168032408e-11
-3.2183111204e-11
-1.57419240938e-11
-9.14617559331e-12
-2.46124682721e-12
-2.04602510859e-12
-5.39992568207e-13
9.79684043028e-13
-5.77556829141e-11
-5.632312808e-11
-5.49084373622e-11
-5.34657304221e-11
-6.49752667433e-11
-5.54605739163e-11
-4.58172341537e-11
-2.63467586786e-11
-1.27969315662e-11
8.75651725861e-13
-1.2188072087e-11
-2.23898504118e-11
-3.24644114382e-11
-2.96697968737e-11
-2.17645404254e-11
-1.46310508732e-11
-7.40111032789e-12
-7.54713346682e-12
-3.73434680233e-12
1.12982230928e-13
-1.03173644685e-10
-9.76023461283e-11
-9.21005222776e-11
-7.51754261025e-11
-1.15318423095e-10
-9.95894204686e-11
-8.36477480241e-11
-5.08434982546e-11
-2.15872555351e-11
7.93403739921e-12
-1.19766457124e-11
-2.65697287266e-11
-4.09808343898e-11
-5.56773344058e-11
-2.91471023802e-11
-2.13544463775e-11
-1.34564268771e-11
-1.42904275833e-11
-7.65000683125e-12
-9.49426441968e-13
-1.16049238941e-10
-9.19745881157e-11
-6.55084267079e-11
-1.50787575354e-11
-2.71421430173e-11
2.69629608926e-11
6.3933526382e-11
8.72418177501e-11
3.85090914576e-11
-1.0842656183e-10
-1.16761977063e-11
-3.25095558056e-11
-5.30831196369e-11
-7.40641177811e-11
-9.47778539678e-11
-3.09087452521e-11
-2.20613503944e-11
-1.32123712597e-11
-4.46874654499e-12
-2.4591650824e-12
-2.37962434457e-10
-2.20108412594e-10
-2.02477032349e-10
-1.84496484145e-10
-1.66744977308e-10
-2.30552448946e-10
-1.95918950478e-10
-1.61279250291e-10
-1.27051964402e-10
2.88815045588e-11
-1.21013385173e-11
-1.91724207065e-11
-2.61553257226e-11
-3.3276518647e-11
-1.13052318986e-11
-1.24435641613e-12
8.95255086738e-12
1.12550248579e-11
9.30738077374e-12
7.34209178936e-12
-1.21022219742e-11
-7.01225545225e-12
-6.30210334023e-12
5.66589927537e-13
8.59468374678e-12
1.31432594744e-11
1.82287805055e-11
2.56229803581e-11
2.91590067599e-11
4.46846933377e-11
5.83577363614e-12
-4.06180302752e-12
-1.38359558211e-11
-2.38036737772e-11
3.24467475439e-12
1.43586823767e-11
2.56229610639e-11
2.69907181267e-11
3.97584991741e-11
5.26419513671e-11
-8.09678216062e-11
-7.81023348975e-11
-7.52725811233e-11
-7.23867875307e-11
-8.28603610325e-11
-8.26021929528e-11
-8.23405342157e-11
-4.47459574387e-11
-3.16303610699e-11
-1.83959424837e-11
2.17229301149e-11
9.3218869167e-12
-2.92451390827e-12
7.43974999146e-13
1.61317349328e-11
2.8178516736e-11
4.03881815238e-11
4.09280464505e-11
6.67294897573e-11
9.2764684136e-11
-1.56744446488e-10
-1.43692604382e-10
-1.30803520183e-10
-1.0638760782e-10
-1.46835789379e-10
-1.46972852116e-10
-1.47111768061e-10
-8.21107306662e-11
-4.9462823238e-11
-1.65191384278e-11
4.11975090244e-11
2.57277003967e-11
1.04508019849e-11
-5.12863674801e-12
3.19287764418e-11
4.5118958854e-11
5.84874840229e-11
5.80125134281e-11
9.97907040206e-11
1.4194738882e-10
-1.46067202557e-10
-1.00946971878e-10
-4.1995458826e-11
3.76289637105e-11
8.47304283164e-11
1.49009831736e-10
2.06039731039e-10
2.78259350966e-10
2.83430451079e-10
2.10394004449e-10
6.88719106326e-11
4.90412248157e-11
2.9457829833e-11
9.48660962263e-12
-1.02302114705e-11
6.91922187057e-11
8.4207545469e-11
9.92255609827e-11
1.14064774593e-10
2.1183860074e-10
-3.81629913879e-10
-3.38347597691e-10
-2.95605016749e-10
-2.52015971177e-10
-2.08982175339e-10
-3.38008356731e-10
-3.39336074957e-10
-3.40664030934e-10
-3.41976176496e-10
-1.09492683264e-11
-1.16619978696e-11
-2.30847044546e-11
-3.43649686316e-11
-4.58686246682e-11
-1.3592229949e-11
4.0986234714e-13
1.4601275129e-11
1.81169998112e-11
1.53474069853e-11
1.25527227224e-11
1.52941930603e-11
1.43754022365e-12
-1.22463186274e-11
-2.62011695959e-11
-1.30436119331e-11
-1.40756237724e-11
-1.51215893108e-11
-6.30614289906e-12
-1.98439782548e-11
-3.35044611495e-11
2.34465766437e-11
1.03763068666e-11
-2.53097520806e-12
-1.56938702453e-11
2.16203220147e-11
3.7107200024e-11
5.28034741152e-11
5.50931157992e-11
7.87602643297e-11
1.02641828049e-10
-1.03433039109e-10
-9.91807294687e-11
-9.49814465976e-11
-9.06990020562e-11
-1.00169947994e-10
-1.08870447814e-10
-1.1768858597e-10
-6.2553105996e-11
-4.98577676755e-11
-3.70474145124e-11
5.45427426411e-11
4.00132026083e-11
2.56648475385e-11
1.10323408149e-11
5.28085823255e-11
6.96105562521e-11
8.66397075031e-11
8.78433899601e-11
1.34925937978e-10
1.82435035624e-10
-2.08591444745e-10
-1.88299768339e-10
-1.68261131371e-10
-1.47825653664e-10
-1.77338988506e-10
-1.92831577679e-10
-2.08533640154e-10
-1.12371844739e-10
-7.64414097339e-11
-4.01854589196e-11
9.26606235412e-11
7.63423006142e-11
6.02274689698e-11
4.37935027597e-11
9.1039353029e-11
1.09453380016e-10
1.28116380688e-10
1.27988887319e-10
2.03774183094e-10
2.80246064264e-10
-1.73281234144e-10
-1.05851538112e-10
-5.65637148801e-11
5.02486868959e-11
1.47560735006e-10
2.42018201577e-10
2.77303489581e-10
3.26829708353e-10
3.59465497906e-10
4.94016662039e-10
1.46828138504e-10
1.27967860938e-10
1.09342773109e-10
9.03488381549e-11
7.15968533789e-11
1.66072129574e-10
1.87056916267e-10
2.08045460644e-10
2.2878411903e-10
4.19240683911e-10
-5.20674455018e-10
-4.52782077245e-10
-3.85736324893e-10
-3.17362813274e-10
-2.49860263009e-10
-4.4200654373e-10
-4.78138317086e-10
-5.14276560452e-10
-5.49984548123e-10
-4.94983649021e-11
-1.12019136664e-11
-2.71817074527e-11
-4.2962231452e-11
-5.90552694623e-11
-1.59872090641e-11
2.14218537605e-12
2.05167050223e-11
2.53029642673e-11
2.16726142275e-11
1.8009374624e-11
2.65075228677e-11
7.18292414711e-12
-1.1900694701e-11
-3.13622413206e-11
-1.55711424974e-11
-1.84215474563e-11
-2.13104923735e-11
-1.02292411539e-11
-2.85851277148e-11
-4.71073114905e-11
4.18888771936e-11
2.54961149712e-11
9.30777229752e-12
-7.20116073796e-12
4.086357909e-11
6.09297934252e-11
8.12673204589e-11
8.45223737285e-11
1.19603505531e-10
1.55002458784e-10
-1.26958956293e-10
-1.21254344603e-10
-1.15620870048e-10
-1.09875831408e-10
-1.18296810524e-10
-1.36378963516e-10
-1.54705602969e-10
-8.12010225897e-11
-6.89457848842e-11
-5.6579519477e-11
8.89121490981e-11
7.21536148323e-11
5.56040613328e-11
3.87267641322e-11
9.12171343121e-11
1.12998817697e-10
1.35075008417e-10
1.3697385068e-10
2.0634229497e-10
2.76339190468e-10
-2.62886409264e-10
-2.35013068353e-10
-2.0748731107e-10
-1.7941643977e-10
-2.09282402204e-10
-2.40855532027e-10
-2.72855558069e-10
-1.4406174329e-10
-1.0469379552e-10
-6.49691894079e-11
1.46553579175e-10
1.29346679178e-10
1.12354351118e-10
9.50255107471e-11
1.52940847165e-10
1.76825363579e-10
2.01032819462e-10
2.01269209524e-10
3.12667262671e-10
4.25074538985e-10
-1.32814167525e-10
-5.78960301558e-11
7.96744845723e-11
2.22419253732e-10
2.46556362108e-10
3.3111762459e-10
3.09497667666e-10
4.25075085889e-10
6.44228370918e-10
9.25694277459e-10
2.28465085073e-10
2.10621033775e-10
1.9299949976e-10
1.75028992779e-10
1.57287399257e-10
2.67526244569e-10
2.94762340421e-10
3.22003313361e-10
3.48919959974e-10
6.36435297403e-10
-6.6628401163e-10
-5.72619603353e-10
-4.80123200553e-10
-3.85795019428e-10
-2.92668417663e-10
-5.5091502567e-10
-6.23494134492e-10
-6.96086239842e-10
-7.67814076102e-10
-8.98675646868e-11
-1.07422782037e-11
-3.12747144624e-11
-5.15511089817e-11
-7.22290527384e-11
-1.83798522501e-11
3.87281879369e-12
2.64263653352e-11
3.24819199343e-11
2.79916522152e-11
2.34607044117e-11
3.77099158184e-11
1.29227043435e-11
-1.15554078769e-11
-3.65182792237e-11
-1.80962078493e-11
-2.27632323687e-11
-2.74933591252e-11
-1.41485130375e-11
-3.73177515451e-11
-6.06968943698e-11
6.0313190152e-11
4.06011760581e-11
2.1134972949e-11
1.28326545416e-12
6.00880673653e-11
8.47291515973e-11
1.09703404754e-10
1.13922928001e-10
1.60406910512e-10
2.0731201988e-10
-1.5046192761e-10
-1.43306430364e-10
-1.36240162956e-10
-1.29033956749e-10
-1.36405993122e-10
-1.63860648947e-10
-1.91686515635e-10
-9.98307510454e-11
-8.80151847053e-11
-7.60925739156e-11
1.23248033553e-10
1.04262679091e-10
8.55140740876e-11
6.63941758533e-11
1.29588224739e-10
1.56344760652e-10
1.83463068239e-10
1.86056392288e-10
2.77688996431e-10
3.70151756437e-10
-3.17128417504e-10
-2.81680806819e-10
-2.4667523174e-10
-2.10976413986e-10
-2.41194660078e-10
-2.88832646487e-10
-3.37114739972e-10
-1.75720733281e-10
-1.32918625504e-10
-8.97287472276e-11
2.00393970625e-10
1.82299360227e-10
1.64430391612e-10
1.46207549891e-10
2.14781966036e-10
2.44131636267e-10
2.73878139608e-10
2.74478058189e-10
4.2145413401e-10
5.69761756088e-10
-4.71606862015e-11
1.42882190308e-11
1.57727851958e-10
2.33084151054e-10
2.36046672385e-10
3.14105980939e-10
4.85149521909e-10
7.45764064148e-10
1.07385808323e-09
1.31564347917e-09
3.10022407516e-10
2.93193591316e-10
2.76574632305e-10
2.59626555102e-10
2.42894367356e-10
3.68881406879e-10
4.02362714711e-10
4.35850017944e-10
4.68938627117e-10
8.53418071381e-10
-8.11751548801e-10
-6.92340246621e-10
-5.74418016518e-10
-4.54160480624e-10
-3.3543481963e-10
-6.5971728435e-10
-7.6870817994e-10
-8.7771859221e-10
-9.85431145305e-10
-1.30197390605e-10
-1.02831191027e-11
-3.53634795196e-11
-6.01310850823e-11
-8.53891828337e-11
-2.07700157239e-11
5.60165859968e-12
3.23299009337e-11
3.96534354015e-11
3.43041412135e-11
2.89063844943e-11
4.89006987181e-11
1.86565358875e-11
-1.12104789047e-11
-4.16689734592e-11
-2.06186562481e-11
-2.7100417601e-11
-3.3669818014e-11
-1.80637230258e-11
-4.6041324969e-11
-7.42723931376e-11
7.87184083317e-11
5.56905824066e-11
3.29499160047e-11
9.75889846951e-12
7.92926315681e-11
1.08503844346e-10
1.38110018168e-10
1.43293011825e-10
2.01168027241e-10
2.59567367855e-10
-1.73940540676e-10
-1.65335661558e-10
-1.56838086229e-10
-1.48172226796e-10
-1.5449640754e-10
-1.91313852626e-10
-2.28629101642e-10
-1.18441171832e-10
-1.07064821186e-10
-9.55854052144e-11
1.57548332631e-10
1.36338465827e-10
1.15393088396e-10
9.40329133381e-11
1.67919547741e-10
1.99645780293e-10
2.31800979147e-10
2.35088065228e-10
3.48961754864e-10
4.63867095975e-10
-3.71314209853e-10
-3.28300179295e-10
-2.8582253843e-10
-2.42503679751e-10
-2.73073844399e-10
-3.36760037933e-10
-4.01307324284e-10
-2.07346912203e-10
-1.61114203549e-10
-1.14462644482e-10
2.54178562416e-10
2.35197161632e-10
2.16452461005e-10
1.97336544467e-10
2.76558993372e-10
3.11368153389e-10
3.46647963573e-10
3.47611033916e-10
5.30128259694e-10
7.14299020766e-10
-2.11097481286e-10
-8.77215024595e-11
2.48288560459e-11
-1.14269198664e-11
-2.12427600579e-10
-3.19819575484e-10
-3.60253702678e-10
-4.60691349693e-10
-2.30256597926e-10
6.56349709652e-10
3.91495204744e-10
3.75680571461e-10
3.60063148396e-10
3.44136441335e-10
3.28412613225e-10
4.70131525683e-10
5.0985157302e-10
5.49578732909e-10
5.88832908082e-10
1.07017596652e-09
-9.57068324832e-10
-8.11936812579e-10
-6.68615106254e-10
-5.22455088521e-10
-3.78156898913e-10
-7.68406781427e-10
-9.13771726964e-10
-1.05916270257e-09
-1.2028226783e-09
-1.70485419084e-10
