1.48428633463e-10
5.05326336369e-11
-4.61425922991e-11
-1.44732353051e-10
-2.23923048035e-10
-3.51904999763e-10
-4.81617378968e-10
-3.53324207045e-10
-3.33349947512e-10
-3.13194728932e-10
-6.22032410364e-11
-2.31299424464e-10
-3.98286959878e-10
-5.68581479551e-10
-5.5839668249e-10
-6.31880274131e-10
-7.06357427945e-10
-6.0143568071e-10
-6.61836019169e-10
-7.22783561273e-10
1.06532784162e-10
2.22395336237e-11
-6.10025708052e-11
-1.4589318348e-10
-2.90501583733e-10
-1.83656869218e-10
-7.53675210867e-11
-4.30534094902e-10
-6.30032852923e-10
-8.31338992335e-10
-4.14667760494e-10
-6.35791279101e-10
-8.54157363098e-10
-1.07684792078e-09
-1.12137950577e-09
-1.05321236135e-09
-9.84123537764e-10
-1.14176128636e-09
-1.00660899424e-09
-8.70232274757e-10
6.94250319244e-11
-2.82006924521e-12
-7.41642660535e-11
-1.46921347573e-10
-3.49471143922e-10
-3.46370964505e-11
2.84453781608e-10
-4.98919995576e-10
-8.92809140573e-10
-1.29026676849e-09
-7.26850620585e-10
-9.94055493207e-10
-1.25792829166e-09
-1.52702676873e-09
-1.62002143496e-09
-1.42639221004e-09
-1.23014494932e-09
-1.62033539421e-09
-1.31197934358e-09
-1.0008297067e-09
2.39381098264e-11
-3.35382921168e-11
-9.02979570031e-11
-1.48181677753e-10
-4.21756411251e-10
1.48032302426e-10
7.2552505588e-10
-5.82747873821e-10
-1.2149220093e-09
-1.85282339733e-09
-1.10952638457e-09
-1.43321807824e-09
-1.75287330088e-09
-2.07885890492e-09
-2.23125992881e-09
-1.88383847617e-09
-1.53171958283e-09
-2.2069746232e-09
-1.68630428794e-09
-1.16091688134e-09
-4.07012005234e-11
-7.71905035658e-11
-1.13224780984e-10
-1.49972673271e-10
-1.86252460392e-10
4.07615132409e-10
1.3523105509e-09
2.29717513322e-09
3.23079032072e-09
-2.65224597515e-09
-1.65332878602e-09
-2.05729122539e-09
-2.4562162087e-09
-2.86304141424e-09
-3.26468436392e-09
-2.53389369646e-09
-1.96027300941e-09
-1.3865496058e-09
-8.19656854112e-10
-1.38840918214e-09
1.16445597129e-11
8.66494458659e-12
5.72248558875e-12
2.72175478299e-12
1.02459205076e-11
9.9205043193e-12
9.59068822063e-12
2.25266525083e-11
2.43348567344e-11
2.61594425897e-11
8.92644845664e-12
8.50539206073e-12
8.08958628441e-12
7.66554598236e-12
1.38137146112e-11
1.4965141773e-11
1.61321372331e-11
2.46290291191e-11
3.20909566917e-11
3.96204864348e-11
1.69401388081e-11
1.02372956228e-11
3.61803762965e-12
-3.13230668643e-12
7.17444742582e-12
2.55726674301e-11
4.42196473963e-11
4.04667438683e-11
5.14528708411e-11
6.25385278644e-11
2.19886050345e-11
1.27795042582e-11
3.68524198189e-12
-5.58912105531e-12
8.60780045055e-12
9.05293168087e-12
9.5040814732e-12
1.95312751194e-11
4.27411979838e-11
6.61613937496e-11
2.16305088638e-11
1.16299493978e-11
1.75409800874e-12
-8.31733255936e-12
4.45399983909e-12
3.94360118997e-11
7.48910112377e-11
5.63565390728e-11
7.54716833356e-11
9.47600033934e-11
3.35579437177e-11
1.65651464902e-11
-2.15748686052e-13
-1.7328969003e-11
3.99684790829e-12
3.81640274215e-12
3.63351780017e-12
1.50161215769e-11
5.21742688425e-11
8.96690545142e-11
2.73799947386e-11
1.333707338e-11
-5.30731204e-13
-1.46731707262e-11
1.119257636e-12
5.64297889914e-11
1.12488166914e-10
7.58343525494e-11
1.04914098651e-10
1.34257295977e-10
4.77397137165e-11
2.12056111617e-11
-4.9976082145e-12
-3.17197503581e-11
-1.6552874661e-12
-2.602568215e-12
-3.56265702484e-12
9.4814172344e-12
6.37373879596e-11
1.18484896742e-10
3.55503167712e-11
1.57629864073e-11
-3.77759376947e-12
-2.3705151279e-11
-4.33788658593e-11
8.05788406481e-11
1.65915703928e-10
2.51267848229e-10
3.35603804616e-10
1.90385027544e-10
6.78927552938e-11
2.77999556949e-11
-1.17928822812e-11
-5.21698080734e-11
-9.20324010321e-11
-1.17242637857e-11
-1.37888001972e-11
-1.58537062992e-11
-1.78940279852e-11
1.5943372517e-10
-3.46675217429e-12
4.03958368096e-12
1.14523147021e-11
1.90118458107e-11
3.61158936773e-11
4.98934184973e-11
6.38572274551e-11
6.40490271976e-11
6.3850324333e-11
6.36498212975e-11
1.67845484013e-11
3.49979892997e-11
5.29843065859e-11
7.13268209259e-11
7.70290403332e-11
8.64258210359e-11
9.59496543997e-11
9.37939460018e-11
1.0875300273e-10
1.23847582712e-10
7.04233148574e-12
8.91134036501e-12
1.07570424979e-11
1.26392965081e-11
4.00604057458e-11
4.86874402076e-11
5.74311196907e-11
9.25008760495e-11
1.26740461246e-10
1.61290243809e-10
7.02285086002e-11
8.44307946428e-11
9.84559766157e-11
1.12758910194e-10
1.33443902672e-10
1.26407399273e-10
1.19275756219e-10
1.47825846319e-10
1.58668861189e-10
1.69610109569e-10
1.63503770132e-11
1.32263248566e-11
1.01412299742e-11
6.99503855428e-12
4.35541164351e-11
4.76192880081e-11
5.17394242422e-11
1.17701085033e-10
1.82443153941e-10
2.4777176089e-10
1.17564587634e-10
1.28214136518e-10
1.38730884356e-10
1.49455903545e-10
1.83411352171e-10
1.61819654283e-10
1.3993601783e-10
1.95682672315e-10
2.0288005011e-10
2.10142633357e-10
2.77602392726e-11
1.8515660685e-11
9.3863630096e-12
7.62707399742e-14
4.7836729538e-11
4.63099401507e-11
4.47625072408e-11
1.48591663786e-10
2.50723874019e-10
3.53781362474e-10
1.75589458707e-10
1.81884039462e-10
1.88100126103e-10
1.94439314751e-10
2.44661774139e-10
2.0522822494e-10
1.65261499804e-10
2.54345878374e-10
2.57074410722e-10
2.59827662515e-10
4.39742540624e-11
2.60320852833e-11
8.3136573231e-12
-9.75566246983e-12
-2.75948100972e-11
4.44492879323e-11
3.48479409757e-11
2.52448747342e-11
1.57561409437e-11
5.04426585777e-10
2.58045854442e-10
2.58151796277e-10
2.58256417006e-10
2.58363109621e-10
2.58468443155e-10
2.66914088506e-10
2.01250342611e-10
1.35574838501e-10
7.06812556206e-11
3.30432703952e-10
-1.79048353182e-11
-3.79711336207e-13
1.69268724213e-11
3.457619194e-11
6.08333256476e-11
8.80854869764e-11
1.15706121267e-10
1.03721525692e-10
1.01605326077e-10
9.94699545143e-11
2.42925596979e-11
6.03103066212e-11
9.58789082772e-11
1.32151902662e-10
1.3742804047e-10
1.5470283341e-10
1.722111966e-10
1.59877475218e-10
1.81999654176e-10
2.04322251497e-10
-2.41451555237e-12
7.64445815118e-12
1.75779953458e-11
2.77082541164e-11
7.14812515357e-11
7.0772419573e-11
7.00540035847e-11
1.42216819467e-10
1.98673890858e-10
2.55642441424e-10
1.16319261259e-10
1.52889926164e-10
1.89004550854e-10
2.25834381592e-10
2.52718392979e-10
2.38533571577e-10
2.24156959032e-10
2.70404726282e-10
2.69431795111e-10
2.68450049561e-10
1.13054819545e-11
1.47515796972e-11
1.81547042218e-11
2.16252234726e-11
8.09122716079e-11
5.54379884442e-11
2.96192707804e-11
1.76312651097e-10
2.84648905378e-10
3.93966644116e-10
1.97828625498e-10
2.34889017759e-10
2.7148726285e-10
3.08810291501e-10
3.54832705202e-10
3.12783653953e-10
2.701660629e-10
3.68300291509e-10
3.46871691368e-10
3.25248956418e-10
2.81235434145e-11
2.34635351406e-11
1.88616376827e-11
1.41686052642e-11
9.24728768578e-11
3.66409438348e-11
-1.99458855603e-11
2.18107541481e-10
3.90037632854e-10
5.63525344189e-10
2.9774333005e-10
3.35404033262e-10
3.72595103361e-10
4.10522697196e-10
4.80005087926e-10
4.03799883962e-10
3.26564319254e-10
4.8830130695e-10
4.41798015812e-10
3.94873422887e-10
5.20228939103e-11
3.58436823497e-11
1.98662273376e-11
3.57235833636e-12
-1.25139546995e-11
9.92935412667e-12
-9.03805814129e-11
-1.90708479158e-10
-2.8984189025e-10
8.04477181136e-10
4.39727383886e-10
4.78241160556e-10
5.16274666194e-10
5.55061378974e-10
5.93354015509e-10
5.33138737133e-10
4.06709209863e-10
2.8025704323e-10
1.55310394291e-10
4.93813454186e-10
-3.18783292066e-11
-4.65680208974e-12
2.22252695886e-11
4.96397078754e-11
8.47553990373e-11
1.25048609446e-10
1.65886619161e-10
1.42117440837e-10
1.38145445764e-10
1.34137465956e-10
3.15589778865e-11
8.4808123116e-11
1.37393245645e-10
1.91019752323e-10
1.95883519003e-10
2.20782825167e-10
2.46018791642e-10
2.23834565811e-10
2.52889371746e-10
2.82207402956e-10
-1.1567059763e-11
6.41834172729e-12
2.41794632819e-11
4.22923221638e-11
1.01891036009e-10
9.214674753e-11
8.22707077822e-11
1.90333001136e-10
2.68292643502e-10
3.46958569999e-10
1.60926903711e-10
2.1914617683e-10
2.76639449206e-10
3.35271305647e-10
3.68154863648e-10
3.47051743124e-10
3.25663290026e-10
3.89039257814e-10
3.76630594619e-10
3.64109513747e-10
6.42292174424e-12
1.62277548224e-11
2.59103205531e-11
3.57846376764e-11
1.1706831447e-10
6.30050984041e-11
8.21090056059e-12
2.33038211687e-10
3.83565875784e-10
5.35457262151e-10
2.75509923727e-10
3.38131310119e-10
3.99971800932e-10
4.63036967162e-10
5.2073805462e-10
4.588899276e-10
3.96205560023e-10
5.35363413588e-10
4.86229963449e-10
4.36651383304e-10
2.84751571402e-11
2.82521966809e-11
2.8032016563e-11
2.78074760467e-11
1.35672720325e-10
2.72830768949e-11
-8.25720889368e-11
2.85386534297e-10
5.24868547614e-10
7.66520175112e-10
4.15966528908e-10
4.83984054151e-10
5.51153393369e-10
6.19652939342e-10
7.0777551452e-10
5.95981895667e-10
4.82676729698e-10
7.14728507762e-10
6.20577576855e-10
5.2557367502e-10
5.98125442818e-11
4.53395614271e-11
3.10470582613e-11
1.64715095204e-11
2.08162828968e-12
-2.3479795776e-11
-2.11579495065e-10
-3.99712876814e-10
-5.85606374956e-10
1.09487273563e-09
6.15562757323e-10
6.91248479881e-10
7.65990393149e-10
8.42212478756e-10
9.17463625627e-10
7.90796797657e-10
6.05556812919e-10
4.20283657802e-10
2.37216332926e-10
6.51936931669e-10
-4.6511584369e-11
-9.135836528e-12
2.77738316246e-11
6.54144506909e-11
1.09806957847e-10
1.63756953045e-10
2.18436399175e-10
1.823262267e-10
1.7641081442e-10
1.70441810798e-10
3.91684814452e-11
1.10462608855e-10
1.80867690651e-10
2.52667059133e-10
2.57098984501e-10
2.89982796787e-10
3.23311226861e-10
2.90811403069e-10
3.27126161332e-10
3.63769917224e-10
-2.11517431563e-11
5.13433397426e-12
3.10926208305e-11
5.75649798647e-11
1.33736624463e-10
1.14530268603e-10
9.50642260814e-11
2.40720997827e-10
3.41198459303e-10
4.4258620762e-10
2.07640704813e-10
2.88530729457e-10
3.68412046594e-10
4.49875315686e-10
4.89041690081e-10
4.60693621575e-10
4.31962262487e-10
5.13275142185e-10
4.88890806619e-10
4.64285558428e-10
1.30983048929e-12
1.77736278477e-11
3.40321198414e-11
5.06125914186e-11
1.54931472036e-10
7.09294909554e-11
-1.42082700877e-11
2.92442080825e-10
4.87153230486e-10
6.83628387663e-10
3.56858959796e-10
4.46248207705e-10
5.34522761857e-10
6.24545485776e-10
6.9447665788e-10
6.11894637815e-10
5.28196036898e-10
7.10314453973e-10
6.32168063873e-10
5.5331369778e-10
2.88433723774e-11
3.32669558216e-11
3.76353766935e-11
4.20903088072e-11
1.80912252933e-10
1.74833764192e-11
-1.48155200875e-10
3.55842118048e-10
6.66065530645e-10
9.7909944707e-10
5.39771659452e-10
6.39579310073e-10
7.38142348308e-10
8.38657307177e-10
9.46300166795e-10
7.97237819013e-10
6.46160018435e-10
9.51846513584e-10
8.07798250184e-10
6.62444965372e-10
6.79699845341e-11
5.52837903108e-11
4.27557943254e-11
2.99796966753e-11
1.73663446126e-11
-5.84663652902e-11
-3.38500839363e-10
-6.18585458387e-10
-8.95335438226e-10
1.3989793736e-09
7.99700232648e-10
9.14312981859e-10
1.02749649748e-09
1.14292147443e-09
1.256876135e-09
1.0606202344e-09
8.13793044828e-10
5.66921656638e-10
3.22989476632e-10
8.17526240372e-10
-6.11305670703e-11
-1.36105023658e-11
3.33169819027e-11
8.1173807702e-11
1.34834082763e-10
2.02427542683e-10
2.70934925064e-10
2.22495795155e-10
2.14638861168e-10
2.06710746406e-10
4.67705631184e-11
1.3609207264e-10
2.24299733108e-10
3.14254238597e-10
3.18254743848e-10
3.59115274613e-10
4.0052827535e-10
3.57722914855e-10
4.01290544494e-10
4.45252879964e-10
-3.07270781838e-11
3.8515785708e-12
3.79990356707e-11
7.28227414669e-11
1.65551152505e-10
1.36891958038e-10
1.07845266296e-10
2.91059848875e-10
4.14033166837e-10
5.38120575377e-10
2.54308943878e-10
3.57847608262e-10
4.60095134107e-10
5.64367547365e-10
6.09810610244e-10
5.74224660074e-10
5.38157556858e-10
6.37389853802e-10
6.01041526268e-10
5.64363896981e-10
-3.79827374159e-12
1.93179931147e-11
4.21459975796e-11
6.54260828015e-11
1.92757699991e-10
7.88461544961e-11
-3.6605574327e-11
3.51788010741e-10
5.90639551858e-10
8.31654995322e-10
4.38128652551e-10
5.54259654098e-10
6.68942489277e-10
7.85896477988e-10
8.68045806194e-10
7.64750115768e-10
6.60057777622e-10
8.85094856869e-10
7.77963824411e-10
6.69862226339e-10
2.9211228478e-11
3.82768238459e-11
4.7229370242e-11
5.63592108891e-11
2.26107661425e-10
7.69323402479e-12
-2.13674346704e-10
4.26228983351e-10
8.07124798013e-10
1.19147138106e-09
6.63456037375e-10
7.95022807059e-10
9.24948924648e-10
1.05744807036e-09
1.18459217542e-09
9.98297448555e-10
8.09483854688e-10
1.18873324773e-09
9.94836318909e-10
7.99182759101e-10
7.61194684741e-11
6.52183201481e-11
5.44531103413e-11
4.34747086978e-11
3.26361530755e-11
-9.34188108554e-11
-4.65298391661e-10
-8.37244563849e-10
-1.20476240904e-09
1.7027894029e-09
9.83658110547e-10
1.13715991916e-09
1.28874754333e-09
1.44333717532e-09
1.59595760035e-09
1.33018050041e-09
1.02182617473e-09
7.13416632947e-10
4.08678961996e-10
9.82954042498e-10
-7.57343988001e-11
-1.80805307035e-11
3.88543873138e-11
9.69168318688e-11
1.59835269811e-10
2.41058054499e-10
3.23379041992e-10
2.6262373226e-10
2.52827288741e-10
2.42942093242e-10
5.43647660682e-11
1.61694974297e-10
2.67686763019e-10
3.75777589708e-10
3.7934712196e-10
4.28176104212e-10
4.7766529684e-10
4.24565080202e-10
4.75378064411e-10
5.26651394555e-10
-4.02924894274e-11
2.57015260255e-12
4.48982927698e-11
8.80646900734e-11
1.9733270828e-10
1.59230472036e-10
1.20613060365e-10
3.41346529228e-10
4.86792389189e-10
6.33555932244e-10
3.00928816434e-10
4.27092647727e-10
5.51683202161e-10
6.78741120409e-10
7.30454366673e-10
6.8763803611e-10
6.44242791459e-10
7.6137593414e-10
7.13076014003e-10
6.64338515318e-10
-8.90108398293e-12
2.08607578165e-11
5.02514661738e-11
8.02242216261e-11
2.3054472521e-10
8.67546132837e-11
-5.89796662182e-11
4.11072435113e-10
6.94018621013e-10
9.79528189645e-10
5.19314118187e-10
6.62159158479e-10
8.032229054e-10
9.47080247601e-10
1.04143506913e-09
9.17447175791e-10
7.91782858121e-10
1.05969411906e-09
9.23608483642e-10
7.86289965138e-10
2.95787033361e-11
4.32814996917e-11
5.6813420669e-11
7.06133248196e-11
2.71256229834e-10
-2.08676196126e-12
-2.79125589127e-10
4.96542900392e-10
9.48037872928e-10
1.40362321485e-09
7.87012230012e-10
9.50305203917e-10
1.11156189647e-09
1.27601208093e-09
1.42263722053e-09
1.19914870185e-09
9.72638423707e-10
1.42537447476e-09
1.1816805432e-09
9.3577883911e-10
8.42605063683e-11
7.51425539354e-11
6.61383033726e-11
5.6955734621e-11
4.78901360575e-11
-1.28335032046e-10
-5.91964532208e-10
-1.05567705314e-09
-1.51386869275e-09
2.00628456645e-09
1.16742533629e-09
1.35977590007e-09
1.54972783114e-09
1.7434415283e-09
1.93468764495e-09
1.59946139678e-09
1.22964370112e-09
8.59759783288e-10
4.94279639612e-10
1.14821039686e-09
1.23088497419e-10
4.563547603e-11
-3.08516976598e-11
-1.08853606439e-10
-1.67453294404e-10
-2.63362552274e-10
-3.6056858686e-10
-2.74997613967e-10
-2.70505306792e-10
-2.65972301056e-10
-3.69138263967e-11
-1.58650788392e-10
-2.78869677075e-10
-4.0146935407e-10
-4.03963989565e-10
-4.7357455163e-10
-5.44126309134e-10
-4.61555255164e-10
-5.17099388032e-10
-5.73146729206e-10
1.78182969651e-10
1.05284220625e-10
3.32945270198e-11
-4.01208345724e-11
-1.67611054442e-10
-9.51632383223e-11
-2.1735864616e-11
-3.12162592815e-10
-4.92467935623e-10
-6.74406774923e-10
-2.09612636091e-10
-3.73754338428e-10
-5.35849175675e-10
-7.01154103267e-10
-7.66243666069e-10
-7.19956874837e-10
-6.73044245865e-10
-7.70086767728e-10
-7.46871814064e-10
-7.23446541921e-10
2.26980930771e-10
1.58115965837e-10
9.01097545932e-11
2.07567633666e-11
-1.67750784762e-10
5.38132968916e-11
2.78373117943e-10
-3.4508014551e-10
-6.89063406874e-10
-1.03616302321e-09
-3.62574438963e-10
-5.64274625602e-10
-7.6345958872e-10
-9.66589166841e-10
-1.08711995097e-09
-9.38181218248e-10
-7.87228704111e-10
-1.043357536e-09
-9.50384534264e-10
-8.56569233183e-10
2.86797786338e-10
2.22877459968e-10
1.59754227103e-10
9.53809156789e-11
-1.67922067089e-10
2.36429694896e-10
6.46248644951e-10
-3.85430693974e-10
-9.3005140389e-10
-1.47960616626e-09
-5.50076003774e-10
-7.97815622784e-10
-1.04246590149e-09
-1.29196118026e-09
-1.48045217118e-09
-1.2056820263e-09
-9.27196749704e-10
-1.37833460678e-09
-1.19985173967e-09
-1.01975188699e-09
3.71800686353e-10
3.14906951629e-10
2.58722688037e-10
2.01425763702e-10
1.44858703982e-10
4.95937207849e-10
1.1690191307e-09
1.84222158035e-09
2.5074089977e-09
-2.10976221166e-09
-8.16525595873e-10
-1.12968967141e-09
-1.43894855647e-09
-1.75433193616e-09
-2.06569787212e-09
-1.58581475353e-09
-1.12609870923e-09
-6.66300344925e-10
-2.11976260671e-10
-1.25164302661e-09
1.10155198725e-11
8.65012453697e-12
6.31422594154e-12
3.93206772639e-12
9.96586745184e-12
1.07300033647e-11
1.15044710608e-11
2.11616243531e-11
2.12932370219e-11
2.14260420505e-11
6.35529440836e-12
6.06558425195e-12
5.77948681305e-12
5.48772356369e-12
9.97593901745e-12
1.15466315432e-11
1.31385612003e-11
1.89486310219e-11
2.5305029146e-11
3.17190137723e-11
2.52419818071e-11
1.97656157055e-11
1.43575404919e-11
8.84236495155e-12
1.52643246064e-11
3.0045000107e-11
4.50255232165e-11
4.15011531249e-11
4.70809658283e-11
5.27113294712e-11
2.4810017932e-11
1.69277235972e-11
9.14372234014e-12
1.20556844188e-12
1.28805638629e-11
1.66610074283e-11
2.04925658839e-11
2.85652337692e-11
3.9360399375e-11
5.02533649953e-11
3.78425623777e-11
2.96107650263e-11
2.14816190937e-11
1.56317883431e-11
1.99572438004e-11
4.71525686502e-11
7.4715597983e-11
5.95161643228e-11
6.99215256282e-11
8.04211554724e-11
4.11556301958e-11
2.65484755888e-11
1.2123473807e-11
2.45585888906e-11
1.54532315831e-11
2.11908832121e-11
2.70061128895e-11
3.70827962025e-11
5.18094415778e-11
6.66695046499e-11
5.32884353352e-11
4.16790125807e-11
3.02143606055e-11
1.85226651954e-11
2.57098544252e-11
6.81231365418e-11
1.11109883181e-10
8.15990812751e-11
9.79196311895e-11
1.14388038958e-10
6.11921871644e-11
3.83416554493e-11
1.57760723793e-11
-7.23639451255e-12
1.86068242724e-11
2.6743634173e-11
3.49904608317e-11
4.75236791853e-11
6.70695578265e-11
8.67925145491e-11
7.52378337486e-11
5.88286275266e-11
4.26240459118e-11
2.60985523428e-11
9.78356523919e-12
9.79234172299e-11
1.62828077935e-10
2.27744360927e-10
2.91887761846e-10
1.62656768121e-10
8.96651891723e-11
5.51003847249e-11
2.09666071925e-11
-1.38431481291e-11
-4.82094868275e-11
3.46343855385e-11
4.63366394865e-11
5.80409889228e-11
6.96059883927e-11
1.15388370722e-10
-1.36581716041e-12
4.56414313324e-12
1.04201561695e-11
1.63921403942e-11
2.95663678322e-11
4.10105614783e-11
5.26094905921e-11
5.38800139714e-11
5.35298760028e-11
5.31765659199e-11
1.11354794229e-11
2.42627355116e-11
3.72262932725e-11
5.04465784671e-11
5.57062290423e-11
6.51407182014e-11
7.47027698727e-11
7.20326187121e-11
8.52275193326e-11
9.85419606362e-11
8.34572404628e-12
1.03178907207e-11
1.22654642598e-11
1.42516071149e-11
3.54676042246e-11
4.38774638572e-11
5.24010321182e-11
8.05723916221e-11
1.06687991008e-10
1.33040187598e-10
5.07080171745e-11
6.00885852834e-11
6.93521766757e-11
7.87992221854e-11
9.89548334368e-11
9.80393598594e-11
9.71115082817e-11
1.16796846947e-10
1.26219928173e-10
1.35728378862e-10
1.69473748294e-11
1.54140671554e-11
1.38998799969e-11
3.13522910397e-11
4.06944136007e-11
4.64167202499e-11
5.221639747e-11
1.04214211827e-10
1.5377089287e-10
2.03776538228e-10
8.57579791831e-11
9.18200522241e-11
9.78065305472e-11
1.1712838469e-10
1.37260740186e-10
1.27178156756e-10
1.16959248015e-10
1.56445163383e-10
1.62527490289e-10
1.68664920719e-10
2.74913338538e-11
2.16609931075e-11
1.5903357352e-11
1.003169865e-11
4.71014702552e-11
4.95293571183e-11
5.19900711269e-11
1.33194507562e-10
2.11485417733e-10
2.90485613193e-10
1.28722448742e-10
1.30716689119e-10
1.32686061099e-10
1.34694434087e-10
1.84216367814e-10
1.62896681985e-10
1.41288735431e-10
2.05046325466e-10
2.07033534174e-10
2.09038746221e-10
4.24748545727e-11
3.05382036711e-11
1.87504041198e-11
6.7291615905e-12
-5.13895091196e-12
5.39525779314e-11
5.16684494816e-11
4.93839120195e-11
4.71265738666e-11
4.13703772355e-10
1.89777221273e-10
1.85990857338e-10
1.82251709779e-10
1.78438512967e-10
1.74673889747e-10
2.13654586257e-10
1.75862217548e-10
1.3806308147e-10
1.00713975389e-10
2.66412077198e-10
-1.31955494066e-11
6.60197554477e-13
1.43431618263e-11
2.82971004995e-11
4.82936402403e-11
6.99420810546e-11
9.18832276477e-11
8.51407564647e-11
8.43303304807e-11
8.35125623516e-11
1.57027009321e-11
4.16491798409e-11
6.72721033027e-11
9.34024574798e-11
9.93991747311e-11
1.1634711808e-10
1.33524212388e-10
1.227516452e-10
1.42480384071e-10
1.62387857666e-10
-7.79778329391e-12
1.29107426237e-12
1.02665927648e-11
1.94198604527e-11
5.47708012656e-11
5.70936732241e-11
5.94479524351e-11
1.17902955253e-10
1.6363944512e-10
2.0979028985e-10
7.54522266194e-11
1.01326574032e-10
1.26878265486e-10
1.52935976992e-10
1.81194381527e-10
1.75792200068e-10
1.7031697641e-10
2.01097626157e-10
2.09209751161e-10
2.17395368872e-10
-3.01690473697e-12
1.84985077508e-12
6.65591731036e-12
4.63724247442e-11
6.05077153167e-11
4.57136548599e-11
3.07195658181e-11
1.46920902752e-10
2.33884660943e-10
3.21636277063e-10
1.28373235085e-10
1.54183694602e-10
1.79672294848e-10
2.05574074802e-10
2.53641564689e-10
2.28443558401e-10
2.02904853116e-10
2.70489780718e-10
2.68312904869e-10
2.66116307368e-10
2.84352704249e-12
2.53480262936e-12
2.22992804363e-12
1.91901578895e-12
6.75400615728e-11
3.17639549297e-11
-4.49587584138e-12
1.82491290008e-10
3.19991699694e-10
4.58737809775e-10
1.93244148689e-10
2.1897629401e-10
2.44387556647e-10
2.70302058316e-10
3.42447789211e-10
2.9298393313e-10
2.42851282625e-10
3.55551131471e-10
3.40761931995e-10
3.25838748106e-10
1.11715090449e-11
3.50815526439e-12
-4.05963565121e-12
-1.17772974261e-11
-1.93966494172e-11
1.1940697134e-11
-5.45388718838e-11
-1.21030345203e-10
-1.86730182504e-10
6.53566303629e-10
2.85429131177e-10
3.11049987905e-10
3.3635134973e-10
3.62153774135e-10
3.87627519874e-10
3.84699202483e-10
2.99617261403e-10
2.14520084949e-10
1.30436060807e-10
4.1070747968e-10
-2.46446240238e-11
-3.11812669688e-12
1.81399328396e-11
3.98189822906e-11
6.64183056777e-11
9.79426409595e-11
1.29893212717e-10
1.15395589452e-10
1.1413968662e-10
1.12872405796e-10
2.01229581927e-11
5.84761624228e-11
9.63510979757e-11
1.34976100385e-10
1.41686166949e-10
1.65905796239e-10
1.90452896016e-10
1.7183863269e-10
1.97890963686e-10
2.24179318698e-10
-2.34218241661e-11
-7.44527691085e-12
8.33204104208e-12
2.44218095141e-11
7.34528592086e-11
6.98846108421e-11
6.62681166492e-11
1.54032294415e-10
2.18758312911e-10
2.84070724036e-10
9.94002158369e-11
1.4123760502e-10
1.82553277356e-10
2.24687156139e-10
2.6078762193e-10
2.51043106067e-10
2.41166835861e-10
2.82685771296e-10
2.89529124083e-10
2.96434474993e-10
-2.23387728636e-11
-1.12778956718e-11
-3.54948835721e-13
1.07843136263e-11
7.96834637646e-11
4.50332127381e-11
9.91446013239e-12
1.88253375954e-10
3.11420524768e-10
4.35703520192e-10
1.69617215465e-10
2.14540597034e-10
2.58903779092e-10
3.04145519807e-10
3.66277482056e-10
3.2645043763e-10
2.86084896867e-10
3.8086466549e-10
3.70694351864e-10
3.6043189914e-10
-2.10111615895e-11
-1.59759444755e-11
-1.1003517073e-11
-5.93261681681e-12
8.73209790268e-11
1.45702086106e-11
-5.91642155979e-11
2.30201798485e-10
4.25006461883e-10
6.21575979996e-10
2.55689666621e-10
3.04395877568e-10
3.52494716705e-10
4.01546094626e-10
4.95587633178e-10
4.18885231158e-10
3.41145745843e-10
5.01212987405e-10
4.70187211724e-10
4.38880354546e-10
-1.91245560948e-11
-2.26521190914e-11
-2.61356929892e-11
-2.96882548149e-11
-3.31955630916e-11
-2.87193235705e-11
-1.57328649531e-10
-2.85961005184e-10
-4.1306188619e-10
8.85710528138e-10
3.78003149844e-10
4.32084960432e-10
4.85492364892e-10
5.39957437789e-10
5.93728719005e-10
5.5023993775e-10
4.19390110176e-10
2.88516851708e-10
1.59201747692e-10
5.50359738544e-10
-3.66342689604e-11
-7.07484527403e-12
2.21159691463e-11
5.18848720062e-11
8.53987307736e-11
1.27265252831e-10
1.69697846738e-10
1.47078910355e-10
1.45356497398e-10
1.43618480047e-10
2.47519187729e-11
7.60976343108e-11
1.26803063126e-10
1.78512651051e-10
1.85969747857e-10
2.17804397176e-10
2.50069478685e-10
2.2324327199e-10
2.55917764761e-10
2.88888275766e-10
-3.9783557214e-11
-1.65941166303e-11
6.30614907768e-12
2.96599265883e-11
9.30169942074e-11
8.32794751062e-11
7.34102962639e-11
1.91867487462e-10
2.76479628931e-10
3.61858323594e-10
1.24478914095e-10
1.83033043218e-10
2.40856995908e-10
2.99826081381e-10
3.44138872899e-10
3.29846998456e-10
3.15361885421e-10
3.68126116824e-10
3.73640792062e-10
3.79205428121e-10
-4.25729268101e-11
-2.50254712601e-11
-7.69683441165e-12
9.97497493252e-12
9.97645989631e-11
4.43206434071e-11
-1.18729627276e-11
2.31537370042e-10
3.92617259718e-10
5.55156470736e-10
2.12808538524e-10
2.77747262536e-10
3.41876193515e-10
4.07275119674e-10
4.84231526508e-10
4.29084731019e-10
3.73192302815e-10
4.96450922248e-10
4.77909759101e-10
4.59200620206e-10
-4.59921540569e-11
-3.53606801611e-11
-2.48617819147e-11
-1.41549658069e-11
1.08035856406e-10
-3.43534383689e-12
-1.16413731814e-10
2.80164968043e-10
5.34979516811e-10
7.92102586587e-10
3.21083562017e-10
3.93848563636e-10
4.65706177678e-10
5.38986844033e-10
6.55958005126e-10
5.50730983839e-10
4.44081201556e-10
6.53752296639e-10
6.057233316e-10
5.57259242762e-10
-5.0851055934e-11
-5.00475559679e-11
-4.92540757348e-11
-4.84448815945e-11
-4.76459952006e-11
-7.12991151836e-11
-2.64971666831e-10
-4.58678898854e-10
-6.50079885969e-10
1.12881548806e-09
4.74948069086e-10
5.58834623093e-10
6.41675102542e-10
7.26156136543e-10
8.09561026961e-10
7.23596711529e-10
5.44818057661e-10
3.66007390426e-10
1.89325612165e-10
6.96605706394e-10
-4.86122198659e-11
-1.10277046885e-11
2.60881274488e-11
6.39389933258e-11
1.04360643421e-10
1.56559265062e-10
2.09463657539e-10
1.78731329113e-10
1.76542861039e-10
1.74334566292e-10
2.93763645232e-11
9.37019191977e-11
1.57225327127e-10
2.22006738593e-10
2.3021013703e-10
2.69652379111e-10
3.09627914665e-10
2.74597774071e-10
3.1388796973e-10
3.53534119327e-10
-5.61293319399e-11
-2.57340330816e-11
4.28223305532e-12
3.48929346953e-11
1.1256204744e-10
9.66612747666e-11
8.05455097948e-11
2.29665778171e-10
3.34144646799e-10
4.39570053465e-10
1.4953315199e-10
2.24787716477e-10
2.99103848264e-10
3.74891720306e-10
4.27408827707e-10
4.08574029923e-10
3.89484569266e-10
4.53483128602e-10
4.57670422211e-10
4.61895651076e-10
-6.27873454913e-11
-3.87596382298e-11
-1.50315591218e-11
9.16642562258e-12
1.19826148142e-10
4.36087690765e-11
-3.36391353503e-11
2.74779147335e-10
4.73734799901e-10
6.74492913533e-10
2.55957735175e-10
3.40892279782e-10
4.24767681271e-10
5.10304132681e-10
6.02070525164e-10
5.31618920643e-10
4.60214749055e-10
6.11924442616e-10
5.85020594409e-10
5.57873007769e-10
-7.09487814574e-11
-5.47265090565e-11
-3.87065301776e-11
-2.23692951763e-11
1.28730529648e-10
-2.14233346726e-11
-1.73607410044e-10
3.30079406312e-10
6.44845310154e-10
9.62462871035e-10
3.86413675854e-10
4.83214002542e-10
5.78807218505e-10
6.76293541398e-10
8.16171960756e-10
6.82448141525e-10
5.46916259765e-10
8.06142827536e-10
7.41127257103e-10
6.75522670811e-10
-8.25466115145e-11
-7.7416272863e-11
-7.2349910099e-11
-6.71832142062e-11
-6.2082333164e-11
-1.13837376842e-10
-3.72509695136e-10
-6.31228333121e-10
-8.86866711608e-10
1.37168333696e-09
5.7179843366e-10
6.85460661202e-10
7.97705508259e-10
9.12173227469e-10
1.02518282412e-09
8.96784402778e-10
6.70123669721e-10
4.43422349193e-10
2.19420095501e-10
8.42709034082e-10
-6.05777569396e-11
-1.4976467398e-11
3.00561690452e-11
7.59806218714e-11
1.23302904127e-10
1.85822917263e-10
2.49188255441e-10
2.10350943613e-10
2.07696903436e-10
2.05018818684e-10
3.39960175428e-11
1.11287959175e-10
1.8761606179e-10
2.65455749286e-10
2.74404675893e-10
3.21446626302e-10
3.69124624861e-10
3.25899052846e-10
3.71798094943e-10
4.18112964564e-10
-7.2458166064e-11
-3.48644770125e-11
2.26041459984e-12
4.01205193636e-11
1.32086844369e-10
1.1002920566e-10
8.76733284599e-11
2.67424895099e-10
3.91749901203e-10
5.17201243655e-10
1.74561423917e-10
2.66499115599e-10
3.57290334149e-10
4.49879561933e-10
5.10592482343e-10
4.87219469461e-10
4.63530433083e-10
5.38751677205e-10
5.41612964869e-10
5.44500174689e-10
-8.29808141455e-11
-5.24795712424e-11
-2.23586821946e-11
8.35871428529e-12
1.39866905727e-10
4.28976325255e-11
-5.53827497235e-11
3.17976109272e-10
5.54768270654e-10
7.93705677201e-10
2.99062212419e-10
4.03971854146e-10
5.07573261096e-10
6.1322636742e-10
7.19787396627e-10
6.34046844829e-10
5.4714700608e-10
7.27278287351e-10
6.92020421089e-10
6.56443132229e-10
-9.5879544052e-11
-7.40722673953e-11
-5.25369298781e-11
-3.05751112946e-11
1.49403755132e-10
-3.93926829296e-11
-2.30741813303e-10
3.79942113742e-10
7.54597239658e-10
1.13264659574e-09
4.51676082196e-10
5.72486823977e-10
6.91791042514e-10
8.13457935437e-10
9.76219872201e-10
8.1402878883e-10
6.49644740721e-10
9.58375422369e-10
8.76390851294e-10
7.93663531795e-10
-1.1420931813e-10
-1.04756625086e-10
-9.54218081652e-11
-8.59021265923e-11
-7.65037094471e-11
-1.56331552261e-10
-4.79936272074e-10
-8.03598938833e-10
-1.12340813369e-09
1.61429947998e-09
6.68548423459e-10
8.11955465316e-10
9.53574205582e-10
1.09799753209e-09
1.24058115295e-09
1.06979260399e-09
7.95299416263e-10
5.20757075849e-10
2.49483389207e-10
9.88660941703e-10
9.77483613754e-11
4.0738318423e-11
-1.55608030205e-11
-7.29748598269e-11
-1.10983540773e-10
-1.74820104784e-10
-2.39519794752e-10
-1.96671020889e-10
-2.07660666072e-10
-2.1874987318e-10
-1.1624411757e-11
-8.60021523191e-11
-1.59452394272e-10
-2.34357228589e-10
-2.4953129664e-10
-3.15268829129e-10
-3.81895190324e-10
-3.21674829618e-10
-3.72362756895e-10
-4.23509897138e-10
2.49833155141e-10
1.88328907626e-10
1.27591624845e-10
6.56515143347e-11
-4.47205251518e-11
-6.66960742627e-12
3.18957918547e-11
-1.93791090728e-10
-3.54903018324e-10
-5.17474557511e-10
-4.5575116878e-12
-1.11717397755e-10
-2.17540988251e-10
-3.25460285754e-10
-4.11107826368e-10
-3.86701388319e-10
-3.61964953965e-10
-3.98412249101e-10
-4.87134633891e-10
-5.76660809085e-10
3.84536829618e-10
3.19052000919e-10
2.5438377524e-10
1.88434874307e-10
1.39695743986e-11
1.42263690234e-10
2.72292454277e-10
-1.91240295443e-10
-4.85317673175e-10
-7.82059277919e-10
1.70174265924e-12
-1.34493757998e-10
-2.68990885775e-10
-4.06151564957e-10
-5.54218466985e-10
-4.49970226458e-10
-3.44312458905e-10
-4.66379677786e-10
-5.88789724945e-10
-7.12308759666e-10
5.49657462849e-10
4.79293212054e-10
4.09806411208e-10
3.38943509111e-10
8.59122770733e-11
3.24827087365e-10
5.66972234022e-10
-1.88113514127e-10
-6.45180798476e-10
-1.10638893519e-09
9.37437702014e-12
-1.62413167328e-10
-3.32058502095e-10
-5.05063455592e-10
-7.29644413547e-10
-5.27525576436e-10
-3.22673916573e-10
-5.49694590367e-10
-7.13399191398e-10
-8.78586892637e-10
7.8430257323e-10
7.07004406823e-10
6.30670157058e-10
5.52824200674e-10
4.75969868357e-10
5.84259283289e-10
9.857277105e-10
1.38726802748e-09
1.78402767468e-09
-1.56727844816e-09
2.02775942698e-11
-2.02088117429e-10
-4.21680904234e-10
-6.45622458075e-10
-8.66711380328e-10
-6.37735810615e-10
-2.91924409048e-10
5.3948915949e-11
3.95704332771e-10
-1.11487687107e-09
8.30479880194e-12
8.63530448734e-12
6.90596629432e-12
9.24257869297e-12
9.68581439606e-12
1.15395024101e-11
1.42175083185e-11
1.97965961979e-11
1.82516173095e-11
3.27070720893e-11
4.72418364613e-12
3.62577644316e-12
3.4693873417e-12
2.7924196746e-12
6.13816342374e-12
8.1281213135e-12
1.02348963746e-11
1.32682329247e-11
1.85191016002e-11
3.1521676902e-11
3.35438248061e-11
2.92939357883e-11
2.50970433542e-11
2.14751694081e-11
2.33542017869e-11
3.45173327839e-11
4.58313990367e-11
4.25355623816e-11
4.27090608156e-11
4.28841310781e-11
2.76314308296e-11
2.10759429363e-11
1.46022026984e-11
1.86194905278e-11
1.71533272752e-11
2.42690831756e-11
3.14810502947e-11
3.7599192419e-11
3.59796007661e-11
3.4345336241e-11
5.40546158916e-11
4.75915806548e-11
4.12091401786e-11
3.23097497557e-11
3.54604877616e-11
5.48691254007e-11
7.45401847283e-11
6.26757895728e-11
6.43713679209e-11
9.57603285389e-11
4.87533166739e-11
3.65318046873e-11
2.44626963e-11
3.26377532834e-11
2.6909615258e-11
3.85653636821e-11
5.03787079788e-11
5.91494708282e-11
5.14446143131e-11
7.06694040837e-11
7.99273024138e-11
7.00209517815e-11
6.0959452415e-11
4.55908482464e-11
5.03004512145e-11
7.98164840922e-11
1.06035974318e-10
8.73638100008e-11
9.09251637275e-11
1.32063718616e-10
5.38402825648e-11
5.5477699737e-11
3.6549752973e-11
4.98214302097e-11
3.8868936011e-11
5.6089836561e-11
6.7391269466e-11
8.55659411362e-11
7.04017276933e-11
9.32090045823e-11
1.14925350726e-10
1.01894268646e-10
8.9025685593e-11
7.59022559646e-11
6.29459963377e-11
1.15267993812e-10
1.59740451942e-10
2.04220873625e-10
2.48171719076e-10
1.34928508698e-10
1.11437623051e-10
8.2400813755e-11
5.37260966662e-11
2.44835118153e-11
-4.38657262285e-12
8.09930348626e-11
1.0646207917e-10
1.31935684145e-10
1.57106004771e-10
7.13430162731e-11
3.6084838695e-12
5.08870258552e-12
9.38799763691e-12
1.76367608068e-11
2.30168419872e-11
3.21277044594e-11
3.54343011548e-11
4.37110007451e-11
4.32094276725e-11
6.28724563868e-11
3.96034652315e-12
1.35274817236e-11
2.1468279959e-11
2.76915249099e-11
3.43834177515e-11
4.38556153669e-11
4.33843693356e-11
5.02712914225e-11
6.17020359348e-11
8.16336531014e-11
9.64911660683e-12
1.17244410765e-11
1.37738860216e-11
2.24360601322e-11
3.08748027034e-11
3.90674875068e-11
4.73709445458e-11
6.86439071946e-11
8.663552077e-11
1.04790131388e-10
3.11875257488e-11
3.57463759239e-11
4.02483767357e-11
5.20188541278e-11
6.4465764202e-11
6.96713204458e-11
7.49472603449e-11
8.57678475742e-11
9.37709951575e-11
1.01846648155e-10
1.75443726455e-11
1.76018094542e-11
1.76585300195e-11
2.6686868106e-11
3.78347107663e-11
4.52141524917e-11
5.26933706977e-11
9.07273386214e-11
1.25098631799e-10
1.19993025441e-10
5.39513707326e-11
5.54259679299e-11
5.68821767379e-11
7.35659171493e-11
9.11101282009e-11
9.253665923e-11
9.39824782013e-11
1.17207654451e-10
1.22174930469e-10
1.54657598227e-10
3.37024544394e-11
2.48063255301e-11
2.24203516944e-11
3.1897535945e-11
4.63662109724e-11
5.2748774086e-11
1.15069905123e-10
1.17797351338e-10
1.72246961448e-10
1.52880625806e-10
6.33784300269e-11
7.9549338776e-11
7.72719960955e-11
9.99784460144e-11
1.2377096149e-10
1.2056513903e-10
1.46606003985e-10
1.55746772559e-10
1.56992657625e-10
1.96701687845e-10
4.09754550829e-11
3.5044322059e-11
2.91871509166e-11
2.32139856508e-11
1.73169082733e-11
6.34558679306e-11
6.84889579874e-11
7.35229493048e-11
7.84970067895e-11
3.22980958932e-10
1.21508588104e-10
1.13829918399e-10
1.06247002551e-10
9.85139163125e-11
9.0879336339e-11
1.60395084009e-10
1.50474092485e-10
1.40551324438e-10
1.30746695157e-10
2.02391450444e-10
-8.48626349496e-12
1.70010644516e-12
1.17594512312e-11
2.20180090591e-11
3.57539548329e-11
5.17986751329e-11
6.80603340285e-11
6.65599872372e-11
6.70553348843e-11
6.75551701889e-11
-2.71705589908e-12
9.16633093685e-12
3.08269998608e-11
4.56763040272e-11
5.4071640928e-11
7.00197519534e-11
8.30762484151e-11
1.00747647152e-10
1.26050478724e-10
1.44296305325e-10
-1.31810510354e-11
-5.06230962644e-12
2.95519018381e-12
2.33541419155e-11
3.80603509956e-11
4.34149268753e-11
4.88419012854e-11
9.35890910393e-11
1.28604999381e-10
1.63938138276e-10
3.45851919803e-11
4.97632219009e-11
6.47519801182e-11
8.39302323198e-11
1.09670370075e-10
1.1305082856e-10
1.16476993788e-10
1.31790526032e-10
1.48987707211e-10
1.66340688183e-10
-1.73392914284e-11
-1.1051878147e-11
-4.84286960106e-12
2.13144932009e-11
4.01031590254e-11
3.59893212756e-11
3.18198608558e-11
1.17529154407e-10
1.83120416507e-10
1.43146123947e-10
5.89178446725e-11
7.34783714451e-11
8.78573268465e-11
1.12670677691e-10
1.52450424177e-10
1.44103462848e-10
1.35643643331e-10
1.72679269927e-10
1.8975411837e-10
2.34904008281e-10
-2.24364893295e-11
-1.83939298819e-11
-1.44017815954e-11
-1.03305736863e-11
4.26072462877e-11
2.68869660245e-11
1.09541338775e-11
1.46875038535e-10
2.49945766533e-10
3.53950275361e-10
2.70888973638e-11
7.06862645837e-11
1.34836377192e-10
2.28356709794e-10
2.8197863879e-10
3.38362644638e-10
2.98070203187e-10
2.95347096962e-10
4.14953923129e-10
5.27454357115e-10
-2.96798758205e-11
-2.88273718209e-11
-2.798549864e-11
-2.71269531887e-11
-2.62793441349e-11
1.39520401413e-11
-1.86971623547e-11
-5.13522112474e-11
-8.36184747581e-11
5.02655426123e-10
1.31130878469e-10
1.43858815254e-10
1.56428033266e-10
1.69246169295e-10
1.8190102424e-10
2.36259667834e-10
1.92525312942e-10
1.48783126668e-10
1.05561727322e-10
3.27601505173e-10
-1.74109188409e-11
-1.57945130401e-12
1.40545960906e-11
2.99982567058e-11
4.8081212318e-11
7.08366724727e-11
9.38998062719e-11
8.86737380671e-11
9.01339274763e-11
9.16073456354e-11
8.68693849893e-12
3.21442017295e-11
5.53089503065e-11
7.89324484464e-11
8.74888148951e-11
1.11028767311e-10
1.3488700039e-10
1.1984269957e-10
1.42892555625e-10
1.6615123444e-10
-3.52765885692e-11
-2.1308895549e-11
-7.51538119773e-12
6.55129686433e-12
4.50146824083e-11
4.76224741542e-11
5.02655255163e-11
1.17731587694e-10
1.69223982319e-10
2.21182878074e-10
3.78735279627e-11
6.33290332099e-11
8.84671055055e-11
1.14103006631e-10
1.53420380212e-10
1.55034469011e-10
1.56670381697e-10
1.76332284779e-10
2.02427653548e-10
2.28759436239e-10
-5.11004674714e-11
-3.8783546166e-11
-2.66202182246e-11
1.61149908047e-11
4.22986130596e-11
2.70613270721e-11
1.16180197042e-11
1.4346854022e-10
2.39275173751e-10
3.35949778233e-10
6.37245072021e-11
9.09498839496e-11
1.17835757253e-10
1.5051712358e-10
2.11816909492e-10
1.9401094766e-10
1.75964233712e-10
2.26365917393e-10
2.55158740279e-10
2.84212414975e-10
-7.04974803192e-11
-6.02040856319e-11
-5.00390507091e-11
-3.96727096804e-11
3.8969237729e-11
1.85734032632e-12
-3.5756342259e-11
1.75017062672e-10
3.25144376152e-10
4.7663178488e-10
5.31666373175e-11
1.4317131698e-10
2.04259255941e-10
3.34968840071e-10
4.45678857811e-10
5.75101020787e-10
5.98312919775e-10
7.40302718339e-10
9.28807062462e-10
1.33616263358e-09
-9.80616564714e-11
-9.06437996099e-11
-8.33184442397e-11
-7.58480191501e-11
-6.84727544728e-11
-3.39588513651e-11
-1.03077803996e-10
-1.72209133555e-10
-2.40517397423e-10
6.76548320642e-10
1.40443542364e-10
1.72921440984e-10
2.04994336634e-10
2.37702396823e-10
2.69993812384e-10
3.09683077843e-10
2.33223407433e-10
1.56750045615e-10
8.11871624576e-11
4.48782545419e-10
-2.67569535517e-11
-5.01385402007e-12
1.64581066679e-11
3.83552933215e-11
6.09905037001e-11
9.07735526172e-11
1.20959294301e-10
1.1183159401e-10
1.14302180376e-10
1.16795149296e-10
1.03353561007e-11
4.17326597663e-11
7.27384356003e-11
1.04358242969e-10
1.14840511213e-10
1.45625997564e-10
1.7682773051e-10
1.55675140911e-10
1.84709368189e-10
2.14006634308e-10
-5.84153712718e-11
-3.83225672348e-11
-1.84803226752e-11
1.75487331201e-12
5.22973639522e-11
5.2028681609e-11
5.17563664464e-11
1.43013977096e-10
2.11760798559e-10
2.81130439568e-10
4.13171233781e-11
7.75353569793e-11
1.13301945222e-10
1.49776847077e-10
1.99236055718e-10
1.99000375338e-10
1.98761508354e-10
2.22977091462e-10
2.58390777506e-10
2.94125297813e-10
-8.64556841095e-11
-6.78245703679e-11
-4.94257886647e-11
-3.06626415535e-11
4.45977258897e-11
1.77117958588e-11
-9.53765536758e-12
1.70632659259e-10
2.9808128895e-10
4.26684553808e-10
6.87581172524e-11
1.09246317368e-10
1.49229625173e-10
1.90004753572e-10
2.73986395137e-10
2.46274824224e-10
2.18188568731e-10
2.82587390522e-10
3.23651454329e-10
3.65087542632e-10
-1.20827680491e-10
-1.03988316144e-10
-8.73589405229e-11
-7.0400240421e-11
3.51594598777e-11
-2.4354064093e-11
-8.46722627525e-11
2.04487818038e-10
4.03893502978e-10
6.05105726103e-10
-1.5930032908e-10
4.6034490358e-11
6.85521154393e-11
3.9021726353e-11
1.34288382331e-10
1.63168274988e-10
3.4485146236e-10
5.84272206039e-10
1.06422695769e-09
2.06861149556e-09
-1.69672096402e-10
-1.55378902247e-10
-1.41263945795e-10
-1.26869459864e-10
-1.12658335014e-10
-8.41318650771e-11
-1.91442494299e-10
-2.98772339321e-10
-4.04824333712e-10
8.58651602522e-10
1.50195905524e-10
2.03356264328e-10
2.55853707607e-10
3.09390798655e-10
3.62245918919e-10
3.86573188659e-10
2.75843070494e-10
1.65093124213e-10
5.56617476982e-11
5.75685172416e-10
-3.60938726615e-11
-8.44490701123e-12
1.8859272995e-11
4.67041789497e-11
7.38872040793e-11
1.10690987441e-10
1.47992390014e-10
1.34966863072e-10
1.38446860909e-10
1.41958386178e-10
1.19821659279e-11
5.13117657558e-11
9.01509211462e-11
1.29759238589e-10
1.42165530212e-10
1.80189483609e-10
2.1872755398e-10
1.91472633287e-10
2.26485394966e-10
2.61815358689e-10
-8.1531585696e-11
-5.5319644734e-11
-2.94345695601e-11
-3.03687207624e-12
5.95729423746e-11
5.64305914947e-11
5.32457532934e-11
1.68271707466e-10
2.54256126761e-10
3.41019531554e-10
4.47573601025e-11
9.17278246927e-11
1.38112562421e-10
1.85415893247e-10
2.4500704517e-10
2.42923399772e-10
2.40811581674e-10
2.69576403403e-10
3.14299318154e-10
3.59427405171e-10
-1.21776417241e-10
-9.68372695742e-11
-7.22091158232e-11
-4.70932315563e-11
4.68945962934e-11
8.37138365693e-12
-3.06726963736e-11
1.9777028393e-10
3.56830047943e-10
5.17330831743e-10
7.37868178001e-11
1.27524905465e-10
1.80592873264e-10
2.34711787373e-10
3.36095244133e-10
2.98487725517e-10
2.60371720489e-10
3.38754028362e-10
3.92077364406e-10
4.45883789198e-10
-1.71108791393e-10
-1.47729841959e-10
-1.24642430597e-10
-1.01097801242e-10
3.13533978712e-11
-5.053990337e-11
-1.33540473385e-10
2.33929829272e-10
4.82565822296e-10
7.33454361008e-10
-3.46433070381e-10
-3.96112568066e-11
4.52106063941e-10
9.3832746184e-10
1.33191276489e-09
1.65947368247e-09
1.97034015833e-09
2.53758462426e-09
3.86976217255e-09
5.63173362569e-09
-2.41212691503e-10
-2.20050865874e-10
-1.99152930539e-10
-1.7784113711e-10
-1.56800819403e-10
-1.34255942829e-10
-2.79720998611e-10
-4.25212102393e-10
-5.68971014178e-10
1.04057727102e-09
1.59938756774e-10
2.33761403243e-10
3.06663473187e-10
3.81009279618e-10
4.54408047895e-10
4.63388305147e-10
3.18421164713e-10
1.73428065438e-10
3.0161229005e-11
7.02464025666e-10
-4.54211150791e-11
-1.18724040925e-11
2.12579507766e-11
5.5044411874e-11
8.67705384436e-11
1.30587780028e-10
1.7499746889e-10
1.58078154966e-10
1.62566518131e-10
1.67095544126e-10
1.36272690174e-11
6.08809440531e-11
1.07545360561e-10
1.55133908865e-10
1.69462229826e-10
2.14717148392e-10
2.60583952881e-10
2.2723302549e-10
2.68218125474e-10
3.09574534573e-10
-1.04623842701e-10
-7.22991066275e-11
-4.03774635702e-11
-7.82365134619e-12
6.68409804584e-11
6.08279392839e-11
5.47335965544e-11
1.9350326097e-10
2.96707413218e-10
4.00846555067e-10
4.81940313991e-11
1.05905583471e-10
1.62897466138e-10
2.21018003457e-10
2.90730598013e-10
2.86800902811e-10
2.82818074707e-10
3.16127420269e-10
3.70149915734e-10
4.24661834061e-10
-1.57060544308e-10
-1.25819900301e-10
-9.4968830563e-11
-6.35067930555e-11
4.91890862429e-11
-9.59348232632e-13
-5.17858332287e-11
2.24879783431e-10
4.15517920294e-10
6.07883164758e-10
7.88103066515e-11
1.45784549812e-10
2.11923616791e-10
2.7937248724e-10
3.98139724121e-10
3.50646513868e-10
3.02511154038e-10
3.94862455645e-10
4.60432358536e-10
5.26596299321e-10
-2.2133779144e-10
-1.91426034482e-10
-1.61887280425e-10
-1.31763547409e-10
2.75512804304e-11
-7.6698603898e-11
-1.82358037479e-10
2.63341327092e-10
5.61156606389e-10
8.61669976637e-10
-1.12462859708e-10
-6.32680261631e-10
6.49695559248e-10
1.302627574e-09
1.96366897939e-09
2.50984308103e-09
2.92603076943e-09
3.35550430115e-09
5.0950913932e-09
7.21124754007e-09
-3.12679142627e-10
-2.84655804108e-10
-2.56981919703e-10
-2.28759987806e-10
-2.00897554952e-10
-1.84328072475e-10
-3.6790801194e-10
-5.51520824525e-10
-7.3294757462e-10
1.22231439352e-09
1.69671510626e-10
2.64135030567e-10
3.57420580019e-10
4.52553535883e-10
5.46474660936e-10
5.40123811197e-10
3.60955131408e-10
1.81754368411e-10
4.68713880129e-12
8.29111486547e-10
7.24082253315e-11
3.5841160816e-11
-2.69908381278e-13
-3.70961132149e-11
-5.45137871423e-11
-8.62776572952e-11
-1.18471002643e-10
-1.1834442781e-10
-1.44816025353e-10
-1.71527445304e-10
1.36650028827e-11
-1.33535162465e-11
-4.0035111469e-11
-6.72451031085e-11
-9.50986037153e-11
-1.56963106628e-10
-2.19664071513e-10
-1.81794404072e-10
-2.27626125758e-10
-2.73873065071e-10
3.2148334063e-10
2.71373594627e-10
2.2188872267e-10
1.71423863242e-10
7.81700041387e-11
8.18240234698e-11
8.55274483254e-11
-7.54195886413e-11
-2.17338101024e-10
-3.605423401e-10
2.00497612715e-10
1.50319542918e-10
1.00767199173e-10
5.02335317594e-11
-5.59719866679e-11
-5.34459018009e-11
-5.08856620659e-11
-2.67377304738e-11
-2.27397453718e-10
-4.29875076249e-10
5.42092728465e-10
4.79988036002e-10
4.18657795887e-10
3.56112985246e-10
1.95689933559e-10
2.30714083576e-10
2.66211790612e-10
-3.74004453773e-11
-2.81571939476e-10
-5.27955532633e-10
3.65977924281e-10
2.95287109607e-10
2.2547781717e-10
1.54286036928e-10
-2.13169829973e-11
3.82407653317e-11
9.86037863014e-11
1.10598180428e-10
-2.27194915626e-10
-5.6804828615e-10
8.1251713936e-10
7.35708964139e-10
6.59858595314e-10
5.82506102542e-10
3.39746621235e-10
4.13224479835e-10
4.87695823092e-10
9.20366572061e-12
-3.60310193062e-10
-7.33171704125e-10
5.68824757814e-10
4.72989288128e-10
3.78348897295e-10
2.8183426907e-10
2.11633440827e-11
1.5063087343e-10
2.81848916558e-10
2.78945426049e-10
-2.26946643125e-10
-7.37421898286e-10
1.19680446011e-09
1.09910186202e-09
1.00261762608e-09
9.04222637647e-10
8.07081032731e-10
6.72581358729e-10
8.02436290301e-10
9.32314474614e-10
1.06064635166e-09
-1.02479468467e-09
8.57080784413e-10
7.25513436553e-10
5.95586747999e-10
4.6308702001e-10
3.32275111466e-10
3.10343132306e-10
5.42249891133e-10
7.74198176823e-10
1.00338492621e-09
-9.78110715533e-10
9.75744019169e-12
8.62048443771e-12
7.4977066471e-12
6.35269361319e-12
9.40576134028e-12
1.23490014555e-11
1.53320367411e-11
1.84315680427e-11
1.5209997597e-11
1.19592409723e-11
-5.23259302737e-14
3.78018784878e-13
1.0199642928e-12
2.6955896582e-12
6.1407327622e-12
1.49067216535e-11
1.84473176663e-11
1.60765190088e-11
2.42975848509e-11
3.16851741366e-11
4.1845667805e-11
3.8822255871e-11
3.58365462164e-11
3.04477177328e-11
3.14440789674e-11
3.89896654608e-11
4.66372748568e-11
4.35699716382e-11
3.83371558028e-11
3.30569326849e-11
3.04528437271e-11
2.52241622753e-11
2.00606830566e-11
2.19060512407e-11
2.14260906876e-11
3.1877158923e-11
4.24695347054e-11
4.66331510687e-11
3.25988021573e-11
1.84373074866e-11
7.02666694054e-11
6.55723962833e-11
6.09366612635e-11
4.89877111683e-11
5.09637317229e-11
6.25856821512e-11
7.43647714736e-11
6.58354148228e-11
5.88212102136e-11
8.77430905987e-11
5.6351003152e-11
4.65151337859e-11
3.68019187931e-11
4.07169176763e-11
3.83659989328e-11
5.59398441521e-11
7.37513030681e-11
8.12161454538e-11
5.10797870484e-11
5.71046310947e-11
1.05105316528e-10
9.83628909823e-11
9.17045442245e-11
8.49143370386e-11
7.48910480037e-11
9.15098316426e-11
1.08353315714e-10
9.31285387265e-11
8.39306962656e-11
7.46495249184e-11
1.85914302046e-11
1.6691921065e-11
7.61549779422e-12
7.13716640979e-12
1.92502378009e-11
4.94187296113e-11
4.94529972115e-11
4.93983754476e-11
1.02135816747e-10
1.06255061206e-10
1.54612867703e-10
1.44959909765e-10
1.35427325274e-10
1.25705959586e-10
1.16108427436e-10
1.32612570394e-10
1.56652825949e-10
1.80697386323e-10
2.04455676306e-10
1.07200249275e-10
1.33210056929e-10
1.09701242785e-10
8.64855861399e-11
6.28101717596e-11
3.94363415818e-11
1.27351684187e-10
1.66587518854e-10
2.05830379367e-10
2.44606021148e-10
2.72976618245e-11
8.25734912929e-12
1.01540266731e-11
1.11357591643e-11
1.43426066675e-11
1.53507009997e-11
1.87827646538e-11
2.40390605355e-11
3.02668331672e-11
3.27987541053e-11
4.89038526868e-11
2.54909550359e-12
4.81346190072e-12
6.62279889374e-12
6.90611768936e-12
1.16085262638e-11
2.21546271242e-11
2.0612952029e-11
2.63505013145e-11
2.80181082239e-11
4.69932859091e-11
1.09525091674e-11
1.31309914322e-11
1.52823077835e-11
1.78304232938e-11
2.62820011822e-11
3.42575111564e-11
4.23408569734e-11
5.67154227672e-11
6.65830505318e-11
7.65400751778e-11
1.16670343231e-11
1.14041665645e-11
1.11445767957e-11
2.0087508375e-11
2.99766949672e-11
4.13032810323e-11
5.27830124081e-11
5.47388482016e-11
6.13220621417e-11
6.79649174473e-11
1.81413704617e-11
1.9789551753e-11
2.14171800422e-11
2.20214451724e-11
3.49750079319e-11
4.40115847334e-11
5.31703439255e-11
7.72404654157e-11
9.64263707283e-11
9.77883464501e-11
2.21447622822e-11
1.90318836358e-11
1.59578229287e-11
3.00034496085e-11
4.49595162158e-11
5.78951617036e-11
7.10057083872e-11
7.79701455197e-11
8.18223706486e-11
1.11351540836e-10
2.6953523016e-11
2.79516579527e-11
2.89373460368e-11
2.994255447e-11
4.56309516896e-11
5.59681910537e-11
6.64451988991e-11
1.02400195114e-10
1.33008505163e-10
1.63894114632e-10
-8.18906298867e-12
-3.75139368595e-12
-3.02389447884e-12
1.40144234138e-11
-7.9153865095e-12
3.87622551733e-11
3.02549692646e-11
5.37920925741e-11
1.43020233227e-10
6.58623676358e-11
3.94760555932e-11
3.95504404469e-11
3.96238977133e-11
3.96988097111e-11
3.97727674585e-11
7.29591579297e-11
8.53094664932e-11
9.76619865901e-11
1.09867439712e-10
2.32258145509e-10
5.32399549348e-11
4.16689794604e-11
3.02422953234e-11
1.85893196582e-11
7.08478293121e-12
1.0713558176e-10
1.25085967422e-10
1.43039567407e-10
1.60779414925e-10
1.3837082369e-10
-1.46290014799e-12
9.7271400997e-12
2.11453395404e-11
3.50263816476e-11
4.00703026556e-11
4.38044273792e-11
4.24112704368e-11
5.58306472521e-11
6.36342537182e-11
8.4101503174e-11
-7.75347950933e-12
3.20914008965e-14
1.01193811884e-11
1.65857854298e-11
2.59067181453e-11
2.48538959929e-11
2.07235545987e-11
2.52996444187e-11
3.44179781642e-11
7.68872879239e-11
-1.8564318777e-11
-1.14156935153e-11
-4.35621239718e-12
5.77524585316e-12
2.13499007256e-11
2.97361805264e-11
3.82358501358e-11
6.92752268253e-11
9.35705536431e-11
1.18085986701e-10
-6.28184265887e-12
-1.80013023061e-12
2.62569475051e-12
1.83499839766e-11
3.81463586232e-11
5.03094570515e-11
6.26370111665e-11
6.24834259073e-11
8.87656632607e-11
1.15286007493e-10
-3.16616781199e-11
-2.39536070691e-11
-1.63416565125e-11
-3.74343834241e-12
1.96986027341e-11
2.62649876913e-11
3.29201558935e-11
8.81374060619e-11
1.32356172072e-10
1.07386072992e-10
-1.05375457402e-11
-7.22695171175e-12
-3.95764115514e-12
1.97672805799e-11
5.1259283665e-11
5.97633672964e-11
6.83824335467e-11
7.48687591356e-11
1.11195331871e-10
1.63181679675e-10
-3.01809512924e-11
-3.00550227598e-11
-3.38505757193e-14
2.65793891017e-11
8.55804452228e-11
1.25333718576e-10
2.24160932507e-10
2.54698494442e-10
3.28173855091e-10
4.16223345006e-10
9.9914143118e-11
1.40286692778e-10
1.73541749012e-10
1.96010006829e-10
2.3821682315e-10
2.5154309019e-10
2.87909470752e-10
3.06201152434e-10
3.27110541092e-10
4.85985613621e-10
-7.0531260686e-11
-6.11628989063e-11
-5.19113616289e-11
-4.24766089512e-11
-3.31620388525e-11
1.59633831486e-11
1.71445471744e-11
1.83259227078e-11
1.94932329877e-11
3.51744548616e-10
-2.31673742396e-11
-2.33323573977e-11
-2.34952831977e-11
-2.36614355443e-11
-2.38254713947e-11
8.78201331842e-11
8.54333644816e-11
8.30461683873e-11
8.06873938382e-11
2.44495530667e-10
-1.0177213658e-11
-4.07759111374e-14
9.96925934167e-12
2.01775311211e-11
2.97441189584e-11
4.37307039858e-11
5.79063998271e-11
6.19518866819e-11
6.61281683323e-11
7.03422854751e-11
-2.74908119487e-12
5.81224103632e-12
1.42668026372e-11
2.28887965082e-11
3.3291462841e-11
5.61517383824e-11
7.93211047637e-11
6.78467664486e-11
8.78941475653e-11
1.08123150181e-10
-4.71313529723e-11
-3.51725141871e-11
-2.33628034375e-11
-1.13192157854e-11
1.65765056079e-11
2.53603374663e-11
3.42629343833e-11
8.14308809725e-11
1.19689651728e-10
1.58295032111e-10
-2.36531599115e-11
-1.45795386e-11
-5.61906634474e-12
3.51885712343e-12
4.60531384934e-11
5.90258319545e-11
7.21739275323e-11
6.99787982611e-11
1.15326183012e-10
1.61084397485e-10
-7.98621620791e-11
-6.62891966601e-11
-5.28854876134e-11
-2.86792583361e-11
4.9137623546e-12
9.0894414061e-12
1.3321579276e-11
9.86837044871e-11
1.67129822735e-10
2.36196036274e-10
-4.21682010605e-11
-3.2640829135e-11
-2.32322645859e-11
9.86049143502e-12
5.73563369284e-11
6.15714576898e-11
6.58435705559e-11
7.18671692949e-11
1.39623128693e-10
2.07992930811e-10
5.89249597592e-11
1.26245278056e-10
1.41092638938e-10
2.21841715489e-10
3.18902040111e-10
3.53517972423e-10
4.30796393642e-10
4.80110812426e-10
6.19259432506e-10
8.62940151021e-10
5.35317640542e-11
5.94272876302e-11
1.16393646843e-10
2.22731053655e-10
4.03387838187e-10
4.28262998603e-10
4.49256305336e-10
5.29492760391e-10
6.21479710128e-10
9.72674902515e-10
-1.76998756848e-10
-1.58635480128e-10
-1.4050119549e-10
-1.22007783485e-10
-1.03749945854e-10
-3.91983791596e-11
-4.8826958462e-11
-5.84572619258e-11
-6.79729086569e-11
4.67386113145e-10
-9.71160651155e-11
-8.62420784648e-11
-7.55036916242e-11
-6.4552644143e-11
-5.37410942379e-11
6.91262179365e-11
4.70567046904e-11
2.49832395215e-11
3.1725772232e-12
3.47205352295e-10
-1.68796381431e-11
-2.9528627661e-12
1.08002441895e-11
2.48257146368e-11
3.65822766266e-11
5.42818524035e-11
7.22207418637e-11
7.65842776653e-11
8.32478633541e-11
8.99718185455e-11
-4.08120657154e-12
7.36768522187e-12
1.86738080748e-11
3.02038348869e-11
4.37112745688e-11
7.3447597953e-11
1.03585982334e-10
8.81070098312e-11
1.13500971617e-10
1.39124992851e-10
-7.70471853295e-11
-6.00510178393e-11
-4.3266794428e-11
-2.61501799643e-11
1.15777336969e-11
2.07778881118e-11
3.0102436629e-11
9.41604667312e-11
1.47041968187e-10
2.00402555542e-10
-4.18446673393e-11
-2.79623292597e-11
-1.42531054636e-11
-2.72387228167e-13
5.4333238537e-11
6.81537522202e-11
8.21611312881e-11
7.7828066101e-11
1.43140762949e-10
2.09045167506e-10
-1.30338441409e-10
-1.10623669476e-10
-9.11547429178e-11
-7.13002580396e-11
-1.05691471837e-11
-8.89705168945e-12
-7.20234800753e-12
1.09727948475e-10
2.03545318182e-10
2.98212636881e-10
-7.52923040193e-11
-5.92546278005e-11
-4.3416943169e-11
-2.726561253e-11
6.3741263766e-11
6.34649174284e-11
6.31848346475e-11
6.8723858797e-11
1.69393149558e-10
2.70974465058e-10
-9.86546881295e-11
-3.10715828972e-11
2.92693822663e-11
1.25376516673e-10
2.16056666146e-10
2.90909182059e-10
4.8133865956e-10
6.29850454217e-10
1.00840728221e-09
1.36722019525e-09
-4.28001882875e-11
1.22591400514e-10
2.55804105053e-10
3.59613116186e-10
3.94178729294e-10
4.87623950418e-10
6.26328371044e-10
9.28211481364e-10
1.35706253164e-09
1.89164952565e-09
-2.8849313687e-10
-2.60710248525e-10
-2.33273815855e-10
-2.05294038134e-10
-1.77670674827e-10
-9.69646149705e-11
-1.17913321767e-10
-1.38865779788e-10
-1.59568781455e-10
5.88487716985e-10
-1.74556258037e-10
-1.52122094438e-10
-1.29967687327e-10
-1.07374539232e-10
-8.50691891226e-11
4.9549665788e-11
6.86808332722e-12
-3.58211419991e-11
-7.80021167687e-11
4.54764638437e-10
-2.35755254571e-11
-5.86210933393e-12
1.16304185411e-11
2.94693645735e-11
4.34137647372e-11
6.48227098194e-11
8.65211224893e-11
9.12023970304e-11
1.0035086078e-10
1.09582206064e-10
-5.4120326674e-12
8.9216123139e-12
2.3076515165e-11
3.7511738585e-11
5.41209233933e-11
9.07265881066e-11
1.27827193296e-10
1.08347492502e-10
1.39082820201e-10
1.70096598051e-10
-1.06933839452e-10
-8.49052563864e-11
-6.31513721755e-11
-4.09666788478e-11
6.58383730935e-12
1.61999082228e-11
2.59459967921e-11
1.06877636762e-10
1.74367606723e-10
2.42469009642e-10
-6.00184317851e-11
-4.13320670917e-11
-2.28787234221e-11
-4.05993381144e-12
6.26052626327e-11
7.72727696215e-11
9.21385940822e-11
8.56696782027e-11
1.70928214096e-10
2.56959159266e-10
-1.80765488991e-10
-1.54914900919e-10
-1.29386672525e-10
-1.03352888735e-10
-2.60369555553e-11
-2.68660017626e-11
-2.77062573969e-11
1.20761420524e-10
2.39925295986e-10
3.60168749954e-10
-1.08384099575e-10
-8.58424688509e-11
-6.35819347422e-11
-4.0880557934e-11
7.01199631019e-11
6.53565303918e-11
6.05286919219e-11
6.55836141089e-11
1.99134134404e-10
3.33894570628e-10
5.88877502223e-11
4.21952872614e-11
1.01318128221e-10
1.83003468958e-10
3.41608991555e-10
4.43243655507e-10
6.21230412347e-10
8.98032258534e-10
1.40368299961e-09
2.16430220282e-09
-6.09202126328e-11
1.28680621564e-10
1.58691255488e-10
2.18322883038e-10
1.97157190964e-10
1.99786841388e-10
2.00943879881e-10
6.49692749691e-10
1.46654270298e-09
2.32813999292e-09
-3.99878771492e-10
-3.62685458885e-10
-3.2595595098e-10
-2.88499060014e-10
-2.51519305643e-10
-1.54674508816e-10
-1.86932302087e-10
-2.19195871665e-10
-2.51075316747e-10
7.09471205074e-10
-2.51920920113e-10
-2.17937854717e-10
-1.84378561886e-10
-1.50154668233e-10
-1.1636672833e-10
2.99922075168e-11
-3.32813402958e-11
-9.65662183166e-11
-1.59097637491e-10
5.6221901725e-10
-3.02644732187e-11
-8.76834078692e-12
1.2459732508e-11
3.41082018766e-11
5.023817276e-11
7.53526427931e-11
1.00806682339e-10
1.05805366319e-10
1.17436132826e-10
1.29172269568e-10
-6.74147950805e-12
1.0473928931e-11
2.74746593325e-11
4.48120684429e-11
6.45197837591e-11
1.07987670483e-10
1.52043280902e-10
1.28566998134e-10
1.64638156006e-10
2.01036104582e-10
-1.36789519337e-10
-1.09733736242e-10
-8.30153417402e-11
-5.5767822056e-11
1.59511654739e-12
1.16266729077e-11
2.1793864649e-11
1.19581626841e-10
2.01664925232e-10
2.84491866479e-10
-7.81733611184e-11
-5.46879486574e-11
-3.14954018741e-11
-7.84355501828e-12
7.08687136832e-11
8.63823361618e-11
1.02105716331e-10
9.3503163334e-11
1.986868666e-10
3.04823493432e-10
-2.31140274471e-10
-1.9916022936e-10
-1.67578978931e-10
-1.35372300396e-10
-4.14887332409e-11
-4.48163289908e-11
-4.8188916734e-11
1.3178345759e-10
2.76267569935e-10
4.22060652314e-10
-1.41441599116e-10
-1.12402754521e-10
-8.37260275143e-11
-5.4481392941e-11
7.64920516159e-11
6.72461829061e-11
5.78753019968e-11
6.24466239398e-11
2.28844295983e-10
3.96749466413e-10
1.4712241491e-10
2.82505957893e-10
4.77944612317e-10
4.5238562002e-10
5.40066140465e-10
6.49145519034e-10
8.99163335158e-10
1.32186281334e-09
2.17132378854e-09
3.4033619514e-09
-2.4345833742e-10
1.45562780843e-10
5.11779479218e-10
6.44010792755e-10
8.1869005198e-10
8.9916361737e-10
1.17458929581e-09
1.85450540005e-09
2.95764859288e-09
4.4400121899e-09
-5.11148967125e-10
-4.64554983129e-10
-4.18542031241e-10
-3.71617849019e-10
-3.25291400456e-10
-2.1232459269e-10
-2.55879751806e-10
-2.99442710217e-10
-3.42487015556e-10
8.30329307052e-10
-3.29205402206e-10
-2.83685404182e-10
-2.38733045543e-10
-1.92890460325e-10
-1.47631831073e-10
1.0455018405e-11
-7.33891534468e-11
-1.57248339028e-10
-2.40109111604e-10
6.6956203139e-10
4.70680892877e-11
3.0944003209e-11
1.5020986258e-11
-1.21736660286e-12
1.95596648867e-12
2.26479019398e-12
2.57778946481e-12
-4.00178347324e-11
-8.19713846329e-11
-1.24305017428e-10
3.89544175223e-11
5.92951198262e-11
7.93821713341e-11
9.98670223722e-11
5.93340892095e-11
1.34261587298e-12
-5.74329527019e-11
-4.19139785265e-11
-8.2889494621e-11
-1.24236233003e-10
3.93133526119e-10
3.54418281627e-10
3.16185820495e-10
2.77196212149e-10
2.01060533429e-10
1.70317654366e-10
1.39159104796e-10
4.29519134456e-11
-7.97731837243e-11
-2.03610122688e-10
4.05552737118e-10
4.12356483591e-10
4.19075386596e-10
4.25927349273e-10
2.99163853033e-10
2.79809584717e-10
2.60193629833e-10
3.44936788153e-10
3.23397264547e-11
-2.83089343413e-10
6.99648627312e-10
6.40924071084e-10
5.82931816534e-10
5.23791096186e-10
3.77410292719e-10
3.19164476918e-10
2.60131126947e-10
1.16439404689e-10
-7.78262057766e-11
-2.73851787346e-10
7.30254105903e-10
7.25067977211e-10
7.19946520114e-10
7.14723638813e-10
5.1158450099e-10
5.26451757122e-10
5.41520031508e-10
6.87576038641e-10
1.34399893693e-10
-4.23787812633e-10
1.07537681587e-09
9.92124716224e-10
9.0991077942e-10
8.26068695974e-10
5.93580965398e-10
5.01621872304e-10
4.08419412163e-10
2.06520845568e-10
-7.54395876472e-11
-3.59954473057e-10
1.12827513861e-09
1.10839174358e-09
1.08875629668e-09
1.06873199373e-09
7.71971101712e-10
8.28787323295e-10
8.86371749689e-10
1.10758544247e-09
2.59505905147e-10
-5.96256903936e-10
1.60930634698e-09
1.49119931721e-09
1.3745650951e-09
1.25562107462e-09
1.13819219711e-09
7.6090343417e-10
6.19144870103e-10
4.77360921747e-10
3.37265028635e-10
-4.82310921172e-10
1.69388397456e-09
1.65311499054e-09
1.61285440023e-09
1.57179649809e-09
1.53126160326e-09
1.25842207523e-09
1.37642419132e-09
1.4944474377e-09
1.61106551965e-09
-8.41344559997e-10
8.57685117414e-12
8.60566438809e-12
8.08944699989e-12
9.78835546666e-12
9.1257082845e-12
1.31585005009e-11
1.43134010507e-11
1.70665398875e-11
1.21683778846e-11
1.77600348946e-11
5.58670526369e-13
-1.25383917441e-12
-1.15081160101e-12
-1.45646720901e-12
-1.53738776369e-12
1.29110085402e-12
1.88526938439e-12
1.90743673029e-12
4.94724650867e-12
1.71022845566e-11
5.0147510804e-11
4.83505759537e-11
4.65760490787e-11
3.94202660576e-11
3.95339561479e-11
4.34619981377e-11
4.7443150677e-11
4.46043808949e-11
3.396525079e-11
2.32297342918e-11
3.32742566246e-11
2.93723816144e-11
2.55191634149e-11
2.51926119536e-11
2.56988540999e-11
3.94852346704e-11
5.34580191161e-11
5.56671097185e-11
2.92180035485e-11
2.5292787323e-12
8.64787229193e-11
8.35532119118e-11
8.06641823485e-11
6.56656725809e-11
6.64669756841e-11
7.03022389017e-11
7.4189358219e-11
6.89950400728e-11
5.32710525063e-11
7.97258526585e-11
6.39486896302e-11
5.64984628845e-11
4.91411412861e-11
4.87960820691e-11
4.98223826076e-11
7.33143246221e-11
9.71238981574e-11
1.03282820079e-10
5.07149597838e-11
4.35398581057e-11
1.35705765094e-10
1.26704830183e-10
1.22449636034e-10
9.78374612225e-11
9.9481644793e-11
1.03203179193e-10
1.15478743381e-10
9.88932674522e-11
7.69362288036e-11
1.15403141674e-10
9.09776861458e-11
8.97497883123e-11
7.80971141605e-11
7.77293680171e-11
7.93931594881e-11
1.14782241337e-10
1.25174226916e-10
1.61650465038e-10
7.7066067427e-11
5.87614913613e-11
1.94300384681e-10
1.88025550884e-10
1.81828964956e-10
1.75509663208e-10
1.69270858535e-10
1.49957146975e-10
1.53565199956e-10
1.57173899021e-10
1.60739633536e-10
7.9471989852e-11
1.54982490808e-10
1.37001671815e-10
1.19245075614e-10
1.01136831704e-10
8.32592557864e-11
1.73710333511e-10
2.26712958538e-10
2.79725074589e-10
3.32106037526e-10
-1.67476926242e-11
3.51188844478e-12
6.13782149008e-12
7.32368057171e-12
8.56048799049e-12
9.9177902971e-12
1.43619904215e-11
1.81093139574e-11
2.33729742926e-11
2.2568531012e-11
3.94634355348e-11
-5.44586842923e-12
-7.9430258525e-12
-1.00477466679e-11
-9.90734320333e-12
-8.26220483017e-12
1.2854096979e-12
1.95649682225e-12
6.74863684321e-12
1.46510691393e-11
3.97576375901e-11
1.22559017279e-11
1.4537541788e-11
1.67907295454e-11
1.32247864555e-11
2.16891996609e-11
2.9447534806e-11
3.73107694009e-11
4.47869383398e-11
4.65305802936e-11
4.82900189674e-11
-7.8534571026e-12
-1.2938042795e-11
-1.79592231443e-11
-1.18438373778e-11
-4.51237426765e-12
1.29352416187e-11
3.06187644713e-11
2.37098488291e-11
2.88731291258e-11
3.408318674e-11
1.87383682779e-11
2.19772940518e-11
2.51758300649e-11
1.73560222387e-11
3.21153050975e-11
4.28090169752e-11
5.36473171533e-11
6.37535922101e-11
6.77541096573e-11
7.5583667459e-11
-9.66184616831e-12
-1.73622006583e-11
-2.49665308806e-11
-1.35590179323e-11
-1.19109576941e-12
2.32536641772e-11
4.80289385731e-11
3.8732636588e-11
4.14698108282e-11
6.8045483445e-11
4.46874655282e-11
3.10969903752e-11
3.54543403792e-11
2.2420117715e-11
4.48956924068e-11
5.91876080213e-11
9.66782615773e-11
8.70030388899e-11
9.37700488773e-11
9.63801646274e-11
-2.82639384121e-11
-2.27853619102e-11
-3.35561339121e-11
-1.56614973217e-11
2.88014884133e-12
3.59020531198e-11
5.59232208314e-11
5.71476667441e-11
5.69109045279e-11
8.43324249979e-11
3.79766561035e-11
4.40565588348e-11
5.006064451e-11
5.61836337715e-11
6.22286266438e-11
8.24624479289e-11
1.02129974999e-10
1.21801023875e-10
1.41237872635e-10
1.41535332086e-10
-1.50286782343e-11
-3.04919594786e-11
-4.57624119043e-11
-6.13352769961e-11
-7.67097704766e-11
5.38760795119e-11
9.96978423594e-11
1.45527810375e-10
1.90812134693e-10
7.43501969361e-11
3.58466434825e-12
9.46969143148e-12
8.42032715539e-12
1.14793256345e-11
7.77330132355e-12
1.05041546875e-11
1.21160617986e-11
1.93691740716e-11
2.03807305003e-11
4.66434192709e-11
4.59427254534e-12
1.29287130694e-11
2.07469961499e-11
2.51917477118e-11
3.62416261768e-11
3.68040750591e-11
2.9785138335e-11
3.42329158442e-11
3.95964587207e-11
7.88309770022e-11
-2.39475865185e-11
-1.77690774041e-11
-1.16676149782e-11
-1.18036502092e-11
4.63945045552e-12
1.60574341775e-11
2.76297989861e-11
4.49613626113e-11
5.85361079048e-11
7.22338351269e-11
-4.7148877298e-11
-5.33634823621e-11
-5.95005906172e-11
-4.72302643666e-11
-3.33776528289e-11
-1.24319144569e-11
8.79702854466e-12
-6.82367421747e-12
2.85436193106e-11
6.42313268043e-11
-4.59840648113e-11
-3.68553359912e-11
-2.78404434239e-11
-2.88013698857e-11
-7.05953557184e-13
1.6540654107e-11
3.40204509312e-11
5.8745657717e-11
8.15919276366e-11
7.16260220372e-11
-7.99929361529e-11
-8.79322748686e-11
-9.57726091568e-11
-7.31361165314e-11
-4.99318568472e-11
-2.45767282557e-11
1.12122376228e-12
-2.29417516556e-11
3.26365453716e-11
9.14593510684e-11
-1.13337595228e-11
-5.89154401499e-12
-9.21932277375e-13
2.80607142343e-11
4.89253828611e-11
6.71815099244e-11
1.57195370378e-10
1.66360292924e-10
2.01070603204e-10
2.9892806806e-10
5.52805354313e-11
7.61197855299e-11
1.04550493559e-10
1.40062924387e-10
1.85004176301e-10
2.15606955385e-10
2.30325271915e-10
2.27905947837e-10
2.64356444485e-10
4.28235838632e-10
-1.11382645551e-10
-9.34984259916e-11
-7.58372246177e-11
-5.78262647137e-11
-4.00447335702e-11
1.7974726156e-11
5.29862567035e-11
8.80040566629e-11
1.22604940733e-10
2.00833671109e-10
-1.77465626948e-10
-1.90523530049e-10
-2.03418599662e-10
-2.16569040384e-10
-2.29551967029e-10
-6.06194014653e-11
-2.1658583979e-11
1.73092101064e-11
5.58130603539e-11
1.61389556161e-10
-2.94350847518e-12
1.49789948173e-12
5.88392259269e-12
1.03568055363e-11
1.14070255988e-11
1.6624735499e-11
2.19129933824e-11
3.52300352968e-11
4.21224091883e-11
4.90772253148e-11
-1.41851008887e-11
-2.05197196569e-11
-2.6775345032e-11
-3.31548554301e-11
-2.0905889213e-11
1.27470945415e-12
2.37552091378e-11
1.58508333278e-11
3.28957395052e-11
5.00950659234e-11
-5.89861173754e-11
-4.90361328252e-11
-3.92102256774e-11
-2.91897284351e-11
-1.18616711925e-11
3.09820077835e-12
1.82603432504e-11
4.51301742512e-11
7.01553211362e-11
9.54071861484e-11
-8.51798477857e-11
-9.24881104099e-11
-9.9705238195e-11
-1.07065292384e-10
-6.13141032249e-11
-3.69828051019e-11
-1.23225266322e-11
-3.63746882566e-11
2.82247124762e-11
9.34093587312e-11
-1.08623856687e-10
-9.37948471543e-11
-7.91507570023e-11
-7.34735074769e-11
-3.24710883504e-11
-8.88244425991e-12
1.50251388478e-11
5.38988687538e-11
9.49844717186e-11
1.36442294315e-10
-1.48060909323e-10
-1.5623154222e-10
-1.64300286425e-10
-1.3079614071e-10
-9.71042356354e-11
-7.08680322801e-11
-4.42770925999e-11
-8.26315788028e-11
2.40875171077e-11
1.31773446647e-10
-1.69470117779e-10
-1.48660367945e-10
-1.28110117981e-10
-1.07152895408e-10
-5.77342448666e-11
-2.35683962423e-11
1.10594044188e-11
6.46475910472e-11
1.25420204691e-10
1.86743394649e-10
9.60691374777e-11
9.70409129944e-11
9.38416532241e-11
1.16317727859e-10
2.16972193108e-10
3.6228735652e-10
3.69395436302e-10
3.85613496102e-10
4.3722417546e-10
6.61145498525e-10
-2.55935857225e-10
-2.26627160647e-10
-1.97683946741e-10
-1.68167547821e-10
-1.39027137235e-10
-4.44379069541e-11
5.42388707228e-12
5.52946097036e-11
1.04571580109e-10
2.58223905649e-10
-3.34675672595e-10
-3.45405597913e-10
-3.56001719882e-10
-3.66807685109e-10
-3.7747600086e-10
-1.7143064197e-10
-1.39109998052e-10
-1.06783566572e-10
-7.48420080112e-11
2.4562815917e-10
-7.00232273451e-12
-8.91871512127e-13
5.14238171114e-12
1.12961359521e-11
1.21740495532e-11
1.77901521898e-11
2.34821894265e-11
4.13369613204e-11
5.21935463323e-11
6.31484877947e-11
-1.84977692438e-11
-2.69972893226e-11
-3.53908194507e-11
-4.39505731951e-11
-2.74179620753e-11
1.26919834167e-12
3.03442341581e-11
2.05388787518e-11
4.22925750456e-11
6.42433513928e-11
-9.56789993873e-11
-8.17794684439e-11
-6.80532661808e-11
-5.40552332407e-11
-2.91418965583e-11
-1.04729053854e-11
8.44850681149e-12
4.53069563661e-11
8.23231378153e-11
1.19674671515e-10
-1.25006458057e-10
-1.33460015499e-10
-1.41808156149e-10
-1.50321621533e-10
-9.05695786442e-11
-6.26928708979e-11
-3.44392457782e-11
-6.73209592604e-11
2.78907483927e-11
1.23965037199e-10
-1.74221198708e-10
-1.53422768583e-10
-1.32883697171e-10
-1.11937874526e-10
-6.5736020257e-11
-3.55058992377e-11
-4.86704064749e-12
4.88232376923e-11
1.09009347415e-10
1.69740719954e-10
-2.19342725291e-10
-2.27755572969e-10
-2.36063511511e-10
-2.44535978632e-10
-1.46503867605e-10
-1.19344989367e-10
-9.1818899436e-11
-1.45139672928e-10
1.51348447858e-11
1.76861387484e-10
-2.7049873336e-10
-2.41243588109e-10
-2.12353257739e-10
-1.82890789649e-10
-1.10593333178e-10
-6.61915046051e-11
-2.11893246295e-11
5.31335180276e-11
1.4172147531e-10
2.31112005136e-10
3.65403961293e-11
5.69356054861e-11
2.15450706907e-11
4.72109564854e-11
6.953194038e-12
-4.60218948619e-11
-1.51330030262e-10
9.73310450586e-11
2.57560246541e-10
5.92868430831e-10
-4.07314177338e-10
-3.66041594804e-10
-3.25283685915e-10
-2.83718616404e-10
-2.4268301464e-10
-1.09797364864e-10
-4.43841492354e-11
2.10407797453e-11
8.56867708016e-11
3.18323831448e-10
-4.99308421599e-10
-5.07600453203e-10
-5.15789082261e-10
-5.2413987712e-10
-5.32384297165e-10
-2.87473857083e-10
-2.6210690384e-10
-2.36735408211e-10
-2.11665981236e-10
3.33844104459e-10
-1.10571782528e-11
-3.27931165662e-12
4.4015640872e-12
1.22345501973e-11
1.29403253952e-11
1.89544321981e-11
2.50498549642e-11
4.74379309889e-11
6.22548606506e-11
7.72060259499e-11
-2.28062312627e-11
-3.3468541128e-11
-4.39978908161e-11
-5.47357614191e-11
-3.39236834248e-11
1.26369260441e-12
3.69268326108e-11
2.52223517178e-11
5.16802454367e-11
7.83778374135e-11
-1.32336093208e-10
-1.14490868039e-10
-9.6868174791e-11
-7.88964856194e-11
-4.64052677559e-11
-2.4030775049e-11
-1.35375970931e-12
4.54835660575e-11
9.44790866846e-11
1.4391848773e-10
-1.64794223673e-10
-1.74391958876e-10
-1.83870009265e-10
-1.9353576087e-10
-1.19796519904e-10
-8.83778605294e-11
-5.65343935096e-11
-9.82370469971e-11
2.75571100391e-11
1.54490913361e-10
-2.3975456074e-10
-2.12992532263e-10
-1.86564229226e-10
-1.59612545914e-10
-9.8968507404e-11
-6.21033871822e-11
-2.47398184202e-11
4.37525571183e-11
1.23020544029e-10
2.03006668165e-10
-2.9055501695e-10
-2.99209843167e-10
-3.07756742749e-10
-3.16472903241e-10
-1.95855317929e-10
-1.67774664734e-10
-1.39314336645e-10
-2.07586800145e-10
6.19090440121e-12
2.21905352058e-10
-3.71428811263e-10
-3.33736507764e-10
-2.96514231436e-10
-2.58554813372e-10
-1.63400865682e-10
-1.08773040765e-10
-5.34066000657e-11
4.16306751928e-11
1.5800684658e-10
2.75437340955e-10
-5.70003447852e-12
2.42162913812e-11
4.12158500254e-11
4.90449739956e-11
1.37057891999e-11
1.3264347772e-10
1.91450302208e-10
4.79014271749e-10
7.32975721516e-10
1.5199496337e-09
-5.5854485148e-10
-5.05320051896e-10
-4.5275897142e-10
-3.99156982918e-10
-3.46237791882e-10
-1.75093074803e-10
-9.4143605562e-11
-1.31796409373e-11
6.68203806838e-11
3.78365139131e-10
-6.63780597e-10
-6.69637112676e-10
-6.75420596958e-10
-6.81318616084e-10
-6.87141504556e-10
-4.03403890114e-10
-3.84983845304e-10
-3.66560502071e-10
-3.48356503986e-10
4.21974008834e-10
-1.51078313582e-11
-5.66427748138e-12
3.66151423945e-12
1.31719918792e-11
1.37058070764e-11
2.0117505558e-11
2.66158957887e-11
5.35325776717e-11
7.23057475207e-11
9.12489950092e-11
-2.71102280335e-11
-3.9933086191e-11
-5.25960418964e-11
-6.55097719789e-11
-4.0422662308e-11
1.25819257324e-12
4.35026089225e-11
2.9900970778e-11
6.10581865375e-11
9.24976745904e-11
-1.68955195974e-10
-1.47168365858e-10
-1.2565321991e-10
-1.03711992766e-10
-6.36507473636e-11
-3.75745934684e-11
-1.11458672564e-11
4.56599927123e-11
1.06622437247e-10
1.6813717789e-10
-2.04540753636e-10
-2.15281480786e-10
-2.25888269886e-10
-2.36705113494e-10
-1.48993170647e-10
-1.14036230488e-10
-7.86066420449e-11
-1.29121093601e-10
2.7223817465e-11
1.84985152803e-10
-3.05220004633e-10
-2.72500558419e-10
-2.401891273e-10
-2.07237807737e-10
-1.32166552725e-10
-8.86733097489e-11
-4.45920002393e-11
3.86871317483e-11
1.37017219575e-10
2.36238139871e-10
-3.61693504884e-10
-3.70590058855e-10
-3.79375671819e-10
-3.88335273122e-10
-2.4515562089e-10
-2.16154148056e-10
-1.86760550045e-10
-2.69969207766e-10
-2.74376657056e-12
2.66902633505e-10
-4.72254286216e-10
-4.26133568656e-10
-3.80587981519e-10
-3.34140419637e-10
-2.16153668974e-10
-1.51310445835e-10
-8.55904858311e-11
3.01397537924e-11
1.74275339849e-10
3.19716738427e-10
-2.1788968738e-10
6.02518961422e-11
1.03164991974e-10
5.5013483607e-11
1.37481523313e-10
1.68081634988e-10
3.05973176384e-10
5.56939651532e-10
1.4468411655e-09
2.34329888531e-09
-7.09618791623e-10
-6.44454162151e-10
-5.80102142779e-10
-5.14475710232e-10
-4.49685245961e-10
-2.40321112904e-10
-1.43851491672e-10
-4.73645959088e-11
4.7973543509e-11
4.38344220586e-10
-8.28082315038e-10
-8.31505838932e-10
-8.34886671106e-10
-8.38334456533e-10
-8.41738323083e-10
-5.19213774387e-10
-5.07733438302e-10
-4.96251046467e-10
-4.84905362009e-10
5.10012576234e-10
2.17279532439e-11
2.6046845602e-11
3.03118808972e-11
3.46613800092e-11
5.84257201196e-11
9.08072376831e-11
1.23626581573e-10
3.83087583457e-11
-1.91267439133e-11
-7.7082589552e-11
6.4243832162e-11
1.31943755899e-10
1.98799454137e-10
2.66979147853e-10
2.13766782134e-10
1.59648338374e-10
1.04798166109e-10
9.79664470193e-11
6.18471365159e-11
2.54005990647e-11
4.64783711608e-10
4.37462968628e-10
4.1048291832e-10
3.82968561056e-10
3.2395106272e-10
2.58811285262e-10
1.92790761267e-10
1.61323415533e-10
5.77917335753e-11
-4.66779052759e-11
6.10607861521e-10
6.74393424264e-10
7.3738357402e-10
8.01621166786e-10
6.54299692733e-10
6.13065071235e-10
5.71272921733e-10
7.16611306781e-10
2.92076906628e-10
-1.36303610577e-10
8.57204526159e-10
8.01860106166e-10
7.4720583718e-10
6.91469207126e-10
5.5913065188e-10
4.0761487026e-10
2.54050463281e-10
2.70279254755e-10
1.25919527922e-10
-1.97480420599e-11
1.09453028753e-09
1.15484884482e-09
1.21441522306e-09
1.2751612407e-09
1.04448598498e-09
1.01466274891e-09
9.84436276714e-10
1.26455389685e-09
4.95994703012e-10
-2.79527339117e-10
1.33823649238e-09
1.24854046831e-09
1.15996296353e-09
1.06963128941e-09
8.4741530956e-10
5.90019264774e-10
3.29143001234e-10
4.03838025415e-10
2.09431017767e-10
1.32627580114e-11
1.6877255194e-09
1.74379419904e-09
1.79916369608e-09
1.8556297184e-09
1.52277885934e-09
1.50694377316e-09
1.49089458282e-09
1.93622545888e-09
7.45958453419e-10
-4.55091909585e-10
2.02180823386e-09
1.88329677241e-09
1.74651256412e-09
1.60701951159e-09
1.46930336148e-09
8.4922550961e-10
4.35853449904e-10
2.24073688793e-11
-3.86116294388e-10
6.01728423232e-11
2.5306871647e-09
2.58071654452e-09
2.63012205247e-09
2.68050597618e-09
2.73024809505e-09
2.20650101815e-09
2.2105984915e-09
2.21469669857e-09
2.2187461131e-09
-7.04578404461e-10
8.49936051086e-12
8.59084433846e-12
8.68118735268e-12
8.77331949998e-12
8.84565522872e-12
1.39679995463e-11
1.91596024213e-11
1.57015117323e-11
9.12675817215e-12
2.49243989411e-12
-1.12747766944e-11
-1.01366498086e-11
-9.06127967116e-12
-6.30569194497e-12
-3.95388769526e-12
5.1239035708e-12
1.10971006441e-11
9.24372638654e-12
1.56470719919e-11
2.51794219608e-11
5.8449353803e-11
5.78788960364e-11
5.73155519409e-11
5.67410515035e-11
4.76238333285e-11
4.79343308146e-11
4.82490264971e-11
4.56387901515e-11
2.95933457773e-11
1.34025358987e-11
3.60956695222e-11
3.35206009534e-11
3.09776437731e-11
2.83843264306e-11
2.99716175122e-11
4.70933104178e-11
6.44465035269e-11
6.47010683682e-11
2.58372049397e-11
-1.3378750022e-11
1.02690776433e-10
1.0153402754e-10
1.00391703433e-10
8.23436339936e-11
8.19702196454e-11
7.80187956522e-11
7.40139449643e-11
7.21546653228e-11
4.77208947989e-11
2.30657637884e-11
7.15463761083e-11
6.6481791983e-11
6.14803637791e-11
5.68752464619e-11
6.12787662825e-11
9.0688805092e-11
1.20496493247e-10
1.25349494705e-10
5.03501325191e-11
-2.53286948072e-11
1.56922197722e-10
1.55046769384e-10
1.53194727843e-10
1.51306008882e-10
1.24072241582e-10
1.14896526743e-10
1.05596748247e-10
1.04657996178e-10
6.99417613417e-11
3.49110108791e-11
-6.86841167861e-12
-6.53215908442e-12
-1.21976481925e-11
-1.66258345734e-11
-2.63402466355e-11
2.68378974048e-12
9.7476697581e-12
5.05326918404e-11
1.02002326275e-10
1.33114002015e-10
2.33987901658e-10
2.31091192003e-10
2.28230604637e-10
2.2531336683e-10
2.22433289633e-10
1.67301723557e-10
1.50477573964e-10
1.33650411719e-10
1.17023590766e-10
5.17437304289e-11
1.76754924686e-10
1.64302100845e-10
1.52004565087e-10
1.39463491648e-10
1.27082169991e-10
2.20068982835e-10
2.86838398222e-10
3.53619769811e-10
4.19606053904e-10
-6.07930470728e-11
7.03792289508e-12
6.66238094236e-12
6.29152203911e-12
5.91331872807e-12
3.36826445205e-12
5.47913340255e-12
7.61854314013e-12
1.32039610664e-11
1.22480826817e-11
1.12835444096e-11
-4.56896070224e-12
-4.75229219927e-12
-3.09134017752e-12
9.74017155536e-14
3.69251204578e-12
1.35583680842e-11
1.62704792375e-11
1.68240972102e-11
2.60385902206e-11
4.14603928249e-11
1.35592942885e-11
1.59440921437e-11
1.82991513073e-11
2.07008495422e-11
1.70963981397e-11
2.46375584557e-11
3.22806818285e-11
3.28584539123e-11
2.64781100554e-11
2.00399627571e-11
-2.73739485283e-11
-3.72802521545e-11
-4.70630230843e-11
-5.70395298484e-11
-3.90014435024e-11
-1.54327977948e-11
8.45451653445e-12
-7.31915054347e-12
-3.57580388996e-12
2.01456032747e-13
1.9335366094e-11
2.41650363506e-11
2.89344800876e-11
1.26905993051e-11
2.92556022631e-11
4.1606449217e-11
5.41242903811e-11
5.02667190045e-11
3.90818485863e-11
2.77956475791e-11
-4.14684546188e-11
-5.37562849525e-11
-6.58908846898e-11
-5.71214854731e-11
-4.73417077546e-11
-1.13878333492e-11
2.5052168759e-11
-5.04872343708e-13
1.11725100785e-12
2.75407016798e-12
2.64157121783e-11
3.42423227978e-11
4.19713347216e-11
4.985341029e-11
4.4160433124e-11
6.24070249889e-11
8.09003266713e-11
7.16058826658e-11
5.45315925919e-11
3.73026160706e-11
-3.42887597082e-11
-2.80612119956e-11
-3.35186905636e-11
-1.10474116781e-11
-2.97976311985e-12
3.11150370487e-11
5.88047433159e-11
4.13886090291e-11
7.79436045954e-11
2.75336973939e-11
3.64772566137e-11
4.85626772227e-11
6.04973913067e-11
7.26684578318e-11
8.46844858291e-11
9.1965737928e-11
1.18950483505e-10
1.45940061161e-10
1.72608305558e-10
5.08125186637e-11
-8.32973114034e-11
-1.02652898418e-10
-1.21767119132e-10
-1.4125987365e-10
-1.60504323884e-10
6.16577263452e-13
7.43097172966e-11
1.48016053344e-10
2.20844854462e-10
1.03295701822e-11
5.64159423986e-12
4.81983311721e-12
4.00831944619e-12
3.18073473771e-12
-1.86510138908e-12
-2.63154263244e-12
-3.40834682909e-12
1.08176795548e-11
1.52303480949e-11
1.96829937009e-11
-1.23460080688e-11
-7.44065695802e-12
-1.30780148432e-12
8.16941514748e-12
1.80853944011e-11
2.99357610243e-11
3.06704521331e-11
4.0877175084e-11
6.07777452433e-11
8.18924812218e-11
-2.933085426e-11
-2.41224612929e-11
-1.89790175592e-11
-1.37337142021e-11
-1.20709998145e-11
2.37868782864e-12
1.70237478365e-11
2.06474983973e-11
2.35016621665e-11
2.63816835526e-11
-8.80159119371e-11
-1.04926834494e-10
-1.21626875985e-10
-1.38657641408e-10
-1.04901664281e-10
-7.51732859653e-11
-4.50429540771e-11
-7.61307743422e-11
-3.16784246395e-11
1.31766461151e-11
-6.03064515028e-11
-4.97570649133e-11
-3.93392303353e-11
-5.38593014291e-11
-2.11105098485e-11
6.81632052274e-12
3.51207459688e-11
2.93539093721e-11
3.08276832012e-11
3.23148088498e-11
-1.49448326566e-10
-1.68637598025e-10
-1.87587577159e-10
-1.66039513643e-10
-1.51122997359e-10
-1.08916823808e-10
-6.61399860221e-11
-1.20752262447e-10
-4.59222411275e-11
2.95857111696e-11
-9.82765384455e-11
-8.11801274157e-11
-6.42969105126e-11
-4.70793421119e-11
-3.21911995675e-11
1.22559993091e-11
5.73041630343e-11
4.00262841154e-11
3.98079670504e-11
3.95876721173e-11
-2.95092583856e-11
-2.01582720077e-11
4.09846296578e-13
3.11850073091e-11
8.91668557134e-11
1.85052505719e-10
1.84771310459e-10
2.31609414453e-10
3.38640743488e-10
4.11816311683e-10
-1.52234030417e-10
-1.25833953077e-10
-9.97630876065e-11
-7.31759204762e-11
-4.69274282879e-11
1.99860691633e-11
8.88279662326e-11
1.57682190618e-10
2.25716648479e-10
4.99227936028e-11
-3.31763879657e-10
-3.577147027e-10
-3.83341916125e-10
-4.09476645223e-10
-4.35278462664e-10
-2.09058936115e-10
-1.2875053244e-10
-4.84277481745e-11
3.09387268696e-11
7.82835816542e-11
4.29019670768e-12
3.0365748746e-12
1.79858584372e-12
5.36079951588e-13
-6.93006776087e-12
-1.04812329879e-11
-1.40804130624e-11
8.50818391163e-12
1.81166500444e-11
2.78121651545e-11
-2.56211205825e-11
-4.68516803501e-11
-6.78174927013e-11
-8.91985073683e-11
-7.51032412671e-11
-5.36023194741e-11
-3.18106864882e-11
-3.61450997931e-11
-2.21026685549e-11
-7.93301833474e-12
-7.08408817785e-11
-6.28997514634e-11
-5.50576479172e-11
-4.70602410849e-11
-4.02998479928e-11
-1.91639359096e-11
2.25775211745e-12
8.82946752995e-12
2.06209905447e-11
3.25193401858e-11
-1.4670653566e-10
-1.7039668222e-10
-1.93791410045e-10
-2.17649441892e-10
-1.68681344943e-10
-1.32991442158e-10
-9.68189807967e-11
-1.42728174774e-10
-5.88767580594e-11
2.57343199773e-11
-1.37385551295e-10
-1.21300497648e-10
-1.05416026391e-10
-8.92169825743e-11
-6.98559390554e-11
-2.68543299259e-11
1.67286984196e-11
9.11403302045e-12
2.28391207022e-11
3.66885523563e-11
-2.53953617586e-10
-2.79822255304e-10
-3.05368308264e-10
-3.31420269613e-10
-2.51564808199e-10
-2.0330752225e-10
-1.54397755756e-10
-2.371303269e-10
-9.14480944777e-11
5.55539624823e-11
-2.18956436508e-10
-1.92888509101e-10
-1.67145651617e-10
-1.40892988271e-10
-1.06085986164e-10
-3.62812645266e-11
3.44672777577e-11
9.46285523462e-12
2.55581189597e-11
4.17991995331e-11
3.25572913597e-11
1.27045872667e-11
6.47503297082e-12
3.84238239347e-11
1.05531301697e-10
2.15132882369e-10
2.00285726563e-10
2.98259492347e-10
3.18610566012e-10
5.11126215125e-10
-3.34872957601e-10
-2.94618841165e-10
-2.54866697991e-10
-2.14327312156e-10
-1.74304328617e-10
-4.96774347486e-11
5.96747326065e-11
1.69046481333e-10
2.77116068876e-10
4.90616981528e-11
-5.72235280075e-10
-6.04569117362e-10
-6.3649974814e-10
-6.69062726075e-10
-7.01210907481e-10
-4.11987501877e-10
-3.25276700795e-10
-2.38550372665e-10
-1.52856593246e-10
1.44050966045e-10
2.8749926741e-12
1.16911974184e-12
-5.1548076724e-13
-2.23344273262e-12
-1.22341775203e-11
-1.87015480239e-11
-2.52563630108e-11
6.08964497547e-12
2.11392293104e-11
3.6325157044e-11
-3.2914331916e-11
-6.1362263867e-11
-8.94554469762e-11
-1.18104981277e-10
-9.85471987194e-11
-7.09092012696e-11
-4.28975140177e-11
-4.70292523275e-11
-2.89158215261e-11
-1.06382900651e-11
-1.14310813445e-10
-1.03507919048e-10
-9.28397379336e-11
-8.1960286517e-11
-6.98615268135e-11
-4.17236988826e-11
-1.3205423006e-11
-3.54655399911e-12
1.76043074433e-11
3.89467874892e-11
-2.08168248774e-10
-2.38957701738e-10
-2.69363206835e-10
-3.00370855838e-10
-2.35472395825e-10
-1.93539494016e-10
-1.51039622844e-10
-2.12469984622e-10
-8.73592661639e-11
3.88849068913e-11
-2.18103956008e-10
-1.96221867691e-10
-1.74612651424e-10
-1.52575491012e-10
-1.2090289333e-10
-6.2114746786e-11
-2.53173328745e-12
-1.20814730909e-11
1.44733766468e-11
4.12688030264e-11
-3.63393146563e-10
-3.96256518138e-10
-4.28710079853e-10
-4.61806344734e-10
-3.56748998977e-10
-3.02154896163e-10
-2.4682263352e-10
-3.59003204654e-10
-1.39123459986e-10
8.27483099098e-11
-3.45334259794e-10
-3.09871224092e-10
-2.74850416347e-10
-2.39136064263e-10
-1.83469729706e-10
-8.71102248612e-11
1.0552144432e-11
-2.25436319775e-11
1.06354614768e-11
4.41151446526e-11
-5.4245933126e-11
-7.86011712394e-12
-1.43303825795e-11
1.26054281133e-11
3.58596349894e-11
2.55852848079e-11
-8.12375511909e-11
5.17022035579e-11
1.73258775862e-10
5.43345078791e-10
-5.26135217807e-10
-4.71372941083e-10
-4.17293555976e-10
-3.62143194673e-10
-3.07695354453e-10
-1.22630114757e-10
2.91450232966e-11
1.80947339278e-10
3.30942323058e-10
4.8159945911e-11
-8.24060585161e-10
-8.63078811969e-10
-9.01610477196e-10
-9.40905215008e-10
-9.79699405207e-10
-6.24497379953e-10
-5.31081891007e-10
-4.37649674424e-10
-3.45329845703e-10
2.12923570481e-10
1.46116895162e-12
-6.96513979316e-13
-2.82729036667e-12
-5.00026417885e-12
-1.75331139469e-11
-2.69138454231e-11
-3.64214125608e-11
3.67346494731e-12
2.41588605212e-11
4.48298458358e-11
-4.0200429858e-11
-7.58586945699e-11
-1.11072296797e-10
-1.46983261423e-10
-1.21968290243e-10
-8.81992028978e-11
-5.39735280739e-11
-5.79027890666e-11
-3.57223293278e-11
-1.33409232242e-11
-1.57738346964e-10
-1.44076479691e-10
-1.30584977406e-10
-1.16826292391e-10
-9.93943728212e-11
-6.42614583209e-11
-2.86535162107e-11
-1.59105046469e-11
1.45905666465e-11
4.53679658189e-11
-2.69570015561e-10
-3.0745185066e-10
-3.44861295108e-10
-3.83011587929e-10
-3.02198302441e-10
-2.5402849068e-10
-2.05207381101e-10
-2.82143772197e-10
-1.15813994018e-10
5.20226674561e-11
-2.9874363249e-10
-2.71070163608e-10
-2.43741785927e-10
-2.15872203093e-10
-1.71900059253e-10
-9.73407726018e-11
-2.17733794434e-11
-3.32563062875e-11
6.11579207168e-12
4.58445863754e-11
-4.72725934326e-10
-5.12577217484e-10
-5.51931550755e-10
-5.92065248549e-10
-4.6183059896e-10
-4.00905859859e-10
-3.39157365212e-10
-4.80757214398e-10
-1.86752325601e-10
1.09916133487e-10
-4.71588821199e-10
-4.26739840666e-10
-3.82450131856e-10
-3.37283319438e-10
-2.60777997459e-10
-1.37889609462e-10
-1.33396634062e-11
-5.45189018469e-11
-4.27264127807e-12
4.64288309285e-11
-1.16335255659e-10
4.05374403346e-11
1.35047600076e-10
1.73113117041e-10
8.38067757064e-11
2.63889200519e-11
-6.12302950391e-11
-8.58255600422e-11
1.97474947495e-10
6.07775046637e-10
-7.17210931469e-10
-6.47954644908e-10
-5.7956199186e-10
-5.09814905822e-10
-4.40956278122e-10
-1.9551164079e-10
-1.35490903741e-12
1.92836589791e-10
3.84716078114e-10
4.72590731881e-11
-1.07564027389e-09
-1.12133637064e-09
-1.16646263203e-09
-1.21248256394e-09
-1.25791628078e-09
-8.36799987745e-10
-7.36686350313e-10
-6.36554785826e-10
-5.37615370482e-10
2.81729000418e-10
4.88105022824e-14
-2.56021417584e-12
-5.13670402913e-12
-7.76421811825e-12
-2.28265586073e-11
-3.51176316771e-11
-4.75748907621e-11
1.25978902463e-12
2.71753622156e-11
5.3325720451e-11
-4.74789765589e-11
-9.03401013131e-11
-1.32666743125e-10
-1.75831612401e-10
-1.45365108375e-10
-1.05471285336e-10
-6.50380630569e-11
-6.87650565779e-11
-4.2521782931e-11
-1.60407554006e-11
-2.0112087261e-10
-1.84602995473e-10
-1.6829109808e-10
-1.51656163476e-10
-1.28896611275e-10
-8.67758598445e-11
-4.40855991619e-11
-2.82616414165e-11
1.15799492612e-11
5.17824893019e-11
-3.30908146153e-10
-3.75875012914e-10
-4.20281137897e-10
-4.6556667197e-10
-3.68855054977e-10
-3.14454797137e-10
-2.59319000421e-10
-3.51745350537e-10
-1.4423923167e-10
6.51468121737e-11
-3.79299734796e-10
-3.45840887478e-10
-3.12799275668e-10
-2.79103315078e-10
-2.22844372208e-10
-1.32530290507e-10
-4.09950837445e-11
-5.4409194093e-11
-2.23313078409e-12
5.0415627427e-11
-5.81945410651e-10
-6.28777363188e-10
-6.75025316124e-10
-7.22189153302e-10
-5.66803293395e-10
-4.99554479017e-10
-4.31396402086e-10
-6.02385039471e-10
-2.34331829124e-10
1.37055800597e-10
-5.97712533604e-10
-5.43487335743e-10
-4.89938332066e-10
-4.35328855752e-10
-3.38006143676e-10
-1.88616366803e-10
-3.72067100071e-11
-8.64610328576e-11
-1.91652934203e-11
4.87401193223e-11
-1.07790225191e-10
2.65092332007e-11
-7.56392797545e-12
-1.57745319855e-10
-2.96895646985e-10
-5.29044072179e-10
-4.75376217743e-10
-4.70117897419e-10
1.04662228712e-10
1.00511008959e-09
-9.08088616121e-10
-8.24353341172e-10
-7.41662254317e-10
-6.57333571446e-10
-5.74079091466e-10
-2.68317633119e-10
-3.18232315382e-11
2.04713518399e-10
4.38434102574e-10
4.63591341209e-11
-1.32695922787e-09
-1.37932627368e-09
-1.43104029667e-09
-1.48377845274e-09
-1.53584481509e-09
-1.04888256718e-09
-9.42077723157e-10
-8.35253753905e-10
-7.29701612414e-10
3.50463121078e-10
