3.06501075217e-10
2.193168833e-10
1.33219887849e-10
4.54178465222e-11
4.41888113981e-11
-6.06694705125e-11
-1.66945527741e-10
-2.9994395485e-10
-4.7688699815e-10
-6.55433076812e-10
-1.36381322606e-11
-1.92475506764e-10
-3.69082759529e-10
-5.4918750331e-10
-5.65742303608e-10
-6.46864252528e-10
-7.29083040867e-10
-7.08208428917e-10
-8.03242969753e-10
-8.9913848668e-10
2.18030246302e-10
1.47808769942e-10
7.846296312e-11
7.74384726005e-12
-2.07381251859e-10
-4.99989753559e-10
-7.96554577106e-10
-9.48748733263e-10
-8.69844919575e-10
-7.9022626793e-10
1.18752345707e-12
-2.84569402459e-10
-5.66762908065e-10
-8.54544911511e-10
-1.16714884952e-09
-1.43150855531e-09
-1.69944263462e-09
-1.34390607368e-09
-1.538610216e-09
-1.73507830235e-09
1.39670369263e-10
8.44730123972e-11
2.99639726457e-11
-2.56245520864e-11
-4.30200450744e-10
-8.89102004258e-10
-1.35420830654e-09
-1.52340439414e-09
-1.21789336427e-09
-9.09614522921e-10
1.43188185213e-11
-3.66138281503e-10
-7.41851039626e-10
-1.1250043302e-09
-1.69982321876e-09
-2.12647922349e-09
-2.55890398908e-09
-1.90695255904e-09
-2.18993549124e-09
-2.47548213908e-09
4.36163264406e-11
6.83563218072e-12
-2.94864027745e-11
-6.65277512853e-11
-7.0333366228e-10
-1.36607831157e-09
-2.03778384585e-09
-2.2278210107e-09
-1.64453339324e-09
-1.05596141613e-09
3.04152447291e-11
-4.66125939686e-10
-9.56475200893e-10
-1.45653523054e-09
-2.35277889719e-09
-2.97837875223e-09
-3.6124372623e-09
-2.59713857336e-09
-2.98833421574e-09
-3.38307393895e-09
-9.28815238855e-11
-1.03491171285e-10
-1.13968515214e-10
-1.24653350147e-10
-1.35202078596e-10
-2.04388674827e-09
-3.00918066488e-09
-3.97464743383e-09
-4.92861952189e-09
-1.26392805386e-09
5.32891135507e-11
-6.08213664472e-10
-1.26146743006e-09
-1.9276580889e-09
-2.58536262052e-09
-4.18897281938e-09
-5.10956349266e-09
-6.0303190134e-09
-6.94011217766e-09
-4.67280965456e-09
2.0081525344e-12
1.11625798146e-11
2.02028503793e-11
2.9422152465e-11
4.00614263881e-11
4.60049259132e-11
5.20287867295e-11
4.68402628308e-11
4.78508753627e-11
4.88706436523e-11
-7.25923036554e-12
-4.21485783946e-12
-1.20844897378e-12
1.85749814887e-12
1.06934485796e-11
1.89735133082e-11
2.73655317251e-11
3.69036155275e-11
4.4012857386e-11
5.11865062191e-11
-1.16202210818e-11
-1.68172898105e-12
8.13282902961e-12
1.81417523788e-11
2.64045806543e-11
2.54932277426e-11
2.45695525456e-11
2.99339719872e-12
2.92795357443e-11
5.58038165127e-11
-2.18047676731e-11
-9.29942213961e-12
3.04998035898e-12
1.56439476963e-11
-1.30701942768e-11
-1.99408759939e-11
-2.69044553131e-11
-4.63802921151e-12
-3.52750206718e-11
-6.61895713952e-11
-2.36910662847e-11
-1.30581167715e-11
-2.55776130872e-12
8.1505408738e-12
1.43085172901e-11
7.32572364867e-12
2.48516554203e-13
-3.58423980754e-11
1.28306349395e-11
6.19446267605e-11
-3.46879578597e-11
-1.38028933769e-11
6.82173205372e-12
2.78548030097e-11
-3.41179922353e-11
-5.44079065186e-11
-7.49721581184e-11
-4.14320574089e-11
-1.05501426952e-10
-1.70151240139e-10
-3.84875862109e-11
-2.70033663211e-11
-1.5662355917e-11
-4.09675064843e-12
-5.189152209e-13
-1.49441200794e-11
-2.9564366274e-11
-8.34475664759e-11
-7.332533789e-12
6.94720715803e-11
-5.04802555079e-11
-1.93232774742e-11
1.1445169615e-11
4.28229482327e-11
-5.99185187651e-11
-9.66578149037e-11
-1.33893858331e-10
-8.65344145541e-11
-1.91585408843e-10
-2.97588124406e-10
-5.95142197902e-11
-4.68202998916e-11
-3.42846745709e-11
-2.15007964958e-11
-8.87976311741e-12
-4.6590740114e-11
-7.1930041872e-11
-9.72738810643e-11
-1.22315980877e-10
8.01689668507e-11
-7.29219416396e-11
-2.7168033823e-11
1.80153177284e-11
6.40934703916e-11
1.09584666362e-10
-1.56697158398e-10
-2.17624695476e-10
-2.78563142669e-10
-3.38776067215e-10
-4.78682644154e-10
-3.16309064288e-11
-1.18334058611e-11
7.717217696e-12
2.76550174827e-11
3.9605450773e-11
5.77898510918e-11
7.62201203441e-11
8.51514808496e-11
1.05821642341e-10
1.2667906748e-10
-6.55451691907e-12
1.65833630645e-11
3.94327111385e-11
6.27345626538e-11
7.43755732264e-11
9.25323851124e-11
1.10934692912e-10
1.19220366198e-10
1.37614010657e-10
1.56174294404e-10
-3.69910098186e-11
-1.81967916742e-11
3.63060501942e-13
1.92904678901e-11
5.22322266153e-11
8.35463110013e-11
1.15283789087e-10
1.08137744602e-10
1.2861091035e-10
1.49269555041e-10
-2.43448563891e-11
2.11112127519e-11
6.6000439709e-11
1.11778642999e-10
1.14427415815e-10
1.36003005975e-10
1.57870316909e-10
1.43318502318e-10
1.30806938907e-10
1.18182025583e-10
-4.1738529964e-11
-2.38329333943e-11
-6.15062158422e-12
1.18818668224e-11
6.34159423613e-11
1.06359175493e-10
1.49883038545e-10
1.28497006782e-10
1.48795690587e-10
1.69278272595e-10
-4.01020142055e-11
2.51215939037e-11
8.95318564427e-11
1.55217685591e-10
1.49901904966e-10
1.74505555882e-10
1.99441869591e-10
1.64662565739e-10
1.24777818214e-10
8.45317303419e-11
-4.75580707873e-11
-3.07417522771e-11
-1.41351351092e-11
2.80035583619e-12
7.71250132758e-11
1.34323331966e-10
1.92295021752e-10
1.53453521713e-10
1.73538324425e-10
1.93805087661e-10
-5.94172399158e-11
3.0037544993e-11
1.18376818891e-10
2.08465544252e-10
1.93386762634e-10
2.21702229961e-10
2.50400547073e-10
1.90826256384e-10
1.17387283171e-10
4.32829813366e-11
-5.58279445888e-11
-4.05595475316e-11
-2.54815490657e-11
-1.01049492495e-11
5.0757790387e-12
1.74061870112e-10
2.52564682099e-10
3.31081551353e-10
4.086636123e-10
2.28658982755e-10
-8.68651922411e-11
3.70233702251e-11
1.59367028685e-10
2.84133553927e-10
4.07310767473e-10
2.88771187863e-10
3.2281550981e-10
3.56865927974e-10
3.90510947729e-10
-1.53336619868e-11
-6.37713012415e-11
-3.38048902458e-11
-4.2121636927e-12
2.59666106791e-11
3.9169789469e-11
6.90497424132e-11
9.93336983509e-11
1.21755883911e-10
1.61209735697e-10
2.01021024083e-10
-5.88119937995e-12
3.64549959774e-11
7.82632543201e-11
1.20899474174e-10
1.35220575784e-10
1.62814112801e-10
1.90780738477e-10
1.97869797774e-10
2.27045109915e-10
2.5648473907e-10
-6.12314966766e-11
-3.39760866864e-11
-7.06055465792e-12
2.03880066204e-11
7.69092171095e-11
1.3901305334e-10
2.01956587538e-10
2.08597773569e-10
2.23516942073e-10
2.3857127246e-10
-2.67717808249e-11
5.01670140153e-11
1.26146373618e-10
2.03630411671e-10
2.36244840332e-10
2.84999383685e-10
3.34413130937e-10
2.84683376516e-10
2.89489729587e-10
2.94339626353e-10
-5.89819554906e-11
-3.41277178195e-11
-9.58341522711e-12
1.54469573113e-11
1.10335567305e-10
2.00980557304e-10
2.92851146532e-10
2.85514875837e-10
2.78703324864e-10
2.7183006388e-10
-4.52748672475e-11
6.23119442774e-11
1.68557136424e-10
2.76906384883e-10
3.25723474645e-10
3.93220623611e-10
4.6163039283e-10
3.61575403402e-10
3.44797821297e-10
3.27868240804e-10
-5.62244533916e-11
-3.43135882408e-11
-1.26759539893e-11
9.39018719037e-12
1.51309803029e-10
2.76940723453e-10
4.04270283363e-10
3.79800356038e-10
3.4635114893e-10
3.12598904975e-10
-6.79560699592e-11
7.71992781471e-11
2.2054452309e-10
3.66728545594e-10
4.35406961867e-10
5.25878917713e-10
6.17574133216e-10
4.55830146036e-10
4.12594836942e-10
3.68967832711e-10
-5.23058977773e-11
-3.4577719892e-11
-1.70706143357e-11
7.83198071213e-13
1.84095835073e-11
3.84884117454e-10
5.62602740965e-10
7.40353188028e-10
9.15987368914e-10
3.705335739e-10
-1.0018725276e-10
9.83549631198e-11
2.9442133572e-10
4.94370563447e-10
6.91772780701e-10
7.14393335648e-10
8.39178395869e-10
9.63985800984e-10
1.08730727065e-09
4.27372515948e-10
-9.48774810585e-11
-5.50693752685e-11
-1.57576809381e-11
2.43325335017e-11
3.8748146893e-11
7.99473124711e-11
1.21703526658e-10
1.57182428928e-10
2.14815548622e-10
2.72970802033e-10
-5.22954788133e-12
5.56871986386e-11
1.15844306626e-10
1.7719275269e-10
1.94107705254e-10
2.30834312058e-10
2.6805749458e-10
2.73988444586e-10
3.13598491444e-10
3.53567389968e-10
-8.46919721141e-11
-4.92476348705e-11
-1.42452924124e-11
2.14502287026e-11
1.00792150351e-10
1.92694984477e-10
2.85840424981e-10
3.05825195437e-10
3.15369083459e-10
3.24999435405e-10
-2.91206115826e-11
7.82878564658e-11
1.84356929099e-10
2.92526570212e-10
3.54142418564e-10
4.29201349596e-10
5.05275142763e-10
4.21499405761e-10
4.43066418658e-10
4.6482882033e-10
-7.56705213349e-11
-4.40912362322e-11
-1.29057482897e-11
1.88973301662e-11
1.55745410556e-10
2.92557208254e-10
4.31218820639e-10
4.37480217202e-10
4.04430785743e-10
3.71081939249e-10
-5.02812680037e-11
9.83055819698e-11
2.45039537574e-10
3.94679380017e-10
4.95887450353e-10
6.04897868558e-10
7.15382202582e-10
5.52151971372e-10
5.57738011333e-10
5.6337465865e-10
-6.46119687668e-11
-3.77704895144e-11
-1.12637264618e-11
1.57679706701e-11
2.23107471453e-10
4.14968966431e-10
6.09424595961e-10
5.98863792269e-10
5.13603194994e-10
4.27570169767e-10
-7.6220137165e-11
1.22843439039e-10
3.19424670544e-10
5.19898953327e-10
6.69639424803e-10
8.20267795028e-10
9.72932792037e-10
7.12306729219e-10
6.98303189451e-10
6.84172783042e-10
-4.88971835384e-11
-2.87883757574e-11
-8.93032702223e-12
1.13209861229e-11
3.13143322468e-11
5.88922517526e-10
8.62664381945e-10
1.13645526451e-09
1.40698644004e-09
5.07842918398e-10
-1.13080635447e-10
1.57713025401e-10
4.25129859501e-10
6.97842557503e-10
9.67081363129e-10
1.1263197958e-09
1.33892573495e-09
1.55156974481e-09
1.76168205176e-09
8.558332756e-10
-1.274523453e-10
-7.73378671516e-11
-2.78483220606e-11
2.26213030476e-11
3.83065963795e-11
9.13594134518e-11
1.45129550828e-10
1.94281645266e-10
2.70952370592e-10
3.48317702961e-10
-4.5471285285e-12
7.58274535471e-11
1.5519975574e-10
2.3614392947e-10
2.55775202172e-10
3.02066098457e-10
3.48982887987e-10
3.53701048341e-10
4.04238507979e-10
4.55233817404e-10
-1.09260138533e-10
-6.52402322184e-11
-2.17692589791e-11
2.25626038102e-11
1.25802721002e-10
2.48911518596e-10
3.73684854378e-10
4.07643229233e-10
4.11558041842e-10
4.15508321135e-10
-3.15803428484e-11
1.07736430047e-10
2.45315907454e-10
3.85619978436e-10
4.77606554239e-10
5.8021183981e-10
6.84204438225e-10
5.64775230849e-10
6.03894261437e-10
6.43367695274e-10
-9.31470411118e-11
-5.45251841347e-11
-1.6384945964e-11
2.25106130571e-11
2.03299288525e-10
3.88457668866e-10
5.76119551809e-10
5.96620632175e-10
5.3609449352e-10
4.75020011517e-10
-5.55240469604e-11
1.35998666375e-10
3.25133070401e-10
5.18013050378e-10
6.74085751783e-10
8.26569496436e-10
9.81114954151e-10
7.51726649642e-10
7.80732214501e-10
8.1000055853e-10
-7.3395502337e-11
-4.13906090644e-11
-9.78482033265e-12
2.24468824565e-11
2.98295080972e-10
5.59514240165e-10
8.24265309949e-10
8.28270351911e-10
6.88752079448e-10
5.47969825535e-10
-8.48743939363e-11
1.70642698004e-10
4.22973463691e-10
6.80301332114e-10
9.14931219742e-10
1.12855630133e-09
1.34506978012e-09
9.80892904936e-10
9.97501318256e-10
1.01426019736e-09
-4.53275261834e-11
-2.27256865961e-11
-4.0569443545e-13
2.23563179187e-11
4.48283812469e-11
8.02594630958e-10
1.17689349257e-09
1.55125937878e-09
1.92116812929e-09
6.51635350717e-10
-1.26582781744e-10
2.19873690318e-10
5.62009812049e-10
9.10921521948e-10
1.25538869465e-09
1.55769544513e-09
1.86226874335e-09
2.16689658061e-09
2.46789757136e-09
1.30452389465e-09
-1.59995437834e-10
-9.95846395894e-11
-3.9927170646e-11
2.09117416323e-11
3.78654765297e-11
1.02760383706e-10
1.68532726559e-10
2.31344677097e-10
3.27034439837e-10
4.23591114723e-10
-3.86537476945e-12
9.59480647741e-11
1.94516819743e-10
2.95037608559e-10
3.17382552053e-10
3.73228409345e-10
4.29829351277e-10
4.33335904868e-10
4.94790119295e-10
5.56801085076e-10
-1.33804342533e-10
-8.12172312787e-11
-2.92858870883e-11
2.36738939692e-11
1.50788897737e-10
3.05073222242e-10
4.61443605217e-10
5.09361955396e-10
5.07653182879e-10
5.05928929545e-10
-3.40376750296e-11
1.37156281131e-10
3.06215429821e-10
4.78622588542e-10
6.00950269881e-10
7.31075042812e-10
8.6295921603e-10
7.07911312687e-10
7.64565241707e-10
8.21732433356e-10
-1.10606515266e-10
-6.49489553463e-11
-1.9860750223e-11
2.61203717533e-11
2.50806785093e-10
4.84264593517e-10
7.20878954886e-10
7.55605830462e-10
6.67629783859e-10
5.78856708386e-10
-6.07617124029e-11
1.73654987048e-10
4.05148484462e-10
6.41226427955e-10
8.52110248528e-10
1.04802491817e-09
1.24658852481e-09
9.51106673899e-10
1.00350892156e-09
1.05638591326e-09
-8.21704689384e-11
-4.50071977517e-11
-8.30735664605e-12
2.91192800047e-11
3.7340935669e-10
7.03918532499e-10
1.03889648029e-09
1.05745316119e-09
8.63730133447e-10
6.68252050192e-10
-9.35202098281e-11
2.18395336236e-10
5.26421261119e-10
8.40547263365e-10
1.15998377074e-09
1.43654412022e-09
1.71684380654e-09
1.24921711667e-09
1.29640762589e-09
1.34402566282e-09
-4.17613504731e-11
-1.66689106436e-11
8.11062370008e-12
3.33808864674e-11
5.83292493972e-11
1.01605834053e-09
1.49081612164e-09
1.96565891624e-09
2.4348483144e-09
7.95287535916e-10
-1.40071758801e-10
2.81973727188e-10
6.98756259525e-10
1.12379266105e-09
1.54341482729e-09
1.98865035471e-09
2.38510131216e-09
2.78162326092e-09
3.17342428773e-09
1.75277688588e-09
-1.92504803025e-10
-1.21808355689e-10
-5.19935008302e-11
1.92039519898e-11
3.74248138523e-11
1.14149538105e-10
1.91911647467e-10
2.68369297162e-10
3.8305838617e-10
4.98786513854e-10
-3.18432757336e-12
1.16047823195e-10
2.33793135924e-10
3.53870250812e-10
3.78926052676e-10
4.44316968305e-10
5.10592026079e-10
5.12888228605e-10
5.85247883803e-10
6.58263089419e-10
-1.58323109158e-10
-9.71776719325e-11
-3.67947250373e-11
2.47840323978e-11
1.75749179042e-10
3.61176720445e-10
5.49111403741e-10
6.10975261261e-10
6.03648731846e-10
5.96255826915e-10
-3.64924604556e-11
1.66545641769e-10
3.67051836516e-10
5.71528811647e-10
7.24166153296e-10
8.81781892658e-10
1.04152873412e-09
8.50899049683e-10
9.25069704136e-10
9.99912315958e-10
-1.28047894591e-10
-7.53619234627e-11
-2.33329521922e-11
2.97263893307e-11
2.98265045354e-10
5.79972224803e-10
8.65488330726e-10
9.14426258035e-10
7.99028752302e-10
6.82585789912e-10
-6.59939495798e-11
2.11272281076e-10
4.85080971327e-10
7.64312108386e-10
1.02995024242e-09
1.26925082566e-09
1.51178696125e-09
1.15028006264e-09
1.226054745e-09
1.30251591661e-09
-9.09363412498e-11
-4.86200382417e-11
-6.83142418844e-12
3.57847623451e-11
4.48445784703e-10
8.48173165629e-10
1.25330520897e-09
1.28639844763e-09
1.03852684189e-09
7.88409615522e-10
-1.0215706528e-10
2.66098484099e-10
6.29761846256e-10
1.00062711729e-09
1.40478235166e-09
1.74421274353e-09
2.08823252998e-09
1.51726323981e-09
1.59500414994e-09
1.67344936256e-09
-3.81988707127e-11
-1.06184118749e-11
1.66181156063e-11
4.43940292604e-11
7.18161253791e-11
1.22930081838e-09
1.80441340436e-09
2.37962897406e-09
2.94799612635e-09
9.38790841388e-10
-1.53546756013e-10
3.44009404184e-10
8.35360984313e-10
1.33644318258e-09
1.83114245244e-09
2.41915862681e-09
2.90739202239e-09
3.39571284449e-09
3.87821980307e-09
2.20056531208e-09
2.14385920087e-10
1.43935971493e-10
7.43645415109e-11
3.41533429956e-12
-1.23066217134e-12
-8.58017094731e-11
-1.71516231008e-10
-2.89128008836e-10
-4.36427587871e-10
-5.85061643977e-10
-1.66971410594e-11
-1.5590465042e-10
-2.93376226821e-10
-4.33570259949e-10
-4.55203471503e-10
-5.17535078098e-10
-5.80709462314e-10
-5.56727281874e-10
-6.29774176286e-10
-7.03482847236e-10
1.84084281784e-10
1.14403086502e-10
4.55908233916e-11
-2.45841825743e-11
-1.9785041166e-10
-4.15048536061e-10
-6.35183368315e-10
-8.0090592636e-10
-7.44227863905e-10
-6.87036320182e-10
1.9002931338e-11
-1.97352979723e-10
-4.11010908766e-10
-6.28900072232e-10
-9.06564204005e-10
-1.08601402852e-09
-1.26789017098e-09
-9.65193857432e-10
-1.153183852e-09
-1.34287696303e-09
1.57245687859e-10
8.82453883662e-11
2.01055302003e-11
-4.93837546626e-11
-3.71999332635e-10
-7.06667153897e-10
-1.04585997565e-09
-1.25419493902e-09
-1.01685096554e-09
-7.77356747677e-10
5.06229954613e-11
-2.34064357106e-10
-5.1520162706e-10
-8.01906477397e-10
-1.30634085279e-09
-1.58952395603e-09
-1.87653594151e-09
-1.32697853864e-09
-1.61677527907e-09
-1.9091974656e-09
1.24346766274e-10
5.61811132324e-11
-1.11345066149e-11
-7.97832301256e-11
-5.85472203508e-10
-1.06413513705e-09
-1.54927001044e-09
-1.80983953519e-09
-1.35103412237e-09
-8.88072110414e-10
8.93830740642e-11
-2.79065400349e-10
-6.42919281743e-10
-1.01397884502e-09
-1.79638964808e-09
-2.20672967362e-09
-2.62261785378e-09
-1.77045653496e-09
-2.18504864128e-09
-2.60339679132e-09
7.75956671788e-11
1.06160906739e-11
-5.55282431418e-11
-1.22982484731e-10
-1.89577474891e-10
-1.57211595521e-09
-2.26464216514e-09
-2.9572923837e-09
-3.64169602817e-09
-1.04540446799e-09
1.44463185763e-10
-3.43014251274e-10
-8.2441279103e-10
-1.31534484111e-09
-1.80002325827e-09
-3.08381148284e-09
-3.68283951858e-09
-4.28197482051e-09
-4.87397692083e-09
-3.58989056998e-09
-7.59190810638e-13
6.78921543254e-12
1.42434922193e-11
2.18453918566e-11
3.02231038143e-11
3.54396779123e-11
4.07267846364e-11
3.7223109541e-11
3.86232495274e-11
4.00360742393e-11
-7.30692958703e-12
-4.5677701509e-12
-1.86276833434e-12
8.95802740573e-13
1.00824163842e-11
1.79914556413e-11
2.60074319992e-11
3.34050361507e-11
3.91204720413e-11
4.48876875649e-11
-1.12473891778e-11
-3.97420146412e-12
3.20828879847e-12
1.05330195114e-11
1.64516293029e-11
1.81496428471e-11
1.98706150137e-11
1.02815083967e-13
2.2189059652e-11
4.44753970318e-11
-1.3557802125e-11
-3.44315052868e-12
6.54537024926e-12
1.67317014859e-11
-8.47650564638e-12
-1.05206448172e-11
-1.25924225304e-11
8.40747799581e-12
-1.82176161876e-11
-4.50839234004e-11
-2.05369363031e-11
-1.35075135726e-11
-6.56574851708e-12
-3.92586896861e-12
4.25403759279e-12
2.83561178948e-12
1.39800763367e-12
-3.27751600065e-11
7.63306290517e-12
4.84073686481e-11
-1.90942892301e-11
-2.44705886329e-12
1.3992578709e-11
-4.33937022028e-12
-2.49144080163e-11
-3.57742195091e-11
-4.67808651137e-11
-1.373321637e-11
-6.90027800475e-11
-1.24773064541e-10
-3.19241231017e-11
-2.51935090604e-11
-1.85468265168e-11
-1.17685145406e-11
-1.06978490196e-11
-1.59364262812e-11
-2.12458336709e-11
-7.30771939884e-11
-1.02097718167e-11
5.32272048229e-11
-2.58809508428e-11
-1.22604327345e-12
2.31214148855e-11
4.79510447267e-11
-4.50640947924e-11
-6.67302142927e-11
-8.86892786029e-11
-4.08734223667e-11
-1.31255561553e-10
-2.22456527875e-10
-4.81059148682e-11
-4.1799923701e-11
-3.55725689374e-11
-2.9221889016e-11
-2.29521058725e-11
-4.26124803816e-11
-5.34239239459e-11
-6.42373034835e-11
-7.49219407888e-11
6.00764457028e-11
-3.55251541871e-11
5.09084143685e-13
3.60939715573e-11
7.23835742196e-11
1.0821090954e-10
-1.10720312143e-10
-1.48243339877e-10
-1.85773086749e-10
-2.22856010926e-10
-3.61269870507e-10
-2.45274906035e-11
-8.36216402511e-12
7.60157915202e-12
2.38814647722e-11
3.36979796153e-11
4.88339011444e-11
6.41744735182e-11
7.32769672697e-11
9.11048080115e-11
1.09094162078e-10
-6.26953970416e-12
1.21512727544e-11
3.03423756545e-11
4.88937311376e-11
6.14851855504e-11
7.71541070623e-11
9.30348860429e-11
9.86002980544e-11
1.1301705498e-10
1.27564422133e-10
-3.28267859631e-11
-1.70520114004e-11
-1.47395001229e-12
1.44126158619e-11
4.01267903817e-11
6.60075009368e-11
9.22381412444e-11
8.85947906809e-11
1.06859481069e-10
1.25289642469e-10
-1.71549708973e-11
1.79791673378e-11
5.26751790031e-11
8.80583028179e-11
9.07403325416e-11
1.08295204924e-10
1.26087434474e-10
1.15966735664e-10
1.07168536605e-10
9.82906292743e-11
-4.01775904245e-11
-2.47487333613e-11
-9.51227584354e-12
2.22068043819e-11
4.58208799177e-11
8.121840361e-11
1.17094532659e-10
1.02162005702e-10
1.20813620062e-10
1.39634210816e-10
-2.67963528112e-11
2.31410168261e-11
7.24556619689e-11
9.85017487905e-11
1.16652034162e-10
1.35877320173e-10
1.55362548799e-10
1.31348437548e-10
1.01988420331e-10
7.23624127424e-11
-4.91882539578e-11
-3.41834247974e-11
-1.93657075076e-11
-4.25454341843e-12
5.2800731607e-11
9.98640262417e-11
1.47563657619e-10
1.18792785406e-10
1.37918693667e-10
1.57217875241e-10
-3.86148209637e-11
2.9468445231e-11
9.67027056045e-11
1.65268458416e-10
1.48414765181e-10
1.69687654994e-10
1.91248172809e-10
1.50203426953e-10
9.56386003812e-11
4.05794376388e-11
-6.19928810841e-11
-4.75906178906e-11
-3.3367952504e-11
-1.88636245943e-11
-4.54405696351e-12
1.2636043735e-10
1.90861887825e-10
2.55374888385e-10
3.19119808283e-10
1.82205187845e-10
-5.54094862331e-11
3.8460054017e-11
1.31159030771e-10
2.2569379758e-10
3.19024353482e-10
2.17733920267e-10
2.42243533246e-10
2.66757535089e-10
2.90979677453e-10
-4.58584277171e-12
-4.72368814995e-11
-2.28385296767e-11
1.25557201411e-12
2.58268279717e-11
3.70180451466e-11
6.16313941826e-11
8.65775371394e-11
1.07724578399e-10
1.41248244304e-10
1.75075621624e-10
-5.27836689975e-12
2.8125460393e-11
6.11127382837e-11
9.47532889379e-11
1.10597894003e-10
1.33680984848e-10
1.5707617919e-10
1.60891025622e-10
1.8362144833e-10
2.06557799854e-10
-5.34447923484e-11
-2.95471877695e-11
-5.9475889494e-12
1.81193711119e-11
6.27471920154e-11
1.11733228746e-10
1.61381599366e-10
1.73144332823e-10
1.87757724277e-10
2.0250350739e-10
-2.05918810877e-11
3.8447092876e-11
9.67498443379e-11
1.56207210609e-10
1.85536930595e-10
2.21817652888e-10
2.58588922151e-10
2.1873408748e-10
2.26968572011e-10
2.35277657779e-10
-5.89432276717e-11
-3.54891420803e-11
-1.23275315171e-11
4.71752328959e-11
8.55358649564e-11
1.56109139358e-10
2.2763662591e-10
2.31087543885e-10
2.28951835109e-10
2.2679677764e-10
-3.41552793685e-11
4.75891102181e-11
1.28314138272e-10
1.96761161208e-10
2.51911505863e-10
2.99881558866e-10
3.48500208774e-10
2.69966513698e-10
2.65361738701e-10
2.60715246227e-10
-6.56832451649e-11
-4.27728280097e-11
-2.01481062775e-11
2.92467044546e-12
1.13470367271e-10
2.10505416884e-10
3.08852464899e-10
3.02114705832e-10
2.79447841937e-10
2.56575625044e-10
-5.07813804869e-11
5.87954540569e-11
1.67005853416e-10
2.77359227618e-10
3.33273888449e-10
3.95572798452e-10
4.58714043989e-10
3.32767552287e-10
3.12424330126e-10
2.91896806261e-10
-7.52611647603e-11
-5.31233290672e-11
-3.12615546212e-11
-8.96683442393e-12
1.30438892484e-11
2.87805390209e-10
4.2426444662e-10
5.60747938352e-10
6.95606481163e-10
2.98892934512e-10
-7.44079452341e-11
7.47202584593e-11
2.21988817043e-10
3.72173849624e-10
5.2044578229e-10
5.31555086284e-10
6.15333704558e-10
6.99127324822e-10
7.8192331269e-10
3.36207444203e-10
-6.92155286462e-11
-3.68490742167e-11
-4.88623303534e-12
2.77095931912e-11
4.02312774676e-11
7.40170889438e-11
1.08259714023e-10
1.41063732828e-10
1.89778162964e-10
2.38933926949e-10
-4.31908809614e-12
4.35856299402e-11
9.08929708713e-11
1.39137175931e-10
1.58130251627e-10
1.88388938348e-10
2.19056748874e-10
2.211773595e-10
2.51953930498e-10
2.83009325295e-10
-7.33993516445e-11
-4.16402938203e-11
-1.02772749419e-11
2.17068502333e-11
8.46397134002e-11
1.55987592134e-10
2.28300156342e-10
2.54973236191e-10
2.66052820363e-10
2.77232781271e-10
-2.39181982354e-11
5.82564006329e-11
1.39406273211e-10
2.22163219937e-10
2.77283159671e-10
3.31687170677e-10
3.86826771304e-10
3.18194587065e-10
3.42913676766e-10
3.67856711835e-10
-7.71050234429e-11
-4.58839454693e-11
-1.50521977734e-11
1.63901350421e-11
1.23972899512e-10
2.28590037816e-10
3.34621690967e-10
3.55864510599e-10
3.33610374059e-10
3.1115462367e-10
-4.12774100731e-11
7.12505118179e-11
1.82375198141e-10
2.957005732e-10
3.82818592511e-10
4.58608462168e-10
5.35423076886e-10
4.04124131479e-10
4.23478023461e-10
4.43007254199e-10
-8.1647459841e-11
-5.1085841039e-11
-2.09053289863e-11
9.8728712593e-12
1.7218777281e-10
3.17586584137e-10
4.64951314056e-10
4.7953768568e-10
4.16422859234e-10
3.52736236934e-10
-6.25564439386e-11
8.71787771414e-11
2.35046783538e-10
3.85843135265e-10
5.1218460696e-10
6.14189400124e-10
7.17573386953e-10
5.09457121407e-10
5.22234319409e-10
5.35127273872e-10
-8.81025010383e-11
-5.84780084275e-11
-2.92229364993e-11
6.11496410062e-13
3.00658897767e-11
4.44055360487e-10
6.50156567918e-10
8.56294681287e-10
1.05997854982e-09
4.11825897888e-10
-9.27950710107e-11
1.09813680496e-10
3.09895878576e-10
5.13940460304e-10
7.15385863767e-10
8.35278101431e-10
9.76418564418e-10
1.11758430101e-09
1.25706934268e-09
6.66034670248e-10
-9.22319019592e-11
-5.15211293844e-11
-1.13180246233e-11
2.96812535424e-11
4.35962231873e-11
8.69875767294e-11
1.30965619172e-10
1.75977002017e-10
2.40599431319e-10
3.05807314773e-10
-3.31451675434e-12
5.97757544462e-11
1.22079283023e-10
1.85616656914e-10
2.07906858904e-10
2.45679938679e-10
2.83963743397e-10
2.8431012454e-10
3.23512744308e-10
3.63070524611e-10
-9.42960693991e-11
-5.43043782619e-11
-1.48113879137e-11
2.54637128901e-11
1.07565894506e-10
2.0233143403e-10
2.98378286203e-10
3.40665707394e-10
3.48044634875e-10
3.55490412578e-10
-2.74015681043e-11
7.90010087682e-11
1.84076733799e-10
2.91233355273e-10
3.73361205075e-10
4.46744199449e-10
5.21119395834e-10
4.22351133782e-10
4.64333152543e-10
5.06695512115e-10
-9.61243319887e-11
-5.67695415534e-11
-1.79055096852e-11
2.17281768837e-11
1.64224746246e-10
3.04493136211e-10
4.46658077002e-10
4.86532846442e-10
4.43210386596e-10
3.99495442062e-10
-4.87358135856e-11
9.60290911676e-11
2.38988761629e-10
3.8477957382e-10
5.19906483112e-10
6.2482968756e-10
7.31171545136e-10
5.44616027682e-10
5.89059799837e-10
6.33906215334e-10
-9.83654280664e-11
-5.97913546204e-11
-2.16983041149e-11
1.7149132747e-11
2.3367753225e-10
4.29723609852e-10
6.28420401208e-10
6.65337726565e-10
5.59865179028e-10
4.53437091108e-10
-7.4887469337e-11
1.16902224431e-10
3.06300279614e-10
4.99449132039e-10
6.99542630383e-10
8.43128027825e-10
9.88654824924e-10
6.94489123431e-10
7.41950528777e-10
7.89841916053e-10
-1.01550143545e-10
-6.40855100314e-11
-2.70880646201e-11
1.06420700263e-11
4.78915874221e-11
6.07682703973e-10
8.86714230342e-10
1.16579572207e-09
1.44155451767e-09
5.30091013435e-10
-1.12050348563e-10
1.46564045385e-10
4.01953489383e-10
6.62400609507e-10
9.19530079695e-10
1.15334145873e-09
1.35455211726e-09
1.55579880598e-09
1.75464948633e-09
1.01143475392e-09
-1.15225826385e-10
-6.61788742476e-11
-1.77435430004e-11
3.1650990846e-11
4.69578869265e-11
9.99454138246e-11
1.53649378246e-10
2.10856218751e-10
2.91371131443e-10
3.72615478024e-10
-2.3109252154e-12
7.59500880076e-11
1.53235177784e-10
2.32050804404e-10
2.57634916855e-10
3.02915060562e-10
3.48807431258e-10
3.47381313401e-10
3.95001763642e-10
4.43053636698e-10
-1.1517240566e-10
-6.69561108617e-11
-1.93410785646e-11
2.92169113125e-11
1.30469714694e-10
2.48630074728e-10
3.68388065764e-10
4.26274598939e-10
4.29956479144e-10
4.33671715756e-10
-3.08815404884e-11
9.97253837695e-11
2.2870362531e-10
3.60236123451e-10
4.69345541311e-10
5.61689008012e-10
6.55281038827e-10
5.26406092012e-10
5.85634202534e-10
6.45398896772e-10
-1.15125090162e-10
-6.76445204341e-11
-2.07560386357e-11
2.7061012297e-11
2.04437333573e-10
3.80322202956e-10
5.58585188994e-10
6.17073735676e-10
5.52703501393e-10
4.87750097747e-10
-5.61869425873e-11
1.20783502873e-10
2.95547107405e-10
4.7377169175e-10
6.56860665829e-10
7.90888790039e-10
9.26729091245e-10
6.84970895924e-10
7.54480076981e-10
8.24618984266e-10
-1.15067090518e-10
-6.84883773293e-11
-2.24905058197e-11
2.44182973749e-11
2.95107318006e-10
5.41751263365e-10
7.91730049728e-10
8.50956548451e-10
7.03167593182e-10
5.54039727284e-10
-8.72064677408e-11
1.46596681129e-10
3.77484279004e-10
6.12944323858e-10
8.86717915238e-10
1.07184336156e-09
1.25947186518e-09
8.79340655559e-10
9.61452439207e-10
1.04430812378e-09
-1.14984669971e-10
-6.96875423909e-11
-2.49552749759e-11
2.06628603803e-11
6.5699898876e-11
7.71150454473e-10
1.12304116761e-09
1.47499489279e-09
1.82275831759e-09
6.48240779784e-10
-1.31286845591e-10
1.83278566018e-10
4.9392131233e-10
8.1071595896e-10
1.12347518474e-09
1.47109459476e-09
1.73231685971e-09
1.99358590097e-09
2.25174431806e-09
1.3564979536e-09
-1.38195920131e-10
-8.08214279667e-11
-2.41624020328e-11
3.36186867331e-11
5.03160666702e-11
1.12889821543e-10
1.76309628093e-10
2.45699287005e-10
3.42090212271e-10
4.39354401944e-10
-1.30837378898e-12
9.2107658647e-11
1.84358782879e-10
2.78436827995e-10
3.0731143713e-10
3.60090864522e-10
4.13583915751e-10
4.10387135895e-10
4.66416692452e-10
5.22953855065e-10
-1.3602710589e-10
-7.95947313289e-11
-2.38660746881e-11
3.29662199565e-11
1.53349797585e-10
2.94880731964e-10
4.3832528787e-10
5.11794766262e-10
5.11783430774e-10
5.11771992591e-10
-3.4357906263e-11
1.2042828023e-10
2.73284265945e-10
4.29167377831e-10
5.65230400314e-10
6.76514688893e-10
7.89303637998e-10
6.30353208695e-10
7.06809537297e-10
7.8395853059e-10
-1.34106156133e-10
-7.85082285924e-11
-2.36036133257e-11
3.23883208116e-11
2.44608244966e-10
4.56072681194e-10
6.70396300816e-10
7.47479333603e-10
6.62083138591e-10
5.75913287164e-10
-6.36303493113e-11
1.45512259347e-10
3.52046836661e-10
5.62671579115e-10
7.93672910563e-10
9.56775790479e-10
1.12208396342e-09
8.25180301746e-10
9.1972891416e-10
1.01513410034e-09
-1.31751443529e-10
-7.71763865285e-11
-2.32818864944e-11
3.16799283114e-11
3.56473438531e-10
6.53662812508e-10
9.54870445717e-10
1.0363829968e-09
8.46321490109e-10
6.54538099867e-10
-9.95126988545e-11
1.7626036278e-10
4.4859450399e-10
7.26321890366e-10
1.07369921345e-09
1.30032165694e-09
1.53000823329e-09
1.06400060936e-09
1.18072685999e-09
1.2985106052e-09
-1.28405272985e-10
-7.52837688586e-11
-2.28246957341e-11
3.06732652847e-11
8.34897539691e-11
9.34448788586e-10
1.35912317794e-09
1.7838736125e-09
2.20356704161e-09
7.66268096865e-10
-1.505034061e-10
2.19955036079e-10
5.8579382072e-10
9.58877595827e-10
1.32720892306e-09
1.78851841454e-09
2.10969009047e-09
2.43091927766e-09
2.74832396554e-09
1.70120353315e-09
1.22270764957e-10
6.85550596869e-11
1.55091951726e-11
-3.85871779231e-11
-4.66501357407e-11
-1.10933948434e-10
-1.76086934275e-10
-2.78312062821e-10
-3.95968177592e-10
-5.14690211141e-10
-1.97561498582e-11
-1.19333794076e-10
-2.17669694112e-10
-3.17953016588e-10
-3.44664639398e-10
-3.88205903668e-10
-4.32335883761e-10
-4.05246134832e-10
-4.56305382818e-10
-5.07827207793e-10
1.50138317267e-10
8.09974030609e-11
1.27186836632e-11
-5.69122124087e-11
-1.88319571461e-10
-3.30107318563e-10
-4.73812159525e-10
-6.53063119458e-10
-6.18610808236e-10
-5.83846372433e-10
3.68183392188e-11
-1.10136556987e-10
-2.55258909466e-10
-4.03255232953e-10
-6.45979558485e-10
-7.40519501718e-10
-8.36337707342e-10
-5.86481641183e-10
-7.67757488009e-10
-9.50675623717e-10
1.74821006456e-10
9.20177643351e-11
1.02470877548e-11
-7.31429572388e-11
-3.13798214527e-10
-5.24232303535e-10
-7.37511644746e-10
-9.84985483907e-10
-8.15808566806e-10
-6.45098972434e-10
8.69271724014e-11
-1.01990432709e-10
-2.88552214495e-10
-4.7880862459e-10
-9.12858486819e-10
-1.05256868856e-09
-1.19416789394e-09
-7.47004518236e-10
-1.04361506689e-09
-1.34291279211e-09
2.05077206107e-10
1.05526594284e-10
7.21738954463e-12
-9.3038708966e-11
-4.67610744737e-10
-7.62191962533e-10
-1.06075617502e-09
-1.39185805968e-09
-1.0575348515e-09
-7.20182804694e-10
1.48350903399e-10
-9.20048610124e-11
-3.29363362594e-10
-5.71422459501e-10
-1.24000039897e-09
-1.43508059502e-09
-1.63279844526e-09
-9.43774496559e-10
-1.38176306681e-09
-1.82371964368e-09
2.48072858243e-10
1.24723352633e-10
2.9120289301e-12
-1.21311619315e-10
-2.43952871186e-10
-1.10034516216e-09
-1.5201036654e-09
-1.93993733356e-09
-2.35477253446e-09
-8.26880882115e-10
2.35637257975e-10
-7.78148380758e-11
-3.87358151998e-10
-7.03031593321e-10
-1.01468389603e-09
-1.9786501463e-09
-2.2561155445e-09
-2.53363062761e-09
-2.807841664e-09
-2.5069714854e-09
-5.11640651368e-13
2.41585105046e-12
8.28413405919e-12
1.38166085491e-11
2.03847812405e-11
2.48744299113e-11
2.87773608198e-11
2.76059562512e-11
2.93956236922e-11
3.49718040237e-11
-7.61072203298e-12
-4.92068246233e-12
-2.5170876949e-12
1.78387019746e-12
9.47138418882e-12
1.70093979745e-11
2.27823654007e-11
2.99064567739e-11
3.42280866966e-11
3.05895826047e-11
-1.08745572738e-11
-6.26667394719e-12
-1.71625143266e-12
2.53219271555e-12
6.49867795148e-12
1.08060579517e-11
1.51716774818e-11
-2.78776703079e-12
1.50985835597e-11
3.3146977551e-11
-5.31083657696e-12
2.41312108226e-12
1.00407601395e-11
3.65372899097e-12
-3.88281701597e-12
-1.10041364057e-12
1.71961025234e-12
2.14529852031e-11
-1.16021170337e-12
-2.39782754055e-11
-1.73828063214e-11
-1.39569103737e-11
-1.05737357254e-11
-7.46257559417e-12
-5.80044210451e-12
-1.6545000697e-12
2.54749871313e-12
-2.97079219377e-11
2.43549087083e-12
3.53492539684e-11
-3.50062060044e-12
8.90877565032e-12
2.11634253643e-11
5.30988963665e-12
-1.57108237974e-11
-1.71405324996e-11
-1.8589572109e-11
1.3965624669e-11
-3.25041331433e-11
3.98551604845e-11
-1.83761417601e-11
-2.33836517997e-11
-2.14312971166e-11
-1.97142270706e-11
-2.08767828183e-11
-1.6928732483e-11
-2.93819634186e-11
-6.2706821501e-11
-1.30870098445e-11
3.55665736335e-11
1.04919860748e-11
1.68711909273e-11
3.4797660156e-11
7.34002204103e-12
-3.02096708197e-11
-3.68026136817e-11
-3.38916100197e-11
4.78756982074e-12
-7.09257142633e-11
4.51898871426e-11
-3.66976099462e-11
-3.67795475104e-11
-3.6860463304e-11
-3.69429815362e-11
-3.70244486275e-11
-3.86342206493e-11
-3.49178060198e-11
-3.12007259028e-11
-2.75279007009e-11
3.9983924555e-11
1.87163326538e-12
2.81862021104e-11
5.41726253863e-11
8.06736780475e-11
1.06837152717e-10
-6.47434658878e-11
-7.88619842783e-11
-9.29830308303e-11
-1.06935954637e-10
-2.4385709686e-10
-1.74201594528e-11
-4.89092218912e-12
7.48594060804e-12
1.8354792574e-11
2.77905084576e-11
3.98779511971e-11
5.20785582948e-11
6.14024536897e-11
7.63879736823e-11
9.94855388362e-11
-8.11625255779e-12
7.71918244425e-12
2.12520401705e-11
3.30964094337e-11
4.85947978744e-11
6.17758290122e-11
7.31963888634e-11
7.79802299114e-11
8.84200993025e-11
9.81121197866e-11
-2.86625621076e-11
-1.59072311266e-11
-3.31096052653e-12
1.2803969796e-11
2.80213541482e-11
4.84686908723e-11
6.91924934016e-11
6.90518367599e-11
8.51080517874e-11
1.01309729897e-10
-9.96508540541e-12
1.48471219237e-11
3.93499182972e-11
5.23182590642e-11
6.70532492678e-11
8.05874038733e-11
9.43045520393e-11
8.86149690108e-11
8.35301343036e-11
7.83992329656e-11
-3.8616650885e-11
-2.56645333283e-11
-1.28739301029e-11
7.88752676397e-12
2.82258174741e-11
5.60776317275e-11
8.43060267726e-11
7.58270046221e-11
9.28315495377e-11
1.75527181787e-10
-1.34906914169e-11
2.11604397484e-11
5.53794674951e-11
6.93433258798e-11
8.34021633591e-11
9.72490844645e-11
1.11283228006e-10
9.8034309356e-11
7.91990224474e-11
1.07453400766e-10
-5.06070638868e-11
-3.76250973176e-11
-2.45962799061e-11
1.86091917638e-12
2.84764499381e-11
6.54047205178e-11
8.25661976576e-11
8.41320490984e-11
1.02299062909e-10
2.19308733789e-10
-4.88736845228e-12
2.8899345469e-11
7.50285923184e-11
9.02127626215e-11
1.03442767729e-10
1.17673080028e-10
1.57074904457e-10
1.09580597521e-10
7.38899175915e-11
1.12831714057e-10
-6.81578175793e-11
-5.46216882497e-11
-4.12543559423e-11
-2.76222999391e-11
-1.41638929657e-11
7.86590045882e-11
1.29159093551e-10
1.79668225417e-10
2.29576004267e-10
1.35751392934e-10
-2.3953780225e-11
3.98967378088e-11
1.02951032857e-10
1.67254041233e-10
2.30737939491e-10
1.46696652671e-10
1.61671556682e-10
1.76649142204e-10
1.91448407176e-10
6.16197644337e-12
-3.07024617575e-11
-1.18721691076e-11
6.72330772093e-12
2.56870452643e-11
3.48663008242e-11
5.42130459521e-11
7.38213759279e-11
9.36932728874e-11
1.21286752911e-10
1.49130219165e-10
-2.88194340275e-12
1.99748923285e-11
4.85349829019e-11
7.1389186731e-11
8.75877896734e-11
1.0080240133e-10
1.10050049058e-10
1.18863159551e-10
1.374844229e-10
1.60123065961e-10
-4.56580880202e-11
-2.51182888527e-11
-4.83462324088e-12
2.26181257494e-11
4.85851669214e-11
8.4453404151e-11
1.20806611194e-10
1.37690892078e-10
1.5199850648e-10
1.6643574232e-10
-1.44119813506e-11
2.67271717368e-11
6.73533150583e-11
9.88147205627e-11
1.34829020859e-10
1.5863592209e-10
1.82764713365e-10
1.52784798445e-10
1.64447414435e-10
1.76215689205e-10
-5.89044998529e-11
-3.68505663411e-11
-1.50716478071e-11
2.25537619505e-11
6.07361626074e-11
1.11237721413e-10
1.62422105288e-10
1.76660211933e-10
1.79200345355e-10
3.09459999261e-10
-2.30356914895e-11
3.28662761589e-11
8.80711401194e-11
1.30523988642e-10
1.7809953708e-10
2.0654249412e-10
2.35370024717e-10
1.78357623994e-10
1.85925656104e-10
1.72040050876e-10
-7.51420369381e-11
-5.12320677786e-11
-2.76202585656e-11
-3.54084629945e-12
7.56309315129e-11
1.44070110315e-10
2.13434646434e-10
2.24429055625e-10
2.12544534943e-10
2.00552345112e-10
-5.41759656739e-11
3.28390880486e-11
1.36782090912e-10
2.40710557424e-10
3.63809848038e-10
4.1434308107e-10
4.86439258859e-10
5.43709179419e-10
6.34718552953e-10
6.21133226802e-10
-9.82164317434e-11
-7.16689382424e-11
-4.54524949067e-11
-1.87168669191e-11
7.67819498958e-12
1.90726662964e-10
2.85926152274e-10
3.81142688676e-10
4.75225593412e-10
2.27252295123e-10
-4.86286377082e-11
5.10855537987e-11
1.49556298365e-10
2.49977135802e-10
3.49118783879e-10
3.4871683692e-10
3.91489013246e-10
4.3426884866e-10
4.76539354729e-10
2.45042372457e-10
-4.3553576234e-11
-1.86287731648e-11
5.9852148674e-12
3.10866528806e-11
4.17144080422e-11
6.80868654164e-11
9.48159013885e-11
1.24945036727e-10
1.64740777306e-10
2.04897051865e-10
-3.40862831094e-12
3.14840612418e-11
6.59416351163e-11
1.01081599171e-10
1.22152798e-10
1.45943564639e-10
1.70056003167e-10
1.68366274414e-10
1.90309369551e-10
2.12451260622e-10
-6.21067311748e-11
-3.40329527702e-11
-6.3092574714e-12
2.19634717641e-11
6.84872764498e-11
1.1928019979e-10
1.70759887703e-10
2.04121276945e-10
2.16736557267e-10
2.29466127136e-10
-1.87157848883e-11
3.82249448e-11
9.44556173235e-11
1.51799869663e-10
2.00423900779e-10
2.34172991757e-10
2.68378399846e-10
2.14889768369e-10
2.42760934874e-10
2.70884603341e-10
-7.8539525551e-11
-4.76766547063e-11
-1.71986472572e-11
3.67480663953e-11
9.22003884679e-11
1.64622867379e-10
2.38024561295e-10
2.74248803996e-10
2.62789962375e-10
2.51227308091e-10
-3.22735521425e-11
4.41954416659e-11
1.19710858707e-10
1.89735977428e-10
2.6974973467e-10
3.12319055777e-10
3.5546395119e-10
2.56096291586e-10
2.89218035589e-10
3.22639849749e-10
-9.86829509153e-11
-6.44011925636e-11
-3.05469315107e-11
3.97777184855e-12
1.21268074168e-10
2.20204201842e-10
3.2047803215e-10
3.6021157909e-10
3.19242523474e-10
2.77902304101e-10
-1.95010987741e-10
-1.2376030148e-11
2.2297752961e-10
4.3599314485e-10
4.76611573967e-10
5.02653093663e-10
6.92894878426e-10
8.34905782803e-10
1.03603442267e-09
1.53059685639e-09
-1.27307818538e-10
-8.81676410975e-11
-4.95155459763e-11
-1.00979933027e-11
2.88174473067e-11
2.99188203448e-10
4.37648753892e-10
5.7613409806e-10
7.12970659597e-10
3.15808877377e-10
-7.25095065744e-11
6.19143355904e-11
1.94661897652e-10
3.30038363104e-10
4.63690364405e-10
5.44236407061e-10
6.13911393887e-10
6.83598857209e-10
7.52456633607e-10
4.76236064896e-10
-5.70114586188e-11
-2.57043916172e-11
5.212272814e-12
3.67412040371e-11
4.88858499951e-11
8.2615740007e-11
1.16801687516e-10
1.57672358769e-10
2.10246492046e-10
2.63296926585e-10
-2.08190498017e-12
4.37240553453e-11
8.89588103051e-11
1.35089384358e-10
1.60038515637e-10
1.892937789e-10
2.18944598808e-10
2.14919200738e-10
2.42786980638e-10
2.70907231818e-10
-7.93320002649e-11
-4.33685243054e-11
-7.85351684838e-12
2.83648219699e-11
8.93290680105e-11
1.55751349465e-10
2.23071718028e-10
2.73688185555e-10
2.84531227909e-10
2.95472504021e-10
-2.32227933601e-11
5.02655874894e-11
1.22837560143e-10
1.9684673211e-10
2.69115855911e-10
3.13276559089e-10
3.58034353444e-10
2.79927036715e-10
3.24772043649e-10
3.70023328957e-10
-9.91016228657e-11
-5.9013898972e-11
-1.94260734065e-11
2.09457407104e-11
1.25150203967e-10
2.20528603556e-10
3.17196602195e-10
3.76445060708e-10
3.50326279672e-10
3.23970872608e-10
-4.19475802109e-11
5.605951596e-11
1.52844452857e-10
2.51546097262e-10
3.6572721444e-10
4.23089878685e-10
4.81228136121e-10
3.37505405723e-10
3.97387385173e-10
4.57811872137e-10
-1.23335353796e-10
-7.81921001763e-11
-3.36117878971e-11
1.18513830375e-11
1.69059983527e-10
2.99932979539e-10
4.32575492466e-10
5.02405101219e-10
4.30978278608e-10
3.58904356681e-10
-1.45414849682e-10
2.99347205036e-10
6.25026073804e-10
7.44423183502e-10
9.38770119716e-10
1.05165476898e-09
1.22491068885e-09
1.51277969949e-09
2.13771037752e-09
2.98419939042e-09
-1.57772760907e-10
-1.05445333467e-10
-5.37704348047e-11
-1.07217786624e-12
5.09547935973e-11
4.12770776988e-10
5.96534968113e-10
7.80332065352e-10
9.61940906039e-10
4.08546676154e-10
-9.75179153809e-11
7.32544004531e-11
2.41897166717e-10
4.13879697066e-10
5.83671464736e-10
7.48987472324e-10
8.46835491163e-10
9.44701031358e-10
1.04140140131e-09
7.18345613187e-10
-7.04562149356e-11
-3.27731089059e-11
4.44008464518e-12
4.23902400598e-11
5.60502973233e-11
9.71304439436e-11
1.38766029933e-10
1.90367760406e-10
2.5570782305e-10
3.21639841325e-10
-7.56475661359e-13
5.59521112411e-11
1.11953535825e-10
1.69064000249e-10
1.97887281658e-10
2.3260171178e-10
2.67785511239e-10
2.61426721933e-10
2.95213407989e-10
3.2930618832e-10
-9.6540468788e-11
-5.26949904447e-11
-9.39627004087e-12
3.47599286558e-11
1.1015053165e-10
1.92186927214e-10
2.75332526311e-10
3.43187242482e-10
3.52259775409e-10
3.61414501967e-10
-2.77254059472e-11
6.22944864074e-11
1.51191820799e-10
2.4184965836e-10
3.37740812741e-10
3.92302973212e-10
4.47602861624e-10
3.44900871336e-10
4.06703163361e-10
4.69065360188e-10
-1.19643665057e-10
-7.03400855219e-11
-2.16513270485e-11
2.80016528408e-11
1.58067882054e-10
2.76379812395e-10
3.96291423102e-10
4.78541640891e-10
4.37777218928e-10
3.96643487107e-10
-5.16121727717e-11
6.79120186976e-11
1.85945730347e-10
3.06316955545e-10
4.61611083129e-10
5.33752661909e-10
6.06869657679e-10
4.1883511795e-10
5.05451232405e-10
5.92852055271e-10
-1.47963712097e-10
-9.19695569069e-11
-3.66736549934e-11
1.97173147451e-11
2.16805279323e-10
3.79583994231e-10
5.44563619169e-10
6.44459935716e-10
5.42605052918e-10
4.39827404376e-10
-2.63513017481e-12
3.11352299105e-10
7.48340404468e-10
8.64904197989e-10
1.09661003529e-09
1.09779293549e-09
1.24333628137e-09
1.70959656801e-09
3.04584391196e-09
4.72911164527e-09
-1.88207989469e-10
-1.22706174138e-10
-5.80211736519e-11
7.9448342932e-12
7.30705483548e-11
5.26242568419e-10
7.55266213581e-10
9.84330869333e-10
1.21066832079e-09
5.01194023653e-10
-1.2250193238e-10
8.4583404849e-11
2.89086365136e-10
4.97639256867e-10
7.03535542192e-10
9.53538834816e-10
1.07953240726e-09
1.20554854101e-09
1.33006434839e-09
9.60219021326e-10
-8.38870372378e-11
-3.98345002447e-11
3.66869676467e-12
4.80334214764e-11
6.32073194881e-11
1.11630104982e-10
1.60707608719e-10
2.23029276847e-10
3.01122038372e-10
3.79922290035e-10
5.67579995403e-13
6.81674940988e-11
1.34924429835e-10
2.03003405177e-10
2.35696821585e-10
2.7586476074e-10
3.16575805423e-10
3.07886043186e-10
3.47585501101e-10
3.87644620711e-10
-1.13731102622e-10
-6.20117907252e-11
-1.0937424339e-11
4.11484075153e-11
1.30950416127e-10
2.28584743484e-10
3.27539172e-10
4.12614271262e-10
4.19918129702e-10
4.27288158267e-10
-3.22233520704e-11
7.43109186916e-11
1.79516695374e-10
2.86805944015e-10
4.06294647333e-10
4.71247485128e-10
5.37078541873e-10
4.09807367707e-10
4.88549370458e-10
5.68004745222e-10
-1.40164417676e-10
-8.16545337222e-11
-2.38742744593e-11
3.50502522925e-11
1.90951444579e-10
3.32173137586e-10
4.75304270906e-10
5.80532409172e-10
5.2513752488e-10
4.69240784416e-10
-6.12667490429e-11
7.97522376167e-11
2.19012701995e-10
3.61031049843e-10
5.5739557871e-10
6.44300755301e-10
7.32380965586e-10
5.00080540855e-10
6.13403083317e-10
7.27752284074e-10
-1.72566545807e-10
-1.05732734815e-10
-3.97323488004e-11
2.75750942776e-11
2.64501092358e-10
4.59152459388e-10
6.56435682468e-10
7.86367545964e-10
6.54116138324e-10
5.20666584212e-10
-4.98918003317e-10
-1.0176580419e-09
-7.56296871255e-10
-6.72135848773e-10
-1.2877462775e-10
7.93540385334e-10
1.22223449979e-09
2.09715947178e-09
3.4747141888e-09
5.99633480046e-09
-2.18611675257e-10
-1.39949125842e-10
-6.22675070746e-11
1.6952501309e-11
9.51633825592e-11
6.3959675879e-10
9.1383295153e-10
1.18811825094e-09
1.45913795686e-09
5.93745352342e-10
-1.47460056187e-10
9.59006679749e-11
3.36226657128e-10
5.81312009075e-10
8.23275393684e-10
1.15787820227e-09
1.31198815854e-09
1.46612571083e-09
1.61842812801e-09
1.20184175422e-09
3.01556098265e-11
-6.82585211951e-12
-4.33461511657e-11
-8.05896901457e-11
-9.20696093102e-11
-1.36066187394e-10
-1.80657637542e-10
-2.67496116807e-10
-3.55508767313e-10
-4.44318778306e-10
-2.2815158657e-11
-8.27629377311e-11
-1.41963161404e-10
-2.02335773227e-10
-2.34125807293e-10
-2.58876729238e-10
-2.83962305208e-10
-2.5376498779e-10
-2.82836589351e-10
-3.12171568349e-10
1.16192352749e-10
4.75917196202e-11
-2.01534560652e-11
-8.9240242243e-11
-1.78788731261e-10
-2.45166101066e-10
-3.12440950734e-10
-5.05220312555e-10
-4.92993752566e-10
-4.80656424684e-10
5.46337470997e-11
-2.29201342509e-11
-9.95069101672e-11
-1.77610393673e-10
-3.85394912965e-10
-3.95024974921e-10
-4.04785243705e-10
-2.07769424934e-10
-3.82331124014e-10
-5.58474284402e-10
1.92396325053e-10
9.5790140304e-11
3.8864530943e-13
-9.69021598149e-11
-2.55597096418e-10
-3.41797453174e-10
-4.29163313847e-10
-7.1577602879e-10
-6.14766168076e-10
-5.12841197191e-10
1.23231349341e-10
3.00834916887e-11
-6.19028019292e-11
-1.55710771783e-10
-5.19376120846e-10
-5.15613421098e-10
-5.11799846373e-10
-1.67030497833e-10
-4.70454854716e-10
-7.7662811862e-10
2.85807645941e-10
1.54872075336e-10
2.55692857042e-11
-1.06294187806e-10
-3.49749285965e-10
-4.60248788017e-10
-5.72242339598e-10
-9.73876584174e-10
-7.64035580636e-10
-5.52293498973e-10
2.07318732734e-10
9.50556783244e-11
-1.5807443444e-11
-1.28866073983e-10
-6.83611149861e-10
-6.63431516412e-10
-6.4297903674e-10
-1.17092458161e-10
-5.78477492351e-10
-1.04404249605e-09
4.18550049307e-10
2.38830614591e-10
6.1352301002e-11
-1.19640753899e-10
-2.98328267481e-10
-6.2857436911e-10
-7.75565165667e-10
-9.22582283433e-10
-1.06784904074e-09
-6.08357296243e-10
3.26811330188e-10
1.87384575122e-10
4.9696487035e-11
-9.07183455295e-11
-2.29344533781e-10
-8.73488809753e-10
-8.2939157042e-10
-7.85286434724e-10
-7.41706407169e-10
-1.42405240082e-09
-6.29387750072e-12
-1.95751333162e-12
2.32477589912e-12
6.69187063969e-12
1.05464586667e-11
1.43091819104e-11
1.81227804501e-11
1.79888029614e-11
2.01679978569e-11
2.23669354133e-11
-6.1166872145e-12
-3.77571285983e-12
-2.68404532579e-12
2.78967785901e-13
5.7841962989e-12
1.07169589812e-11
9.80764269905e-12
1.3358489658e-11
2.21304609993e-11
3.16475715625e-11
-1.05017253699e-11
-8.55914643026e-12
-6.6407916638e-12
-2.75471729684e-12
-3.45427339993e-12
3.46247305621e-12
1.04727399499e-11
-5.67834914555e-12
8.00810746732e-12
2.18185580701e-11
2.93612897109e-12
8.26939269319e-12
1.35361500298e-11
8.17900721986e-12
7.1087161444e-13
8.31981753609e-12
1.60316430351e-11
3.44984924104e-11
1.58971927809e-11
-2.8726274107e-12
-1.42286763397e-11
-1.44063071748e-11
-1.45817229338e-11
-1.09992822197e-11
-1.58549218018e-11
-6.14461192888e-12
3.6969897926e-12
-2.66406838689e-11
-2.7620811635e-12
3.04212487243e-11
1.20930480292e-11
2.02646101639e-11
2.83342720196e-11
1.49591494936e-11
-6.50723957838e-12
1.49315450985e-12
9.60172089565e-12
4.1664465708e-11
3.99451376078e-12
6.12747115356e-11
-1.87971968833e-11
-2.1573794539e-11
-2.43157677164e-11
-2.71120423248e-11
-3.1055716617e-11
-1.79210386848e-11
-4.60876846477e-12
-5.23364490136e-11
-1.59642478722e-11
2.0737471308e-11
-1.53925604875e-11
-1.73880929341e-11
7.08431769762e-12
-4.44714769783e-12
-1.18876256033e-11
1.48235332773e-12
1.3535410203e-11
-7.04568130894e-13
1.80817829784e-11
-4.26580056059e-11
-2.52893050243e-11
-3.17591713198e-11
-3.81483576706e-11
-4.46640740564e-11
-5.10967913826e-11
-3.46559609169e-11
-1.64116880937e-11
1.83585167789e-12
1.9866139387e-11
1.98914034072e-11
3.92684207179e-11
5.58633200771e-11
7.22512792152e-11
8.89637818755e-11
1.05463395895e-10
-1.87666196325e-11
-9.48062867945e-12
-1.92974911252e-13
8.98410165247e-12
-1.26444323212e-10
-9.17750690802e-12
-3.49302310808e-12
3.39520058518e-12
1.25609123507e-11
1.82433029169e-11
2.78583211465e-11
3.3692617274e-11
3.75506416741e-11
4.86739317049e-11
6.5713160338e-11
-9.24928833677e-12
2.86944836563e-13
6.9831483616e-12
1.64417706255e-11
3.02985149335e-11
4.08457315483e-11
4.93921570213e-11
5.2488277107e-11
6.3244378547e-11
6.8896853435e-11
-2.4498338252e-11
-1.47624508528e-11
-5.14797104076e-12
3.73051886049e-12
1.59159179146e-11
3.09298808079e-11
4.61468455588e-11
4.9508882839e-11
6.33566225062e-11
7.73298173254e-11
-2.77519991355e-12
1.17150765096e-11
2.60246575913e-11
3.16334780161e-11
4.33661659939e-11
5.28796028225e-11
6.25216696046e-11
6.12632023572e-11
5.98917320019e-11
5.85078366569e-11
-3.70557113455e-11
-2.65803332954e-11
-1.62355843622e-11
-6.43175085401e-12
1.06307550304e-11
3.09368598451e-11
5.15175208863e-11
4.9492003542e-11
6.48494790133e-11
1.47744055101e-10
-1.85030022553e-13
1.91798626708e-11
3.83032730213e-11
4.01849029691e-11
5.01522925557e-11
5.8620848756e-11
6.72039072135e-11
6.47201811644e-11
5.64096245641e-11
1.07182862431e-10
-5.24486202988e-11
-4.10667698378e-11
-2.98268523046e-11
-1.83643419277e-11
4.15216826925e-12
3.09454147939e-11
5.81009293523e-11
4.94713127908e-11
6.6679432151e-11
8.40434504001e-11
-8.60886898493e-11
-6.17534878565e-11
-3.63449628184e-11
-1.48750438639e-11
-3.31172464891e-13
3.3903070398e-11
3.94833388271e-11
3.66552759578e-11
5.30791362201e-11
-1.12141673932e-11
-7.43227540746e-11
-6.16527586088e-11
-4.91407593806e-11
-3.63809752839e-11
-2.37837289679e-11
3.09575718264e-11
6.74562992776e-11
1.03961562449e-10
1.4003220025e-10
8.92975980238e-11
7.50192578297e-12
4.13334216006e-11
7.47430349426e-11
1.08814284886e-10
1.42451525499e-10
7.56593850749e-11
8.10995801175e-11
8.65407493198e-11
9.19171368997e-11
1.69097956585e-11
-2.05038816001e-11
-9.08089223374e-12
-1.38237857303e-12
1.30692160933e-11
2.73490908174e-11
3.57920787965e-11
4.83442506728e-11
6.17436121785e-11
7.49377031739e-11
9.70478873922e-11
-1.25969563224e-11
1.26066941751e-12
1.69371805209e-11
2.99486565331e-11
3.94869685401e-11
5.01642129521e-11
5.19525572986e-11
5.72350245684e-11
6.17116872224e-11
8.46574042896e-11
-3.7871383692e-11
-2.06893899358e-11
-3.72165753236e-12
9.92682925009e-12
3.44231418273e-11
5.71735795566e-11
8.02316230228e-11
1.02237451333e-10
1.16239288683e-10
1.3036797725e-10
-8.23208161343e-12
1.50072505975e-11
3.79567857786e-11
5.40430214084e-11
8.41211111222e-11
9.54541912925e-11
1.0694050458e-10
8.68355094088e-11
1.01926256859e-10
1.1715372063e-10
-5.8865772034e-11
-3.82119906019e-11
-1.7815764097e-11
-2.06770899497e-12
3.59364602585e-11
6.63663034676e-11
9.72075846656e-11
1.2223287998e-10
1.294488556e-10
2.59839976737e-10
-1.19161036105e-11
1.81434420997e-11
4.78281419671e-11
6.42868160767e-11
1.04287568298e-10
1.13203429375e-10
1.22239840661e-10
8.67487342898e-11
1.06489573507e-10
1.51045745056e-10
-2.40301221504e-11
1.8365616911e-11
7.75288755518e-11
1.26877541972e-10
2.04265702422e-10
2.72444340467e-10
2.92290936425e-10
3.45798671009e-10
3.86473705076e-10
5.55670741001e-10
-9.91706543148e-11
-8.74535689978e-11
-4.47638420675e-11
2.52187100862e-11
8.31910463286e-11
1.31262218264e-10
2.43946230073e-10
2.53492429913e-10
2.98486982772e-10
5.24645241528e-10
-1.21171698726e-10
-9.02145474177e-11
-5.96434351922e-11
-2.84668994142e-11
2.31250073071e-12
9.36479357196e-11
1.47587857928e-10
2.01537439e-10
2.54844705661e-10
1.55611655735e-10
-2.28493301823e-11
2.74508491382e-11
7.71237796877e-11
1.2778042198e-10
1.77791785468e-10
1.65878587556e-10
1.67644321935e-10
1.69410372498e-10
1.71155396768e-10
1.53877300712e-10
-1.78916238218e-11
-4.08472113018e-13
1.68566627701e-11
3.44637125701e-11
4.31975386168e-11
6.21566418891e-11
8.13720887536e-11
1.08826340627e-10
1.39703391649e-10
1.7086017678e-10
-2.49816852574e-12
1.93824925434e-11
4.09902993613e-11
6.30260224116e-11
8.6175344373e-11
1.03498190929e-10
1.21055257461e-10
1.15555189328e-10
1.28664808605e-10
1.41893195949e-10
-5.08141107052e-11
-2.642561172e-11
-2.3412400009e-12
2.22200932948e-11
5.23348394993e-11
8.25728074471e-11
1.13219619063e-10
1.53269317699e-10
1.67420294171e-10
1.81699473002e-10
-1.35133715411e-11
1.81934889671e-11
4.95049614359e-11
8.14365193878e-11
1.23564641887e-10
1.36658812838e-10
1.49930028387e-10
1.11584949673e-10
1.42608192982e-10
1.73912494846e-10
-7.99740276591e-11
-4.94693639434e-11
-1.93450967409e-11
2.15590653891e-12
6.04278774239e-11
1.00655696941e-10
1.41427431623e-10
1.92633097392e-10
1.9196955069e-10
1.91299992513e-10
-2.32696942119e-11
1.71403715139e-11
5.70465192735e-11
8.76131767959e-11
1.56680876828e-10
1.66029649386e-10
1.75504825494e-10
1.08068451693e-10
1.54958047716e-10
2.02272445299e-10
-5.12398707157e-11
-5.8483412677e-11
-6.6003160888e-12
8.93363111667e-11
1.94957227629e-10
2.04729825622e-10
1.5370986077e-10
2.3252861263e-10
4.07685810126e-10
7.38906168008e-10
2.96798638736e-11
6.9624621257e-11
2.10817087599e-10
2.79061526674e-10
2.69477665894e-10
3.00782503644e-10
4.550501402e-10
5.47831825916e-10
6.9362707171e-10
9.83529988913e-10
-1.66513136038e-10
-1.17857273768e-10
-6.98081554534e-11
-2.08074830155e-11
2.75690048366e-11
1.54321046408e-10
2.25140939865e-10
2.95973514833e-10
3.65962769374e-10
2.19791856867e-10
-5.22239421381e-11
1.40149906849e-11
7.94279167268e-11
1.46136265904e-10
2.11994865043e-10
2.53194712691e-10
2.51404223357e-10
2.49613413406e-10
2.4784392453e-10
2.86437459544e-10
-2.17910152785e-11
1.12346150007e-13
2.17425702513e-11
4.38011545319e-11
5.41754768029e-11
7.82439032846e-11
1.02637755859e-10
1.39367715521e-10
1.79893552773e-10
2.20786538397e-10
-8.49293206009e-13
2.76723562444e-11
5.58383375877e-11
8.45621118028e-11
1.12170172369e-10
1.32907619121e-10
1.53925454219e-10
1.45528276936e-10
1.62061216967e-10
1.78743939025e-10
-6.43679311307e-11
-3.24326703489e-11
-8.9564578303e-13
3.12659310498e-11
7.10922415148e-11
1.09171264899e-10
1.47765149852e-10
2.06710663716e-10
2.21017820942e-10
2.35454595464e-10
-1.90440186159e-11
2.15301662107e-11
6.15983864879e-11
1.02460108947e-10
1.64870506748e-10
1.79808918729e-10
1.94949311053e-10
1.37502939648e-10
1.85210934754e-10
2.33351145798e-10
-1.02078913743e-10
-6.12582563907e-11
-2.09466371277e-11
2.01633045371e-11
8.60756616882e-11
1.36564070901e-10
1.87735127389e-10
2.66357274975e-10
2.57442172749e-10
2.48446303153e-10
-3.51593468361e-11
1.60899407523e-11
6.67001440852e-11
1.18312620703e-10
2.11547945769e-10
2.21350069809e-10
2.31284727106e-10
1.30394783764e-10
2.05714970509e-10
2.8171752894e-10
-9.06799371722e-11
-1.19401930123e-11
2.63975624571e-11
4.32744700041e-11
-3.07513553992e-11
-1.13085616326e-10
-1.25243683851e-10
3.24975736782e-11
3.72352795415e-10
1.03113675371e-09
-8.1769276685e-11
3.33445012806e-11
2.45740487785e-10
3.82646755665e-10
4.17129557273e-10
4.99229170825e-10
4.66794631075e-10
8.15719146039e-10
1.26621819182e-09
1.77542141056e-09
-2.13995378268e-10
-1.46805156902e-10
-8.04528049894e-11
-1.27864257587e-11
5.40179997725e-11
2.17858850002e-10
3.06355705884e-10
3.94868408638e-10
4.82327294413e-10
2.87002338872e-10
-8.29854821993e-11
-5.52444790743e-14
8.18408440513e-11
1.65358784626e-10
2.47812849777e-10
3.4463348592e-10
3.39118865069e-10
3.33603256732e-10
3.28153316277e-10
4.25256472457e-10
-2.56866034862e-11
6.32656435941e-13
2.66237122908e-11
5.31294892735e-11
6.51427077202e-11
9.43154740625e-11
1.2388268162e-10
1.69879302061e-10
2.20044514656e-10
2.70664204625e-10
7.97973892687e-13
3.59541344747e-11
7.06718938656e-11
1.06077196093e-10
1.3813964646e-10
1.62288362998e-10
1.8676359122e-10
1.75472130465e-10
1.95425052336e-10
2.15558739941e-10
-7.79085319156e-11
-3.84338700277e-11
5.48538482851e-13
4.03029459991e-11
8.98313486063e-11
1.35743779699e-10
1.82276986857e-10
2.60099886024e-10
2.74563071674e-10
2.89157288178e-10
-2.45692714059e-11
2.48635890454e-11
7.36800162874e-11
1.2346319327e-10
2.06136084171e-10
2.22916938412e-10
2.3992468442e-10
1.6339565066e-10
2.27772124188e-10
2.92731823604e-10
-1.24162239953e-10
-7.30356506097e-11
-2.25466154613e-11
2.89422933846e-11
1.11698430534e-10
1.72437421835e-10
2.3399765721e-10
3.40009546106e-10
3.22850936462e-10
3.05536876468e-10
-4.70374029562e-11
1.50405345223e-11
7.63443532895e-11
1.3886221934e-10
2.6636150043e-10
2.76616533779e-10
2.87010224112e-10
1.52699339976e-10
2.56422387829e-10
3.61085126277e-10
-1.32262526994e-10
1.11032957637e-10
3.13402628257e-10
3.62031434126e-10
3.7457409207e-10
3.72990115545e-10
5.31358448783e-10
8.71764147976e-10
1.43445955483e-09
2.43303261399e-09
-3.09312900736e-10
-8.45399401342e-11
9.45993310988e-11
3.24173794082e-10
5.79833252242e-10
8.23421746262e-10
9.9280722124e-10
1.40005886051e-09
2.2575297221e-09
3.12042013784e-09
-2.61431308967e-10
-1.75724805885e-10
-9.10870723278e-11
-4.77319179389e-12
8.04411978335e-11
2.81334682366e-10
3.87491259549e-10
4.93666845879e-10
5.98578323983e-10
3.54147267521e-10
-1.1371701917e-10
-1.41117563203e-11
8.4251417941e-11
1.84562554774e-10
2.83595899645e-10
4.35983074868e-10
4.26747954811e-10
4.17511181048e-10
4.08384378722e-10
5.63940089047e-10
-2.95781543442e-11
1.15242747736e-12
3.14997955621e-11
6.24481562198e-11
7.6098572306e-11
1.10370388421e-10
1.45105589345e-10
2.0035926669e-10
2.60153864472e-10
3.20490178125e-10
2.44353377979e-12
4.42273295505e-11
8.54900767902e-11
1.2756998236e-10
1.6408220604e-10
1.91638656957e-10
2.19567695095e-10
2.05384950476e-10
2.2875430975e-10
2.52335386356e-10
-9.14350993536e-11
-4.44288501215e-11
1.99122601021e-12
4.9330595074e-11
1.08551034669e-10
1.62288755004e-10
2.1675305613e-10
3.13433776262e-10
3.2805282863e-10
3.42804323943e-10
-3.00887978777e-11
2.81935571531e-11
8.57491248034e-11
1.444445102e-10
2.47358894352e-10
2.65980281363e-10
2.84853445749e-10
1.89261526719e-10
2.70289203619e-10
3.52050959853e-10
-1.46222679219e-10
-8.48008388519e-11
-2.41449355929e-11
3.77121837735e-11
1.37294644191e-10
2.08273593977e-10
2.80212240996e-10
4.1358548474e-10
3.88191911169e-10
3.62568281668e-10
-5.89031487744e-11
1.39922158867e-11
8.59785673293e-11
1.59390520572e-10
3.21118246856e-10
3.31825720123e-10
3.42677967756e-10
1.74980779963e-10
3.07077252475e-10
4.40370467808e-10
-1.47038355607e-10
-3.19710774883e-10
-9.8554180812e-11
4.74230534388e-11
2.33364527496e-10
2.62252921202e-10
4.04387677263e-10
1.20246354225e-09
2.29183409239e-09
3.60918122249e-09
-2.49953382109e-10
-4.80439321221e-10
-5.1438726182e-10
-5.22676789459e-10
-5.13827848453e-10
-5.88395002587e-10
-3.36890818409e-10
5.8164928076e-10
2.05045849247e-09
3.47249217508e-09
-3.08818077529e-10
-2.04614482826e-10
-1.01710318415e-10
3.23173733323e-12
1.06837011149e-10
3.44744728994e-10
4.68542725116e-10
5.9236288938e-10
7.14708872117e-10
4.2122260782e-10
-1.44416706274e-10
-2.81537001294e-11
8.66594935355e-11
2.03746422322e-10
3.19341864308e-10
5.27237989991e-10
5.14286226617e-10
5.01332144008e-10
4.88532290474e-10
7.02479975286e-10
-6.19595453037e-11
-8.22067639259e-11
-1.02201497504e-10
-1.22592202368e-10
-1.3748908288e-10
-1.61198426355e-10
-1.85228340808e-10
-2.56680170792e-10
-3.15049357034e-10
-3.73947345471e-10
-2.58741674558e-11
-4.61920813867e-11
-6.6256628695e-11
-8.67185298655e-11
-1.23586975188e-10
-1.29547554808e-10
-1.35588726656e-10
-1.02283840747e-10
-1.09367795883e-10
-1.16515928905e-10
8.2246388232e-11
1.41860361795e-11
-5.30255957937e-11
-1.21568272077e-10
-1.69257891062e-10
-1.60224883568e-10
-1.51069741943e-10
-3.57377505653e-10
-3.67376696897e-10
-3.77466476936e-10
7.24491549806e-11
6.42962884852e-11
5.62450891321e-11
4.80344456058e-11
-1.24810267446e-10
-4.95304481246e-11
2.6767219933e-11
1.70942791315e-10
3.09523998067e-12
-1.66272945086e-10
2.09971643649e-10
9.95625162729e-11
-9.46979713599e-12
-1.20661362391e-10
-1.97395978309e-10
-1.59362602813e-10
-1.20814982948e-10
-4.46566573672e-10
-4.13723769346e-10
-3.80583421948e-10
1.59535526281e-10
1.62157416086e-10
1.64746610636e-10
1.67387081023e-10
-1.25893754873e-10
2.1341846366e-11
1.70568201197e-10
4.12943522571e-10
1.0270535746e-10
-2.10343445131e-10
3.66538085774e-10
2.04217556387e-10
4.39211818637e-11
-1.19549666647e-10
-2.31887827193e-10
-1.58305613501e-10
-8.37285041797e-11
-5.55895108664e-10
-4.70536309768e-10
-3.84404193253e-10
2.6628656207e-10
2.82116217661e-10
2.97748475706e-10
3.13690311535e-10
-1.27221900752e-10
1.08217562193e-10
3.46840371779e-10
7.09589580238e-10
2.24808082112e-10
-2.64365348413e-10
5.89027240372e-10
3.5293787655e-10
1.19792573074e-10
-1.17969888483e-10
-3.52703663777e-10
-1.56803576058e-10
-3.10266659302e-11
9.47727666994e-11
2.19074452973e-10
-3.8983371037e-10
4.179854024e-10
4.52583988321e-10
4.86751126068e-10
5.21594902262e-10
5.55994828466e-10
2.3167252679e-10
5.97332403659e-10
9.63057758167e-10
1.32442884966e-09
-3.41133316234e-10
-7.13806705736e-12
-6.33087771371e-12
-3.63458226096e-12
-7.09283639476e-13
7.08136092898e-13
3.7439339094e-12
6.20042665541e-12
8.37164967162e-12
1.09403720217e-11
8.17949579891e-12
-7.22069431684e-12
-5.6265070852e-12
-3.82572641602e-12
-7.35854440343e-13
8.24931979805e-12
1.50452826408e-11
2.0655329273e-11
2.29092980203e-11
2.44433160072e-11
2.23844399471e-11
-1.01288934659e-11
-1.08516189133e-11
-1.15653318949e-11
-8.04162730922e-12
-1.34072247513e-11
-3.88111183925e-12
5.77380241802e-12
-8.56893126031e-12
9.17631374974e-13
1.04901385893e-11
1.11830945191e-11
1.41256643041e-11
1.70315399201e-11
1.27042854487e-11
5.30456024485e-12
1.77400487127e-11
3.03436758178e-11
4.75439996178e-11
3.29545972651e-11
1.82330205841e-11
-1.1074546358e-11
-1.48557039759e-11
-1.85897101422e-11
-1.45359888453e-11
-2.59094014991e-11
-1.06347237881e-11
4.84648087206e-12
-2.35734458e-11
-7.95965319784e-12
2.54932434802e-11
2.76867166589e-11
3.16204446775e-11
3.55051186749e-11
2.46084093505e-11
2.69634464059e-12
2.01268415193e-11
3.77930139003e-11
6.93633067469e-11
4.04931606649e-11
8.26942625867e-11
-1.65865844872e-11
-1.97639372783e-11
-2.72002383162e-11
-2.24968191153e-11
-4.12346504157e-11
-1.89133448866e-11
-2.73164103519e-11
-4.19660765261e-11
-1.88414859e-11
3.54617648724e-11
5.03350099412e-11
5.30656593288e-11
5.8150150697e-11
3.92005612301e-11
-5.00822874313e-13
2.30525875403e-11
7.6084742752e-11
9.61095541956e-11
4.97339803163e-11
1.17418099864e-10
-1.38810001023e-11
-2.67387951291e-11
-3.94362520372e-11
-5.23851665766e-11
-6.51691341376e-11
-3.06777011845e-11
2.09442983245e-12
3.48724292586e-11
6.72601794749e-11
-2.01117740593e-13
7.66652081703e-11
8.35404380438e-11
9.03299330441e-11
9.72538857035e-11
1.04089639073e-10
2.72102266227e-11
5.99007269194e-11
9.25970810078e-11
1.24904157942e-10
-9.03154956524e-12
-1.75637138354e-12
2.05156148287e-12
7.25466352008e-12
1.20533057926e-11
1.59755661422e-11
2.19660513024e-11
2.85729832558e-11
3.76534265298e-11
4.69543050238e-11
5.84145688637e-11
-8.82098429331e-12
-1.14499817596e-12
3.07136920245e-12
1.08608773497e-11
2.28140225224e-11
3.1019272912e-11
3.38488266557e-11
3.67400936253e-11
3.92261879477e-11
4.65664370784e-11
-2.03341143965e-11
-1.3617670579e-11
-6.984981555e-12
-5.34293207498e-12
3.81048168102e-12
1.33910707434e-11
2.3101197716e-11
2.9965928918e-11
4.1605193225e-11
5.33499047534e-11
4.41468557832e-12
8.58303109552e-12
1.26993968854e-11
1.0948696968e-11
1.96790827201e-11
2.51718017718e-11
3.07387871699e-11
3.39114357035e-11
3.62533297001e-11
3.86164403482e-11
-3.5494771806e-11
-2.74961332624e-11
-1.95972386215e-11
-2.0751028472e-11
-6.96430741317e-12
5.79608796258e-12
1.87290149999e-11
2.31570024618e-11
3.68674084889e-11
1.19960928414e-10
1.31206313718e-11
1.71992855931e-11
2.12270785475e-11
1.10264800584e-11
1.69024217524e-11
1.99926130476e-11
2.3124586421e-11
3.14060529728e-11
3.36202266808e-11
1.06912324097e-10
-4.56320785231e-11
-4.45084423581e-11
-3.5057424703e-11
-3.96383724425e-11
-2.01721133996e-11
-3.51389093005e-12
9.82665181228e-12
1.48105764833e-11
3.1059801393e-11
1.55396711186e-10
2.22386173875e-12
2.7761145945e-11
3.16803657462e-11
1.11218270725e-11
1.34987728242e-11
1.36439300953e-11
5.51511769325e-11
2.83349386578e-11
3.0392552012e-11
1.41656925713e-10
-8.04876905699e-11
-6.86838289678e-11
-5.70271628188e-11
-4.51396506287e-11
-3.34035649702e-11
-1.67438609354e-11
5.75350500395e-12
2.82548994805e-11
5.04883962338e-11
4.28438031133e-11
3.8957631791e-11
4.27701053924e-11
4.65350370285e-11
5.0374528539e-11
5.4165111508e-11
4.62211747894e-12
5.27603553335e-13
-3.56764356484e-12
-7.61413337689e-12
2.76576148735e-11
-1.8744676132e-11
-1.44405245754e-11
-6.79739063202e-12
3.53465063856e-12
1.43954574258e-11
2.7887772146e-11
3.40694537185e-11
4.09987870025e-11
5.12487096861e-11
7.18586132943e-11
-1.50173303091e-11
-3.41934778224e-12
7.22237889474e-12
1.73231278188e-11
2.7946464094e-11
4.27448542266e-11
4.44937829068e-11
4.87654979605e-11
5.58446098694e-11
7.04974610629e-11
-3.00846793638e-11
-1.62604910189e-11
-2.60869182384e-12
-2.76446724924e-12
2.02611167333e-11
2.98937549621e-11
3.96566348512e-11
6.67840105872e-11
8.0480070886e-11
9.43002121804e-11
-2.05218187628e-12
3.28732945827e-12
8.56025649893e-12
9.27132225413e-12
3.34132013857e-11
3.2272460495e-11
3.11162957936e-11
2.0886220373e-11
3.94050992832e-11
5.80917520556e-11
-5.88270442151e-11
-3.95734148627e-11
-2.0559880387e-11
-2.66891799404e-11
1.11367579095e-11
2.14948855222e-11
3.19930640436e-11
6.78055480277e-11
7.96973658453e-11
2.10219954214e-10
-7.96515731439e-13
3.42060804041e-12
7.58514381478e-12
-1.9503564888e-12
3.04755995161e-11
1.98643646301e-11
9.10965660442e-12
-4.86015541426e-12
2.70534909106e-11
1.30051439236e-10
-5.5257772285e-11
-2.94138144378e-11
-2.53120631348e-12
4.49058396225e-11
9.85620808281e-11
1.63789390356e-10
1.63025825954e-10
1.89288745537e-10
2.72518304859e-10
3.75124153787e-10
-7.7106496128e-11
-5.17507822191e-11
-1.54161052164e-11
2.23507344964e-11
7.47181593625e-11
1.53016511901e-10
2.3164177906e-10
1.88792709641e-10
1.82834122918e-10
3.29539556759e-10
-1.4412696571e-10
-1.08760156593e-10
-7.38343754777e-11
-3.82169319094e-11
-3.05319352815e-12
-3.43079152532e-12
9.24956358247e-12
2.19321893242e-11
3.44638179104e-11
8.39710163461e-11
2.92997734357e-12
3.81614447772e-12
4.6912610102e-12
5.58370815715e-12
6.46478705699e-12
-1.69596618077e-11
-5.62003693765e-11
-9.54481036634e-11
-1.34228561193e-10
6.27122289667e-11
7.77032859045e-12
1.78118289388e-11
2.77281106729e-11
3.78407722596e-11
4.46806691914e-11
5.62264183617e-11
6.79282761187e-11
9.27076445262e-11
1.14666005991e-10
1.36823301696e-10
-1.58770874055e-12
7.28092384499e-12
1.60389636063e-11
2.49704456521e-11
5.0197890746e-11
6.10528172192e-11
7.20545117544e-11
6.27441042422e-11
6.70202476582e-11
7.13351312754e-11
-3.95214902355e-11
-1.88182706699e-11
1.62677746961e-12
2.24767148255e-11
3.61824025489e-11
4.58654151039e-11
5.56793504238e-11
1.02417358454e-10
1.18104031075e-10
1.33932818868e-10
-8.31095819398e-12
-1.83796686573e-12
4.55430554839e-12
1.10731691132e-11
4.67053829949e-11
3.91446339188e-11
3.14816569287e-11
8.28013097715e-12
4.24554510901e-11
7.69403863518e-11
-8.14085297671e-11
-5.12620731805e-11
-2.14915462247e-11
-3.24362533175e-11
2.86553663798e-11
3.66885265041e-11
4.48303019512e-11
1.11017390789e-10
1.21149139006e-10
1.31372676934e-10
-1.42658362813e-11
-9.91469863808e-12
-5.61782016004e-12
-1.45096238359e-11
4.36120189867e-11
1.97402429956e-11
-4.45430020256e-12
-3.99593882004e-11
2.06980598442e-11
8.19050408481e-11
-1.32753933064e-10
-9.10318956128e-11
-4.98301365597e-11
-7.81242697297e-12
1.94286768823e-11
2.54394372527e-11
3.15314683396e-11
1.2155936591e-10
1.24881851955e-10
1.28234438435e-10
-4.28297247229e-11
-7.08920673446e-11
-5.55306988028e-11
-3.21909348797e-11
-3.76309959062e-12
7.15713361209e-11
1.39815617224e-10
1.60378191687e-10
2.35824836778e-10
4.59448240169e-10
-2.05718453538e-10
-1.47546906438e-10
-9.01007649304e-11
-3.15169727283e-11
2.63205623666e-11
9.45388936918e-12
1.26331258389e-11
1.58129316051e-11
1.89548791521e-11
1.23774836357e-10
-3.19383777018e-11
-3.38843542205e-11
-3.5806064198e-11
-3.77658312953e-11
-3.97006343185e-11
-3.78469816796e-11
-1.11102947173e-10
-1.84372030396e-10
-2.56768784548e-10
9.66388541918e-11
1.34294280618e-11
2.59290839172e-11
3.82728676886e-11
5.08611050267e-11
5.94651036107e-11
7.38720665622e-11
8.84738242034e-11
1.21063072273e-10
1.495406135e-10
1.78276150209e-10
3.83318568155e-13
1.16206571435e-11
2.27178648703e-11
3.40348392472e-11
6.43018291016e-11
7.65214593426e-11
8.89063096295e-11
7.61373531339e-11
8.1335453297e-11
8.6580646232e-11
-4.94038619965e-11
-2.14968163923e-11
6.06222528232e-12
3.41670401297e-11
5.2855415019e-11
6.25911803339e-11
7.2458581677e-11
1.39733141877e-10
1.57504413975e-10
1.75436686908e-10
-1.48652438717e-11
-7.20525506799e-12
3.59212832482e-13
8.07348578404e-12
6.06251575841e-11
4.63412783682e-11
3.1864268662e-11
-4.92115741944e-12
4.56498258602e-11
9.66789626393e-11
-1.0505620462e-10
-6.35026138094e-11
-2.2467200849e-11
1.93808683638e-11
4.70011194093e-11
5.25995382459e-11
5.82736525821e-11
1.56269489242e-10
1.64558065825e-10
1.72921733698e-10
-2.83711134614e-11
-2.38796344553e-11
-1.94441646867e-11
-1.49208558548e-11
5.73686770971e-11
1.96102609337e-11
-1.86586819093e-11
-7.67158381953e-11
1.40425558447e-11
1.05623185743e-10
-1.73275205254e-10
-1.14993591288e-10
-5.74387554615e-11
1.25588361844e-12
3.98248860813e-11
4.03517189122e-11
4.0885674982e-11
1.76539850527e-10
1.73204477769e-10
1.69838887827e-10
-4.8498456939e-11
-1.18597993403e-12
7.89697276405e-11
8.62736771433e-11
3.98231942139e-11
-5.68375224263e-11
-1.11166980908e-10
2.14309523443e-10
5.94053410924e-10
8.81712370825e-10
-2.7021799563e-10
-1.88164980337e-10
-1.07135175174e-10
-2.45006736512e-11
5.70812059477e-11
2.2946923017e-11
1.61764436555e-11
9.40475192413e-12
2.71368278699e-12
1.65458001591e-10
-6.84530490176e-11
-7.33648894113e-11
-7.82154786147e-11
-8.31621278151e-11
-8.80457651827e-11
-5.97205004848e-11
-1.68597761024e-10
-2.77494517894e-10
-3.85094768752e-10
1.32167331728e-10
1.90830079632e-11
3.40384217777e-11
4.88073399364e-11
6.38687384873e-11
7.4235118117e-11
9.15005041815e-11
1.08999333306e-10
1.49390843716e-10
1.84381206262e-10
2.19688567926e-10
2.35242344673e-12
1.59561577082e-11
2.93902519065e-11
4.30903919383e-11
7.83920112623e-11
9.19750142152e-11
1.05741671201e-10
8.95175389976e-11
9.56366966825e-11
1.01811291563e-10
-5.92765950432e-11
-2.41727496107e-11
1.04933470066e-11
4.58459633424e-11
6.95121655625e-11
7.93006321852e-11
8.92214474037e-11
1.77012529567e-10
1.9686636794e-10
2.16900074389e-10
-2.14131368647e-11
-1.25673083166e-11
-3.83178822393e-12
5.07672817877e-12
7.45313556014e-11
5.35309036119e-11
3.22465072171e-11
-1.81095700155e-11
4.88410850151e-11
1.1639828702e-10
-1.28680814849e-10
-7.57312156975e-11
-2.34419038741e-11
2.98829339284e-11
6.53289790143e-11
6.84950312741e-11
7.17038913186e-11
2.01477451321e-10
2.07924653996e-10
2.14430265828e-10
-4.24626331406e-11
-3.78309496529e-11
-3.3257023768e-11
-2.85925168654e-11
7.11119177304e-11
1.9480405649e-11
-3.28492094542e-11
-1.13436437998e-10
7.39354325263e-12
1.29318197282e-10
-2.13756955256e-10
-1.38931916062e-10
-6.50399533407e-11
1.03153494854e-11
6.02012019552e-11
5.52494559638e-11
5.02307580529e-11
2.31466710245e-10
2.21479972389e-10
2.1140275856e-10
-7.04454897719e-11
-1.00350898569e-10
-5.74968972271e-11
4.018590756e-11
2.33694096916e-11
-2.07111491806e-11
1.14063791158e-10
3.18622826188e-10
7.94861644724e-10
1.2038885382e-09
-3.34654628466e-10
-2.28743437633e-10
-1.24152971004e-10
-1.7491217881e-11
8.78118473123e-11
3.64267963123e-11
1.97163055175e-11
3.00282242429e-12
-1.35116728208e-11
2.0710051139e-10
-1.04932105959e-10
-1.1280691749e-10
-1.20583529254e-10
-1.28514147319e-10
-1.36343742902e-10
-8.15726850796e-11
-2.2603649764e-10
-3.7052617891e-10
-5.13295590947e-10
1.67661156768e-10
2.47307285493e-11
4.21393551994e-11
5.93308943596e-11
7.68628909631e-11
8.8989825124e-11
1.0911067186e-10
1.29503569971e-10
1.77689256533e-10
2.19185690573e-10
2.61058066215e-10
4.31948756417e-12
2.02871650022e-11
3.60557237456e-11
5.21365595426e-11
9.24675904951e-11
1.07412553174e-10
1.22559584767e-10
1.02883857767e-10
1.09923118399e-10
1.17026152002e-10
-6.91390960853e-11
-2.68459095178e-11
1.49198763594e-11
5.75127826328e-11
8.61516532118e-11
9.59927665231e-11
1.05966940259e-10
2.14253281262e-10
2.36187527558e-10
2.58320489619e-10
-2.79542436851e-11
-1.79238043855e-11
-8.01844576762e-12
2.08307638392e-12
8.84231413704e-11
6.0713077598e-11
3.26283496239e-11
-3.1284314269e-11
5.20290367802e-11
1.36097174485e-10
-1.52280940762e-10
-8.79471439816e-11
-2.44155967265e-11
4.03741152544e-11
8.3637843804e-11
8.4374050368e-11
8.51202110862e-11
2.46638560308e-10
2.51246297458e-10
2.5589577892e-10
-5.65395485059e-11
-5.17678058432e-11
-4.70555673365e-11
-4.22500086995e-11
8.48409150028e-11
1.93506849451e-11
-4.70250300744e-11
-1.50118980929e-10
7.51421632544e-13
1.52988651541e-10
-2.54196750365e-10
-1.62845431389e-10
-7.26332734124e-11
1.93654262101e-11
8.05564000136e-11
7.01317531456e-11
5.95661559706e-11
2.863366443e-10
2.69705434756e-10
2.52923552902e-10
-6.70084917995e-11
3.92743278806e-11
1.23032723777e-10
1.71132739698e-10
1.40163624903e-10
-8.7561192544e-11
-3.9988628207e-11
3.01832893101e-10
1.10674712857e-09
1.70782538606e-09
-3.99024479801e-10
-2.6927983981e-10
-1.41153129756e-10
-1.04890266425e-11
1.18510639739e-10
4.98926991981e-11
2.32524987012e-11
-3.39247217809e-12
-2.9720212628e-11
2.48699863297e-10
-1.41373356361e-10
-1.52208068234e-10
-1.62907670057e-10
-1.73819164431e-10
-1.84591665067e-10
-1.03402222283e-10
-2.83415705308e-10
-4.63461422818e-10
-6.41363547058e-10
2.03118196354e-10
-1.54074700434e-10
-1.57587675732e-10
-1.61056843842e-10
-1.64594714591e-10
-1.82908556449e-10
-1.86330665316e-10
-1.89799044075e-10
-2.45864224778e-10
-2.74589946755e-10
-3.03575912635e-10
-2.89331762546e-11
-9.62122504224e-12
9.44990401348e-12
2.88987134956e-11
-1.30481430835e-11
-2.18380377383e-13
1.27848518971e-11
4.9197306295e-11
6.41009975845e-11
7.91397105382e-11
4.83004237146e-11
-1.92196472612e-11
-8.58977355221e-11
-1.53896301912e-10
-1.59727050863e-10
-7.52836660698e-11
1.03014668479e-11
-2.0953469875e-10
-2.41759641227e-10
-2.74276529187e-10
9.02645628615e-11
1.51512711221e-10
2.11997088431e-10
2.73679284885e-10
1.35774378074e-10
2.95964078672e-10
4.58319683571e-10
5.49655007564e-10
3.88521603975e-10
2.2592839423e-10
2.27546962246e-10
1.03334892242e-10
-1.93282395814e-11
-1.44420564967e-10
-1.39194860201e-10
2.30722475478e-11
1.87533347951e-10
-1.77357118555e-10
-2.12681370616e-10
-2.48325646705e-10
1.95839703221e-10
2.94231340483e-10
3.91396023202e-10
4.9048493383e-10
2.67588611099e-10
5.5829711383e-10
8.52936248767e-10
9.92917542974e-10
6.75865569636e-10
3.55941228357e-10
4.47268525607e-10
2.53563037439e-10
6.22730780233e-11
-1.32805145487e-10
-1.14026368422e-10
1.43637561015e-10
4.04785331239e-10
-1.37913633154e-10
-1.770370389e-10
-2.16514887532e-10
3.25254391405e-10
4.69176756998e-10
6.11304394855e-10
7.56246697053e-10
4.29167348356e-10
8.79866640799e-10
1.3366597803e-09
1.53627161864e-09
1.02809365657e-09
5.15311799223e-10
7.59504431436e-10
4.67045138509e-10
1.78232845146e-10
-1.16299023068e-10
-4.07079060072e-10
3.14967216994e-10
7.13511833806e-10
1.11212781683e-09
1.50599794669e-09
-1.71310124498e-10
5.09159474612e-10
7.17783401519e-10
9.238057651e-10
1.13390815005e-09
1.34133419071e-09
1.33683386333e-09
2.02405637774e-09
2.71140195106e-09
3.39056410649e-09
7.41785768347e-10
-1.18285641908e-11
-1.07042420958e-11
-9.59394042104e-12
-8.46165057721e-12
-9.1301864809e-12
-6.82131409155e-12
-4.48122373613e-12
-1.24550361817e-12
1.71274618645e-12
4.69779658723e-12
-5.90509516901e-12
-4.97373898985e-12
-5.17072418027e-12
-2.34918993569e-12
3.25674380771e-13
4.04484022132e-12
3.14433691666e-12
7.77006378462e-12
1.39829225214e-11
1.78945497761e-11
-9.75606156189e-12
-1.31440913964e-11
-1.64898721261e-11
-1.99019119581e-11
-2.33601761028e-11
-1.12246967347e-11
1.07486488611e-12
-1.14595133751e-11
-6.17284471737e-12
-8.38280891547e-13
1.94300600672e-11
1.99819359151e-11
2.05269298104e-11
2.10827166444e-11
9.89824887526e-12
2.71602798894e-11
4.46557086006e-11
6.05895068251e-11
5.00120017493e-11
3.9338668579e-11
-7.92041637628e-12
-1.53051007769e-11
-2.25976973505e-11
-1.80726954708e-11
-3.59638811964e-11
-1.51248356472e-11
5.99597195153e-12
-2.05062077312e-11
-1.31572252322e-11
-5.74166380132e-12
4.32803852885e-11
4.29762791911e-11
4.26759653302e-11
3.42576692074e-11
1.18999288596e-11
3.87605285288e-11
6.5984306905e-11
9.70621477859e-11
7.6991807569e-11
5.67396378521e-11
-5.67027066489e-12
-1.79540800176e-11
-3.0084708916e-11
-4.24555701091e-11
-5.14135842144e-11
-1.99056510884e-11
1.20282967414e-11
-3.15957040387e-11
-2.17187239278e-11
-1.17522622069e-11
-4.78539534871e-11
-4.42550708759e-11
-3.6484865571e-11
-3.38447716965e-11
-4.11895999117e-11
-1.56496538771e-11
1.35249022728e-11
2.67578932854e-11
7.38322159854e-12
-6.27451986541e-12
-2.47269518028e-12
-2.17184189385e-11
-4.07241464038e-11
-6.01062590968e-11
-7.92414768927e-11
-2.66994414521e-11
2.06005477586e-11
6.79090068393e-11
1.14654219563e-10
-2.02936388884e-11
1.14061995623e-10
1.1121755601e-10
1.08408586873e-10
1.05543989531e-10
1.0271588225e-10
7.3187072878e-11
1.29282082518e-10
1.85387136927e-10
2.40824214231e-10
1.08381224082e-10
3.88617269769e-12
5.52280331887e-12
7.1390249761e-12
8.78725392996e-12
1.00680949845e-11
1.30101013551e-11
1.59918862146e-11
2.57789129498e-11
3.22374706946e-11
3.87545404681e-11
-1.18611434715e-11
-8.35552394076e-12
-8.0017703938e-12
-3.01727806369e-12
1.16966479042e-12
1.09909801815e-11
1.17491408244e-11
1.93782746593e-11
2.61401092128e-11
3.53530371355e-11
-1.61698905409e-11
-1.24728903052e-11
-8.82199206923e-12
-5.09879225119e-12
-8.29495455255e-12
-4.14773932106e-12
5.55498731709e-14
1.0422974997e-11
1.98537639437e-11
2.93699921815e-11
1.16045710702e-11
5.45098568141e-12
-6.25863820434e-13
-6.82305790725e-12
-4.00800055371e-12
-2.535999279e-12
-1.04409526473e-12
6.55966904993e-12
1.26149273984e-11
1.87250440395e-11
-3.39338322665e-11
-2.84119332294e-11
-2.29588928808e-11
-3.507030609e-11
-2.45593698568e-11
-1.93446839199e-11
-1.40594908864e-11
-3.17799861833e-12
8.88533796445e-12
2.10579636991e-11
2.64262927661e-11
1.52187085155e-11
4.15088407372e-12
-1.81319428523e-11
-1.63474490509e-11
-1.86356226609e-11
-2.09547343715e-11
-1.9080752187e-12
1.08308287975e-11
2.36851423446e-11
-5.57089866399e-11
-4.79501148783e-11
-4.02879971014e-11
-3.24741404369e-11
-4.44963950684e-11
-3.7973196654e-11
-3.13617989143e-11
-1.98501598242e-11
-4.559829365e-12
1.08690255594e-11
-5.77459334372e-11
-4.659358718e-11
-3.04142484022e-11
-2.40135552898e-11
-2.59335125169e-11
3.30860082818e-12
1.24335581287e-11
1.90541637177e-11
1.22209365133e-11
-4.64579544173e-11
-8.66526270652e-11
-7.57148993269e-11
-6.49135662571e-11
-5.38983259735e-11
-4.30234009724e-11
-6.44452936971e-11
-5.59492892697e-11
-4.74517634877e-11
-3.90554077827e-11
-3.6099917971e-12
7.0413337799e-11
4.42067891842e-11
1.83270391144e-11
-8.06522780815e-12
-3.41213024833e-11
-6.6415150117e-11
-8.00443730108e-11
-9.36760364495e-11
-1.07145403653e-10
3.84054340886e-11
1.89007974685e-11
2.10269125997e-11
2.31265148414e-11
2.52676971419e-11
2.84110678572e-11
3.19580012605e-11
3.55528922934e-11
5.15993563526e-11
6.14022787325e-11
7.12940117882e-11
-6.08358708153e-12
1.5647533207e-12
4.97649655712e-12
1.78107894361e-11
2.7193284046e-11
3.36842920284e-11
3.80960733297e-11
3.95440769841e-11
5.3525723783e-11
7.62752865589e-11
-2.22979750356e-11
-1.1831592102e-11
-1.49572611533e-12
9.04482907785e-12
6.09909163924e-12
2.61393036763e-12
-9.18353320442e-13
3.13305698418e-11
4.47208530891e-11
5.82324471105e-11
4.12771786087e-12
-8.43259168098e-12
-2.08362727807e-11
-3.34855936406e-11
-1.72947083507e-11
-3.09092703026e-11
-4.47079129922e-11
-4.50630686628e-11
-2.31160582928e-11
-9.70216518898e-13
-5.87883163963e-11
-4.09348391236e-11
-2.3303996677e-11
-5.13106508858e-11
-1.36629444395e-11
-2.33765324232e-11
-3.32214565784e-11
1.33782160752e-11
2.99458760906e-11
4.66636326817e-11
1.03230721476e-11
-1.13022260188e-11
-3.26578543375e-11
-6.81875290543e-11
-4.3336369266e-11
-7.34747001151e-11
-1.04020527452e-10
-9.64690451183e-11
-5.23825916861e-11
-7.89673208031e-12
-1.03518412258e-10
-7.66097870854e-11
-5.003671543e-11
-2.29373965342e-11
-3.78873757618e-11
-5.52358093926e-11
-7.28188089591e-11
-8.62789499354e-12
1.18346139635e-11
3.24825053173e-11
-7.29797572564e-11
-6.86549157678e-11
-4.36132145191e-11
-1.03449298448e-11
3.49649819302e-11
1.11108502069e-10
1.47376105881e-10
1.08058010607e-10
6.5112631879e-11
1.7040293767e-10
-1.67082232693e-10
-1.27305765768e-10
-8.80253157631e-11
-4.79669644045e-11
-8.41888778701e-12
-1.0050951877e-10
-1.29088730763e-10
-1.57673060352e-10
-1.85917069841e-10
1.23303769575e-11
2.87092848694e-11
-1.98185601828e-11
-6.77412576673e-11
-1.16613005665e-10
-1.64862211354e-10
-1.99797911172e-10
-2.80045060688e-10
-3.60306579825e-10
-4.39612519154e-10
-2.84528427787e-11
3.34322810027e-11
3.60321299906e-11
3.85995585756e-11
4.1217831949e-11
4.6163799766e-11
5.02961948343e-11
5.44844634839e-11
7.65889484257e-11
8.9628620333e-11
1.02786426612e-10
-6.77248955349e-13
-4.82064485341e-12
-8.91237214869e-12
-1.30851311073e-11
1.42204371191e-11
1.86074435095e-11
2.30537660479e-11
9.93301915623e-12
5.37568671161e-12
7.77066602154e-13
-2.82288697659e-11
-1.12109296198e-11
5.59479494011e-12
2.27333363563e-11
2.00299655985e-11
9.15802276057e-12
-1.86091821553e-12
5.15653992076e-11
6.87877679789e-11
8.61661647332e-11
-3.10854484683e-12
-2.18694226986e-11
-4.03963503392e-11
-5.92901811615e-11
-3.01538758973e-11
-5.83695450005e-11
-8.69667145298e-11
-9.50246877187e-11
-5.76972908018e-11
-2.00317221427e-11
-8.28430318752e-11
-5.30547824175e-11
-2.36379957085e-11
6.36135454555e-12
-3.11714466421e-12
-2.72786439333e-11
-5.17668277207e-11
2.94016841859e-11
5.03287273224e-11
7.14453613552e-11
-5.26197835072e-12
-3.69697687901e-11
-6.82821595936e-11
-1.00214654067e-10
-6.94568388548e-11
-1.26549163395e-10
-1.84413425899e-10
-1.87987228094e-10
-1.13561928028e-10
-3.84623636024e-11
-1.49789424138e-10
-1.04347247137e-10
-5.94717390841e-11
-1.37075263837e-11
-3.14910217604e-11
-7.1942945042e-11
-1.12941813566e-10
2.23325932061e-12
2.77015161951e-11
5.34005056014e-11
1.91466594422e-11
1.10590967496e-11
7.97325186513e-11
1.31816428372e-10
1.85347368629e-10
2.44211420292e-10
2.98838431347e-10
3.92785487209e-10
5.12728009474e-10
6.67291372464e-10
-2.44923771038e-10
-1.77236539108e-10
-1.10393374407e-10
-4.22264624411e-11
2.50721198965e-11
-1.3541326767e-10
-1.99874688188e-10
-2.64347651622e-10
-3.2805301107e-10
2.77578158461e-11
-1.16528132655e-11
-8.1783699126e-11
-1.51040045123e-10
-2.21667928495e-10
-2.9139613368e-10
-3.2888867605e-10
-4.73610117703e-10
-6.18357474199e-10
-7.61381493625e-10
-9.31597511602e-11
4.86498714022e-11
5.17458216844e-11
5.48031651259e-11
5.79210555214e-11
6.47547304185e-11
6.95002298398e-11
7.43098925474e-11
1.02758429024e-10
1.19187674227e-10
1.35765762021e-10
1.61593034232e-12
-4.43104195738e-12
-1.04026078471e-11
-1.64924333084e-11
1.6433485834e-11
2.01352995639e-11
2.38871650403e-11
6.74642933206e-12
6.09689626593e-13
-5.58264656108e-12
-3.44397928623e-11
-1.05609624358e-11
1.30200963477e-11
3.70681492095e-11
3.46185885233e-11
1.60110957684e-11
-2.84798649832e-12
7.27556200387e-11
9.39910070088e-11
1.15418778351e-10
-1.06864691276e-11
-3.59406763467e-11
-6.08799608229e-11
-8.63131373791e-11
-4.36201915796e-11
-8.71263619921e-11
-1.31220773729e-10
-1.47345254487e-10
-9.39112830341e-11
-3.99932205194e-11
-1.08033495497e-10
-6.5746971228e-11
-2.39877645702e-11
1.85984321904e-11
7.92657713043e-12
-3.13649944091e-11
-7.11878222245e-11
4.61817035084e-11
7.1673958901e-11
9.73971642428e-11
-2.15828800866e-11
-6.3849209663e-11
-1.05588473459e-10
-1.48154332413e-10
-9.68105915744e-11
-1.82129547942e-10
-2.68602090924e-10
-2.83826460155e-10
-1.77629858819e-10
-7.04711574539e-11
-1.98245130984e-10
-1.33394336844e-10
-6.93522392437e-11
-4.04186609106e-12
-2.47926626415e-11
-8.9438911401e-11
-1.5495923376e-10
1.3607225181e-11
4.43175773494e-11
7.53061534006e-11
-8.12467713314e-11
-1.22005503117e-10
-4.60782689801e-11
3.27867118114e-11
2.02404424745e-11
2.51290714309e-11
2.28607816836e-11
2.10733560993e-10
4.81732497654e-10
5.89647083055e-10
-3.26440612992e-10
-2.29524803773e-10
-1.33817545359e-10
-3.62149215437e-11
6.01444121229e-11
-1.71965003968e-10
-2.74002818573e-10
-3.7605890479e-10
-4.76899928839e-10
4.39136643091e-11
-5.3920615836e-11
-1.46674534344e-10
-2.38271801281e-10
-3.31683040256e-10
-4.23904380142e-10
-4.64074486889e-10
-6.76314387117e-10
-8.8859229252e-10
-1.09834285378e-09
-1.60921809002e-10
6.38526194126e-11
6.74441871195e-11
7.09909675819e-11
7.4607987701e-11
8.33275285138e-11
8.86855343005e-11
9.41159849929e-11
1.28902385371e-10
1.48717897869e-10
1.68712931226e-10
3.90687300078e-12
-4.04181905829e-12
-1.18913900527e-11
-1.98964122169e-11
1.86443760646e-11
2.16616654328e-11
2.47197511818e-11
3.56294752991e-12
-4.15165897064e-12
-1.19361568147e-11
-4.06446581707e-11
-9.91162919365e-12
2.04381555303e-11
5.13889806857e-11
4.91929825188e-11
2.2857484671e-11
-3.83409204975e-12
9.39251731099e-11
1.19169664205e-10
1.446428606e-10
-1.82570023235e-11
-4.99982056787e-11
-8.13435927353e-11
-1.13309736912e-10
-5.70733729684e-11
-1.15855131188e-10
-1.75431669986e-10
-1.99614790691e-10
-1.30089954158e-10
-5.99352495638e-11
-1.33199389745e-10
-7.84267807853e-11
-2.43371922869e-11
3.08235744722e-11
1.89595274947e-11
-3.54473592866e-11
-9.05898745733e-11
6.29453565357e-11
9.2998371531e-11
1.23323655189e-10
-3.7887863325e-11
-9.07024338282e-11
-1.42858400826e-10
-1.9604725307e-10
-1.24137664969e-10
-2.37655722481e-10
-3.52708643021e-10
-3.79572215973e-10
-2.41635301324e-10
-1.02448731713e-10
-2.46653576835e-10
-1.6241309564e-10
-7.92231025144e-11
5.61436685555e-12
-1.81008367285e-11
-1.0691781317e-10
-1.96935672505e-10
2.49700975093e-11
6.09174321243e-11
9.71904356524e-11
5.03745329476e-11
1.96446294389e-10
2.44792349698e-10
1.79762156599e-10
1.36100663604e-10
-4.33395250617e-11
-7.45961323359e-11
2.3545410878e-10
6.60746884638e-10
1.00377304665e-09
-4.07877947964e-10
-2.8176206938e-10
-1.5721886968e-10
-3.02092439681e-11
9.51824967911e-11
-2.08481089741e-10
-3.48058648514e-10
-4.8766120103e-10
-6.25601669625e-10
6.00537552583e-11
-9.61471927489e-11
-2.11502078659e-10
-3.25418476448e-10
-4.41590849412e-10
-5.56283385449e-10
-5.99128445027e-10
-8.78820950091e-10
-1.15856353887e-09
-1.43497556062e-09
-2.2861777551e-10
7.90396114429e-11
8.31262829215e-11
8.7161993157e-11
9.12776257064e-11
1.01881077942e-10
1.07850955298e-10
1.13901550597e-10
1.55019246376e-10
1.78217516674e-10
2.01625954306e-10
6.19544134855e-12
-3.65299954602e-12
-1.33786292989e-11
-2.32968632748e-11
2.085297495e-11
2.31864493909e-11
2.55514744391e-11
3.82765057333e-13
-8.90807295251e-12
-1.82830823522e-11
-4.68430928171e-11
-9.26296891412e-12
2.78485267086e-11
6.56949701915e-11
6.37522717542e-11
2.96967780427e-11
-4.81917561097e-12
1.15072786262e-10
1.44322226485e-10
1.73836655295e-10
-2.58196894925e-11
-6.4041165924e-11
-1.01786016339e-10
-1.40278357432e-10
-7.05126116109e-11
-1.44554126167e-10
-2.19596746501e-10
-2.51830155257e-10
-1.66231130059e-10
-7.98566108832e-11
-1.58339202305e-10
-9.10934491113e-11
-2.46862578601e-11
4.30360467354e-11
2.99810434165e-11
-3.95254932407e-11
-1.09971818824e-10
7.96916358761e-11
1.14300683747e-10
1.49223276172e-10
-5.41759482375e-11
-1.17527827573e-10
-1.80089702002e-10
-2.43890537971e-10
-1.51436416851e-10
-2.93124350233e-10
-4.36728027905e-10
-4.75218741821e-10
-3.0557440921e-10
-1.34393164725e-10
-2.95011852644e-10
-1.91401779676e-10
-8.90837357184e-11
1.52605921763e-11
-1.14159461588e-11
-1.24378599975e-10
-2.38868607278e-10
3.63211934672e-11
7.75000829713e-11
1.19052037247e-10
-4.58346988156e-10
-3.99859141228e-10
-4.30208345218e-10
-5.01105120872e-10
-5.92499913916e-10
-7.329191295e-10
-6.26600958933e-10
-2.20818260514e-10
4.16019120753e-10
7.41179503722e-10
-4.89230882074e-10
-3.33945196793e-10
-1.80595941096e-10
-2.42097906182e-11
1.30184268329e-10
-2.44959330598e-10
-4.22037727713e-10
-5.99147833736e-10
-7.74149297373e-10
7.61771187743e-11
-1.38330006448e-10
-2.76262436338e-10
-4.12474833649e-10
-5.51384751184e-10
-6.88525194443e-10
-7.34042434557e-10
-1.08111763723e-09
-1.42825498964e-09
-1.77125938459e-09
-2.96243582578e-10
