3774.01608059
4744.57868214
5703.03826124
6680.47896209
11987.9095033
-4210.35681819
-20627.6378113
-6042.85831528
-4307.30952714
-2556.03733995
9218.09322414
6051.43800629
2924.27132746
-264.825069394
-1106.46010929
-4863.40622143
-8671.14951785
-2016.98210268
133.366396805
2303.1962199
10664.6298383
7698.38215322
4769.12390316
1781.85526987
10738.7279681
11561.142275
12394.6763399
-45401.6770913
2343593.51357
4754232.07431
13622.9086587
6483.48410213
-566.911044622
-7756.93065921
-2979.39721606
83218.5075057
170581.88299
1875567.8959
-1927233.83158
-5764487.46817
16767.7448809
10314.6080848
3941.94261457
-2556.92571467
9632.31003688
25530.184329
41643.011731
-80262.34515
4423162.81402
8967387.25892
17524.316615
6866.1535013
-3659.10114561
-14392.7956102
-4638.28436777
161233.916807
329348.85464
3538571.64499
-3634330.49264
-10872216.3423
24248.982675
13521.5947105
2927.97845437
-7875.43143765
8276.05579865
42653.5262017
77495.8099523
-122994.776964
6972312.27909
14131900.0659
22306.6876583
7335.23211964
-7449.52772101
-22527.0816791
-6671.75894084
256865.708853
523966.432791
5577092.36969
-5726900.5933
-17133303.3494
34880.2153297
18078.8914945
1487.08201618
-15433.3079914
-32138.1612297
66986.6962313
128444.523214
189913.35527
250650.350008
21470944.581
29102.6886145
8001.81752464
-12835.9233808
-34086.3303034
-55066.0434625
392763.518604
800528.254375
1208366.00738
1611348.11441
-26030637.5173
386.638006373
633.28648244
876.85922487
1125.25562808
1000.54288043
-553.88468554
-2129.32946633
-401.023690056
-249.321119178
-96.2441818307
777.342452735
675.42437495
574.77722681
472.136884784
-418.0650055
-587.806419048
-759.842884376
-47.101736128
177.817259944
404.773934908
852.631655595
1006.15229823
1157.75852156
1312.36712104
1607.1428323
674.034963384
-271.689336794
-4628.28111386
233226.081576
473235.312563
1058.68716374
1126.71056211
1193.88570121
1262.39116193
746.526851395
3403.00580345
6095.40266511
185850.628823
-191767.617662
-572806.939039
1265.36888776
1336.40487793
1406.55504149
1478.09444338
2144.41707539
1761.62093814
1373.64906365
-8372.42340352
440018.581105
892471.834251
1307.87819349
1526.42118502
1742.2389214
1962.33066454
1778.02249607
6937.72520051
12167.1915804
350502.904462
-361776.43145
-1080508.74196
1771.30484977
1741.23062079
1711.53142075
1681.24406431
2803.01130885
3094.79084269
3390.51549001
-12962.0171779
693506.161174
1406374.66729
1613.33816544
2016.38904536
2414.41383646
2820.32102259
3042.43651213
11270.6070421
19610.0296055
552334.726212
-570174.332223
-1702852.88747
2490.26648
2316.50930801
2144.91890707
1969.93036774
1797.1708825
4989.29544389
6256.58883272
7524.10915206
8776.53859302
2136657.64055
2047.41286242
2712.65916269
3369.60976839
4039.57047875
4700.9970379
17427.8601854
30186.6941676
42947.8128367
55556.9998271
-2587236.6732
12.4151516494
179.0887313
343.683873072
511.538620668
-213.293784212
-149.93348502
-85.716499387
222.261757587
198.987859976
175.503109877
-155.155125177
81.505679112
315.21529713
553.55324879
-342.014096722
-115.456675782
114.163998853
170.522112785
182.727998732
195.044465273
-231.355395754
266.823736162
758.790519484
1260.50010429
598.324866672
-528.725486905
-1671.01454309
-123.812966196
81.8302962676
289.33660695
-329.353595868
534.917428206
1388.41089751
2258.80676291
1158.15080079
-5414.66504514
-12076.3510872
-822.014592017
-40.8287955579
747.434241311
-447.266452026
344.531883325
1126.45640631
1923.86598979
1317.18710031
-864.226974289
-3075.1356675
-430.336292975
-21.9378315883
390.160561501
-483.643669909
936.510691688
2338.95557213
3769.17416113
2486.86828144
-10108.2496009
-22873.6644491
-1701.11853056
-238.836241929
1236.69375723
-711.931617779
439.78703146
1577.14362241
2737.02417201
2198.37306413
-1275.48686205
-4796.31640066
-806.07456451
-149.137472186
513.751215466
-672.773438087
1428.78630499
3504.13936682
5620.59226218
4115.6187416
-15861.6758304
-36109.0808282
-2778.72981005
-481.555047158
1836.43122836
-1088.03474806
575.149610389
2217.59387687
3892.56474675
5546.19935843
-1859.90880782
-7242.20481094
-12625.464606
-17944.632238
689.380039522
-941.536792868
2128.33586073
5159.92686454
8251.55482682
11303.8007475
-24037.5973146
-54917.3041038
-85802.5404313
-116320.06246
2688.68973996
-345.135584592
-254.87391494
-165.737818241
-74.8364899751
-1373.05243508
236.021160263
1866.85083235
817.779021913
627.324086737
435.143703698
-1046.10871424
-485.953160678
67.2171914936
631.342407108
-269.351355571
335.849267552
949.232730317
378.4505341
187.419957673
-5.34128170369
-1267.04940373
-439.566769804
377.597064625
1210.9438311
-365.548936842
-1677.90138328
-3007.99797805
4179.97522377
-222675.539125
-451586.276469
-1655.55532103
-30.5105462173
1574.26974144
3210.83074337
1551.43636393
-13839.4971046
-29438.5294013
-179178.147166
183144.280428
548749.208725
-2083.60164354
-603.151869827
858.836532306
2349.77782976
526.811304458
-3373.08992185
-7325.72121012
7157.92043113
-420458.075112
-851948.105765
-2195.35088705
372.881483734
2909.08771425
5495.52041263
3164.13405835
-26394.8038913
-56353.4044321
-338213.990843
345191.785416
1034788.95302
-3084.53664718
-803.675540823
1448.74297656
3745.76789263
1620.67224541
-5451.06296913
-12618.4142043
10808.3048789
-662901.183741
-1342714.2191
-2857.03577443
867.362036577
4545.31619705
8296.10774915
5140.98929667
-41785.1799525
-89345.8318892
-533161.15406
543830.662498
1630579.60731
-4506.91796814
-1088.63023118
2287.03108155
5729.54324514
9128.20370381
-8403.97203632
-20139.6095117
-31877.3484533
-43475.3398987
-2040118.69593
-3797.32482491
1570.04492746
6870.4829884
12275.8897537
17612.440901
-63655.7143551
-136229.807749
-208816.896773
-280539.77643
2477229.48446
-691.181037986
-674.872492632
-658.767316634
-642.343197288
-2495.4923226
609.556540501
3756.58836918
1394.1337063
1041.87729212
686.429571412
-1908.3931607
-1035.15228571
-172.800820518
706.62846257
-199.026759206
772.633068985
1757.43058451
579.688225801
191.960938559
-199.279007564
-2269.41680573
-1123.22701193
8.66966902184
1162.98218177
-1298.40716798
-2790.09904864
-4301.959903
8345.27593372
-438265.012407
-888921.416787
-2939.0824705
-577.744155153
1754.14801156
4132.22045557
1932.06676744
-21993.2345585
-46242.0268007
-351795.128496
360434.85139
1079117.35873
-3667.28277145
-1520.34101473
599.828142031
2761.98466037
-238.131745314
-5801.22257044
-11439.5312298
14502.0019066
-827365.400427
-1676859.79499
-3851.97871632
-172.611239518
3460.87411998
7166.31622079
3819.60674819
-42157.2887428
-88755.8319134
-663898.537592
679507.12579
2035083.52358
-5380.79589071
-2007.1259214
1324.47401217
4722.05221477
1061.56070828
-9492.27721008
-20188.812211
22048.9563249
-1304327.16639
-2642719.74246
-4971.01282411
324.003302228
5552.98999481
10885.5303846
6133.36543427
-66874.5164527
-140869.528503
-1046476.91003
1070627.97828
3206913.01597
-7815.78821809
-2698.87289402
2354.2339329
7507.41137103
12594.9461605
-14737.460119
-32622.0009738
-50509.7443607
-68184.5193589
-4015257.56256
-6561.2191878
1029.71870366
8525.99676431
16170.7294595
23718.0813623
-101998.997935
-214925.834183
-327872.891908
-439475.221437
4872144.3999
-1053.56509581
-1114.70138613
-1175.07530017
-1236.64484588
-3670.92843111
1000.7284675
5735.55023705
1997.70109094
1476.00370897
949.579951003
-2811.39053761
-1610.2819559
-424.151330374
785.469164011
-125.381773133
1230.03970387
2603.78766002
790.427394864
196.716322754
-402.373541456
-3319.1111826
-1839.16640742
-377.676706434
1112.7560137
-2275.31048475
-3954.80934643
-5657.01649581
12707.2421394
-664033.585253
-1346905.42214
-4283.21160784
-1150.81550702
1942.51926974
5097.11376501
2330.66871064
-30531.9523368
-63838.9046489
-532562.254693
546096.231678
1634526.94569
-5325.73771661
-2480.83542627
328.590619451
3193.6539179
-1039.19173227
-8343.99998163
-15747.5756021
22192.8356395
-1253484.93548
-2540719.85255
-5586.82455576
-743.859509442
4038.71322984
8915.99898304
4506.02771055
-58664.00243
-122688.146408
-1004960.34454
1029607.23099
3082607.19986
-7785.47346798
-3267.39744939
1194.33766408
5744.43199401
476.050609487
-13724.2981796
-28116.6480549
33820.3373492
-1976038.20349
-4004105.28339
-7184.80171773
-245.010222085
6608.24130997
13597.2131213
7172.59680721
-93148.4509313
-194825.926629
-1584028.97081
1622298.13338
4857673.31788
-11280.8874304
-4385.14348224
2424.60978014
9369.22189165
16225.3715471
-21369.9850925
-45693.7510142
-70021.872521
-94060.3476077
-6083653.0009
-9455.61136894
463.880870474
10259.6759501
20249.4647914
30112.0008441
-142152.667223
-297337.509049
-452550.139368
-605914.834872
7380135.69611
-1415.59570444
-1554.10129505
-1690.8797057
-1830.36684578
-4845.21808478
1391.51886721
7712.58193588
2600.67978962
1909.70670312
1212.47366839
-3713.50718124
-2184.85067669
-675.256686959
864.232968628
-51.8086162728
1687.00020984
3449.31924603
1000.96102069
201.467068813
-605.269988265
-4367.7817461
-2554.40751554
-763.646261179
1062.57883343
-3251.26098451
-5118.38365076
-7010.75144198
17064.9539265
-889581.956023
-1804442.73542
-5626.02975658
-1723.32791705
2130.7068011
6061.06597133
2728.88187972
-39062.341926
-81418.6194837
-713153.070717
731576.52821
2189394.81711
-6982.5750973
-3440.39302513
57.6176468246
3624.90214931
-1839.47040998
-10884.2973095
-20051.4181481
29876.168162
-1679188.8573
-3403737.34919
-7319.97832332
-1314.55061566
4615.98874766
10663.9752023
5191.77917618
-75154.6163891
-156587.365216
-1345689.49883
1379365.86808
4129109.17996
-10187.8056568
-4526.43977881
1064.32824373
6765.81460103
-108.888415402
-17952.1914719
-36036.7515298
45580.2372249
-2647094.09111
-5364163.00478
-9396.43140512
-813.468762337
7662.46339184
16306.2510338
8210.81457183
-119396.759279
-248729.698694
-2121056.73328
2173430.22017
6506823.56023
-14742.6069783
-6069.76937616
2494.91698671
11229.2165061
19852.2560191
-27996.041071
-58752.7515985
-89514.9696397
-119910.938017
-8150031.04166
-12347.1805214
-101.40507604
11991.664202
24324.2219523
36499.6840533
-182267.17286
-379668.804162
-577105.783594
-772192.112389
9885680.83747
-1777.25110806
-1993.04581417
-2206.14953656
-2423.47351798
-6018.29071608
1781.90425555
9687.56465829
3203.03356704
2342.96021171
1475.09492528
-4614.68887995
-2758.82392004
-926.101800395
942.915143205
21.6882900834
2143.48712638
4293.97453133
1211.27645152
206.212891245
-807.956155171
-5415.36547764
-3268.90735474
-1149.21580083
1012.45365631
-4226.20001866
-6280.75203799
-8363.08339043
21418.1494235
-1114896.57066
-2261505.86149
-6967.45622166
-2295.24698079
2318.69929673
7024.01914696
3126.68234455
-47583.8907023
-98980.114873
-893556.724175
916864.594766
2743687.62886
-8637.69534784
-4398.95614782
-213.074492049
4055.70343925
-2638.91968666
-13421.961898
-24350.8002336
37551.5377535
-2104451.58371
-4265860.42289
-9051.33586716
-1884.65026316
5192.66598275
12410.139836
5876.81993566
-91628.1396364
-190451.451203
-1686065.52473
1728762.01871
5174526.57559
-12587.648092
-5784.17724902
934.45356388
7786.13865705
-693.221215176
-22175.7030167
-43948.6466865
57327.9492547
-3317454.50294
-6722811.17557
-11605.768981
-1381.33815769
8715.59288819
19012.4813258
9247.95633765
-145617.864136
-302577.605413
-2657527.92541
2723991.11903
8154264.63933
-18200.7388336
-7752.64934018
2565.15132757
13087.2834402
23475.3816234
-34615.2298696
-71798.2179616
-108987.864302
-145734.737125
-10214267.5083
-15235.7528796
-666.105165698
13721.857438
28394.7560744
42880.7471298
-222340.104215
-461914.771923
-701532.339562
-938297.061754
12388629.2562
4577.32225946
5512.51905365
6436.05384091
7377.87810706
10473.9431617
1010.00873645
-8581.8863267
-1788.62238283
-1502.6591142
-1214.10512924
7287.89973686
5846.03282008
4422.1461424
2970.06112754
2448.52905906
-829.400571701
-4151.65066662
-283.484937951
520.517544801
1331.80397829
8831.84236832
6884.34874992
4961.14059123
2999.84564307
8916.73425346
8858.39214485
8799.26120011
-13811.1220306
1890629.76996
3812324.15799
10712.6659546
6073.58003674
1492.34403078
-3179.61776091
289.467455
56113.0899274
112691.496406
2030087.86933
-955473.165425
-3968082.2255
12600.1316076
8099.39790946
3654.7888558
-877.840253617
7537.49207756
15809.8174494
24193.9918667
-24459.6217186
3566518.49286
7190029.47675
13746.0303188
6275.12185721
-1102.62355381
-8626.47620497
-1622.84425146
106547.867227
216181.140956
3828416.78311
-1802210.42748
-7483848.93732
17219.3248686
9588.81300826
2053.45447043
-5631.1326431
5846.80812001
24330.9194357
43064.9520387
-37512.6213362
5620833.70157
11330442.4481
17464.3479266
6522.17312101
-4283.55156071
-15303.2704267
-3966.96827873
168371.142626
343039.414921
6032819.96774
-2840146.42614
-11793498.455
23783.441608
11705.3502539
-222.12597194
-12385.8113018
-24394.5521277
36439.8538372
69881.5796515
103329.293777
136378.785185
17214187.1969
22748.2729482
6873.24596957
-8803.81767579
-24791.346426
-40575.2214607
256225.270824
523311.698975
790445.953508
1054399.75366
-17917737.2434
746.515596996
958.229912755
1167.3041277
1380.51880221
1228.6510427
285.274312125
-670.857693659
105.102001126
70.991471799
36.5719143032
868.145821151
896.47942428
924.45970426
952.994099523
349.76337691
87.814146699
-177.6768653
216.401479584
255.750646776
295.456302164
1141.29112713
1247.67904205
1352.74028797
1459.88214359
1690.68904785
1120.87763251
543.361870438
-1129.88469709
188329.744776
379505.805028
1096.34783656
1258.25909334
1418.15129894
1581.20997445
1228.01327978
3620.27507545
6044.88233459
201840.845446
-94912.650889
-394354.618834
1490.94945382
1504.04827086
1516.98374421
1897.13497447
2099.92270956
1860.98343056
1618.81348435
-2223.73005836
355073.211987
715607.125786
1298.46962163
1578.69251451
1855.42099708
2857.03057621
2005.89176517
6749.02618376
11556.2919116
380422.495815
-179204.663678
-743901.82824
1919.56288654
1818.30732552
1718.3144325
1616.34130231
2601.5639723
2768.20989269
2937.10901109
-3564.57275928
559468.42986
1127602.29317
1546.23180979
1971.48186949
2391.42901416
2819.6926993
2959.42023114
10584.2694778
18312.2133287
599329.034978
-282530.356774
-1172379.05267
2528.64513303
2264.88598216
2004.41593692
1738.78760044
1476.54291373
4057.42644413
4810.47633855
5563.6610794
6307.87853258
1713069.10997
1898.31491928
2529.65621605
3153.12461738
3788.94004918
4416.6562821
16034.3520536
27912.7332371
39793.2414474
51532.3023752
-1781267.74003
323.30467288
455.091778717
585.235484844
717.956528174
207.271222158
205.208792645
203.118477288
314.312467007
244.841571116
174.741295847
158.919220423
349.674207739
538.050459373
730.157272675
117.900836691
189.144055198
261.350544083
271.626765368
226.500346914
180.965100607
291.672343276
624.964192103
954.099854902
1289.75364765
892.386878458
266.07054991
-368.714121011
271.083465424
267.012756057
262.905167641
33.9786710279
726.283296617
1409.95480734
2107.16559763
1331.6997565
-2178.90369821
-5736.97356986
-135.965358083
158.346606812
455.32492399
263.655137055
775.422615388
1280.80829695
1981.04087182
1499.20360261
319.976677774
-875.194422361
232.794921165
286.65009129
340.993168373
-76.6829584366
1059.85134677
2182.21294412
3152.99230947
2406.77879975
-4276.31742265
-11049.7749279
-496.975524568
97.9818655796
698.329338986
229.311464914
959.85552135
1681.28961301
2417.01082604
2243.04345802
386.05515709
-1496.04124337
185.86057659
310.721663511
436.713943463
-212.33269778
1468.74121469
3128.85195049
4821.83915253
3724.61762697
-6847.34069778
-17562.2411088
-939.504115743
23.9863763265
996.205718659
180.507299239
1221.94438772
2250.3946411
3299.21209609
4334.66941425
479.956154013
-2378.29725218
-5237.0624774
-8061.79173674
572.738202803
-405.098116848
2049.79523753
4474.07580165
6946.36628246
9387.16401975
-10500.9000887
-26816.7983131
-43135.6181775
-59260.148986
1419.50373188
-81.0516500791
-25.6308922404
29.0987626497
84.9122715339
-768.604789168
128.710296959
1038.15786474
514.202332526
410.946420732
306.755050415
-518.710406018
-172.770119984
168.856252616
517.248118423
-103.631923576
285.959583513
680.818707168
324.391692315
198.553186235
71.5746320842
-520.094810593
29.9921045964
573.219375423
1127.20459911
129.650116642
-550.653757193
-1240.15593205
1609.63666076
-179417.278153
-362084.226622
-981.06055627
218.007718626
1402.12348019
2609.68920869
1430.76686483
-7719.72145945
-16993.9323573
-193114.444612
90993.8066028
377675.96841
-908.961609905
79.258187509
1055.15477531
2061.2086515
925.247318931
-1152.37620516
-3258.0910092
2579.87849433
-338693.705633
-683059.096104
-1390.57068935
564.125232824
2494.44588176
3435.76855974
2789.8057917
-14810.4675261
-32648.7118715
-364445.985338
171412.459629
712125.574328
-1385.63704132
139.648869789
1645.91429775
3182.00947346
1900.49550238
-1889.97146395
-5731.68884571
3769.20719355
-533935.778028
-1076512.16192
-1892.55085248
988.398314744
3833.42172884
6734.78735808
4455.72447626
-23502.3498013
-51838.4415986
-574465.293325
269990.163338
1122096.059
-2063.01791754
225.467207766
2485.41467174
4790.117636
7065.46263448
-2938.1331475
-9246.80156075
-15556.5996487
-21791.2743685
-1635629.6765
-2605.8910843
1591.31269431
5736.17687996
9963.1250402
14136.2291254
-35853.9719819
-79108.0575265
-122369.888453
-165116.65148
1704685.69512
-472.396578024
-490.88484858
-509.142568368
-527.761860005
-1713.07902056
54.6733731316
1846.32731915
707.660133424
571.706341409
434.520860755
-1174.53523743
-678.403211838
-188.458007203
311.189964021
-318.036193231
379.659777626
1086.7892058
375.45874719
171.505310485
-34.2958652745
-1305.74088635
-545.834945692
204.594884265
969.886060782
-608.543269107
-1341.09747469
-2083.5564513
2905.11783426
-353319.680283
-712771.736945
-1963.437808
-273.912546128
1394.54414982
3096.04259356
1526.64618752
-13082.2465503
-27888.6642445
-379883.254126
178906.359291
742758.389934
-2043.84584515
-594.505031705
836.762342312
2296.37421919
369.75982504
-2577.3516542
-5564.31064799
4851.43751213
-666766.337007
-1344468.70814
-2662.1800848
84.350614929
2796.63177461
5562.62635114
3160.50772476
-25005.649298
-53552.6373004
-716683.828385
337214.372817
1400660.48307
-2948.61966561
-654.165137141
1611.67729088
3922.39196176
1568.97006948
-4092.76000326
-9831.04159877
7237.24873018
-1050991.27106
-2118806.9309
-3518.70287571
523.511909128
4515.3198308
8586.18063464
5163.30573816
-39621.4333112
-85011.7010464
-1129536.14522
531269.357139
2207121.11337
-4234.35088417
-738.94528697
2712.8722178
6233.04875383
9708.38427395
-6246.23502562
-15894.2908446
-25544.0743126
-35078.9691223
-3219182.30009
-4735.86684174
1147.58322194
6957.66601591
12882.8104059
18732.4786114
-60391.2316458
-129716.68637
-199054.554999
-267566.898919
3353144.11432
-882.218934039
-978.105862364
-1072.79707014
-1169.36352168
-2702.14678934
-22.8592186779
2692.65465398
910.252082603
740.056573494
568.319159066
-1861.32496778
-1207.90986999
-562.642930374
95.4027331589
-542.563602826
477.784044911
1511.92768171
428.936943149
143.180363938
-145.165059077
-2128.48139675
-1148.84978389
-181.434285052
805.139696598
-1381.59060137
-2168.86214844
-2966.77829266
4261.76540724
-535432.918678
-1080017.02733
-2992.19819571
-789.058923345
1386.60695986
3605.35924955
1627.05247138
-18697.9643226
-39297.7930496
-575470.389871
270969.720519
1125078.2501
-3232.31386372
-1300.08011439
608.058467455
2553.98540421
-211.955120593
-4069.60760052
-7979.41890254
7230.24863763
-1010328.98247
-2037106.90565
-3993.82876901
-418.076656313
3113.08543407
6714.17787835
3548.71242281
-35682.198591
-75443.5456974
-1085552.65076
510844.656085
2121704.70353
-4585.39882323
-1485.4592292
1575.82377698
4697.73175548
1221.79159778
-6399.55363855
-14123.9461017
10869.0345329
-1592459.64132
-3210313.85327
-5221.6339879
36.675800049
5229.41388633
10524.9878104
5904.29558909
-56501.5825328
-119751.242491
-1710814.77702
804884.899681
3343375.83999
-6508.20376569
-1748.89270813
2951.06921683
7744.10814939
12476.0919806
-9710.52958732
-22855.642648
-36003.1095654
-48994.0450085
-4877502.67358
-6966.40982526
682.902974879
8236.82800269
15940.3492929
23545.7409247
-86087.0228713
-182714.81162
-279359.903222
-374854.355027
5079434.82337
-1291.64157218
-1464.85166794
-1635.90181474
-1810.33940087
-3690.24987657
-100.316189521
3538.15652833
1112.64643489
908.24260615
701.986957978
-2547.44484174
-1736.90007688
-936.462894438
-120.174030871
-766.872020907
575.812607258
1936.65150127
482.362979457
114.883043965
-255.926117251
-2950.41945193
-1751.27647505
-567.086943044
640.554016831
-2153.88394637
-2995.81946669
-3849.13868868
5617.08978183
-717368.533975
-1446904.12714
-4019.9551879
-1303.70285551
1378.6775114
4114.17914648
1727.36082454
-24308.2048369
-50695.7940268
-770866.76083
362943.288278
1507025.21679
-4419.62271685
-2004.96701849
379.577657605
2811.34532965
-793.102693907
-5560.4080836
-10392.1715952
9606.73960341
-1353556.53609
-2729069.54249
-5324.17863736
-920.013888012
3429.23044228
7864.60624642
3936.53848765
-46348.3345731
-97313.102923
-1454061.69906
684305.590056
2842045.65766
-6220.58155772
-2315.94252336
1540.00523259
5472.31532601
874.951744597
-8704.09735595
-18412.6635451
14497.2780944
-2133399.89352
-4300756.18066
-6922.90415605
-449.685476238
5942.81145433
12461.9039818
6644.56271985
-73365.2677982
-154456.900925
-2291526.46206
1078233.57288
4478522.32711
-8779.83885791
-2757.8550829
3189.03389179
9253.69374188
15241.1002196
-13171.4452693
-29810.204737
-46451.9436585
-62895.5489056
-6534205.61385
-9194.77726155
218.675951021
9514.7423662
18994.9060269
28354.3086504
-111757.751855
-235661.245454
-359586.926087
-482037.168933
6804041.80474
-1700.63988868
-1951.0930149
-2198.42296307
-2450.65097889
-4677.32890338
-177.692884713
4382.78213275
1314.83102764
1076.25433244
835.516224884
-3232.85362773
-2265.34204347
-1309.89543513
-335.52737324
-990.947967925
673.739573756
2360.93514118
535.733645541
86.6150510597
-366.572383741
-3771.50565851
-2353.07881704
-952.339914373
476.138912061
-2925.37689406
-3821.91973441
-4730.58461498
6971.00951143
-899115.592971
-1813410.98873
-5046.64702274
-1817.81341572
1370.75628094
4622.47170742
1827.5652191
-29912.6309525
-62081.9822266
-966060.624892
454821.535526
1888576.33737
-5605.70105464
-2709.12338466
151.333643043
3068.43852976
-1373.64797153
-7049.66351557
-12802.4237344
11980.7675971
-1696428.37201
-3420315.03598
-6653.14974404
-1421.43091685
3745.04780088
9013.84232171
4323.96261332
-57003.4162757
-119159.994752
-1822188.82817
857586.750804
3561640.05743
-7854.06960474
-3145.56511271
1504.2238102
6246.09612565
528.471352866
-11006.2526667
-22696.9362034
18121.7613795
-2673779.52051
-5390068.38423
-8622.41114434
-935.542692429
6655.46966404
14396.8127521
7384.06264495
-90211.4757042
-189126.590752
-2871636.30315
1351298.95018
5612492.35945
-11049.1196496
-3765.77177887
3426.75194247
10761.7148145
18003.2428309
-16628.7740919
-36757.5591856
-56889.9486816
-76782.6454193
-8189191.56331
-11420.8352395
-245.069952466
10791.3323117
22046.297048
33157.8928232
-137401.875945
-288552.806119
-439730.802446
-589108.899613
8526861.42021
5380.62843833
6280.45942517
7169.06942059
8075.27725204
8959.97682019
6230.37429109
3463.86515793
2465.61354962
1301.99129874
127.827081475
5357.70624959
5640.62763386
5920.02095734
6204.94732447
6003.51822742
3204.60507803
367.848184606
1450.01222678
907.668692796
360.411736688
6999.05489833
6070.31534661
5153.15727931
4217.83601626
7094.74053885
6155.64201466
5203.84606033
17779.4330301
1437666.02636
2870416.24166
7802.42325043
5663.67597134
3551.59910617
1397.69513739
3558.33212606
29007.6723491
54801.1098219
2184607.84276
16287.5007287
-2171676.98283
8432.51833432
5884.18773417
3367.63509703
801.245207435
5442.67411825
6089.45056982
6744.97200246
31343.1017127
2709874.1717
5412671.69457
9967.7440226
5684.09021311
1453.854038
-2860.15679975
1392.59586486
51861.8176463
103013.427272
4118261.92122
29909.6376748
-4095481.5323
10189.6670623
5656.03130602
1178.93048649
-3386.83384855
3417.56044137
6008.3126697
8634.09412506
47969.5342915
4269355.12405
8528984.8304
12622.0081949
5709.11412238
-1117.57540042
-8079.4591743
-1262.17761662
79876.5763977
162112.39705
6488547.5658
46607.7410281
-6453693.56068
12686.6678863
5331.80901339
-1931.33396006
-9338.31461231
-16650.9430257
5893.0114432
11318.6360888
16745.232285
22107.2203625
12957429.8129
16393.857282
5744.67441449
-4771.71197079
-15496.3625487
-26084.3994589
119687.023044
246095.143576
372525.899638
497451.392916
-9804836.96944
1160.51647404
1283.17334307
1457.74903053
1313.30226122
1456.75920496
1124.43330979
775.295399336
611.227692307
391.304062776
37.2868068232
1282.70657528
1117.53447361
1274.14218171
1587.09587336
1117.59175932
763.434712446
601.164495239
479.904695296
333.684033607
36.4680868422
1429.95059867
1489.20578587
1547.72205438
1616.51191476
1774.2352634
1567.72030163
1358.41307767
2368.51171969
143433.407975
285776.297493
1134.00850938
1389.80762458
1642.41689666
2340.29049271
1709.49970816
3837.54434744
5994.36200408
217831.062068
1942.31588411
-215902.298629
1716.53001988
1671.69166379
1627.41244693
1885.06903646
2055.42834373
1960.34592297
1863.97790505
3924.9632868
270127.842869
40.8590007226
1289.06104978
1630.96384401
1968.60307277
3007.405727
2233.76103427
6560.32716701
10945.3922429
410342.087169
3367.10409455
45.9842552781
1744.43039157
1895.38403026
1725.09744425
2214.26808887
2400.11663575
2441.62894268
273225.390079
5832.87165938
425430.698546
42.9157184223
1336.56095466
1926.57469363
2368.44419186
3825.15988515
2876.40395015
9897.93191358
314569.334564
646323.343745
5113.6186751
51.4632613472
2567.02378606
2213.2626563
1863.91296676
1507.64483315
1155.91494496
3125.55744437
3364.36384437
3603.21300674
3839.21847215
1289480.57939
1749.21697614
2346.65326941
2936.63946636
3538.30961961
4132.3155263
14640.8439219
25638.7723066
36638.670058
47507.6049233
-975298.806848
510.56416024
731.094826135
826.787096616
736.541841231
627.836228529
560.35107031
483.613326764
406.363176426
290.695282257
36.0959454548
292.197148452
617.842736366
760.885621615
696.017221322
577.815770104
493.744786179
439.555200462
372.731417951
270.272695096
35.3173117141
814.700082306
983.104648045
1149.40919032
1347.5908716
1186.44889024
1060.86658673
933.586301063
665.979897044
452.195215846
236.473728332
397.310937924
917.649165028
1431.49871718
1806.41463695
1505.2487122
1056.85764872
602.403947451
550.083875851
357.522009183
163.215606669
974.576726136
1206.31334745
1435.1601876
1888.80572706
1681.22010491
1504.18032984
1324.74682278
895.926135305
595.238014168
45.1621652624
330.277753035
1183.19200184
2025.47031611
2789.90949079
2326.68931806
1555.61475555
774.114593231
707.167481419
434.799973088
43.4531533375
1235.0537422
1479.92401124
1785.43560362
2552.2303886
2287.71385191
2047.59717623
1735.3292068
1177.79571769
770.580799207
50.3821100001
1049.71978168
1508.69612439
2753.56453416
3995.48382775
3333.61651234
2166.99443488
1322.70511979
899.721578568
529.527799811
48.1374257874
1449.04934654
1868.73916504
2283.19540533
2705.85944544
3123.13947007
2819.82111584
2485.61030659
2151.33965119
1821.04876458
456.096366083
131.340559172
1971.25461433
3788.22473875
5641.1777381
7470.52729197
3035.79713709
1283.70747748
-468.695923677
-2200.23551207
150.3177238
183.032284434
203.612130459
223.93534354
244.661033043
-164.157143253
21.3994336557
209.46489713
210.62564314
194.568754727
178.366397132
118.569501985
567.297674142
534.886034069
462.401084516
423.960512713
382.186118249
342.12661932
282.192856448
217.16555229
34.2176202739
226.859782547
499.550978997
768.841686221
1090.65061325
624.849170126
576.593868898
527.68611396
-960.701902255
-136159.017182
-272582.176775
-306.565791506
466.525983469
1229.97721894
1296.32365004
1310.09736573
-1599.94581433
-4549.33531325
-207050.742058
-1156.66722223
206602.728095
265.678423733
761.668244845
1251.47301831
1892.3759432
1323.68333341
1068.33751154
809.539191723
-1998.16344246
-256929.336155
49.2736181839
-585.790491649
755.368981914
2079.80404926
2582.10299686
2415.47752506
-3226.13116085
-8944.01931083
-390677.979833
-2366.86615788
41.0348153047
313.262564541
1082.9732804
1843.08561894
2618.25105429
2180.31875936
1671.12004123
1155.03651285
-3269.89049175
-404970.372315
-810310.104744
289.733206319
908.173642273
1241.33653863
1234.48536693
1001.44851507
797.672462485
663.393365832
538.376336373
387.841479596
45.33408524
380.882133059
1539.56464672
2683.79826193
3850.69202686
5002.72156514
2527.70574132
1646.00639025
764.149155862
-107.208838333
-1231140.65707
-1414.45734369
1612.58046117
4601.87077151
7650.36032674
10660.0173498
-8052.22960856
-21986.3073037
-35922.8801331
-49693.5265292
932141.905769
-253.612118062
-306.897204528
-359.517820102
-413.180522722
-930.665718523
-500.209794238
-63.9337308672
21.1865605513
101.535390702
182.612150098
-440.677314152
-321.654137968
-204.115193888
-84.248534528
-437.045627257
-13.3135137335
416.147827096
171.22926858
151.04968241
130.687277015
-342.064966964
31.5571205441
400.520099508
776.789939793
81.3206297661
107.904099249
134.847000396
-2535.04026521
-268374.348159
-536622.057102
-987.793145502
29.9190628962
1034.94028807
2059.86473154
1121.2256076
-4171.25854219
-9535.3016882
-407971.379756
-2622.13280794
406399.421143
-420.408918848
331.330951322
1073.69654259
1895.83127677
977.651395394
646.519262051
310.909933801
-4799.12688231
-506167.273588
-1012077.6213
-1472.38145327
341.312469376
2132.38942923
2380.98330916
2501.40870134
-7854.00985311
-18349.4426875
-769469.119178
-5078.38015654
766237.442566
-516.443440513
698.795647115
1898.8805696
3122.73170875
2076.37943068
1306.75720355
526.729013459
-7574.45886456
-797655.375727
-1594894.11934
158.05693757
928.604844331
863.701208406
709.800655116
650.907571498
577.607378471
490.536441857
410.587035034
317.301581817
41.4497490768
-652.913550247
1220.98232008
3071.51050271
4958.68613663
6821.82238736
2244.99006779
833.419284551
-578.404264515
-1973.41888582
-2423107.03762
-2910.51449567
1265.44774022
5389.33526752
9594.89135231
13746.8758604
-18783.4653565
-44507.5385562
-70236.2180902
-95658.5764015
1834143.82873
-710.872772267
-841.510338601
-970.518840107
-1102.08219748
-1733.36514757
-1046.44690485
-350.240929086
-177.196925739
4.10943801818
187.058367129
-911.259397956
-805.537784087
-701.134530375
-594.663697693
-959.74543252
-274.471614052
420.067703413
67.4464914335
89.6444051223
112.043423302
-937.851610895
-458.533160372
14.8081363296
497.523379496
-487.870717983
-382.914950449
-276.540089506
-4183.71132492
-406832.252102
-813128.632531
-1701.18478357
-427.302339669
830.694649982
2113.60473409
923.436232117
-6863.97630837
-14756.6814504
-618378.525048
-4156.79064074
615629.554515
-1138.89001082
-119.324802512
887.526315459
1914.31689053
615.281491083
204.784780594
-211.262203021
-7732.3383642
-767173.029466
-1533493.95875
-2400.83298226
-92.2938031846
2187.4576383
4512.35677366
2591.39713508
-12700.3947519
-28198.9449865
-1166144.95698
-7917.91882422
1160802.2072
-1385.32417848
296.478990993
1957.30988988
3651.03151695
1967.53258607
925.190902519
-131.24414862
-12082.2682833
-1208881.07914
-2416522.42316
111.526688452
878.478633431
619.509503337
612.769412587
511.505113341
457.84069322
381.147157875
290.412251951
224.805213321
40.1268750005
-1735.52010093
887.358065974
3477.52865352
6118.99440714
8726.81241421
1948.92591788
-17.5342818392
-1984.34660981
-3927.7424093
-3671352.34626
-4477.20828159
901.925079285
6213.98005524
11631.2337943
16979.4810053
-30021.3785198
-68092.1141907
-106169.667076
-143793.875182
2778733.95064
-1167.68743993
-1375.60204083
-1580.92392379
-1790.31195595
-2535.28166836
-1592.15124625
-636.268879229
-375.386919839
-93.2214908239
191.500247568
-1381.38250224
-1288.94947708
-1197.66910192
-1104.58103037
-1481.93542554
-535.374995323
423.983756502
-36.2350617791
28.2990191176
93.4177537641
-1533.05715776
-948.145434557
-370.527624909
218.529200228
-1056.50690823
-873.255282615
-687.525935381
-5830.77436282
-545155.111926
-1089365.51886
-2413.88061922
-884.077793974
626.648221701
2167.29232163
725.839769356
-9554.0677478
-19972.9685699
-828580.450944
-5689.95165387
824655.616483
-1856.6703364
-569.541011855
701.537668385
1997.78850999
253.265022169
-236.518857681
-732.925042259
-10662.6889552
-1027924.21488
-2054401.73579
-3328.3789514
-525.477160367
2242.47213691
5065.23729054
2681.29779912
-17542.0527571
-38038.8406303
-1562433.8993
-10754.6879642
1554982.13536
-2253.35745862
-105.445267897
2015.68222145
4178.81605098
1858.7919046
543.996759979
-788.575560367
-16585.6810361
-1619705.69593
-3237349.35654
191.641870536
1049.01560388
735.1639891
701.8955751
581.481736618
470.635454318
343.254186841
221.580504075
168.562977981
37.7897321053
-2817.07073756
554.059210358
3883.15079687
7278.17097766
10629.94442
1653.15053244
-867.657875574
-3388.91767734
-5880.15979461
-4918380.18603
-6042.37400174
538.756978082
7037.82053042
13665.5901015
20208.9332474
-41248.3308493
-91653.6867453
-142068.06858
-191882.225477
3722402.77202
-1624.02866931
-1909.14021562
-2190.69638958
-2477.8284398
-3336.36709067
-2137.29002498
-922.000392788
-573.371511757
-190.451546838
195.937524485
-1851.01837551
-1771.8601669
-1693.68906986
-1613.96988969
-2003.58422593
-796.007978867
427.895751031
-139.809160439
-32.9827891258
74.8113876892
-2127.64583938
-1437.25027935
-755.464027914
-60.1758321864
-1624.55376947
-1363.08743083
-1098.08583952
-7476.13040062
-683334.615285
-1365316.11598
-3125.83782383
-1340.37985064
422.813265153
2220.92426787
528.448093648
-12241.3712026
-25183.8495801
-1038564.52561
-7221.52371383
1033465.04587
-2573.70676144
-1019.2906215
515.741778134
2081.17362027
-108.376256399
-677.36513316
-1254.04723521
-13590.0025593
-1288405.16031
-2574769.64908
-4254.96362092
-958.211570531
2297.42961902
5617.54480742
2771.10529099
-22378.6929151
-47868.538302
-1958312.13161
-13588.5171043
1948753.53928
-3120.49111752
-506.952976396
2073.99405652
4706.05359426
1750.16392091
163.197683341
-1445.22572023
-21084.4264958
-2030104.53808
-4057325.59288
134.05715923
160.105737389
876.482832373
639.865411202
529.364293024
405.507700333
304.475240251
194.810139458
130.291140954
36.9770356662
-3897.50046562
221.105782434
4288.35255737
8436.14618887
12531.1040383
1357.68168574
-1716.90040949
-4792.03306109
-7830.55371352
-6164115.61828
-7605.91759938
175.965260767
7860.80718534
15697.8380216
23435.0385167
-52463.6476747
-115190.840315
-177929.26533
-239920.737473
4665093.58421
6183.9346172
7048.39979669
7902.08500027
8772.67639701
7446.01047864
11450.7398457
15509.6166426
6719.84948206
4106.64171169
1469.75929219
3427.51276232
5435.22244765
7417.89577228
9439.83352141
9558.50739578
7238.61072776
4887.34703583
3183.50939151
1294.81984079
-610.980504917
5166.26742833
5256.28194331
5345.17396738
5435.82638946
5272.74682425
3452.89188447
1608.43092055
49369.9880907
984702.282754
1928508.32533
4892.18054629
5253.77190595
5610.85418157
5975.00803568
6827.19679713
1902.25477076
-3089.27676213
2339127.81618
988048.166882
-375271.740158
4264.90506104
3668.97755889
3080.48133825
2480.33066849
3347.85615893
-3630.91630979
-10704.0478618
87145.8251441
1853229.85054
3635313.91239
6189.45772639
5093.05856902
4010.3316298
2906.16260547
4408.03598118
-2824.23193401
-10154.2864117
4408107.05934
1862029.70283
-707114.127279
3160.00925598
1723.24960378
304.406502551
-1142.535054
988.312762736
-12314.2940963
-25796.7637886
133451.689919
2917876.54652
5727527.21267
7779.66846327
4896.05512375
2048.40075988
-855.647921883
1442.61304549
-8617.98983018
-18814.620821
6944275.16385
2933361.90819
-1113888.66633
1589.89416457
-1041.73222715
-3640.54194819
-6290.81792279
-8907.33392372
-24653.8309508
-47244.3074739
-69838.8292073
-92164.3444604
8700672.42884
10039.4416157
4616.10285942
-739.606265794
-6201.37867128
-11593.5774571
-16851.2247353
-31121.4118235
-45394.1542322
-59496.9678306
-1691936.69551
1466.27077824
1608.11677339
1748.19393336
1891.04515046
1684.86736723
1963.59230746
2246.08585169
1117.35338349
711.616653753
302.204106571
1591.89346212
1489.86837025
1690.76621339
1578.95508437
1644.65149159
1517.92020949
1009.5315328
608.137984621
398.213942727
37.7628040365
1718.6100702
1730.7325297
1742.70382079
1672.39992982
1857.78147895
2014.56297075
2173.4642849
5866.90813646
98537.0711753
192046.789958
1171.6691822
1521.35615581
1866.68249439
2590.98146834
2190.98613654
4054.81361944
5943.84167357
233821.27869
98797.2826572
-37449.9784239
1942.11058594
1839.33505671
1737.84114965
1873.00309845
2010.9339779
2059.70841538
2109.14232575
10073.656632
185182.473751
791.646282963
1279.65247793
1683.2351735
2081.78514845
3157.78087778
2461.63030337
6371.62815026
10334.4925742
440261.678523
185938.871867
917.876603875
2216.07896006
1972.460735
1731.880456
1486.53577831
2198.6692992
2115.04799267
2030.29605324
15230.316078
291392.967232
570057.544923
1657.86832204
1818.40427533
1779.03795636
3464.22796369
2320.36709782
5445.22039665
25815.7529016
720525.73736
2874.46519476
50.9776911663
2605.40243909
2161.63933045
1723.4099966
1276.50206585
835.286976185
2193.68844462
1918.2513502
1642.76493407
1370.55841172
865892.048808
1600.119033
2163.65032277
2720.15431534
3287.67919004
3847.9747705
13247.3357901
23364.8113761
33484.0986687
43482.9074715
-169329.873671
368.870151509
1067.01344505
1070.48097629
1061.87380875
947.016114981
742.99965751
632.984223551
480.70148697
335.676408284
36.7408253888
415.497803929
758.053774565
893.908247903
1136.89016233
973.229868958
789.111650441
560.548826819
456.027155265
318.47965173
35.915527178
1337.72782134
1341.24510399
1344.71852574
1436.8058867
1480.51090203
1855.66262354
2235.88672314
1060.87632866
637.377675635
210.042289023
760.64320482
1109.01503344
1453.04262702
1775.09047975
1678.79766791
4292.61899565
6941.78146476
1236.13310978
556.697411553
-128.893710652
1685.49831522
1637.20407952
1589.51207825
1796.5705823
1863.2366072
2688.3839819
3524.68806792
1559.05734944
903.825937046
44.7796779935
737.238464507
1306.53265692
1868.72768811
2426.82667211
2246.59983637
7387.54693375
12598.0041144
1911.31048741
771.618080597
43.9692185393
2111.7976303
1999.99250113
1889.58159423
1776.98413411
2332.3842458
3709.13919537
5104.50907121
2169.73085879
1230.4399349
282.639399458
1207.21824482
1494.65720312
1647.59597441
2486.93858125
2741.88741285
2713.64293699
2910.5994333
2521.74616789
1548.30447539
46.2722335995
2717.59139383
2515.53394237
2315.99616956
2112.50679479
1911.60952589
5159.68607767
7349.51786535
9539.74177977
11703.8892659
339.454529364
667.779235192
1892.71399112
3102.37367585
4335.98919373
5553.89056418
16572.4943629
29384.2132681
42198.2263301
54859.6779619
-1118.86828428
236.948643453
820.037373641
977.887890449
936.653841849
696.453642062
548.575196919
454.347485064
377.45989451
278.716941118
36.3914238075
211.596606708
590.202040691
713.522900457
632.226812506
561.371804789
498.134457315
409.330524241
335.864407614
244.891916754
34.4717780662
973.814375687
969.109853398
964.463997019
1211.70786686
1120.04822361
1703.84149499
2295.52815996
-3531.04046527
-92900.7562111
-183080.126928
367.928973259
715.044248313
1057.83095769
995.548503681
1189.42786662
4519.82983078
7895.26173076
-220987.039503
-93307.1410473
35529.4877808
1440.31845737
1444.07830218
1447.79126131
1723.5432349
1722.11934788
3289.05122824
4877.16939265
-6576.20537926
-175164.966677
-668.813041185
218.989706051
946.612731005
1665.16221677
1728.43743398
2041.14925841
8358.20520438
14760.6732498
-416909.974328
-176146.191945
-791.004447792
655.754562854
976.238008826
1314.34307359
1933.2963851
2510.02986544
1728.23434269
1117.60148443
778.491449137
551.492850885
49.0955763501
745.8984087
1215.58519921
1442.28566221
1974.5282739
1731.07280915
1437.30739699
895.623677553
672.447763144
464.058276652
45.5948705189
2824.78218366
2853.66208567
2882.18185212
2911.26641772
2939.98049581
7993.54463014
12538.8143412
17084.8979604
21576.8566918
-826651.637633
-223.02360308
1633.84822803
3467.56466307
5337.59561327
7183.80557418
19749.5127647
35135.4429192
50524.128187
65729.5984212
159598.116423
-34.8276581007
-122.909560476
-209.893071837
-298.599185439
-148.252416484
-1055.09296161
-1974.19478089
-665.287012322
-368.635560006
-69.2965605593
293.180609122
35.0949359019
-219.772380574
-479.687033077
-556.055061282
-406.286805093
-254.49355161
-33.0002100311
130.594054336
295.670419304
621.610952419
608.94918678
596.445314752
583.693818804
771.184528639
1556.90567319
2353.25045209
-7975.19836467
-183429.016034
-360472.37726
-12.148483003
333.750671921
675.336426321
1023.68686953
715.805027684
4739.72946597
8818.06086807
-436059.505386
-184150.624907
70040.452351
1203.02800745
1257.16693435
1310.63074287
1652.86576459
1585.54296575
3870.3901783
6186.13051559
-14449.6912767
-345568.210169
-679686.53445
-282.582821742
598.274323823
1468.14708386
1052.52099456
1842.30967791
9297.62959176
16853.7519255
-822254.409971
-347371.13313
131814.402062
1197.4929739
1227.71321914
1330.63423218
1375.63104902
1236.66343712
1017.88464781
867.848629141
585.178123682
426.522602267
47.3400459396
291.608522952
1261.27462199
1322.41016064
1260.35644035
1256.92021566
1132.72362695
986.570316776
601.060812556
378.41525714
44.3621407869
2928.52378368
3180.90992714
3430.14878762
3684.32351943
3935.26050078
10736.2151612
17561.1294137
24387.2657836
31132.1313507
-1627031.77515
-1085.16214961
1383.3122585
3821.00451912
6306.97229871
8761.27310943
22824.3009328
40701.6092572
58582.1188187
76249.7461161
315143.54314
-539.526610494
-704.914814838
-868.240610074
-1034.80087328
-764.583505806
-2070.03459103
-3393.13651216
-1264.64593408
-731.837697458
-194.202424808
38.806171872
-403.165698179
-839.626130376
-1284.73012855
-1376.92726221
-1026.72727301
-671.792274888
-294.043960282
36.1084463062
369.251905681
252.778174957
231.783463151
211.050557711
189.907062393
405.849165402
1403.03224754
2413.69811365
-12629.1880571
-278231.585526
-546240.237728
-410.171371433
-65.5457559924
274.782340102
621.850218623
219.819992856
4970.01170586
9784.43014892
-661286.660226
-279283.3018
106180.85893
954.53384207
1061.43050937
1166.99416346
1274.64837684
1442.51810276
4479.17716171
7556.8944965
-22694.925366
-524017.07646
-1029881.01185
-807.837195504
233.489049944
1261.82984253
2310.53566897
1634.08184735
10281.4090871
19045.6557243
-1246737.2632
-526680.493733
199899.710866
222.341905917
1414.40475492
1413.99895767
1396.02481562
1474.3150045
1513.04412491
1358.83787376
481.369518129
298.232187945
42.4470095025
197.86124193
1514.94177006
1341.76666214
1277.74152347
1311.30023158
1376.31975059
961.174962817
488.146585595
284.245751762
40.9636564619
3037.16356383
3523.60884008
4003.98809021
4493.88066489
4977.53284777
13608.3814231
22820.5740843
32034.4163458
41138.5601899
-2465202.01894
-1988.00673791
1120.94718369
4191.13210778
7322.11829581
10413.2210859
26044.2658316
46530.5832383
67020.5690696
87266.6046623
478033.077901
-1043.73330767
-1286.35241373
-1525.94603283
-1770.28451104
-1380.31346015
-3083.98630298
-4810.69428678
-1863.42027457
-1094.6855878
-318.986462843
-215.320162736
-840.998877276
-1458.8753094
-2088.98802987
-2196.99883017
-1646.5625979
-1088.68398826
-554.833103015
-58.2850057302
442.761624779
-115.694863582
-145.014394064
-173.968306774
-203.495616375
40.8701299069
1249.30890146
2474.08681792
-17278.6385075
-372941.689878
-731826.910585
-807.806050534
-464.452732436
-125.381067997
220.405496773
-275.681285827
5200.06934129
10749.8568871
-886294.141058
-374323.191586
142286.016172
706.282044041
865.884994782
1023.49767916
1184.23169033
1299.63273824
5087.37036824
8926.32151066
-30932.1175138
-702291.893678
-1379733.92909
-1332.57926544
-130.940432721
1055.71383153
2265.86833466
1426.0571106
11264.2290589
21235.4216623
-1670806.09953
-705814.965985
267918.613056
139.631515702
1666.15196102
1289.75270593
1353.8870866
1365.26864783
1373.59958179
1152.59676276
624.736003958
266.064767246
40.6305673704
146.511183761
1298.09059738
1053.47092857
1094.72450916
1127.0335578
1103.60316519
1042.86518545
352.175358307
238.20493937
38.7178616596
3145.69738279
3865.97350362
4577.26770195
5302.64821345
6018.78862044
16477.7463342
28074.8889859
39674.1083038
51135.2293164
-3302554.75821
-2889.97074193
858.838005143
4560.89869463
8336.27417612
12063.5578445
29261.0901562
52353.8719632
75450.7889267
98272.7179791
640763.739293
-1547.41744994
-1867.18741635
-2182.96981609
-2505.00590072
-1995.40527796
-4096.88716524
-6226.78291833
-2461.57405116
-1457.15742611
-443.641175914
-469.183123284
-1278.37829033
-2077.48270459
-2892.41240613
-3016.22048394
-2265.75553149
-1505.14363912
-815.351966418
-152.580629311
516.195159119
-483.786020249
-521.421741645
-558.588141454
-596.490576434
-323.730644867
1095.74487275
2534.41293593
-21923.2703127
-467553.637599
-917221.243219
-1205.02862492
-862.94628557
-525.129750633
-180.623171672
-770.669031805
5429.88854724
11714.2830663
-1111068.42633
-469264.582954
178353.75438
458.28753176
670.542141664
880.149913226
1093.90871079
1156.89545873
5694.93324925
10294.329264
-39160.7727157
-880381.94861
-1729224.26217
-1856.7774978
-494.992224215
849.811437159
2221.24729313
1218.24796866
12246.0304455
23422.9181483
-2094435.43504
-884763.785012
335867.021118
212.062861631
1321.2075897
1291.31594314
1283.91737848
1223.71751264
1138.91436557
1107.0173929
459.426824777
209.348686572
37.2357582227
180.843645994
1608.80433375
1127.56463798
998.365735454
910.951980603
894.121215649
556.341288078
268.957082143
177.395564303
37.2999059147
3254.11871837
4207.98334374
5149.95317228
6110.57756319
7058.96524575
19344.1374634
33323.7583666
47305.8825594
61121.5379923
-4139039.67326
-3790.99995924
597.000473999
4930.28205899
9349.37899514
13712.1842101
32474.5805953
58171.1254883
83872.271786
109267.424667
803325.748211
6987.24079607
7816.34016821
8635.10057994
9470.07554198
5932.04413709
16671.1054004
27555.3681272
10974.0854145
6911.29212463
2811.6915029
1497.31927504
5229.81726144
8915.77058723
12674.7197183
13113.4965641
11272.6163775
9406.84588706
4917.00655624
1681.97098879
-1582.37274652
3333.47995834
4442.24854001
5537.19065546
6653.81676266
3450.75310964
750.141754281
-1986.98421923
80960.5431514
531738.539151
986600.409004
1981.93784216
4843.86784056
7670.10925697
10552.320934
10096.0614682
-25203.1628075
-60979.6633462
2493647.78961
1959808.83304
1421133.50251
97.2917877668
1453.7673836
2793.32757948
4159.41612954
1253.03819962
-13351.2831894
-28153.0677261
142948.548576
996585.529374
1857956.13022
2411.17143017
4502.02692493
6566.8092216
8672.4820107
7423.47609749
-57510.2815143
-123322.000096
4697952.19745
3694149.76799
2681253.27774
-3869.64855035
-2209.53209845
-570.117481388
1101.76374056
-1440.9349159
-30636.9008623
-60227.6217022
218933.845547
1566397.969
2926069.59493
2937.32873161
4082.99612512
5214.37692017
6368.16333054
4147.4037076
-97112.5560581
-199741.638692
7400002.76191
5820116.07536
4225916.22802
-9506.87955715
-7415.27346768
-5349.74993631
-3243.32123326
-1163.72482172
-55200.6733448
-105807.251037
-156422.8907
-206435.909283
4443915.04479
3685.02594944
3487.53130434
3292.49943921
3093.6052061
2897.24454464
-153389.472515
-308337.967223
-463314.208102
-616445.328578
6420963.57842
1809.62564485
1933.0602037
2038.63883619
1578.52270153
1912.97552949
2802.75130512
1906.5874566
1623.47907467
1031.92924473
37.7605140884
1474.48211994
1559.64457227
1973.50713661
2314.99742911
2653.24852414
2114.67584394
1417.93111693
1006.91112672
489.55080727
36.6719089823
2007.26954174
1972.25927352
1937.6855872
1728.28794489
1941.3276945
2461.40563987
2988.51549213
9365.30455324
53640.7343752
98317.2824234
1209.32985502
1652.90468705
2090.94809212
2841.67244398
2672.47256492
4272.08289144
5893.32134306
249811.495312
195652.24943
141002.341781
2167.69115199
2006.97844964
1848.26985237
1860.93716043
1966.43961207
2159.0709078
2354.30674645
16222.3499771
100237.104634
1542.4335652
1270.24390608
1735.506503
2194.96722414
3308.15602857
2689.49957247
6182.92913351
9723.5929055
470181.269877
368510.639639
1789.76895247
1923.76268767
2049.53743973
1738.66346775
2023.53942465
1997.22196265
1788.46704267
21205.0181699
24627.7604967
157355.235918
2408.76047342
1622.4605732
1836.7603419
2322.47454726
3879.97461614
2710.37138817
8525.25678508
3949.6169011
740311.961278
580401.569573
2799.1278563
2643.78109211
2110.01600459
1582.90702644
1045.35929855
514.659007414
1261.81944486
472.138856025
-317.683138591
-1098.10164871
442303.518228
1451.02108986
1980.64737613
2503.66916433
3037.04876047
3563.6340147
11853.8276584
21090.8504456
30329.5272794
39458.2100196
636639.059507
1157.26893034
1283.10092097
1309.89032016
1324.69803885
1468.96624127
1270.63562564
831.591564556
590.464595265
382.402704538
38.2300503922
1167.02073602
1154.17979362
1206.5559461
1382.50136836
1497.64563693
1102.94624814
763.908183985
574.940723117
357.81739146
36.2585339445
1860.75556037
1699.38555993
1540.02786115
1526.0209018
1774.57291382
2650.45866036
3538.18714521
1455.77276028
822.560135424
183.610849713
1123.97547172
1300.38090185
1474.58653686
1743.76632256
1852.34662362
7528.38034258
13281.1589821
1922.18234372
755.872813923
-421.003027973
2396.4199043
2068.09481158
1743.86396889
1704.33543755
2045.2531095
3872.58763396
5724.62931307
2222.18856358
1212.41385992
44.3971907245
1144.19917598
1429.873312
1711.9850601
2063.74385343
2166.51035468
13219.4791119
24421.8936355
3115.45349339
1108.43618811
44.4852837411
2452.08635968
2520.06099102
1993.72758483
1922.91454589
2377.05463969
5370.68121451
3156.81246377
3161.66599989
1690.2990706
47.9479684916
1287.68950305
1588.60594379
2002.9897015
2455.97437513
2551.61428308
20195.6647002
2981.55897506
4578.17296719
1540.61064678
49.2218972604
3986.13344113
3162.3287197
2348.79693379
1519.15414413
700.079581705
7499.5510395
12213.4254241
16928.1439084
21586.7297672
222.812692645
1204.21791121
1814.17336792
2416.52261296
3030.80064937
3637.2538364
30109.1915888
57484.7190587
84865.1485839
111919.591436
-2388.05429236
1005.7128061
992.710447802
1047.56708686
1268.80161862
1102.27336561
878.458596906
650.633114241
457.400769262
316.257851471
35.8625743056
254.836599767
923.893290286
1150.16569036
1313.04951617
1133.25218502
865.426697528
602.452804179
435.383503764
300.010943336
34.6641920996
1720.76896883
1438.6687278
1160.08630782
1332.76512048
1615.24727709
2831.08912108
4063.37020597
-6101.37902828
-49642.4952399
-93578.0770813
1042.42373802
963.562513156
885.684696442
694.773357325
1068.75836752
10639.6054759
20339.8587748
-234923.336949
-185457.614872
-135543.752534
2614.95849101
2126.48835952
1644.10950431
1554.7105266
2120.55536235
5509.76494494
8944.79959357
-11154.2473161
-93400.5971982
-1386.89970055
1023.76990375
1137.8564801
1250.52038428
874.771871103
1666.82099176
19942.5415696
38465.3658104
-443141.968823
-349925.517731
-1623.04371089
870.775961547
1096.67255
1413.71485455
1664.22012485
2739.75033908
2208.3504243
1738.03739107
1030.21001027
585.211845888
49.1630534193
1148.55658813
1433.438455
1555.20538089
2043.9434926
2224.11078134
2354.88239203
1304.52117462
882.836722263
533.296884428
47.2319907615
5268.68223426
4167.75952462
3080.56544231
1971.84080858
877.239426474
13459.383519
23431.6222922
33405.646765
43260.922222
-422162.618199
968.410137529
1655.11599488
2333.25855463
3024.83089981
3707.59379858
47551.255138
92257.1931421
136971.136507
181152.723372
-612945.672922
183.956801861
61.0780835758
-60.2683235711
-184.017848156
634.160885555
-1609.97612898
-3884.45583091
-1351.76058519
-838.806510714
-321.205271216
1027.0385324
391.844009772
-235.429567259
-875.125531626
-675.064495308
-799.260096452
-925.134930315
-237.229688642
110.138426261
460.653561593
1585.2868718
1186.34125302
792.370529995
390.597697815
1461.04842751
3005.90724713
4571.65390379
-13415.3564641
-98483.6839101
-184322.697417
963.496179496
637.582280945
315.732564572
-12.4909924771
310.384447764
13650.7174741
27171.4234243
-464147.631016
-365679.117006
-266318.516441
2826.46493375
2183.00291738
1547.56494315
1409.90025241
2193.4345361
7094.26109454
12061.3510974
-24100.2556712
-184969.14675
-347295.447604
907.215809785
855.23617827
803.90473848
-275.94132004
1183.21065448
26449.2690366
52056.9465385
-875039.700763
-689663.886104
-502608.638443
4347.90900969
3404.71721563
2473.28712703
1523.41120273
3091.19815308
12105.7916172
21242.2702379
-37197.874054
-290983.585069
-547068.49622
397.898122226
1443.7213885
1765.70600545
2426.92803881
2150.9498448
1558.5730372
1421.97783791
1149.76955655
596.802595692
44.2666975968
6509.9611176
5140.83753419
3788.78707253
2409.96090223
1048.6986142
19227.4402546
34288.8395429
49352.9358316
64237.6815872
-830956.512674
740.190196449
1501.17677678
2252.67377072
3019.0532451
3775.67035846
64432.0672221
125910.757071
187400.455728
248158.068634
-1203856.74245
-368.180448722
-568.319291075
-765.96238004
-967.519549075
204.198135962
-3093.6222772
-6436.03209523
-2352.09494242
-1467.78483293
-575.463216746
988.8717417
-0.793612270465
-978.117730377
-1974.7965594
-1794.10909191
-1778.98293198
-1763.65225319
-655.534411997
-17.4275125098
626.46038806
1443.40796081
922.100086673
407.292979093
-117.70925471
1299.56904879
3188.97944554
5103.9363168
-21074.6647892
-149630.91895
-279351.842926
880.842040704
296.210827684
-281.129969778
-869.90429684
-483.796246404
16803.9997201
34325.5417482
-704194.795403
-554409.81296
-403267.836655
3047.95769496
2242.18582125
1446.46201147
634.979863157
2269.75471443
8753.56954282
15325.051196
-37657.5123679
-280861.123454
-526268.064954
785.15859125
559.271903073
336.202046753
108.714564282
676.766559612
33263.2129262
66290.2564351
-1327329.56942
-1045443.06864
-761002.785465
5014.82511102
3860.35543138
2720.28211567
1557.6310399
3459.01456265
15574.6799846
27854.1597576
-57984.8739158
-441723.954781
-828939.562924
314.185293138
1645.09546664
1671.60563796
1300.01260679
1352.21093534
1403.53513395
1179.98774884
564.375568606
420.855419333
42.5068882151
7809.84722858
6159.85961419
4530.4475269
2868.76692263
1228.25328134
25267.8369283
45658.6824505
66053.1793014
86204.8627891
-1259051.69162
501.194805773
1339.9692881
2168.28416033
3013.00279729
3846.96116656
82109.910183
161153.280667
240210.805216
318327.084507
-1822667.79484
-919.77917542
-1197.10278662
-1470.96814188
-1750.25706613
-225.345251942
-4575.82135971
-8985.11969434
-3351.4536293
-2096.14968477
-829.473173253
950.742176765
-393.048277471
-1720.08151688
-3073.39502937
-2912.06223481
-2757.75020048
-2601.35173303
-1073.43114425
-144.869030578
792.105495794
1301.66743059
658.116646429
22.5910113606
-625.520432978
1138.24716805
3371.87308553
5635.69957122
-28726.5026521
-200728.267829
-374288.302305
798.26851815
-44.8276708977
-877.410357695
-1726.48132808
-1277.20234101
19954.2064304
41472.682344
-944007.831172
-742956.431517
-540083.58414
3269.23442449
2301.31100142
1345.45768994
370.674870667
2346.00045432
10411.2595942
18585.5680636
-51201.5460724
-376659.572472
-705066.122394
663.220420519
263.596294925
-131.04447385
-533.500621221
170.816422068
40070.5108749
80509.683955
-1779178.29977
-1400875.24401
-1019144.90925
5681.09073958
4315.54924302
2967.03619918
1591.81750094
3826.47222459
19040.1849918
34459.600409
-78751.5992972
-592317.300743
-1110535.70831
204.745757604
1495.69739901
1381.51825804
1484.45468877
1285.90339578
1511.28812988
1323.90932503
1361.13537301
279.338175336
41.1872874951
9108.46550314
7177.88779687
5271.38460703
3327.12544923
1407.63282087
31302.3421359
57017.4358473
82737.134285
108150.618427
-1686729.3304
262.432517874
1178.9190322
2083.97685885
3006.95825074
3918.18244158
99770.5111617
196361.430672
292969.646434
388427.661435
-2440875.29343
-1470.80623056
-1825.23461707
-2175.24324261
-2532.18336163
-654.443465257
-6056.4843055
-11531.5654439
-4349.77659056
-2723.86330539
-1083.21987631
912.652128939
-784.896413753
-2461.27633932
-4170.85492258
-4028.85674195
-3735.50308411
-3438.18302927
-1490.8947724
-272.178469497
957.578930549
1160.07379888
394.406796054
-361.712254995
-1132.80532068
977.092479731
3554.57717633
6166.91171138
-36370.4102247
-251772.659913
-469126.370462
715.780573991
-385.512720497
-1473.07276642
-2582.17061122
-2069.78615726
23101.1482971
48612.4157128
-1183572.32704
-931307.642193
-676757.537115
3490.28182496
2360.37490483
1244.55804832
106.6438013
2422.16717386
12067.2316317
21842.7057632
-64731.5428721
-472358.736909
-883678.875266
541.408625323
-31.7728778993
-597.806744704
-1175.05022115
-334.609353675
46870.7538062
94714.3745986
-2230558.73848
-1755939.05292
-1277019.49704
6346.66585693
4770.27129622
3213.53454915
1625.96853147
4193.54905699
22502.0983834
41058.195246
-99496.8022463
-742754.573227
-1391840.01019
161.012749901
2392.7220831
2461.02406231
1595.81634716
1464.68990221
1436.71332266
1525.29225579
1327.63323136
254.006120043
38.235462272
10405.7379024
8194.86090505
6011.55378718
3785.0089375
1586.82645319
37330.593241
68364.4171427
99403.7981799
130073.629698
-2113963.72823
23.9176808877
1018.03568723
1999.75693264
3000.91996871
3989.32990357
117412.808865
231533.091292
345673.808902
458455.586807
-3058442.08779
7790.54697494
8584.28053973
9368.11615962
10167.474687
4418.07779555
21891.470955
39601.1196118
15228.321347
9715.94253757
4153.62371361
-432.874212232
5024.41207522
10413.6454022
15909.6059153
16668.4857325
15306.6220272
13926.3447383
6650.50372098
2069.12213678
-2553.76498813
1500.69248834
3628.2151367
5729.20734353
7871.80713585
1628.75939504
-1952.60837591
-5582.399359
112551.098212
78774.795547
44692.4926765
-928.304861982
4433.96377517
9729.36433237
15129.6338323
13364.9261393
-52308.5803859
-118870.04993
2648167.76303
2931569.49919
3217538.74518
-4070.32148551
-761.442791692
2506.17382071
5838.50159059
-841.779759698
-23071.650069
-45602.0875903
198751.272007
139941.208212
80598.3480436
-1367.11486605
3910.99528084
9123.2868134
14438.8014159
10438.9162138
-112196.331095
-236489.713779
4987797.33557
5526269.83315
6069620.68276
-10899.3063567
-6142.31380069
-1444.64146533
3346.06253511
-3870.18259454
-48959.5076283
-94658.4796158
304416.001175
214919.39148
124611.977203
-1905.01100006
3269.93712649
8380.35308047
13591.974583
6852.19436972
-185607.122286
-380668.656562
7855730.35997
8706870.24252
9565721.12238
-20603.6532789
-13788.8147082
-7058.95792443
-195.824543732
6579.88428028
-85747.5157389
-164370.194599
-243006.952192
-320707.474106
187157.660746
-2669.38971682
2358.95974927
7324.6051442
12388.5890835
17388.0665464
-289927.720295
-585554.522622
-881234.261973
-1173393.68932
14533863.8524
2186.02595949
2258.00363401
2329.08373902
2401.57149872
2141.08369176
3641.91030278
5163.02939703
2129.60476585
1352.24183571
567.836298839
1858.72954542
1761.83584098
2024.60666086
1756.13371671
2129.28167398
2512.92777588
1996.7661265
1690.38317757
1163.31770118
37.9793277816
2295.92901327
2213.78601734
2132.6673536
2049.94223377
2024.87391004
2908.24830899
3803.56669936
12863.70097
8744.39757504
4587.77488857
1246.99052783
1784.45321828
2315.21368984
2856.48522452
3153.9589933
4489.35216344
5842.80101255
265801.711934
292507.216203
319454.661986
2393.27171805
2174.62184257
1958.69855509
1848.87122242
1921.94524624
2258.43340021
2599.47116715
22371.0433223
15291.7355156
8148.29192518
1260.83533422
1787.77783249
2308.14929982
3458.53117936
2917.36884157
5994.23011676
9112.69323678
500100.86123
551082.407412
602525.826634
2512.59503359
2126.61414447
1745.4464795
1356.73025431
1795.7746261
1461.88609267
1123.48309539
34025.2049154
23317.504604
12512.7966797
2483.93770302
2285.7935014
1968.07533418
4766.81650837
3917.76524267
3331.37294792
135351.5283
887645.848462
6685.07562056
74.4691322661
2682.15974514
2058.39267874
1442.40405629
814.21653125
194.031038644
329.950445103
-973.97363815
-2278.13121125
-3566.76170915
18714.9876468
1301.92314673
1797.64442949
2287.18401331
2786.4183309
3279.2932589
10460.3195266
18816.8895151
27174.9558901
35433.5125678
1442607.99268
1566.8627578
1559.10396839
1551.44193193
1543.6281582
1889.53124764
1625.7779033
1358.45838399
682.515304685
428.256415679
171.694039727
1452.90286148
1405.9079372
1309.00068294
1423.53825667
1696.03409314
1419.03406578
944.453145542
665.996167248
373.74342533
35.5129108891
2383.7832994
2057.52601587
1735.33719657
1406.76782108
2068.6349256
3445.25469717
4840.48756729
1850.6691919
1007.74259521
157.179410404
1487.30773861
1491.74677026
1496.1304467
1500.60093649
2025.89557932
10764.1416895
19620.5364994
2608.23157765
955.048216294
-713.112345294
3107.34149338
2498.98554364
1898.21585954
1612.10029279
2227.26961179
5056.79128602
7924.57055821
2885.31977772
1521.0017828
144.323595861
1551.15988745
1553.21396707
1555.2424321
1700.66103475
2086.42087299
19051.4112901
36245.7831567
4319.59649938
1445.25429561
-1455.12833399
3994.28379568
3040.12948091
2097.87357544
1136.95744218
2421.72503358
7032.22323365
11705.0593858
4153.60114099
2150.1582063
128.564855452
1442.60293399
1714.6965016
1803.4072043
4307.4977708
11202.1846093
2790.514946
2644.22155832
432600.417419
1783.60742215
42.6152811657
5254.67548843
3809.12349703
2381.59769802
925.801493479
-511.450362477
9839.41600133
17077.3329829
24316.5460369
31469.5702685
106.170855925
1740.65658723
1735.63274471
1730.67155006
1725.61210501
1720.61710861
43645.8888146
85585.2248493
127532.070838
168979.50491
-3657.24030044
975.284087972
891.341198557
808.445086211
723.90731757
1649.18579449
-300.533156255
-2276.6140057
-700.10442502
-454.564243288
-206.799562718
485.776027508
1022.51788439
1097.16749641
1411.70615733
1272.52677389
1040.71549194
910.469489514
553.111626233
347.805733286
35.0348434003
2467.72356197
1908.2276022
1355.70861862
792.247671149
2110.44633058
3958.33674717
5831.21225197
-8671.71759129
-6384.23426874
-4076.02723427
1716.91850279
1212.080778
713.538435192
205.12306997
948.088868416
16759.381121
32784.4558188
-248859.634395
-277608.088697
-306616.992848
3789.59852465
2808.89841685
1840.42774732
1385.87781829
2518.99137683
7730.47866164
13012.4297945
-15732.2892528
-11636.2277199
-7503.05745764
1828.55010145
1329.10022919
835.878551784
21.1063082242
1292.49272511
31526.8779348
62170.0583711
-469373.963318
-523704.843518
-578527.940426
5409.96138213
3912.94651223
2434.5995825
926.975796777
3019.78853029
12354.3945568
21815.2125885
-24387.1835477
-18074.1551761
-11703.9332153
1190.80953262
1283.83962947
1574.02660527
2059.03955959
2818.25591467
1836.63965916
1219.51052555
906.645706013
590.162985131
47.2703346335
7712.58228486
5481.85696357
3278.94903249
1032.41519944
-1185.50164286
18925.2224078
34324.4302432
49726.3955696
64944.9877522
-17673.5987657
2159.84387814
1676.38376174
1198.95244619
712.066186343
231.382022986
75352.9975113
149378.943365
223418.144827
296575.848322
-1385489.46227
402.741261823
245.065727628
89.3564246945
-69.4365108732
1416.57418759
-2164.85929635
-5794.71688093
-2038.23415807
-1308.97746142
-573.113981874
1760.89645567
748.593083642
-251.086753944
-1270.56403017
-794.073929333
-1192.23338781
-1595.77630902
-441.459167252
89.6827981871
625.636703882
2548.96279119
1763.73331925
988.295745238
197.501576826
2150.91232638
4454.90882108
6790.05735549
-18855.5145636
-13538.3517858
-8173.0175749
1939.14084199
941.41388997
-43.8712971757
-1048.66885449
-95.0361321565
22561.7054823
45524.7859806
-492235.756646
-547207.609105
-602677.485232
4449.90186005
3108.83890041
1784.49914343
433.932454503
2801.32610646
10318.1320108
17936.5716792
-33750.8200656
-24370.0833302
-14904.3607573
2097.01444131
1112.19803272
139.662393105
-852.133127451
524.111631057
43600.9084815
87260.1411514
-927824.991556
-1031956.63908
-1137031.67895
6780.08523479
4757.67799988
2760.49040574
723.750949719
3598.60751429
17505.308824
31600.0408501
-52009.5816488
-37647.6897395
-23155.6846583
1486.68991006
1427.80575541
1495.22892681
1895.12744177
1434.99421802
1279.96166937
1349.5433631
1027.74014717
544.859259483
45.7970005312
10091.3984515
7100.76514125
4147.42535743
1135.59828503
-1837.86327238
27718.665348
51016.549672
74318.6058797
97343.2318237
-34881.2502018
2565.54254251
1619.04129506
684.343022326
-268.865808503
-1209.93239251
106039.833511
211119.904884
316218.792636
420066.391151
-2722857.02804
-196.834286949
-431.723767312
-663.684150007
-900.238224874
1172.97977773
-4117.20996338
-9478.92767829
-3439.54395076
-2203.73196841
-956.724008683
1938.93731153
401.578473638
-1116.60933038
-2664.86299025
-2211.2909216
-2531.23859094
-2855.51223149
-1017.02486371
-70.9634713259
883.668870439
2634.03774666
1612.4167102
603.535400475
-425.325571812
2193.28893217
4974.92664353
7794.17451995
-29520.1415214
-21030.2523744
-12463.4481237
2171.85545284
657.967411361
-837.042279657
-2361.6588123
-1187.41248567
28637.9877343
58866.6533475
-747102.93058
-829536.32412
-912716.53224
5141.38154786
3422.94113313
1725.92985947
-4.68865052862
3096.99132611
13027.9619239
23093.2078955
-52620.0993697
-37705.1704483
-22655.1180541
2378.154378
885.054756201
-589.42574902
-2093.10654041
-280.548728123
56245.0167653
113534.857146
-1407921.87564
-1564205.64355
-1721905.2818
8214.89975577
5642.29365157
3101.76822857
510.930801367
4204.75555094
22899.4245257
41846.8617108
-80936.1767321
-58145.3926034
-35148.1328076
1585.96831871
1402.36497275
1477.79358139
1495.73858857
1668.71852014
2283.38424571
1886.21925142
1608.40177117
810.297477735
41.7344981037
12582.5308933
8796.11038829
5056.9069636
1243.65318038
-2521.0262851
36927.2924335
68496.7908166
100071.942257
131271.165388
-52901.3642993
2990.39634945
1558.9913925
145.436212873
-1296.11270124
-2719.29875282
138175.554534
275775.978096
413401.041362
549387.564352
-4123368.66757
-795.825043166
-1107.85315952
-1415.99025092
-1730.22962121
929.622956268
-6067.65641644
-13159.5451019
-4839.48698403
-3097.61378175
-1339.95988366
2116.80451627
54.9023223328
-1981.28772435
-4057.80202887
-3627.12563944
-3868.93780306
-4114.01947779
-1592.02918549
-231.453055426
1141.44936681
2719.02972477
1461.24768692
219.150329496
-1047.54524958
2235.62420618
5494.4372696
8797.31232452
-40174.3667968
-28514.845781
-16749.6940258
2404.34308683
374.797390641
-1629.43964739
-3673.36815293
-2278.72339619
34708.3435195
72195.5078009
-1001721.52129
-1111589.67145
-1222453.18445
5832.18680493
3736.73700806
1667.41770072
-442.881948994
3392.3681704
15735.1488201
28244.8146165
-71470.974631
-51027.251266
-30398.3156945
2659.02010648
658.13302257
-1317.80277923
-3332.8695771
-1084.42426646
68876.7926909
139783.946248
-1887550.5
-2095935.52203
-2306208.43155
9648.31483869
6526.04649848
3442.71318804
298.31822592
4810.31238459
28288.2791078
52083.6883937
-109834.558428
-78623.1031509
-47128.8841917
1169.38263913
1425.96703523
1585.20040143
1529.6585742
1787.13544099
1599.58574711
1617.99662497
1412.7366046
465.501621358
42.0739232456
15071.2336235
10489.8020901
5965.50151211
1351.60268501
-3203.5229787
46126.9379377
85959.9827088
125800.160266
165166.007538
-70903.9025823
3414.83577768
1499.00005927
-392.944976929
-2322.35767463
-4227.19296135
170279.932167
340368.98938
510488.503941
678582.604891
-5522514.32616
-1394.19501119
-1783.2818178
-2167.51666912
-2559.36082254
686.518347449
-8016.08144577
-16836.3479694
-6237.97912996
-3990.56918467
-1722.79857671
2294.48738116
-291.414537181
-2845.06997406
-5449.29743902
-5041.49299996
-5205.25063674
-5371.22241942
-2166.43757838
-391.776309682
1398.96270198
2803.93361801
1310.23533375
-164.836368535
-1669.12006493
2277.91560433
6013.40947991
9799.41048683
-50817.5501367
-35991.6822278
-21031.4977043
2636.5897729
91.9208445752
-2421.01578221
-4983.71805076
-3368.90328271
40772.408047
85510.5483592
-1256076.22776
-1393350.70143
-1531868.82861
6522.27611816
4050.20766799
1608.96618341
-880.621108187
3687.438889
18439.5300141
33391.0822624
-90302.3130285
-64335.5252088
-38133.4883602
2939.59474844
431.446468417
-2045.42492657
-4571.34773544
-1887.46667601
81495.4771668
166005.831049
-2366682.04192
-2627114.32083
-2889906.0152
11080.2443442
7408.88343253
3783.30479547
85.9260000782
5415.24162504
33671.5487334
62309.9057291
-138702.990122
-99079.5907985
-59097.2188416
253.940671856
2421.48144039
2361.75698101
2242.90980368
2184.56134548
2327.49548272
2021.37383573
2520.44194375
1603.23441616
39.2855835277
17557.3570864
12181.7384664
6873.15440208
1459.44031182
-3885.31233937
55317.0490187
103405.075919
151501.7138
199025.721404
-88887.7832098
3838.83532102
1439.07090046
-930.768193704
-3347.53905772
-5733.52440299
202351.037135
404895.057096
607475.346018
807643.748948
-6920209.92379
