-3.38653340508
-4.18897858236
-4.98141717997
-5.7895490565
-5.99741999954
-6.41771497818
-6.84369271107
-7.0906359371
-7.4254357493
-7.76326871798
-3.41692248915
-4.31118536663
-5.19429668763
-6.09489695012
-6.17263366641
-6.30705381483
-6.44329144075
-6.56533199576
-6.71398246199
-6.8639796438
-3.32512959424
-3.91722046752
-4.50192790246
-5.09821475426
-5.24813531033
-5.657735946
-6.07287473909
-6.15811716604
-6.39358801852
-6.63119214561
-3.43199570644
-4.0897191941
-4.7392407975
-5.40162538324
-5.50796723714
-5.58974673789
-5.67263196872
-5.8099410034
-5.8876898515
-5.96614307402
-3.27074336179
-3.67652042296
-4.07723739952
-4.48589008656
-4.58448315703
-4.98461166036
-5.39015024962
-5.33217196882
-5.47966574268
-5.62849575294
-3.44534627032
-3.89356344129
-4.33619129482
-4.78758485258
-4.9192626855
-4.9544176126
-4.99004786493
-5.14088041016
-5.15583068222
-5.17091639794
-3.20407636716
-3.38146875542
-3.55664904108
-3.73529855842
-3.77097406589
-4.15949156829
-4.55326216576
-4.31972301739
-4.35937392069
-4.39938404579
-3.46171147766
-3.65311445398
-3.84213061412
-4.03489000854
-4.19762484801
-4.17562707192
-4.15333186673
-4.32074161846
-4.25871299083
-4.19612240789
-3.10933905901
-2.96218480682
-2.81686558435
-2.6686684921
-2.52235917682
-2.98695249007
-3.36400015186
-3.74111533046
-4.11374064076
-2.65275161985
-3.48496729861
-3.31142378779
-3.14004438365
-2.96527101964
-2.79272396876
-3.06892472464
-2.96431439561
-2.85968533431
-2.75630196858
-2.81088884309
-2.79070991142
-2.77422877499
-2.75795316014
-2.74135522661
-2.71703035754
-2.69952751041
-2.68178800954
-2.71017924301
-2.70511602059
-2.70000692733
-2.75087157585
-2.74493082601
-2.73906415798
-2.73308130776
-2.70831019859
-2.70454187373
-2.70072259783
-2.68312635546
-2.70181454171
-2.72067203568
-2.8408230143
-2.83151078425
-2.82231467873
-2.81293645556
-2.78866442554
-2.78989284763
-2.79113787907
-2.79160029522
-2.78112456211
-2.77055392293
-2.80221523826
-2.79893918157
-2.79570397768
-2.79240470452
-2.78586564296
-2.78072185627
-2.77550852109
-2.77031758059
-2.78109866939
-2.79197743068
-2.88520890543
-2.88224627816
-2.87932059519
-2.87633697264
-2.8521117429
-2.86993071774
-2.88799062064
-2.86371608432
-2.84844641318
-2.83303840474
-2.84769105353
-2.84677515364
-2.84587067513
-2.84494828452
-2.85455760798
-2.84819555508
-2.84174748169
-2.84754409428
-2.85132175392
-2.85513363768
-2.93961741713
-2.94443817393
-2.94919881537
-2.9540537355
-2.92988587386
-2.96804165529
-3.00671333613
-2.95211608386
-2.93096997255
-2.90963228568
-2.90343560129
-2.90541279683
-2.90736533651
-2.90935654386
-2.93876066186
-2.93090525041
-2.92294362695
-2.94220885299
-2.93740166397
-2.93255092369
-3.01693477586
-3.03281613108
-3.04849944405
-3.06449334589
-3.08028351283
-3.10746246129
-3.17542456339
-3.24339883526
-3.31056381718
-3.01847622174
-2.98265153758
-2.98873997398
-2.9947524869
-3.00088407031
-3.00693754784
-3.04844008061
-3.03832762283
-3.02821335425
-3.0182195044
-3.04256496169
-2.72488591309
-2.6179333453
-2.51231448779
-2.40460397777
-2.35462712131
-2.28875826704
-2.22199880847
-2.22624536461
-2.18363554649
-2.14063969994
-2.67728915643
-2.57189780975
-2.46782070475
-2.36168247976
-2.32558675013
-2.3065519614
-2.28725980575
-2.25423709495
-2.25856761153
-2.26293736091
-2.78731892148
-2.71156628199
-2.63675828625
-2.56046880948
-2.51695273719
-2.47306596629
-2.42858580803
-2.41968209587
-2.38203524949
-2.34404733728
-2.73263982049
-2.65633939775
-2.58099044968
-2.50414930769
-2.48513965162
-2.4703929567
-2.45544687361
-2.4345131532
-2.43789593408
-2.44130936163
-2.84261672891
-2.79449831163
-2.7469799363
-2.69852051757
-2.66072685411
-2.63630992849
-2.61156286478
-2.59101177213
-2.55776070072
-2.52420838749
-2.78166469437
-2.73113051856
-2.68122650948
-2.63033421244
-2.6264579358
-2.61550926682
-2.60441256229
-2.59418623337
-2.59672959119
-2.59929599084
-2.91040113803
-2.89615692861
-2.88209034605
-2.867745192
-2.8369660942
-2.83641543055
-2.83585732144
-2.80102879464
-2.77316609254
-2.74505096517
-2.84175970105
-2.82280995696
-2.80409651827
-2.78501248276
-2.79968680027
-2.79339377599
-2.78701566454
-2.78991452519
-2.79142891281
-2.7929570202
-3.00672635097
-3.04061917379
-3.07408934938
-3.10822236093
-3.14192057641
-3.12077588083
-3.15459154933
-3.1884132731
-3.22183232126
-3.05887989135
-2.92715786846
-2.95309126417
-2.97870126759
-3.00481844586
-3.03060293604
-3.04617702588
-3.04650428353
-3.04683159979
-3.04715501907
-3.0681595356
-2.66199446013
-2.46860108178
-2.27761934014
-2.08285543828
-2.00836942408
-1.89628933164
-1.78269381871
-1.76387137454
-1.68538771076
-1.60619301541
-2.60698493021
-2.40657364106
-2.20866150274
-2.00682995616
-1.95991413274
-1.92629302112
-1.89221732278
-1.84445541292
-1.83506791283
-1.82559536563
-2.7361985061
-2.59696546446
-2.45946867417
-2.31924892782
-2.25734616055
-2.17035413762
-2.08218590676
-2.06433333959
-2.00072588863
-1.93654217882
-2.66616407874
-2.52009262113
-2.37584269068
-2.22873606647
-2.1978113972
-2.1738896162
-2.14964439188
-2.11366925302
-2.10998333028
-2.10626401451
-2.80192208967
-2.71065963197
-2.62053522716
-2.52862601855
-2.47786841286
-2.4130972515
-2.34745032761
-2.33045679434
-2.2800254176
-2.22913715213
-2.71857989601
-2.62063800348
-2.52391745713
-2.42528147845
-2.40852040287
-2.39318945756
-2.37765122451
-2.35211579712
-2.35347984288
-2.35485624637
-2.88248648244
-2.85002667602
-2.81797164697
-2.7852818072
-2.74818601246
-2.71065332657
-2.67261316606
-2.65667264211
-2.62239258214
-2.58780195813
-2.78283154298
-2.74388718184
-2.70542846117
-2.6662081125
-2.66680886143
-2.66200861793
-2.65714347096
-2.64440510923
-2.65195943897
-2.65958220801
-2.99697272479
-3.04807458073
-3.0985391909
-3.15000319106
-3.20081162806
-3.13349617009
-3.13468667334
-3.13587738977
-3.13705392974
-3.09748352454
-2.87413651499
-2.91903075109
-2.96336515113
-3.00857753983
-3.05321400018
-3.0440147932
-3.05431666329
-3.06462037809
-3.07480141865
-3.09261383771
-2.60112673102
-2.3240740382
-2.05047622296
-1.77146013702
-1.6732536218
-1.51644927839
-1.35752480366
-1.31637567446
-1.20317251514
-1.08894377909
-2.53894295638
-2.24656928053
-1.95784153659
-1.6633958922
-1.60600814443
-1.55827006924
-1.50988653367
-1.44785970334
-1.4251956055
-1.40232617973
-2.68672304562
-2.48605227692
-2.28788389479
-2.0857910298
-2.00609321542
-1.87738298309
-1.7469324763
-1.72041901075
-1.63168631665
-1.54214973875
-2.60182739624
-2.3882299991
-2.17729618501
-1.96218508426
-1.91972880362
-1.88692717284
-1.85368203544
-1.80314948155
-1.79262231224
-1.78199977085
-2.76253692426
-2.62951871692
-2.49815926127
-2.36419839198
-2.30089399834
-2.19706712154
-2.09183641493
-2.07828596575
-2.01122711227
-1.94356073158
-2.65752504298
-2.51370092127
-2.37167030218
-2.22682694009
-2.19759567318
-2.17802346461
-2.15818662273
-2.11783471369
-2.11805739535
-2.11828209442
-2.85547006583
-2.80538080467
-2.75591616212
-2.70547193271
-2.66226269998
-2.58893800094
-2.51462188808
-2.51696158801
-2.47647066819
-2.43561291635
-2.72579957769
-2.66750398715
-2.60993534903
-2.55122663433
-2.53820667457
-2.53485117709
-2.53145031036
-2.50357790146
-2.51697781981
-2.53049913621
-2.98753295121
-3.05529008726
-3.12220228437
-3.19043959585
-3.25780768093
-3.14580714533
-3.1154222973
-3.08503200834
-3.05500354092
-3.13484496838
-2.82282128491
-2.88606623866
-2.94852252087
-3.01221567351
-3.07509748454
-3.04192213694
-3.06187765595
-3.08183674833
-3.1015582112
-3.11628124823
-2.53738512006
-2.17272312172
-1.81260849863
-1.44536224511
-1.32231526072
-1.118675002
-0.912281349588
-0.847751376504
-0.698189433817
-0.547272517922
-2.46768836732
-2.07901028252
-1.6951790562
-1.30374652108
-1.23539241499
-1.17287084099
-1.10950392085
-1.032538649
-0.995971096232
-0.959072255618
-2.6349115915
-2.36990230133
-2.10819770616
-1.84131037102
-1.74297731285
-1.57057913763
-1.39584998891
-1.36026669894
-1.24522246839
-1.12913598171
-2.53445304458
-2.25014145733
-1.96937526686
-1.68304884479
-1.62851648545
-1.58641574104
-1.54374575789
-1.47796845774
-1.46027703105
-1.44242532689
-2.72129218049
-2.54454671755
-2.37000528997
-2.19200728253
-2.11556370188
-1.97083708634
-1.82415364087
-1.81420884168
-1.72973744186
-1.64450076392
-2.59358747301
-2.4017147836
-2.21223476774
-2.0190023315
-1.97671209071
-1.9526983668
-1.92835995642
-1.87249200263
-1.87151943046
-1.87053804716
-2.82717806377
-2.75862696969
-2.69093071529
-2.62189381923
-2.57228250133
-2.46147586216
-2.34917102071
-2.3706540489
-2.32365902225
-2.27623823889
-2.66607483689
-2.58751434483
-2.50993351074
-2.43081628295
-2.40353251006
-2.40168997257
-2.39982252236
-2.35610150926
-2.37562301683
-2.39532138169
-2.97764747685
-3.06284627536
-3.14698263548
-3.23278521348
-3.3174948137
-3.15869938571
-3.09524834994
-3.03178595218
-2.96907912679
-3.17397044017
-2.76908319609
-2.85154530026
-2.9329790929
-3.01602558239
-3.09801420193
-3.0397306755
-3.06979564238
-3.09986599289
-3.129578331
-3.14106612023
-2.47370567911
-2.02151982449
-1.57497277723
-1.1195824109
-0.971719185351
-0.721288692463
-0.46747216115
-0.379584148559
-0.193698884832
-0.00612957269304
-2.39650327601
-1.9116147122
-1.43277276215
-0.944447931903
-0.865138163456
-0.78784750966
-0.709511818894
-0.617622675651
-0.567165228611
-0.516250656665
-2.58315067139
-2.25386561194
-1.92868677342
-1.59706816503
-1.48011803886
-1.26407453154
-1.04510992779
-1.00046565962
-0.859135555413
-0.716525055263
-2.4671444061
-2.11218759942
-1.76165714319
-1.40418485924
-1.33758819953
-1.28619741133
-1.23411177491
-1.15310459736
-1.12825590091
-1.10318208491
-2.68008766454
-2.45965759512
-2.24197631292
-2.01998411869
-1.93041416626
-1.74482770329
-1.55673194967
-1.5503892837
-1.44852232079
-1.34573248268
-2.52971226418
-2.28983787096
-2.05295473782
-1.81138042345
-1.75604394577
-1.72759303853
-1.69875745023
-1.62738858517
-1.62522192495
-1.62303563563
-2.79891365616
-2.71191873579
-2.62600865165
-2.53839722318
-2.48239006435
-2.33413804286
-2.18388152488
-2.22448921
-2.17099642027
-2.11701900662
-2.60640834828
-2.50760271994
-2.41002920866
-2.31052337312
-2.26898969922
-2.26865864606
-2.26832311676
-2.20876895732
-2.23440608345
-2.26027547201
-2.96777164424
-3.07039509358
-3.17173881721
-3.27508952956
-3.37712373096
-3.17157905171
-3.07509407912
-2.97859182925
-2.88323851853
-3.21305775115
-2.71539752042
-2.81705803165
-2.91745082512
-3.0198317753
-3.12090856763
-3.03754135149
-3.07770590604
-3.11787765274
-3.15757112154
-3.16582681844
-2.41009223492
-1.87047323287
-1.33758333917
-0.794140211735
-0.621486464344
-0.324314230228
-0.0231239686281
0.0880978754257
0.310268815056
0.534452537252
-2.32539196023
-1.74439262903
-1.17063842342
-0.585521716286
-0.49526763983
-0.403223212766
-0.309934264865
-0.203136717183
-0.138803771219
-0.0738879937095
-2.53144339579
-2.13794918185
-1.74936188407
-1.35307908929
-1.21753118967
-0.957887583833
-0.694733370261
-0.641037514594
-0.47344877916
-0.304341754766
-2.39990552564
-1.97437671555
-1.55415429655
-1.12560988561
-1.04696142886
-0.986290224981
-0.924798693568
-0.828577422734
-0.796578874245
-0.764290431315
-2.63892585255
-2.37485645095
-2.11408002384
-1.84813923799
-1.74545651781
-1.51905255417
-1.28958741171
-1.28684314575
-1.16759864832
-1.04727384198
-2.46590325499
-2.17807690647
-1.89383978418
-1.60397369272
-1.53560449915
-1.50272100723
-1.46939290185
-1.38253919051
-1.37917967978
-1.37578973319
-2.7706785415
-2.66525890984
-2.5611538726
-2.45498716219
-2.39259079102
-2.20693219522
-2.01876333348
-2.07847585492
-2.01849203633
-1.9579647876
-2.54680369743
-2.42777391469
-2.31022844643
-2.1903551337
-2.13458632724
-2.13576519192
-2.13695999587
-2.06158909939
-2.09333550593
-2.12536952259
-2.95790604684
-3.07793608827
-3.19646934188
-3.31735000185
-3.43669084939
-3.18444536936
-3.054960696
-2.9254528362
-2.79748687465
-3.25210455243
-2.66176748405
-2.78260650532
-2.90193865069
-3.0236340235
-3.14377920584
-3.03535429648
-3.08560797158
-3.13587064547
-3.18553490062
-3.1905618549
-3.26724862599
-3.92623313604
-4.57700003674
-5.24065458137
-5.4331238855
-5.80805657503
-6.18805868115
-6.41578951469
-6.71225218014
-7.01140068239
-3.32105173857
-4.05375092909
-4.77731328009
-5.51520490002
-5.6181821746
-5.7837521009
-5.95156067684
-6.03283303313
-6.17077476515
-6.30996619578
-3.24149998007
-3.72752642886
-4.20749207434
-4.69696285343
-4.83552176083
-5.17513361872
-5.51933732478
-5.63028551288
-5.83568130698
-6.04293790734
-3.33165280471
-3.87490155717
-4.41137593791
-4.95847453877
-5.06133330409
-5.16603196572
-5.27214624446
-5.37842022712
-5.45997853803
-5.54227573561
-3.21869403655
-3.55152905964
-3.88021359336
-4.21540732298
-4.30621702183
-4.61454471456
-4.92704126629
-4.93455339698
-5.05928996218
-5.18515659229
-3.34104232043
-3.71649211347
-4.08726000627
-4.46537050451
-4.56812430448
-4.61890841741
-4.67037917579
-4.79879745609
-4.83041616544
-4.86232132804
-3.19073836385
-3.33579034898
-3.4790335199
-3.62511344693
-3.6573918579
-3.92737121913
-4.20100093652
-4.08172048072
-4.10758444275
-4.13368272224
-3.35255204939
-3.52231279539
-3.6899566062
-3.86092039801
-3.96354553078
-3.94824084207
-3.93272922064
-4.08829212385
-4.05869454742
-4.02882882843
-3.15101188158
-3.02921428647
-2.90893552078
-2.78627478098
-2.66517652878
-2.95086151511
-3.16925941527
-3.3876964233
-3.60353275797
-2.63948301215
-3.36890798001
-3.24637376442
-3.12536756399
-3.0019649835
-2.88013434039
-2.99518691922
-2.88448981069
-2.77377287996
-2.66437412592
-2.84439211845
-2.80101098417
-2.78767792758
-2.77451113567
-2.76108359153
-2.74440709455
-2.72914312342
-2.7136727701
-2.73581174298
-2.73042056794
-2.72498055095
-2.76766796814
-2.76451076831
-2.76139293912
-2.75821336512
-2.73627517005
-2.7308600522
-2.72537171724
-2.71411536635
-2.72461877131
-2.73521733305
-2.84984920749
-2.84246042879
-2.83516378897
-2.82772264811
-2.8099925362
-2.81032977396
-2.81067157146
-2.80993349503
-2.80010909167
-2.79019568303
-2.81563065586
-2.8144950033
-2.81337351245
-2.81222981184
-2.80550467945
-2.80015826675
-2.7947395659
-2.79246540116
-2.79788542509
-2.80335455234
-2.89310591958
-2.89098207272
-2.88888471046
-2.88474132762
-2.8680824988
-2.88223795015
-2.89658479553
-2.8755841897
-2.86183321269
-2.84795765716
-2.85811189356
-2.85876675429
-2.85941344883
-2.8559029766
-2.86682224491
-2.86153668536
-2.85617966043
-2.86186114628
-2.86277874701
-2.86370466085
-2.94613027633
-2.95046021689
-2.95473616261
-2.95909678821
-2.93928954972
-2.97038345644
-3.00189777986
-2.95605923479
-2.93749503845
-2.9187626577
-2.9101856688
-2.91303535227
-2.91584949987
-2.91871937823
-2.94198571225
-2.93677474687
-2.93149332469
-2.94692689835
-2.94232539968
-2.93768221321
-3.02148067803
-3.03498179018
-3.04831454198
-3.06191133265
-3.07533492351
-3.09564286013
-3.1515530734
-3.20747329834
-3.26272774674
-3.01938029005
-2.98418524414
-2.99015388625
-2.99604809873
-3.00205903889
-3.00799340997
-3.04369199218
-3.03851800549
-3.03334309231
-3.02822979075
-3.04280820868
-2.74950306935
-2.66189528064
-2.57537997069
-2.48715133066
-2.44736931164
-2.38899810386
-2.3298376665
-2.32926374129
-2.29052506165
-2.25143542461
-2.70653252657
-2.62208110064
-2.53868279329
-2.45363288428
-2.41789456928
-2.3935897645
-2.36895633759
-2.34747781599
-2.34390238667
-2.34029456535
-2.80658132686
-2.74468217142
-2.68355490525
-2.62121708821
-2.58622084253
-2.54907649007
-2.51142991361
-2.49835322253
-2.46475222414
-2.43084681373
-2.75862276439
-2.69734588116
-2.63683312741
-2.57512199245
-2.55629050577
-2.53878679001
-2.52104640876
-2.50678031495
-2.50378891078
-2.50077040566
-2.85713635494
-2.81800770325
-2.77936699015
-2.74526184187
-2.70920362703
-2.69086020357
-2.67226876105
-2.64811819162
-2.6190677109
-2.5897540441
-2.80475983217
-2.76400897247
-2.72376628048
-2.70028125983
-2.67886976381
-2.66738986974
-2.65575475751
-2.64787681403
-2.64540268929
-2.64290614993
-2.91910703452
-2.90789061324
-2.89681406195
-2.8855181531
-2.8599567177
-2.86465959431
-2.86942605791
-2.83170105697
-2.80822863017
-2.78454355229
-2.86131494751
-2.84572501989
-2.83032950038
-2.81462909141
-2.82912820914
-2.82503235458
-2.8208811205
-2.8208338129
-2.81899377261
-2.81713706227
-3.00717063182
-3.03561895901
-3.06371253242
-3.09236246475
-3.12064744605
-3.1116376759
-3.14959695345
-3.18756302827
-3.22507708554
-3.06134969551
-2.94168274299
-2.96184782411
-2.98176144445
-3.00206942972
-3.02211872607
-3.0490506225
-3.05553437316
-3.06201928485
-3.06842698829
-3.06472835874
-2.70028989963
-2.54171641542
-2.38512036
-2.22542311091
-2.16356495114
-2.06400699058
-1.96310291967
-1.94082798573
-1.87022747652
-1.79898735408
-2.64812074902
-2.48599686128
-2.32589467625
-2.16262186292
-2.11369824142
-2.07134531001
-2.02841973008
-1.99717444886
-1.98014741577
-1.96296612437
-2.765241087
-2.65126006352
-2.53870039594
-2.42391162157
-2.372418471
-2.29946238228
-2.22551986368
-2.20065425939
-2.14433594443
-2.08750740737
-2.70415464917
-2.5854159059
-2.46815784782
-2.34857763706
-2.31817915006
-2.289059755
-2.25954664036
-2.23382287363
-2.22279478151
-2.21166677916
-2.82276928153
-2.74828443755
-2.67472842776
-2.61199634995
-2.55740301716
-2.50800858635
-2.45794629981
-2.43078610178
-2.38711773029
-2.34305374029
-2.75378467501
-2.67347277399
-2.59416237121
-2.55159269444
-2.49929081199
-2.48189254914
-2.46425904661
-2.44342576415
-2.43771101974
-2.43194450197
-2.89328771354
-2.8672175412
-2.84147246677
-2.81521754258
-2.78415826729
-2.76364586876
-2.74285612474
-2.7128831989
-2.68472120974
-2.65630408387
-2.81462148088
-2.781413451
-2.74861952891
-2.71517616323
-2.72129865565
-2.71826823227
-2.71519683492
-2.70035833962
-2.70115673112
-2.70196235573
-2.99349811692
-3.03622774113
-3.07842452221
-3.12145695903
-3.16394123635
-3.12691990167
-3.14772798122
-3.16853978681
-3.18910381063
-3.10144930896
-2.90107378396
-2.93480283413
-2.96811127933
-3.00207935763
-3.03561474082
-3.05417051883
-3.07179263936
-3.08941791544
-3.10683334802
-3.0856719374
-2.65266031337
-2.42540467085
-2.20098293119
-1.97211679298
-1.88889285945
-1.74947345521
-1.60816897917
-1.56489133248
-1.46345424501
-1.36109817686
-2.59158854815
-2.35429154637
-2.11995366432
-1.88097500662
-1.81929035598
-1.75947005133
-1.69884092405
-1.65814315843
-1.62809736785
-1.59777937407
-2.72523109514
-2.56084409619
-2.3985070212
-2.23295505865
-2.1654958413
-2.05788036789
-1.94880983954
-1.91253466619
-1.83423003345
-1.75521599109
-2.65143921128
-2.47708761815
-2.30491020857
-2.12932303562
-2.08772975171
-2.04736844719
-2.00646142267
-1.96964866851
-1.95084249332
-1.93186594148
-2.78950807328
-2.68080473007
-2.5734569295
-2.46398323681
-2.41048705379
-2.33104077627
-2.25052031587
-2.2204473332
-2.16263144606
-2.10429176939
-2.70444979863
-2.58584985316
-2.46872886206
-2.34928843272
-2.32549035935
-2.30236416923
-2.27892529287
-2.24555354887
-2.2367024616
-2.22777118691
-2.86829920777
-2.82785324901
-2.7879116558
-2.74717906811
-2.71079886265
-2.66588256718
-2.62035896428
-2.59788866694
-2.56518801635
-2.53219111055
-2.76943051861
-2.71917130252
-2.66953882439
-2.61892343563
-2.61693884614
-2.61493957044
-2.6129132628
-2.58375953125
-2.58711145497
-2.59049374582
-2.98026555679
-3.03681693383
-3.09266310897
-3.14961524942
-3.20584191722
-3.14171037533
-3.14591914885
-3.15012867603
-3.1542880853
-3.14025859535
-2.86177154174
-2.90862809899
-2.95490034981
-3.00208896607
-3.04867648024
-3.05912566691
-3.08752774638
-3.11593491173
-3.14400386626
-3.10594159269
-2.6027818868
-2.30360124429
-2.0081514173
-1.70685056722
-1.60125207071
-1.42008915684
-1.23647676256
-1.1712047559
-1.03747513504
-0.902533975662
-2.53238716824
-2.21636773901
-1.90428910683
-1.58603013838
-1.51098194407
-1.43286954071
-1.3537009896
-1.30310443865
-1.25942520738
-1.21535025922
-2.68333202362
-2.46615912111
-2.25169438859
-2.0329824439
-1.94880331877
-1.80489201098
-1.65903489695
-1.6108114495
-1.50948241062
-1.40723536994
-2.59623480359
-2.36364458891
-2.1339547998
-1.89971628485
-1.84639963949
-1.79426563653
-1.74142673643
-1.69300142611
-1.66604992413
-1.638854252
-2.75467643051
-2.61013895487
-2.46740387745
-2.32184210609
-2.25663442419
-2.14571739608
-2.03330067313
-2.00017737811
-1.92754599757
-1.85425660488
-2.65278556633
-2.49408979882
-2.337372985
-2.17755258602
-2.14348388401
-2.1143593214
-2.08484096934
-2.03833875787
-2.02620324468
-2.01395778846
-2.84213086477
-2.78663036399
-2.73182196056
-2.67592814362
-2.63397577923
-2.56350335201
-2.49207807618
-2.47746464544
-2.44001103963
-2.40221811867
-2.72210585613
-2.65399037871
-2.58672430879
-2.51812611648
-2.50765166761
-2.50673222544
-2.50580035161
-2.46165548711
-2.46768150858
-2.47376212347
-2.96640821872
-3.03743394538
-3.10757397341
-3.17910303906
-3.24972094701
-3.15719918412
-3.14402491211
-3.13084828101
-3.11782852862
-3.18090026985
-2.82061363639
-2.88121751856
-2.94106566365
-3.00209902818
-3.06235493226
-3.06431477328
-3.10400578958
-3.14370391323
-3.18292939786
-3.12716828376
-2.55295210886
-2.18191661799
-1.81550798052
-1.44184306735
-1.31389183075
-1.09102612155
-0.865147073812
-0.777902159257
-0.611911501332
-0.444417032409
-2.47324353006
-2.07857845484
-1.68883489653
-1.2913729429
-1.202974239
-1.10658757801
-1.0088976854
-0.948412003844
-0.891112629181
-0.833294144403
-2.64147381811
-2.37156649647
-2.10502494884
-1.83320487128
-1.73232214604
-1.55215040481
-1.36954258468
-1.3093825168
-1.18505152852
-1.0595941497
-2.54108423919
-2.25031220567
-1.9631661314
-1.67033347971
-1.60530490722
-1.54140968825
-1.47665055025
-1.41662401001
-1.38153512573
-1.34612834977
-2.71987876058
-2.53954210313
-2.36145426363
-2.17983961191
-2.10293185387
-1.96057476999
-1.81629289431
-1.78012226205
-1.69268983832
-1.60446531072
-2.60117172443
-2.40241924212
-2.20614522513
-2.00598424088
-1.96165492764
-1.92653784302
-1.89094594484
-1.83132607261
-1.81590933697
-1.80035293167
-2.81598804491
-2.74544768547
-2.67578697209
-2.60474671332
-2.55722762476
-2.46122399182
-2.36392230612
-2.35715807882
-2.31495615355
-2.27237189521
-2.6748273515
-2.58887302874
-2.50399056585
-2.41742710941
-2.3984710817
-2.39863041985
-2.39879191239
-2.33967053645
-2.34836804751
-2.35714435464
-2.95256439632
-3.03805035513
-3.12247029463
-3.20856206796
-3.29355717964
-3.17267288599
-3.14213252289
-3.11158669102
-3.08140453256
-3.22150230473
-2.77949587417
-2.85383367288
-2.92724447107
-3.00210908048
-3.07602004308
-3.0694988185
-3.12046776102
-3.1714458304
-3.22181696367
-3.1483742715
-2.50317397402
-2.06035810447
-1.62306419753
-1.17711021867
-1.02682940814
-0.762304123983
-0.494202227542
-0.385007177596
-0.186788917636
0.0132251229
-2.41416118776
-1.94093197414
-1.47360398088
-0.997021127284
-0.895285750117
-0.780643770767
-0.664451731987
-0.594087168826
-0.523181766552
-0.451633988827
-2.59965899404
-2.27707190671
-1.95850751586
-1.6336343462
-1.51606533229
-1.29967073758
-1.08035029943
-1.00826598212
-0.86095688343
-0.712313221427
-2.48599083231
-2.13709727901
-1.79255446671
-1.44118840467
-1.36446004317
-1.2888157974
-1.21214877553
-1.14053302877
-1.0973151957
-1.05370582582
-2.68511715462
-2.46901841727
-2.25561445496
-2.03798428772
-1.9493885794
-1.77562402391
-1.59951002025
-1.56029520898
-1.4580770817
-1.35493289783
-2.54961137462
-2.31084369189
-2.07505346845
-1.83459370751
-1.78001441702
-1.738911021
-1.69725187125
-1.6245279333
-1.60583337581
-1.58696945288
-2.78987231921
-2.70430768829
-2.61981005772
-2.53363905475
-2.48055901133
-2.35905063295
-2.23589935545
-2.23697619675
-2.19003087314
-2.1426602431
-2.62759784584
-2.52382316575
-2.42134256735
-2.31683246581
-2.28940364949
-2.29064064992
-2.29189437567
-2.21781200981
-2.22917824174
-2.24064744733
-2.93873492152
-3.03866612604
-3.13735117744
-3.2379905658
-3.33734798083
-3.18813055107
-3.14024209494
-3.09234506355
-3.04501828597
-3.26206226006
-2.73842072599
-2.82647820755
-2.91343760263
-3.00211912236
-3.08967099151
-3.07467749101
-3.13691267143
-3.19915899611
-3.26066422679
-3.16955828156
-3.14796384689
-3.66348768972
-4.17258289351
-4.69176010624
-4.86882777147
-5.19839817189
-5.53242465123
-5.74094309229
-5.99906861099
-6.25953264681
-3.22518098799
-3.79631649155
-4.36032987255
-4.93551284993
-5.0637306828
-5.26045038697
-5.45982991292
-5.5003340705
-5.62756706832
-5.75595274776
-3.1578703659
-3.53783239019
-3.91305624623
-4.29571095261
-4.42290821133
-4.69253129144
-4.96579991048
-5.10245385971
-5.27777459545
-5.45468366907
-3.23130990298
-3.66008392024
-4.08351107832
-4.51532369429
-4.61469937103
-4.74231719355
-4.8716605202
-4.94689945085
-5.03226722456
-5.1184083972
-3.16664471132
-3.42653769632
-3.68318978721
-3.94492455939
-4.02795088664
-4.24447776876
-4.46393228295
-4.53693482514
-4.63891418168
-4.74181743165
-3.23673837055
-3.53942078565
-3.83832871772
-4.14315615645
-4.21698592347
-4.28339922223
-4.35071048665
-4.45671450201
-4.50500164866
-4.55372625814
-3.17740036054
-3.29011194255
-3.40141799873
-3.51492833545
-3.54380964992
-3.69525086998
-3.84873970728
-3.84371794405
-3.8557949648
-3.86798139868
-3.24339262112
-3.3915111368
-3.53778259828
-3.68695078747
-3.72946621355
-3.72085461223
-3.71212657455
-3.85584262925
-3.85867610401
-3.86153524896
-3.19268470416
-3.09624376613
-3.0010054572
-2.90388106985
-2.80799388073
-2.91477054015
-2.97451867868
-3.03427751614
-3.09332487519
-2.62621440446
-3.2528486614
-3.18132374106
-3.11069074434
-3.03865894735
-2.96754471201
-2.9214491138
-2.80466522578
-2.68786042561
-2.57244628326
-2.87789539382
-2.82045744287
-2.80112708017
-2.79106911121
-2.77887388401
-2.77178383156
-2.75875873643
-2.76040524489
-2.76144424295
-2.7557251153
-2.74554049384
-2.80285567739
-2.78409071062
-2.78372172026
-2.7819395683
-2.76424014151
-2.75717823067
-2.74525550207
-2.74510437723
-2.74742300091
-2.76087200561
-2.85887540068
-2.85341007333
-2.84801289921
-2.84153540684
-2.83132064686
-2.83076670028
-2.83020526386
-2.82826669484
-2.81909362123
-2.80983744313
-2.82904607347
-2.83005082503
-2.83104304722
-2.82887432132
-2.82514371593
-2.81959467724
-2.81397061071
-2.81461322172
-2.81467218078
-2.81473167399
-2.90100293373
-2.89971786727
-2.89844882573
-2.89703561278
-2.88405325469
-2.89454518255
-2.90517897041
-2.88745229509
-2.8752200122
-2.87673018035
-2.86853273358
-2.87075835493
-2.87295622253
-2.87044510257
-2.87908688184
-2.87487781563
-2.87061183917
-2.87617819827
-2.8742357401
-2.88450069829
-2.95513644946
-2.95648225984
-2.96027350985
-2.96506812329
-2.94869322558
-2.97272525759
-2.95443569709
-2.96000238572
-2.94402010435
-2.95226363622
-2.92178328414
-2.92065790771
-2.92433366323
-2.92140283443
-2.94521076264
-2.94264424333
-2.93373720883
-2.95164494372
-2.94724913539
-2.95568085467
-3.02602658021
-3.03714744929
-3.04812963991
-3.05932931941
-3.07038633418
-3.08382325896
-3.1276815834
-3.17154776143
-3.21489167629
-3.02028435836
-2.9857189507
-2.99156779851
-2.99734371055
-3.00323400747
-3.0090492721
-3.03894390375
-3.03870838814
-3.03847283036
-3.0382400771
-3.04305145567
-2.77987716777
-2.70585721598
-2.63844545358
-2.58586473193
-2.54011150197
-2.48923794069
-2.45870741557
-2.43228211796
-2.39741457682
-2.38112989984
-2.74897458197
-2.67226439154
-2.60954488183
-2.55950776454
-2.51020238844
-2.4806275676
-2.45096614821
-2.44071853702
-2.42923716181
-2.42366186677
-2.82584373224
-2.77779806084
-2.73035152425
-2.69253281811
-2.65548894787
-2.62508701385
-2.5942740192
-2.57702434918
-2.54746919878
-2.51764629018
-2.78460570828
-2.73835236456
-2.69267580513
-2.6597310015
-2.62744135993
-2.60718062332
-2.58664594391
-2.57904747669
-2.56968188749
-2.56023144968
-2.87165598097
-2.84151709487
-2.81175404399
-2.78701026587
-2.75768039995
-2.74541047865
-2.73297465733
-2.70522461112
-2.68037472109
-2.68186318745
-2.82785496996
-2.79688742639
-2.76630605148
-2.74850015424
-2.73128159182
-2.71927047267
-2.70709695273
-2.70156739469
-2.69407578738
-2.69609237675
-2.93452992115
-2.91962429786
-2.91153777786
-2.90282133087
-2.88294734121
-2.89290375808
-2.86191040061
-2.86237331929
-2.84329116779
-2.85501265607
-2.88732938183
-2.86864008281
-2.85656248249
-2.85731395438
-2.858569618
-2.85667093316
-2.84661104354
-2.85175310061
-2.84655863241
-2.85294630674
-3.00761491268
-3.03061874422
-3.05333571546
-3.07650256858
-3.09937431569
-3.10249947096
-3.14460235758
-3.18671278344
-3.22832184982
-3.06381949966
-2.95620761753
-2.97060438405
-2.9848216213
-2.99932041358
-3.0136345161
-3.05192421913
-3.06456446279
-3.07720696991
-3.08969895751
-3.06129718189
-2.73858533913
-2.61483174905
-2.49262137987
-2.36799078353
-2.31876047819
-2.23172464952
-2.14351202063
-2.11778459691
-2.05506724228
-1.99178169274
-2.58734031569
-2.46226242109
-2.33646386625
-2.2312177875
-2.14798387181
-2.10123687422
-2.0672033095
-2.05204267943
-2.03108007728
-2.02930531038
-2.79428366791
-2.70555466258
-2.61793211771
-2.55016848993
-2.48749078144
-2.42857062693
-2.3688538206
-2.33697517919
-2.28794600023
-2.23847263592
-2.7421452196
-2.65073919066
-2.56047300496
-2.4981232382
-2.43854690291
-2.40422989381
-2.36944888885
-2.35397649424
-2.33560623275
-2.31706954381
-2.8436164734
-2.78590924312
-2.72892162836
-2.68188669232
-2.63693762146
-2.6029199212
-2.56844227201
-2.53111540922
-2.49421004299
-2.4956777744
-2.78898945401
-2.72630754449
-2.66440728529
-2.63198801313
-2.59006122111
-2.57059564072
-2.55086686872
-2.53473573118
-2.5219421966
-2.51607789279
-2.90408894465
-2.88440840638
-2.86497328658
-2.84515327797
-2.82013052212
-2.81663841096
-2.81309908342
-2.76909375569
-2.74704983733
-2.72480620962
-2.79751570465
-2.72521114923
-2.66204938932
-2.59572770583
-2.56379684184
-2.53145076526
-2.50041680257
-2.4748378155
-2.4750811895
-2.46155044785
-2.99002350906
-3.02438090152
-3.05830985353
-3.092910727
-3.12707084465
-3.12034363325
-3.1607692891
-3.20120218385
-3.24115369153
-3.10541509338
-2.92801105292
-2.95057491716
-2.97285740754
-2.99558117543
-3.01801548146
-3.06432624445
-3.08926861544
-3.11421545278
-3.13886527738
-3.0787300371
-2.70419389573
-2.52673530349
-2.35148963942
-2.17277344894
-2.10453209711
-1.98249763203
-1.85881315467
-1.81340699051
-1.72373597489
-1.63325257464
-2.64423413991
-2.46201381221
-2.28206579204
-2.09855412104
-2.03257256752
-1.96067003343
-1.88779531443
-1.86842661351
-1.8309991302
-1.79323256841
-2.76373914467
-2.63563591546
-2.50913014762
-2.3801190875
-2.32489846718
-2.23837775269
-2.15068720278
-2.10465032164
-2.03677375024
-1.96828224343
-2.70105102632
-2.5659452372
-2.43252423214
-2.29646098697
-2.2557306998
-2.20780972153
-2.15924080989
-2.13614785547
-2.10906267441
-2.08173211211
-2.8164792223
-2.73209074321
-2.64875459774
-2.58014578961
-2.52008010924
-2.465014431
-2.40920421681
-2.36260870064
-2.31403577984
-2.26502280721
-2.75137455429
-2.65799878505
-2.56578742194
-2.51922500467
-2.45338504553
-2.42670487385
-2.39966396302
-2.37327238405
-2.35534752785
-2.3372602794
-2.88112834972
-2.85032569335
-2.81990714949
-2.78888620351
-2.75933502532
-2.74282713343
-2.72609604047
-2.67881574587
-2.65390536451
-2.62876930475
-2.63376241278
-2.49655578098
-2.37505067843
-2.27252920673
-2.21149655703
-2.17801403146
-2.15471319638
-2.13939343884
-2.13359398682
-2.12459947411
-2.97299816237
-3.01834378039
-3.06312393357
-3.108790903
-3.15387615351
-3.13761360532
-3.1764160004
-3.21522534372
-3.25357262968
-3.14567222231
-2.90072179857
-2.93118995932
-2.96127817875
-2.99196225864
-3.02225547593
-3.07632919687
-3.11317783681
-3.15003307512
-3.18644952131
-3.09560193715
-2.66817865354
-2.43447936685
-2.20369433597
-1.96833888934
-1.88018888069
-1.72150331168
-1.56067217553
-1.4946581353
-1.37676083626
-1.2577954334
-2.59708596916
-2.3537251955
-2.11339915746
-1.86831375567
-1.78657147316
-1.69286824043
-1.59789805836
-1.5736702283
-1.52287931854
-1.47162826282
-2.73175245573
-2.56241594089
-2.39519107102
-2.22465451678
-2.15462932468
-2.03920488433
-1.922219805
-1.86135620005
-1.77374235286
-1.68533475818
-2.6580165626
-2.47714772048
-2.29853433273
-2.11638372491
-2.06428279354
-2.00211553202
-1.93910771497
-1.90803439449
-1.87182281722
-1.8352831771
-2.78806068053
-2.67573119219
-2.56480246493
-2.45167692966
-2.39770514651
-2.32059770583
-2.24244770538
-2.18614591454
-2.12535455327
-2.06401244584
-2.71198365964
-2.58646481404
-2.46251120226
-2.33610284053
-2.31025567731
-2.27602027601
-2.24132198226
-2.2041855131
-2.18088705891
-2.15737752975
-2.85708366577
-2.8146337583
-2.77271320584
-2.72996246802
-2.69566905713
-2.66553084186
-2.63498513166
-2.58427524198
-2.556363057
-2.52819799845
-2.28773469284
-2.14029674523
-2.06503064841
-2.04278959523
-2.04611277334
-2.0550307085
-2.06618352366
-2.06939773359
-2.07141207993
-2.07395109749
-2.95516896058
-3.01202161539
-3.06816531134
-3.12542086465
-3.18194708033
-3.15569898253
-3.19280147427
-3.22991060985
-3.26657793045
-3.18783009954
-2.87214407668
-2.91088973686
-2.9491522344
-2.98817247398
-3.02669566258
-3.08889887106
-3.13821593678
-3.18754183356
-3.23628046472
-3.1132704473
-2.63219853861
-2.3423134115
-2.05604318382
-1.7641037238
-1.65606447614
-1.46076355063
-1.26282198647
-1.17622016996
-1.03012411783
-0.882704492125
-2.54998378411
-2.24554219747
-1.94489703091
-1.63829795391
-1.54081031455
-1.42532764636
-1.30828355191
-1.27920133204
-1.21506002975
-1.15033763214
-2.69979696483
-2.489267381
-2.28136312425
-2.06934157753
-1.98452625322
-1.84022627808
-1.69397524158
-1.61829937398
-1.51096750163
-1.40266324413
-2.61502407229
-2.38843681191
-2.16467511961
-1.93648210018
-1.8730216149
-1.79662196516
-1.7191893256
-1.68014342266
-1.63481435056
-1.58907461464
-2.75966985663
-2.61942661113
-2.48093221435
-2.33969510512
-2.27544954149
-2.17632183668
-2.07585383896
-2.0098552404
-1.93685735585
-1.86319813876
-2.67263118468
-2.51500061328
-2.35933571245
-2.20058805831
-2.1672659095
-2.12548264752
-2.08313443944
-2.03526356006
-2.00659674898
-1.97767022771
-2.83306243366
-2.77897663516
-2.72556529253
-2.67109620346
-2.63206518517
-2.58830994077
-2.54396308736
-2.48982694763
-2.45891588683
-2.4277247838
-1.80919543446
-1.83594587801
-1.8973606682
-1.92164449886
-1.9381180026
-1.95551994055
-1.96680625991
-1.96530032091
-1.97274050277
-1.97543259434
-2.9373571484
-3.00570561668
-3.07320177204
-3.14203460636
-3.20999062833
-3.17376672027
-3.20917096666
-3.24458155279
-3.27957054658
-3.22994685832
-2.84359422791
-2.89060931411
-2.93703811701
-2.98438638566
-3.03113151852
-3.1014562855
-3.16322961599
-3.22501400806
-3.28606280581
-3.13092172456
-2.59625571313
-2.25024297606
-1.90854505589
-1.56008022561
-1.43217235194
-1.20029401774
-0.965280486455
-0.858112230618
-0.683846650327
-0.508002291452
-2.5029304153
-2.13747131924
-1.77656953833
-1.40852053828
-1.2953038604
-1.15806432877
-1.01896919911
-0.98503762047
-0.907559761885
-0.829379983944
-2.66787459229
-2.41619463157
-2.16765314766
-1.91418960311
-1.81459947492
-1.64145389132
-1.4659672286
-1.37549444964
-1.2484649877
-1.12028468809
-2.57207613898
-2.29981784246
-2.03095463687
-1.75676692374
-1.68195865748
-1.59134136983
-1.4994988575
-1.45248863481
-1.39805151716
-1.34312122033
-2.73130845669
-2.5631803836
-2.39714888608
-2.22782933746
-2.15332064099
-2.03219549364
-1.90943262879
-1.83374727221
-1.74855551509
-1.66259195368
-2.63331949424
-2.44361047732
-2.25626715271
-2.06521372229
-2.0244243349
-1.97510103476
-1.92511084065
-1.86651667609
-1.83248707183
-1.79814917256
-2.80906609693
-2.74335646673
-2.67846624285
-2.61229094732
-2.56852723165
-2.51116907068
-2.45303537741
-2.39547653857
-2.36156970995
-2.3273556986
-1.45263252472
-1.5732319297
-1.66794402171
-1.71123639959
-1.73894493881
-1.75318116442
-1.76256171118
-1.77203957716
-1.79423127454
-1.79941466879
-2.91956379621
-2.99939616381
-3.078233013
-3.15863112974
-3.23800511227
-3.19181573279
-3.22552349387
-3.25923729091
-3.29254969728
-3.2720199677
-2.81507396793
-2.87034990979
-2.92493655457
-2.98060422121
-3.03556277719
-3.11400068555
-3.18821737127
-3.26244734676
-3.33579355296
-3.14855470822
-3.02867906779
-3.40074224341
-3.76816575028
-4.14286563112
-4.30453165744
-4.58873976875
-4.87679062131
-5.06609666988
-5.28588504184
-5.50766461123
-3.1293102374
-3.53888205401
-3.943346465
-4.35582079983
-4.50927919099
-4.73714867305
-4.96809914901
-4.96783510788
-5.08435937149
-5.20193929974
-3.07424075173
-3.34813835153
-3.61862041811
-3.89445905179
-4.01029466183
-4.20992896416
-4.41226249617
-4.57462220654
-4.71986788391
-4.86642943081
-3.13096700126
-3.44526628331
-3.75564621873
-4.07217284982
-4.16806543797
-4.31860242138
-4.47117479594
-4.51537867458
-4.60455591109
-4.69454105879
-3.11459538608
-3.30154633301
-3.48616598105
-3.67444179581
-3.74968475144
-3.87441082296
-4.00082329961
-4.13931625329
-4.21853840118
-4.29847827101
-3.13243442067
-3.36234945783
-3.58939742917
-3.82094180838
-3.86584754245
-3.94789002705
-4.03104179751
-4.11463154794
-4.17958713189
-4.24513118824
-3.16406235722
-3.24443353611
-3.32380247755
-3.40474322397
-3.43022744193
-3.46313052083
-3.49647847803
-3.60571540738
-3.60400548686
-3.60228007512
-3.13423319285
-3.2607094782
-3.38560859036
-3.51298117694
-3.49538689632
-3.49346838238
-3.49152392846
-3.62339313464
-3.6586576606
-3.6942416695
-3.23435752674
-3.16327324578
-3.09307539363
-3.02148735872
-2.95081123269
-2.87867956519
-2.7797779421
-2.68085860899
-2.5831169924
-2.61294579676
-3.1367893428
-3.11627371769
-3.09601392468
-3.07535291121
-3.05495508364
-2.84771130838
-2.72484064086
-2.60194797126
-2.4805184406
-2.91139866918
-2.82161312966
-2.81457623276
-2.80762708675
-2.80054032137
-2.79916056857
-2.78837434943
-2.77744229121
-2.78707674292
-2.78102966265
-2.77492779819
-2.81836363414
-2.80562111096
-2.81016832021
-2.80764494766
-2.79819129072
-2.7879556689
-2.78441596675
-2.78838431588
-2.76793592264
-2.78958243975
-2.86790159387
-2.86435971787
-2.86086200946
-2.85955039931
-2.85264875752
-2.8512036266
-2.84973895626
-2.84659989465
-2.83807815079
-2.82947920323
-2.84246149107
-2.84560664675
-2.84871258199
-2.84782026214
-2.84478275241
-2.83903108772
-2.83320165552
-2.83676104229
-2.83145893648
-2.82610879565
-2.90889994789
-2.90845366183
-2.908012941
-2.90932989794
-2.90002401059
-2.90685241495
-2.9137731453
-2.89932040047
-2.88860681171
-2.89006054673
-2.87895357361
-2.88274995557
-2.88649899623
-2.88498722855
-2.89135151877
-2.8882189459
-2.88504401791
-2.89049525027
-2.88569273319
-2.8952721273
-2.95915599474
-2.9625043028
-2.96581085708
-2.96918289364
-2.95809690145
-2.97506705874
-2.99226666734
-2.96394553664
-2.95054517025
-2.93702340174
-2.93003276517
-2.92904096747
-2.93368419627
-2.93181792365
-2.95263548495
-2.957289342
-2.93138471057
-2.93917633757
-2.95015495014
-2.96505016261
-3.03057248238
-3.03931310839
-3.04794473784
-3.05674730616
-3.06543774485
-3.0720036578
-3.10381009341
-3.13562222451
-3.16705560585
-3.02118842667
-2.98725265726
-2.99298171078
-2.99863932237
-3.00440897605
-3.01010513424
-3.03419581532
-3.0388987708
-3.04360256842
-3.04825036344
-3.04329470266
-2.8290630607
-2.78257623718
-2.73799527568
-2.70212608607
-2.66379759922
-2.62100551915
-2.58886841764
-2.56151649763
-2.52984875075
-2.5008941599
-2.77544608122
-2.72928655979
-2.6949036314
-2.66205079434
-2.61691693203
-2.57930715717
-2.55450119496
-2.55460826413
-2.53258651982
-2.5265263814
-2.84510613762
-2.81091395027
-2.77714814325
-2.75261217115
-2.72475705321
-2.70109753763
-2.67711812479
-2.65569547583
-2.63018617343
-2.60444576663
-2.81058865218
-2.77935884797
-2.74851848285
-2.72560048452
-2.69859221408
-2.67557445663
-2.65224547905
-2.65131463844
-2.6355748642
-2.61969249371
-2.886175607
-2.86502648648
-2.84414109783
-2.82875868988
-2.80615717287
-2.79996075373
-2.7936805536
-2.76233103061
-2.74168173128
-2.73618922973
-2.85095010776
-2.8297658803
-2.80884582248
-2.79671904865
-2.78369341982
-2.7711510756
-2.75843914795
-2.75525797534
-2.74274888548
-2.74400271465
-2.93651882752
-2.93135798249
-2.92626149376
-2.92106407529
-2.90593796471
-2.92114792185
-2.93656353086
-2.89304558162
-2.87835370542
-2.86352872652
-2.92126341051
-2.9045465126
-2.89773669362
-2.88620470978
-2.90164659274
-2.89745966617
-2.87852372101
-2.86770120058
-2.87737180939
-2.89168945749
-3.00805919353
-3.02561852944
-3.0429588985
-3.0606426724
-3.07810118533
-3.09336126603
-3.13960776171
-3.18586253861
-3.23156661411
-3.06628930382
-2.97073249207
-2.97936094399
-2.98788179816
-2.99657139744
-3.00515030613
-3.05479781575
-3.07359455242
-3.09239465497
-3.11097092673
-3.05786600503
-2.75649049475
-2.66680029878
-2.58341938164
-2.50594129998
-2.42365042648
-2.3604514052
-2.30606575871
-2.25794306103
-2.22160907393
-2.19973601378
-2.72337624545
-2.64156825233
-2.56950005783
-2.49537578413
-2.44527766508
-2.38000032071
-2.33579501687
-2.31417266148
-2.30513517841
-2.28619886549
-2.82332624881
-2.75984926164
-2.69716383947
-2.65043818116
-2.60256309188
-2.55767887158
-2.51218777752
-2.473296099
-2.43155605604
-2.38943786447
-2.78013579002
-2.71606247542
-2.6527881621
-2.60882575812
-2.55891465577
-2.51940003262
-2.47935113733
-2.47413011485
-2.44841768398
-2.42247230846
-2.86446366527
-2.8235340487
-2.78311482896
-2.7517770347
-2.71647222575
-2.69783125606
-2.67893824422
-2.63144471665
-2.60130235568
-2.58917308151
-2.82419423301
-2.779142315
-2.73465219936
-2.71238333182
-2.68083163024
-2.6592987323
-2.63747469083
-2.62604569821
-2.60617337346
-2.59947255252
-2.9162175101
-2.87876991824
-2.83922296482
-2.80136277868
-2.75525594914
-2.73795328515
-2.67889993585
-2.64787128286
-2.61220111087
-2.59584660242
-2.87391947929
-2.83300873329
-2.79327455142
-2.75625616927
-2.71819981659
-2.70275111761
-2.66175408552
-2.63318353087
-2.62023633425
-2.60602252893
-2.98654890119
-3.01253406192
-3.03819518484
-3.06436449497
-3.09020045294
-3.11376736483
-3.17381059698
-3.23386458089
-3.29320357242
-3.1093808778
-2.95494832188
-2.9663470002
-2.97760353574
-2.98908299323
-3.0004162221
-3.07448197008
-3.10674459151
-3.13901299013
-3.17089720675
-3.0717881368
-2.75572747809
-2.62806593613
-2.50199634766
-2.3734301049
-2.32017133476
-2.21552180885
-2.10945733018
-2.06192264854
-1.98401770476
-1.90540697241
-2.69687973168
-2.56973607805
-2.44417791977
-2.31613323546
-2.24585477907
-2.16187001552
-2.07674970481
-2.0787100686
-2.03390089255
-1.98868576274
-2.8022471942
-2.71042773473
-2.61975327403
-2.52728311635
-2.48430109306
-2.41887513749
-2.35256456601
-2.29676597709
-2.23931746704
-2.18134849577
-2.75066284136
-2.65480285625
-2.5601382557
-2.46359893832
-2.42373164789
-2.36825099588
-2.31202019712
-2.30264704242
-2.26728285549
-2.23159828274
-2.84345037132
-2.78337675635
-2.72405226597
-2.6772724985
-2.62967316469
-2.59898808572
-2.56788811775
-2.50477006809
-2.46544011363
-2.42575384502
-2.79829930994
-2.73014771695
-2.66284598181
-2.63076137329
-2.5812797317
-2.55104557848
-2.52040263316
-2.50099121924
-2.4739925941
-2.44674937189
-2.82502614743
-2.75844561509
-2.67980617384
-2.59283139358
-2.50972667196
-2.44539296529
-2.3882717502
-2.36059155919
-2.31856016466
-2.29324145613
-2.77339016983
-2.68567350983
-2.5870106854
-2.4912531725
-2.40505801238
-2.36427174576
-2.33839071371
-2.32221545213
-2.30356924889
-2.28943659886
-2.96573076795
-2.99987062696
-3.03358475816
-3.06796655657
-3.1019103898
-3.13351683531
-3.20691285195
-3.28032201141
-3.35285717406
-3.15108584928
-2.9396720554
-2.95375181965
-2.96765600769
-2.9818355512
-2.99583447163
-3.09353272684
-3.13882792723
-3.18413123851
-3.22889517637
-3.08526228161
-2.73357542029
-2.56535748941
-2.39923725464
-2.22982721145
-2.15912569068
-2.02291746651
-1.8848675885
-1.8181115147
-1.71604653748
-1.61305689114
-2.66178477008
-2.49108265199
-2.3225092081
-2.15059737296
-2.06216100225
-1.95286694015
-1.84209512712
-1.84423601796
-1.78633342969
-1.72790626642
-2.78017288785
-2.65867276068
-2.53868775346
-2.41632658966
-2.3604553306
-2.27351775768
-2.18540471304
-2.11190095061
-2.03800229509
-1.96343414641
-2.71979832161
-2.59065085206
-2.46311386567
-2.33305116498
-2.28216594759
-2.20996542752
-2.13678869351
-2.12306736286
-2.0775957103
-2.03171210221
-2.82144493055
-2.74132342951
-2.6622010524
-2.58151175322
-2.53877586882
-2.49547801558
-2.45159473764
-2.37211445098
-2.32316310897
-2.27376828679
-2.77118175296
-2.67883982927
-2.58764941952
-2.49465309505
-2.47702747061
-2.43768123062
-2.39780299518
-2.37003226834
-2.33557087313
-2.30079727105
-2.68563736072
-2.56751922044
-2.44432842383
-2.35697117839
-2.30762560657
-2.29720929935
-2.29297442326
-2.29216644206
-2.27488852583
-2.27037441979
-2.63592016543
-2.49296484676
-2.365970388
-2.28598816462
-2.25971260241
-2.25784321011
-2.25010747637
-2.24588501952
-2.24432684231
-2.24819579495
-2.94392970244
-2.98660928541
-3.02875664928
-3.07173869023
-3.11417321364
-3.15419878094
-3.24157803644
-3.32897293868
-3.41532733229
-3.19475992922
-2.92367451698
-2.94056195517
-2.95723880514
-2.97424591977
-2.99103639291
-3.11348296885
-3.17242608399
-3.2313797539
-3.28963153158
-3.09937261083
-2.71144496837
-2.50271020501
-2.29657838712
-2.08636438026
-1.99823712153
-1.83050097971
-1.66049689914
-1.57453818065
-1.44833673433
-1.32099195184
-2.62672403815
-2.4125059401
-2.2009591653
-1.98522296491
-1.87864639009
-1.74406771472
-1.60766941841
-1.60999066023
-1.53900743032
-1.46738111988
-2.75812011156
-2.60696826553
-2.45770129967
-2.30547828378
-2.2367303604
-2.12830215136
-2.01840789847
-1.92721623116
-1.83688347474
-1.74573233856
-2.68896390539
-2.52656141816
-2.36618410782
-2.20263072065
-2.14073832259
-2.05183424207
-1.96172810094
-1.9436628353
-1.88809357538
-1.83202087951
-2.79946095267
-2.69931111914
-2.60041016506
-2.49955059834
-2.4479672291
-2.39206890338
-2.3354147836
-2.23958821876
-2.18102487338
-2.1219309668
-2.74409064494
-2.62758198444
-2.51252619976
-2.39519187574
-2.37287689137
-2.32442745202
-2.27532293404
-2.23920104751
-2.197284161
-2.15498752375
-2.43207746662
-2.30599406523
-2.21478198441
-2.18758261092
-2.18781478717
-2.19182232398
-2.1873186348
-2.17273658647
-2.18060993105
-2.18699775351
-2.32237165567
-2.21521178425
-2.16259344278
-2.1561363814
-2.16119903981
-2.17076506981
-2.17260207049
-2.18697547309
-2.19489840345
-2.20126412264
-2.92214990048
-2.97336087823
-3.02393324946
-3.07550714475
-3.12642407701
-3.17486055455
-3.27620941043
-3.37757641455
-3.4777365606
-3.2383914119
-2.90769258166
-2.92738495534
-2.94683176295
-2.96666369085
-2.98624299397
-3.1334137525
-3.20599147097
-3.27858218572
-3.35030864794
-3.11346917762
-2.68933745223
-2.44012784765
-2.19402591425
-1.94305023254
-1.83751529574
-1.63828391149
-1.43635874537
-1.33121728364
-1.18090438302
-1.0292297058
-2.59169964283
-2.33401066435
-2.07953509578
-1.82001994928
-1.69532197069
-1.53548488677
-1.37348666623
-1.37598807211
-1.29193775722
-1.20712597906
-2.73609019054
-2.55531735643
-2.37679877945
-2.19474486001
-2.11313361755
-1.98323704507
-1.85158415778
-1.74272291717
-1.63597309197
-1.52825615475
-2.65816144565
-2.46253840592
-2.26935480702
-2.07234544281
-1.9994572718
-1.89386694225
-1.78684893947
-1.76444424085
-1.69878783862
-1.63253661484
-2.77749975876
-2.65734234992
-2.53868331719
-2.4176743872
-2.35725270257
-2.28876696338
-2.21935523734
-2.10719933543
-2.03903394847
-1.97025100953
-2.71702761387
-2.57637726274
-2.43748083698
-2.29583373708
-2.26883425277
-2.21129104853
-2.15296981004
-2.10850541887
-2.05914076786
-2.00932889225
-2.05221588225
-2.04761033434
-2.08503369442
-2.10868947173
-2.1203359204
-2.13454946022
-2.147262459
-2.14361675286
-2.14333545675
-2.15384220552
-1.98826420967
-1.96729647865
-2.02951085531
-2.05493962611
-2.08815274482
-2.09891456342
-2.10252743126
-2.11787270522
-2.11949441759
-2.13277022773
-2.90039267089
-2.96012620158
-3.01911484857
-3.07927169369
-3.13866224371
-3.1955009145
-3.31080489281
-3.42612951826
-3.5400811086
-3.28197767533
-2.89172720986
-2.91422161203
-2.93643550652
-2.95908932007
-2.98145456286
-3.15332388008
-3.23952207112
-3.32573569741
-3.41092287913
-3.12755113487
-2.90939428869
-3.13799679709
-3.36374860705
-3.59397115599
-3.7402355434
-3.97908136561
-4.22115659139
-4.39125024747
-4.57270147269
-4.75579657565
-3.03343948682
-3.28144761648
-3.52636305746
-3.77612874974
-3.95482769918
-4.21384695912
-4.4763683851
-4.43533614525
-4.54115167466
-4.64792585172
-2.99061113756
-3.15844431286
-3.32418459
-3.49320715096
-3.59768111233
-3.72732663688
-3.85872508186
-4.04679055337
-4.16196117238
-4.27817519254
-3.03062409953
-3.23044864638
-3.42778135914
-3.62902200535
-3.72143150492
-3.89488764921
-4.07068907168
-4.08385789831
-4.17684459762
-4.27067372038
-3.06254606085
-3.17655496969
-3.28914217489
-3.40395903223
-3.47141861624
-3.50434387715
-3.53771431628
-3.74169768145
-3.79816262068
-3.85513911036
-3.02813047079
-3.18527813001
-3.34046614062
-3.49872746032
-3.51470916143
-3.61238083186
-3.71137310836
-3.77254859386
-3.85417261511
-3.93653611834
-3.15072435391
-3.19875512967
-3.24618695637
-3.29455811249
-3.31664523394
-3.23101017168
-3.14421724879
-3.36771287071
-3.35221600892
-3.33657875156
-3.02507376458
-3.12990781961
-3.23343458244
-3.33901156641
-3.26130757909
-3.26608215253
-3.27092128237
-3.39094364003
-3.45863921719
-3.52694809003
-3.27603034932
-3.23030272543
-3.18514533006
-3.13909364759
-3.09362858464
-2.84258859022
-2.58503720551
-2.32743970183
-2.07290910962
-2.59967718906
-3.02073002419
-3.05122369432
-3.08133710503
-3.11204687506
-3.14236545526
-2.77397350295
-2.64501605595
-2.51603551691
-2.38859059794
-2.94490194454
-2.83815978659
-2.82802538536
-2.82418506228
-2.8278215951
-2.82653730558
-2.81798996244
-2.81692937696
-2.81270924289
-2.80633421001
-2.80334525422
-2.82865211409
-2.82325059522
-2.82837928253
-2.82977554798
-2.82017008442
-2.80981458761
-2.80495809211
-2.807082399
-2.79303146012
-2.79736528748
-2.87692778706
-2.87530936241
-2.8737111197
-2.87756539177
-2.87397686818
-2.87164055293
-2.86927264865
-2.86493309447
-2.85706268035
-2.84912096333
-2.85587690868
-2.86116246848
-2.86638211676
-2.86676620296
-2.86442178889
-2.85846749821
-2.85243270033
-2.85890886285
-2.84824569218
-2.83748591731
-2.91679696204
-2.91718945638
-2.91757705627
-2.9216241831
-2.91599476648
-2.91915964736
-2.92236732018
-2.91118850586
-2.90199361122
-2.90339091311
-2.88937441363
-2.89474155621
-2.90004176993
-2.89952935452
-2.90361615571
-2.90156007617
-2.89947619665
-2.90481230226
-2.89714972628
-2.90604355632
-2.96280229109
-2.96852634576
-2.97134820432
-2.97563173376
-2.96750057731
-2.97740885989
-2.95404348948
-2.96788868757
-2.95707023616
-2.96099295915
-2.9386639306
-2.9359030186
-2.94130198995
-2.93969063708
-2.95166086342
-2.95438323625
-2.95137285547
-2.96108103444
-2.9570966068
-2.96861589293
-3.03511838456
-3.0414787675
-3.04775983577
-3.05416529292
-3.06048915553
-3.06018405664
-3.07993860342
-3.09969668759
-3.11921953541
-3.02209249498
-2.98878636382
-2.99439562305
-2.99993493419
-3.00558394464
-3.01116099637
-3.02944772689
-3.03908915346
-3.04873230648
-3.05826064979
-3.04353794965
-2.82942916554
-2.79378108666
-2.76457641937
-2.74741585839
-2.72559588262
-2.68971761434
-2.67672908416
-2.63831887131
-2.61119360715
-2.57201501678
-2.8013853456
-2.77263097333
-2.7512690589
-2.73110289839
-2.69481802674
-2.6547031738
-2.63592129654
-2.62719997909
-2.59990671208
-2.58896304496
-2.864368543
-2.8440298397
-2.82394476226
-2.81269152418
-2.79402515854
-2.7771080614
-2.75996223037
-2.73436660249
-2.71290314807
-2.69124524308
-2.83657159608
-2.82036533138
-2.80436116057
-2.79146996754
-2.76974306823
-2.74396828994
-2.7178450142
-2.72358180018
-2.7014678409
-2.67915353773
-2.90069523302
-2.8885358781
-2.87652815167
-2.87050711388
-2.85463394579
-2.85451102881
-2.85438644988
-2.8194374501
-2.80298874147
-2.79051527201
-2.87404524556
-2.86264433421
-2.85138559348
-2.84493794306
-2.83610524783
-2.82303167853
-2.80978134317
-2.808948556
-2.79142198357
-2.79191305255
-2.95025775653
-2.94309166711
-2.94098520966
-2.94137783673
-2.92892858822
-2.94939208562
-2.92868795904
-2.92371784395
-2.91341624304
-2.91631844927
-2.9247049399
-2.91447020866
-2.90902844672
-2.91047933242
-2.91745243573
-2.91994809034
-2.90864076188
-2.91359167604
-2.901688352
-2.90876305691
-3.00850347438
-3.02061831466
-3.03258208154
-3.04478277623
-3.05682805497
-3.0842230611
-3.13461316583
-3.18501229377
-3.23481137839
-3.06875910798
-2.98525736661
-2.98811750393
-2.99094197501
-2.99382238131
-2.99666609616
-3.05767141238
-3.08262464205
-3.10758234002
-3.13224289595
-3.05443482818
-2.81759340509
-2.75429679523
-2.70152789453
-2.63044855338
-2.55658802993
-2.47320688929
-2.41496258831
-2.35691446705
-2.3147207432
-2.28487031955
-2.75425086406
-2.685584739
-2.62410074147
-2.56113272841
-2.49921686899
-2.43084170505
-2.37055221289
-2.35791928339
-2.33790408843
-2.33039650696
-2.85236882972
-2.8141438607
-2.77639556124
-2.75070787239
-2.71763540232
-2.68678711624
-2.65552173445
-2.6096170188
-2.57516611184
-2.54040309302
-2.81812636045
-2.78138576019
-2.74510331925
-2.71952827805
-2.67928240862
-2.63457017142
-2.58925338582
-2.59428373546
-2.56122913521
-2.52787507311
-2.88531085713
-2.86115885428
-2.83730802955
-2.82166737707
-2.79600683005
-2.79274259091
-2.78943421642
-2.73177402409
-2.70839466838
-2.68266838861
-2.85939901202
-2.83197708551
-2.80489711344
-2.79277865051
-2.77160203936
-2.74800182388
-2.72408251293
-2.71735566524
-2.69040455032
-2.68286721225
-2.92558818509
-2.89992088665
-2.86864172819
-2.8471668953
-2.82001669875
-2.80768302785
-2.75526881533
-2.72635638573
-2.6858513765
-2.6726988028
-2.90811615456
-2.87511538524
-2.84226799764
-2.81551665001
-2.78624831275
-2.77641041344
-2.73551665259
-2.70839122772
-2.68503706
-2.66287940938
-2.98307429332
-3.00068722232
-3.01808051616
-3.03581826294
-3.05333006123
-3.10719109641
-3.18685190485
-3.26652697793
-3.34525345332
-3.11334666222
-2.98188559085
-2.98211908324
-2.98234966395
-2.98258481103
-2.98281696274
-3.0846376957
-3.12422056759
-3.16381052747
-3.20292913611
-3.06484623649
-2.80726106044
-2.72939656878
-2.65250305589
-2.57408676086
-2.53581057241
-2.44854598567
-2.36010150568
-2.31043830656
-2.24429943464
-2.17756137018
-2.74952532344
-2.67745834389
-2.60629004749
-2.53371234988
-2.45913699062
-2.36306999762
-2.26570409519
-2.28899352368
-2.2368026549
-2.18413895708
-2.84075524372
-2.785219554
-2.73037640045
-2.6744471452
-2.64370371894
-2.59937252229
-2.55444192925
-2.48888163253
-2.44186118384
-2.39441474811
-2.8002746564
-2.7436604753
-2.68775227927
-2.63073688967
-2.59173259598
-2.52869227022
-2.46479958435
-2.46914622938
-2.42550303658
-2.38146445337
-2.87042152034
-2.83466276949
-2.7993499342
-2.77439920739
-2.73926622014
-2.73296174045
-2.7265720187
-2.64693143554
-2.61684444741
-2.58648488284
-2.84522406559
-2.80229664884
-2.75990454169
-2.7422977419
-2.70917441788
-2.6753862831
-2.64114130331
-2.62871005442
-2.59263766035
-2.55623846438
-2.90678663362
-2.89527058203
-2.88389813687
-2.87230047432
-2.85640735065
-2.89671626593
-2.93757019286
-2.84066990373
-2.83134006083
-2.82192569316
-2.85336325378
-2.7943963718
-2.73878523178
-2.65642142072
-2.57353907229
-2.50643339726
-2.46346634942
-2.42277480074
-2.41589134008
-2.40561034444
-2.95846337353
-2.98139747352
-3.00404558276
-3.02714221015
-3.04994462609
-3.1294200653
-3.2374097035
-3.34541867909
-3.45214171844
-3.15649947624
-2.97862231223
-2.97631367998
-2.97403383663
-2.97170884377
-2.96941346733
-3.1107362568
-3.16447801766
-3.2182294019
-3.27134083142
-3.07492262607
-2.79897218703
-2.69623561197
-2.59478017331
-2.49131553356
-2.43806250066
-2.32433162135
-2.20906300147
-2.1415648941
-2.0553322387
-1.96831834888
-2.726483571
-2.62844010848
-2.53161925873
-2.43288099025
-2.33775053133
-2.21286563987
-2.08629219587
-2.11480180761
-2.04978754084
-1.98418427002
-2.82859331997
-2.75492958046
-2.68218443589
-2.60799866254
-2.56628133652
-2.50783063103
-2.44858962109
-2.36244570116
-2.30226223733
-2.24153353465
-2.78158008062
-2.70415398364
-2.6276933986
-2.54971860504
-2.50004910164
-2.41781532301
-2.33446967205
-2.33810033123
-2.28336860339
-2.22814102731
-2.85482918058
-2.80691566683
-2.75959963988
-2.71134657678
-2.67984659113
-2.67035832532
-2.66074176989
-2.55808298741
-2.52097166468
-2.48352412775
-2.83037984628
-2.77121484449
-2.71278763678
-2.65320334956
-2.64379926392
-2.59934218522
-2.55428400809
-2.53587902358
-2.49025468736
-2.44421701234
-2.88698926777
-2.8706405469
-2.85449569639
-2.83803111682
-2.81905561292
-2.86958582155
-2.92079924262
-2.79789643507
-2.78906709175
-2.78015775801
-2.74677956962
-2.64901643909
-2.54741287506
-2.45231966432
-2.41708700889
-2.40093771217
-2.38965119548
-2.37792284172
-2.38456274272
-2.38556295776
-2.93269044431
-2.96119695542
-2.98934798721
-3.01805651581
-3.04639934696
-3.15269857935
-3.2903545986
-3.42803526751
-3.56407673412
-3.2016897589
-2.97520495727
-2.97023417347
-2.96532537589
-2.96031936557
-2.95537712324
-3.13806706663
-3.20663623119
-3.27521767423
-3.34298259844
-3.08547477437
-2.79069139812
-2.66310699852
-2.53711359042
-2.40862503671
-2.34040976693
-2.2002384088
-2.0581718118
-1.97285619135
-1.86654935083
-1.75927941156
-2.7034642922
-2.57946968273
-2.45702129968
-2.33214797591
-2.21648246564
-2.06280778307
-1.90705528492
-1.94077998842
-1.86295483089
-1.78442460762
-2.81644325828
-2.72466915007
-2.63403947508
-2.54161499003
-2.48893446757
-2.41637802463
-2.34284055537
-2.23613308834
-2.16279944784
-2.088801433
-2.76290373848
-2.6646860244
-2.56769309603
-2.46877934112
-2.40845503027
-2.30704651899
-2.20426687629
-2.20718224795
-2.1413728002
-2.07496714437
-2.83925204871
-2.77919562715
-2.71988811578
-2.65940609155
-2.62048491672
-2.60781597008
-2.59497572824
-2.46932119711
-2.42519239091
-2.38066379484
-2.81555010519
-2.7401633556
-2.66571668707
-2.58979569317
-2.57848787324
-2.52337225651
-2.46751142864
-2.44313853495
-2.38797157301
-2.33230481978
-2.86721121117
-2.84603453454
-2.82512193341
-2.80379518373
-2.78174030599
-2.84248183869
-2.90404464984
-2.75516468527
-2.74683535338
-2.73843056097
-2.62342900701
-2.4785223326
-2.36408538821
-2.31514022534
-2.31175891231
-2.33036254996
-2.34091189189
-2.343135131
-2.3400058592
-2.34437595493
-2.90694265256
-2.94101613979
-2.97466472688
-3.00897968315
-3.0428575257
-3.17595438883
-3.3432478542
-3.51057127632
-3.67590257463
-3.24683596548
-2.97179093541
-2.96416059657
-2.95662540889
-2.94894099603
-2.94135446941
-3.1653712195
-3.24875332595
-3.33215036339
-3.41455449007
-3.09601663069
-2.78241919134
-2.63001271924
-2.47950677262
-2.32602023948
-2.24285823954
-2.07627380525
-1.90743700428
-1.80432233666
-1.67796211571
-1.55045712016
-2.68046887036
-2.53055000945
-2.38250065324
-2.23151936028
-2.09534008098
-1.91290544477
-1.72800413336
-1.76693852376
-1.67631575255
-1.58487197418
-2.80430578879
-2.69444008129
-2.58594441124
-2.47530011692
-2.41166776017
-2.32502019882
-2.23720108695
-2.10995138469
-2.02348119624
-1.93622762141
-2.74424675233
-2.62525896938
-2.50775497718
-2.38792396188
-2.31695588611
-2.19639251467
-2.07419902143
-2.07639984689
-1.99952416008
-1.92195200935
-2.82369106083
-2.75150431625
-2.68021774831
-2.60751943694
-2.56118476416
-2.54533843312
-2.52927784588
-2.38065139866
-2.32951238185
-2.27791006538
-2.80073573349
-2.70914404817
-2.61869452124
-2.52645375186
-2.51324417065
-2.4474810623
-2.38082877944
-2.35049416166
-2.28579446389
-2.22050861193
-2.84745365235
-2.82145402361
-2.79577861311
-2.76959473244
-2.74446367228
-2.81540594614
-2.88730742135
-2.71247722223
-2.70464738357
-2.6967466096
-2.35634117771
-2.25923534022
-2.2329051418
-2.23985143932
-2.23905445385
-2.24102020296
-2.25956170543
-2.25829907853
-2.26490800235
-2.27201032135
-2.88122154557
-2.92085623935
-2.95999668413
-2.99991225763
-3.03931937514
-3.19918609622
-3.39608629175
-3.59302174561
-3.78761251992
-3.29193538297
-2.9683804518
-2.95809331426
-2.94793445846
-2.93757441892
-2.92734634853
-3.19264707462
-3.29082677096
-3.38902404805
-3.4860522053
-3.10654756153
-2.79010950959
-2.87525135077
-2.95933146383
-3.04507668086
-3.17593942937
-3.36942296246
-3.56552256147
-3.71640382507
-3.85951790354
-4.00392854006
-2.93756873624
-3.02401317894
-3.10937964992
-3.19643669964
-3.40037620738
-3.6905452452
-3.98463762118
-3.90283718263
-3.99794397782
-4.0939124037
-2.90698152339
-2.9687502742
-3.02974876188
-3.09195525014
-3.18506756283
-3.2447243096
-3.30518766755
-3.5189589002
-3.60405446085
-3.68992095427
-2.9302811978
-3.01563100945
-3.09991649955
-3.18587116087
-3.27479757186
-3.47117287704
-3.67020334742
-3.65233712203
-3.74913328416
-3.84680638197
-3.01049673562
-3.05156360637
-3.09211836873
-3.13347626865
-3.19315248104
-3.13427693135
-3.07460533294
-3.34407910961
-3.37778684018
-3.41179994972
-2.9238265209
-3.00820680218
-3.09153485207
-3.17651311225
-3.16357078041
-3.27687163668
-3.39170441922
-3.43046563979
-3.52875809834
-3.62794104844
-3.1373863506
-3.15307672323
-3.16857143519
-3.18437300101
-3.20306302595
-2.99888982253
-2.79195601954
-3.12971033404
-3.10042653097
-3.07087742801
-2.91591433632
-2.99910616102
-3.08126057452
-3.16504195587
-3.02722826185
-3.03869592268
-3.05031863627
-3.15849414543
-3.25862077378
-3.35965451057
-3.31770317189
-3.29733220509
-3.27721526648
-3.25669993647
-3.2364459366
-2.80649761526
-2.39029646893
-1.97402079468
-1.56270122683
-2.58640858136
-2.90467070559
-2.98617367095
-3.06666028537
-3.14874083892
-3.22977582689
-2.70023569753
-2.56519147103
-2.43012306256
-2.29666275527
-2.9784052199
-2.84221527516
-2.84147453795
-2.84074303782
-2.83999705122
-2.85391404259
-2.84760557544
-2.84121181233
-2.83834174286
-2.83163875737
-2.82487504542
-2.82756408048
-2.81888102637
-2.82835797674
-2.82558445078
-2.82911339872
-2.81452318142
-2.82089307588
-2.81962369068
-2.80225572668
-2.80666852411
-2.88595398025
-2.88625900696
-2.88656022994
-2.88686741828
-2.89530497884
-2.89207747925
-2.88880634105
-2.88326629428
-2.87604720991
-2.86876272343
-2.86929232629
-2.8767182902
-2.88405165153
-2.89153024112
-2.88406082537
-2.8779039087
-2.87166374515
-2.88105668342
-2.86503244787
-2.84886303896
-2.9246939762
-2.92592525093
-2.92714117154
-2.93391846826
-2.93196552238
-2.93146687976
-2.93096149506
-2.92305661124
-2.91538041073
-2.90763466681
-2.89979525366
-2.90673315686
-2.91358454364
-2.9140714805
-2.91588079264
-2.91490120644
-2.91390837539
-2.91912935425
-2.90860671937
-2.8979887535
-2.97218171316
-2.97454838871
-2.97688555156
-2.97926899907
-2.97690425317
-2.97975066104
-2.98263555482
-2.97183183849
-2.96359530206
-2.95528414579
-2.93281138216
-2.93413815758
-2.94562764502
-2.94133498754
-2.95254876893
-2.96352668225
-2.94160663731
-2.94975031716
-2.95964994558
-2.97263668929
-3.03966428673
-3.04364442661
-3.04757493369
-3.05158327968
-3.0555405662
-3.04836445548
-3.05606711343
-3.06377115067
-3.07138346497
-3.02299656329
-2.99032007038
-2.99580953531
-3.00123054602
-3.00675891322
-3.0122168585
-3.02469963847
-3.03927953611
-3.05386204454
-3.06827093613
-3.04378119664
-2.8479716944
-2.837743022
-2.82764190227
-2.81734074219
-2.81833807295
-2.78995745116
-2.76119309864
-2.74133724799
-2.71808312231
-2.69461832327
-2.82669291587
-2.79550177085
-2.77920428702
-2.76035313478
-2.73017145014
-2.70302306034
-2.68690474558
-2.67404657238
-2.63665386283
-2.63757655554
-2.88363094838
-2.87714572912
-2.87074138126
-2.86421020311
-2.86329326388
-2.85311858518
-2.84280633596
-2.81303772914
-2.79562012272
-2.77804471954
-2.86255453998
-2.86137181478
-2.8602038383
-2.85901273146
-2.84089392238
-2.81236212326
-2.78344454935
-2.79584896192
-2.76736081761
-2.73861458175
-2.91521485905
-2.91204526972
-2.90891520551
-2.91225553788
-2.90311071871
-2.90906130388
-2.91509234616
-2.87654386959
-2.86429575165
-2.85193667052
-2.89714038336
-2.89552278813
-2.89392536448
-2.89315683747
-2.88851707584
-2.87491228145
-2.86112353839
-2.86263913666
-2.84009508167
-2.81734678628
-2.95393062052
-2.95482535174
-2.95570892556
-2.95660999749
-2.95191921172
-2.97763624939
-3.00370100381
-2.95439010627
-2.94847878067
-2.94251390075
-2.93089400019
-2.92102765974
-2.92041856094
-2.91319003896
-2.92805460136
-2.92851715339
-2.90748736433
-2.91568305611
-2.90704541369
-2.91630434192
-3.00894775523
-3.01561809987
-3.02220526458
-3.02892288005
-3.03555492461
-3.07508485616
-3.12961856996
-3.18416204894
-3.23805614267
-3.07122891213
-2.99978224115
-2.99687406386
-2.99400215187
-2.99107336517
-2.98818188619
-3.06054500901
-3.09165473168
-3.12277002508
-3.15351486517
-3.05100365132
-2.85347165763
-2.83417774997
-2.81512443947
-2.79569380141
-2.78434705937
-2.73487762635
-2.6847393235
-2.64865443046
-2.60958653958
-2.57016470875
-2.79990915478
-2.74445268407
-2.69716925819
-2.64901182704
-2.59031926724
-2.53957756475
-2.49245445168
-2.44975905133
-2.40918907042
-2.40071260315
-2.88141141063
-2.86843845976
-2.85562728301
-2.84256239655
-2.83270771277
-2.81589536089
-2.79885569137
-2.7459379386
-2.71877616764
-2.69136832158
-2.85611693088
-2.84670904495
-2.83741847639
-2.82794391946
-2.79965016148
-2.74974031023
-2.69915563431
-2.71443735607
-2.67404058645
-2.63327783776
-2.906158049
-2.89878365985
-2.89150123015
-2.89155771944
-2.87554143435
-2.88765392577
-2.89993018862
-2.83210333152
-2.81548698107
-2.79872009293
-2.89460379102
-2.88481185601
-2.87514202752
-2.8731739692
-2.86237244848
-2.83670491546
-2.81069033504
-2.80866563227
-2.77463572718
-2.74029752435
-2.93649263797
-2.93598100191
-2.935475746
-2.93496048412
-2.92804728661
-2.97561603755
-3.02382795945
-2.93772542607
-2.93403572012
-2.93031258686
-2.91638757881
-2.8997121178
-2.87877303546
-2.85361744414
-2.83963474942
-2.81426927859
-2.77916087282
-2.75100909148
-2.7312161751
-2.71677282745
-2.97959968545
-2.98884038272
-2.99796584747
-3.00727203091
-3.01645966953
-3.10061482799
-3.19989321273
-3.29918937497
-3.39730333421
-3.11731244664
-3.00882285981
-2.99789116627
-2.98709579215
-2.97608662883
-2.96521770338
-3.09479342133
-3.14169654367
-3.18860806481
-3.23496106548
-3.05790433619
-2.8587946428
-2.83072720142
-2.80300976412
-2.77474341682
-2.75144981007
-2.68157016248
-2.61074568119
-2.55895396459
-2.50458116451
-2.44971576795
-2.80217091521
-2.78518060972
-2.76840217522
-2.7512914643
-2.67241920216
-2.56426997972
-2.45465848557
-2.49927697877
-2.43970441725
-2.37959215142
-2.87926329325
-2.86001137328
-2.84099952686
-2.82161117404
-2.80310634482
-2.77986990709
-2.75631929249
-2.68099728798
-2.64440490063
-2.60748100045
-2.84988647144
-2.83251809435
-2.81536630283
-2.79787484102
-2.75973354407
-2.68913354457
-2.61757897157
-2.63564541633
-2.58372321766
-2.531330624
-2.89739266936
-2.88594878264
-2.87464760243
-2.86312261616
-2.8488592756
-2.86693539518
-2.88525591964
-2.78909280298
-2.7682487812
-2.74721592065
-2.89214882125
-2.87444558073
-2.85696310157
-2.83913440326
-2.83706910405
-2.79972698773
-2.76187997346
-2.7564288896
-2.7112827266
-2.66572755687
-2.91961577556
-2.91774302637
-2.91589363056
-2.91400760972
-2.90494351332
-2.97366083218
-3.04330726905
-2.92159698267
-2.92005740898
-2.91850388736
-2.88913081067
-2.85164439358
-2.79355076941
-2.7436221777
-2.66270153771
-2.60484353425
-2.54245897082
-2.50027854919
-2.49170777948
-2.46681713649
-2.95119597911
-2.96292432009
-2.97450640736
-2.98631786373
-2.99797886238
-3.12532329529
-3.26790655505
-3.41051534678
-3.55142626282
-3.16191310321
-3.01757256906
-2.99887554032
-2.98041166557
-2.96158213634
-2.94299246303
-3.12793978677
-3.19012810809
-3.25232756529
-3.31378648648
-3.06458297053
-2.86436895377
-2.82711373454
-2.79032309198
-2.75280385568
-2.71699931065
-2.62574577619
-2.53325841444
-2.4650182735
-2.39461793992
-2.32357980662
-2.79118237192
-2.76579756497
-2.74072930936
-2.71516460755
-2.61334006042
-2.47286433959
-2.33048926463
-2.38536759726
-2.31324165199
-2.24046227362
-2.87701375209
-2.85118640024
-2.82568111832
-2.79967073542
-2.77210734244
-2.74214350438
-2.71177452914
-2.61299045171
-2.56652217956
-2.51963292288
-2.84336183963
-2.81765711521
-2.79227293154
-2.7663860451
-2.71793225569
-2.6256652185
-2.53215065059
-2.5531332996
-2.48914149647
-2.42456995242
-2.8882134306
-2.87250790415
-2.85699822736
-2.84118140034
-2.82091731345
-2.84523863507
-2.86988880215
-2.74405152384
-2.71878022038
-2.69327996871
-2.8895779396
-2.86358985971
-2.83792585404
-2.81175360408
-2.81057105722
-2.76100313983
-2.71076502101
-2.70172577882
-2.64493850159
-2.58763675364
-2.90194206877
-2.89864394121
-2.89538694166
-2.89206544121
-2.88074889082
-2.9716133114
-3.0637062981
-2.90470703162
-2.90541910913
-2.90613763779
-2.83340136054
-2.7553456584
-2.66783940104
-2.57283686926
-2.50866205337
-2.49195420652
-2.47659715111
-2.47105166555
-2.48748439213
-2.4757744764
-2.92145118617
-2.93578462544
-2.94993932514
-2.96437434139
-2.97862548028
-3.15119837776
-3.33913116077
-3.52709759635
-3.71282613596
-3.20861958858
-3.02673539756
-2.99990639177
-2.97341194664
-2.94639281136
-2.91971785357
-3.16265116441
-3.2408463784
-3.31905559457
-3.3963336653
-3.0715769379
-2.86993782787
-2.82350379203
-2.77764879372
-2.73088569316
-2.68258241232
-2.56997583788
-2.45584672446
-2.37117420205
-2.28476196733
-2.19756687127
-2.78020454625
-2.74643342536
-2.71308343407
-2.67907298691
-2.55431854118
-2.38154785142
-2.20644115142
-2.27156931662
-2.18690223146
-2.10146809535
-2.874766405
-2.8423700346
-2.81037765049
-2.77775169628
-2.74113857475
-2.7044538979
-2.66727321226
-2.54504994552
-2.48871542095
-2.43187052743
-2.83684357158
-2.80281063065
-2.76920208424
-2.7349279616
-2.67617173796
-2.5622587959
-2.44680565163
-2.47070166059
-2.39465202502
-2.31791340924
-2.87904314475
-2.85908013516
-2.83936606649
-2.81926158477
-2.79300260433
-2.82356303677
-2.85453667289
-2.69905417546
-2.66935990844
-2.63939662288
-2.88700956544
-2.85274472676
-2.81890717439
-2.78439951061
-2.7840988551
-2.72231706101
-2.65969992324
-2.6470760224
-2.57865898503
-2.50962211582
-2.88428559992
-2.87956348423
-2.87490025385
-2.87014467387
-2.8565778664
-2.96956778765
-3.08408543107
-2.88783355408
-2.89079508666
-2.89378344956
-2.7584003911
-2.62010881509
-2.49871353158
-2.41824188725
-2.40471097853
-2.42640072081
-2.43755712831
-2.43736464298
-2.43696344063
-2.43405442427
-2.89173540464
-2.90867140134
-2.92539620429
-2.94245222155
-2.95929097438
-3.17704822311
-3.41028629797
-3.64356613809
-3.87406858865
-3.25528051906
-3.03588928915
-3.0009362378
-2.96641905484
-2.93121830121
-2.89646594486
-3.1973286865
-3.29151518093
-3.38571854105
-3.47880033221
-3.07856408375
-2.87550093044
-2.81989759083
-2.76498763098
-2.70899024641
-2.64820118334
-2.514263699
-2.3785152632
-2.27742738968
-2.1750198484
-2.07168453451
-2.76923809789
-2.72708935456
-2.68546621069
-2.64301877128
-2.49535819127
-2.29032600277
-2.08252160048
-2.1578889754
-2.06069374788
-1.9626179693
-2.87252138705
-2.83356280615
-2.79509004304
-2.75585537382
-2.7102019028
-2.66680335256
-2.62281801612
-2.47717985221
-2.41098930051
-2.34419908807
-2.830332059
-2.78797953284
-2.74615514734
-2.70350248094
-2.63445450042
-2.4989180871
-2.3615491034
-2.38835545293
-2.30026048154
-2.21136740386
-2.8698823629
-2.84566628257
-2.82175217943
-2.79736448667
-2.76511682575
-2.80190990286
-2.83920045442
-2.65410346188
-2.61999081523
-2.58556912123
-2.88444385312
-2.8419108336
-2.79990820551
-2.75707376665
-2.75765408852
-2.68367107607
-2.60868774884
-2.59248290445
-2.51244815991
-2.43168833162
-2.86664743007
-2.86050280206
-2.85443479823
-2.848246625
-2.83243189259
-2.96752438387
-3.10444344331
-2.87097756406
-2.87618622038
-2.8814420651
-2.62200172177
-2.47395441296
-2.36966727759
-2.37562158447
-2.37761088259
-2.38571553327
-2.39905061023
-2.40290493329
-2.41018756352
-2.4116529017
-2.86205042026
-2.88158627712
-2.90087851969
-2.92055282158
-2.93997650658
-3.20287127793
-3.48136769068
-3.75991397297
-4.03514393124
-3.3018930906
-3.04503369374
-3.0019650165
-2.9594334104
-2.91605951778
-2.8732381342
-3.23197026915
-3.3421314708
-3.4523123987
-3.56118153146
-3.08554398819
