-0.0208932820775
-0.0214717295374
-0.0220429636938
-0.0226255104452
-0.0186072592166
-0.0158211071686
-0.0129972839178
-0.00856458200902
-0.00442049756549
-0.000238869323773
-0.0217164796801
-0.0217403857714
-0.021763993751
-0.0217880692578
-0.0170913442776
-0.0139163496059
-0.0106984262404
-0.00688415906768
-0.00341314852107
8.93080351988e-05
-0.0220494498584
-0.0224954561743
-0.0229359007423
-0.0233850677773
-0.0193159322425
-0.0163616620555
-0.0133674475621
-0.00887038808883
-0.00457143655653
-0.000233538190276
-0.0158697573606
-0.0191593862276
-0.0224079930607
-0.0257209345858
-0.0175875525865
-0.0143202694955
-0.0110088098908
-0.00708515281668
-0.00350906725832
9.94162485611e-05
-0.0230734841787
-0.0234021854813
-0.0237267878425
-0.0240578185571
-0.0199436140653
-0.0168404392411
-0.0136953067899
-0.00914124490238
-0.00470512537717
-0.000228816329179
-0.0106912318775
-0.0168733580603
-0.0229783924493
-0.0292043295906
-0.0180270513744
-0.014678027112
-0.0112837211241
-0.0072631758515
-0.00359402385417
0.000108369237539
-0.0243287520551
-0.0245136601156
-0.0246962623523
-0.0248824808033
-0.0207130304933
-0.017427327404
-0.0140971987465
-0.0094732629319
-0.00486900199602
-0.000223028241382
-0.00434336193055
-0.0140711299842
-0.0236775916999
-0.033474297661
-0.018565791824
-0.0151165687064
-0.0116207090874
-0.00748139763612
-0.00369816419747
0.00011934386919
-0.0261125537742
-0.0260931240697
-0.0260739366558
-0.0260543692585
-0.0260350511164
-0.0182613263723
-0.0146683083691
-0.0110746469747
-0.00752377109325
-0.000214803063987
0.0046772953625
-0.0100890164025
-0.0246711906349
-0.0395421470242
-0.054223672916
-0.0157397593931
-0.0120995867195
-0.00845876221082
-0.00486128473102
0.000134939398377
0.00212524343005
0.00208083501463
0.00203698037703
0.00199225725189
0.00169984345123
0.00144096654631
0.00117858940013
0.000771485407326
0.000394233083697
1.3563000296e-05
0.00236661600716
0.00227302576915
0.0021806026117
0.00208634912646
0.00169309967406
0.00137222430288
0.00104701041715
0.000669058066776
0.00032888972954
-1.43604009306e-05
0.00217167056078
0.00212259988528
0.0020741411265
0.00202472270117
0.00172933944114
0.00146536830446
0.00119782804807
0.000784441209155
0.000401032897811
1.41510558343e-05
0.0024362268251
0.00233698981307
0.00223899029751
0.00213905002119
0.0017404288797
0.00141153867055
0.00107820157925
0.000689785337426
0.000339275759911
-1.44092984657e-05
0.00221279173372
0.00215959162786
0.00210705493317
0.00205347781339
0.00175546446078
0.00148698129025
0.00121486799338
0.000795916347918
0.000407055590313
1.46719050254e-05
0.00249788212098
0.00239364368055
0.00229070510494
0.00218572795653
0.00178234903327
0.00144635996762
0.00110582803712
0.000708143777144
0.000348474815382
-1.44526077111e-05
0.0022631983328
0.00220493634457
0.00214740088974
0.00208872601547
0.00178748867839
0.00151347462767
0.00123575566828
0.000809982647046
0.000414438245637
1.53103653241e-05
0.00257345958045
0.00246309035681
0.00235409744954
0.00224294607081
0.00183373502797
0.00148904413824
0.0011396927274
0.000730647670993
0.000359751076928
-1.45056964636e-05
0.00233482876308
0.00226937357357
0.00220473461749
0.00213881556579
0.00207373620984
0.00155112305453
0.00126543815367
0.000979702096046
0.000697367962664
1.62176510118e-05
0.00268085912812
0.00256177773887
0.00244418130764
0.00232425602268
0.0022058583803
0.00154970059121
0.00118781623465
0.000825867076526
0.00046822722267
-1.45811383749e-05
0.00466823040647
0.0046828203111
0.00469722827801
0.00471192157711
0.00394328417884
0.00334800566699
0.00274467847109
0.00180289368945
0.000926143667276
4.14506298632e-05
0.00502721208507
0.00492592344441
0.00482589788424
0.00472389143998
0.00376832366322
0.00306123971463
0.00234459537508
0.00150350477348
0.00074229390408
-2.58132406382e-05
0.00484751501312
0.00484229606755
0.0048371422028
0.00483188627205
0.00405432988369
0.00343482138776
0.00280693659728
0.00185106492301
0.000950369781223
4.15146906967e-05
0.00445859265211
0.0047118163107
0.00496188224241
0.00521690042458
0.00387570053874
0.00314952068285
0.0024135222427
0.00154872682183
0.00076442402464
-2.69842517823e-05
0.00500630995044
0.00498354602326
0.00496106596476
0.00493814071614
0.00415268465084
0.00351171531187
0.00286207950906
0.00189373087274
0.000971827196433
4.15714302921e-05
0.0039549582972
0.00452217856371
0.00508232553108
0.00565356552524
0.00397080577134
0.00322771239755
0.00247457175401
0.00158878063609
0.000784024988565
-2.80214330813e-05
0.00520096180909
0.00515669113026
0.00511297251167
0.00506838809922
0.00427324855896
0.00360597238013
0.00292967404607
0.00194603106918
0.000998129834433
4.16409820543e-05
0.00333760005569
0.00428971938997
0.00522996569138
0.00618883242281
0.00408738637904
0.0033235603059
0.00254940663885
0.00163787886002
0.000808051976602
-2.92928166092e-05
0.00547757234506
0.00540273944021
0.00532883970992
0.00525347648569
0.00517907325978
0.00373991663503
0.00302572944077
0.00231141435911
0.00160560378966
4.17398187689e-05
0.00246030150197
0.0039593826694
0.0054397701297
0.00694947485621
0.00843994853196
0.00345976522829
0.00265575094888
0.001851592697
0.00105700861462
-3.10995195172e-05
0.00709792398129
0.00716888375351
0.00723895864956
0.00731042129336
0.0060867766827
0.00517008369625
0.00424099622205
0.00278835138126
0.00143435693745
6.80958289949e-05
0.00756927512182
0.00746063105243
0.00735334178654
0.00724392778773
0.00575109370472
0.00467500727685
0.00358437122306
0.00230077578612
0.001137280381
-3.67558413314e-05
0.00740414708924
0.00744082622157
0.00747704796108
0.00751398702792
0.00627573895583
0.00531653275583
0.00434435725239
0.00287016915293
0.00147523298674
6.76592397743e-05
0.00639085943184
0.00698084117638
0.00756346578365
0.00815762855993
0.00591584304774
0.00481007331941
0.00368935262106
0.00236940133773
0.00117063137715
-3.8998974453e-05
0.00767537327056
0.00768168955042
0.00768792706558
0.0076942881071
0.00644310554061
0.00544624478002
0.00443590559354
0.00294263632213
0.00151143748754
6.72725464647e-05
0.00534711982071
0.00655588442903
0.00774957560967
0.00896690638673
0.00606176389442
0.00492970324281
0.003782336145
0.00243018396917
0.00120017083088
-4.09857495035e-05
0.00800784407346
0.00797694137288
0.00794642403237
0.0079153023332
0.00664826458002
0.00560524661614
0.00454812614077
0.00303146704565
0.0015558171982
6.67985353109e-05
0.00406769707159
0.00603496970646
0.00797771023511
0.00995892436797
0.0062406346097
0.00507634637472
0.00389631594854
0.00250469171092
0.00123638048383
-4.34211511784e-05
0.00848030258286
0.00839650975217
0.0083137618273
0.0082293751808
0.00814606347555
0.00583119659377
0.00470759744471
0.00358379709606
0.0024733765206
6.61249405134e-05
0.00224957000705
0.00529472246913
0.00830190154494
0.0113686341308
0.0143963017995
0.00528473398323
0.00405828724831
0.00283162089718
0.00161955902414
-4.68819851374e-05
0.00944943477259
0.00957495054039
0.00969890111276
0.00982530637487
0.0081612957933
0.00693353082094
0.00568916539658
0.00374209897341
0.00192621689933
9.3883637772e-05
0.0100295395457
0.00991377673089
0.00979945749111
0.00968287429836
0.00767006208722
0.0062368469576
0.0047842535109
0.00307239217809
0.00151955696622
-4.73463305525e-05
0.00987851174931
0.00995574076141
0.0100320067192
0.0101097830312
0.00842566743207
0.0071376943352
0.00583230672006
0.00385648060346
0.00198320712164
9.29625084361e-05
0.00826094964868
0.00917685326312
0.0100813354587
0.0110037298199
0.00789033776405
0.00641719262237
0.00492412927506
0.00316366815404
0.00156376777214
-5.06270868649e-05
0.0102585513573
0.0102930121
0.0103270431135
0.0103617480697
0.00865982516927
0.00731852487641
0.00595908903513
0.00395779004721
0.00203368417568
9.21466510243e-05
0.00669448431132
0.00852414962024
0.0103309988014
0.0121736304246
0.0080854390778
0.00657692735402
0.00504801923761
0.00324451258989
0.00160292591452
-5.35328995987e-05
0.0107244063606
0.0107064414829
0.0106887006291
0.0106706084395
0.00894685723422
0.00754018812047
0.0061144996149
0.00408197581697
0.00209555927418
9.11465677454e-05
0.00477430099456
0.0077240612838
0.0106370377377
0.0136077021336
0.00832459552692
0.00677273121863
0.00519988435299
0.00334361222092
0.00165092621809
-5.70948635949e-05
0.0113864108389
0.0112939463953
0.0112026349934
0.0111095152807
0.0110175817536
0.00785518325677
0.00633534622826
0.004815237047
0.00331322602357
8.972539677e-05
0.00204561943916
0.00658709364782
0.0110719351734
0.0156455935097
0.0201609912774
0.0070509788157
0.00541569267485
0.00378011370812
0.00216400766257
-6.21566019054e-05
0.0119119726104
0.0120946202459
0.0122749902452
0.0124589322522
0.0103337637335
0.00878023944992
0.00720571016472
0.00474087794651
0.00244130012647
0.000120889023034
0.0126059658403
0.0124827481671
0.0123610670318
0.0122369761502
0.00967963494093
0.00787242920737
0.00604078847795
0.00388044059042
0.00191988281591
-5.84368518141e-05
0.0124697040255
0.012589397488
0.0127075983598
0.0128281400555
0.010677105206
0.00904484241826
0.00739051001573
0.00488936094393
0.00251516535564
0.000119460475926
0.0102193365445
0.0114765504943
0.0127180868478
0.0139842103129
0.00995805863837
0.00810019238066
0.00621720615268
0.00399543643496
0.00197546617966
-6.28042229011e-05
0.0129636947076
0.0130276287596
0.013090765547
0.0131551526813
0.010981207653
0.00927920504735
0.00755418988377
0.00502087445593
0.00258058884435
0.000118195191344
0.00810546488248
0.0105853468412
0.013034304399
0.0155317605713
0.0102046624847
0.00830192547701
0.00637346180744
0.00409728989728
0.00202469715899
-6.66724658638e-05
0.0135692316726
0.0135648154796
0.0135604543571
0.0135560068678
0.0113539783946
0.00956648827012
0.007754829722
0.00518208456741
0.00266078537888
0.00011664419734
0.00551426736131
0.00949290365359
0.0134219259135
0.0174287576622
0.0105069510705
0.00854921120801
0.00656500099714
0.0042221425285
0.00208504481106
-7.1414183044e-05
0.0144297315703
0.0143281860818
0.0142279068767
0.0141256417643
0.0140246793342
0.00997473284983
0.00803994949213
0.00610481967846
0.00419272918671
0.00011444015323
0.00183203930492
0.00794048438697
0.0139727564867
0.0201244903704
0.0261978617077
0.0089006172468
0.00683718826672
0.00477338979447
0.00273416255101
-7.81524127211e-05
0.014372108626
0.014611832406
0.014848566804
0.0150899894378
0.0125041127695
0.0106251469023
0.00872077577967
0.0057386827663
0.00295588097014
0.000147868068749
0.0151798792324
0.0150492139718
0.0149201781214
0.0147885868736
0.0116872477693
0.00950641620141
0.00729609789087
0.00468770087738
0.0023198182101
-6.95165559996e-05
0.0150583689973
0.0152204854927
0.0153805803775
0.015543845746
0.012926347053
0.0109501303754
0.0089471935268
0.00592123387052
0.00304660474725
0.000145932598775
0.0121758133389
0.013774004729
0.0153522664966
0.0169617838115
0.0120237627731
0.00978155063484
0.00750902183521
0.00482639345549
0.00238676303952
-7.49694820378e-05
0.0156661996119
0.0157595782266
0.0158517923997
0.0159458327619
0.0133003259898
0.0112379728802
0.00914773495998
0.0060829219914
0.0031269600927
0.00014421832537
0.00951506926187
0.0126445336854
0.0157349733431
0.0188866153851
0.0123218189192
0.010025241133
0.00769761161449
0.00494923545324
0.0024460570313
-7.97992165288e-05
0.0164112823007
0.0164204015778
0.0164294071366
0.0164385910394
0.0137587517832
0.0115908120796
0.00939355994259
0.00628112033313
0.00322546019356
0.000142116957969
0.00625351200614
0.0112600207932
0.0162040978647
0.0212460863463
0.0126871780661
0.0103239585179
0.00792878618263
0.00509981596661
0.00251873998896
-8.57195362274e-05
0.0174700840164
0.0173594663401
0.0172502280784
0.0171388264864
0.0170288439596
0.0120922151524
0.00974289018103
0.00739314452293
0.00507137453151
0.000139130804295
0.00161866748483
0.00929255510427
0.0168707485007
0.0245990187648
0.0322288441112
0.0107484516437
0.00825729741105
0.00576569709472
0.00330376134217
-9.41326221149e-05
0.0168296949807
0.0171264357519
0.0174194761331
0.0177183198212
0.014672212477
0.0124681423105
0.0102342711953
0.00673545347087
0.00346992850724
0.000174819153644
0.0177511250456
0.0176130199163
0.0174766369732
0.0173375531324
0.0136927799273
0.0111387097472
0.00855010631332
0.00549412452764
0.00271933911513
-8.05847772876e-05
0.0176443511019
0.0178488466633
0.0180507921426
0.0182567369055
0.0151732578077
0.0128534437107
0.0105022637062
0.00695203737404
0.00357749336025
0.000172377286174
0.0141302624598
0.0160690779045
0.0179837161072
0.0199362713819
0.0140873260321
0.0114611663457
0.00879949869254
0.00565648928024
0.00279763363532
-8.71221332183e-05
0.0183659036664
0.0184886963277
0.018609957751
0.0187336206087
0.0156170408148
0.0131947106651
0.0107396285016
0.00714386883114
0.0036727650872
0.000170214489273
0.010923212741
0.0147015864083
0.0184328433402
0.02223799326
0.0144367811534
0.0117467707614
0.00902038908556
0.00580029806111
0.00286698021034
-9.2912362757e-05
0.0192503874552
0.0192730281744
0.0192953865613
0.0193181877288
0.0161610328881
0.0136130378996
0.0110305917991
0.00737901706887
0.00378954978476
0.000167563318877
0.00699199050501
0.0130253065097
0.0189833864
0.0250594587881
0.0148651454957
0.0120968664969
0.00929115795443
0.00597657979251
0.0029519856894
-0.000100010063482
0.0205072854708
0.0203876050091
0.0202694169759
0.0201488883731
0.020029895098
0.0142075029169
0.0114440659588
0.00868013416006
0.00594910925682
0.000163795866209
0.00140551680123
0.0106432245486
0.0197657370639
0.0290689098016
0.0382535760631
0.012594370963
0.00967593476808
0.00675697597733
0.00387276980668
-0.000110096269775
-0.0176383422618
-0.0181119873475
-0.0185797260268
-0.0190567276996
-0.0157369772721
-0.0134069448392
-0.0110454083381
-0.00728050354367
-0.00375640597344
-0.00020038144569
-0.0184121806399
-0.0184270492823
-0.0184417325111
-0.0184567065234
-0.014533210045
-0.0118506050937
-0.00913172898653
-0.00586818635763
-0.00290489463496
8.52433616987e-05
-0.0185699901782
-0.0189355842397
-0.0192966193029
-0.0196648042247
-0.016306647974
-0.0138448469316
-0.0113497601944
-0.00752794890453
-0.00387948476611
-0.000197966957287
-0.0141115577127
-0.0165671409845
-0.0189921028626
-0.02146508815
-0.0149609477657
-0.0122011481201
-0.00940403357904
-0.00604557900379
-0.00299111622705
9.10187980774e-05
-0.0193951640471
-0.0196650557727
-0.0199315819189
-0.0202033862899
-0.0168112134529
-0.0142327030705
-0.0116193289814
-0.00774711479558
-0.00398849741105
-0.000195828410415
-0.0103024345486
-0.0149197936349
-0.0194795737453
-0.0241296547336
-0.0153398011755
-0.0125116290863
-0.0096452176467
-0.00620269820467
-0.0030674839229
9.61341845842e-05
-0.0204066674992
-0.0205592466842
-0.02070992319
-0.0208635836601
-0.0174297130722
-0.0147081396278
-0.0119497681396
-0.0080157697588
-0.00412212581452
-0.000193206965863
-0.00563318679913
-0.0129004646258
-0.0200771186983
-0.0273958976424
-0.0158042021295
-0.0128922186578
-0.00994086263286
-0.00639529593479
-0.00316109593717
0.000102404658367
-0.0218440671417
-0.0218299390322
-0.0218159871017
-0.0218017588703
-0.0217877118822
-0.0153837599988
-0.012419339575
-0.00945438832117
-0.00652473726574
-0.000189481755184
0.0010020600028
-0.0100308918233
-0.0209262615262
-0.0320374007235
-0.0430070030506
-0.0134330564699
-0.0103609897185
-0.00728837286101
-0.00425233805012
0.000111315331637
0.00177841206279
0.00174155921003
0.0017051659164
0.00166805189803
0.00142710136296
0.00121226712332
0.000994528137602
0.000651632977808
0.000333294857189
1.20727166332e-05
0.00197860056381
0.00190110301488
0.00182457186892
0.00174652511706
0.00142121341053
0.00115389540139
0.000882963019895
0.000563972314325
0.000277157391718
-1.22559628754e-05
0.00181757676518
0.00177693518956
0.00173680041885
0.00169587082802
0.00145228272986
0.00123314729548
0.00101104895914
0.000662741339614
0.000339130952206
1.25887801683e-05
0.00203621737838
0.00195411685505
0.00187304013427
0.00179035778803
0.0014605126732
0.00118663177332
0.000909047765074
0.000581306404745
0.000285881196236
-1.222045011e-05
0.00185226550159
0.00180826819999
0.0017648195496
0.00158242549383
0.00147458622625
0.00125164116226
0.00102568168679
0.000672580174357
0.000344300064936
1.30458650136e-05
0.00208724941415
0.00200107197062
0.0019159691693
0.00173535599744
0.00149532059157
0.00121562684559
0.000932151396518
0.00059665945626
0.000293607994524
-1.21889959464e-05
0.00189478717847
0.00184667640634
0.00179916558083
0.00175071386143
0.00150192599602
0.00127431106347
0.00104361857874
0.000684640681461
0.000350636396669
1.36061625659e-05
0.00214980481283
0.00205862985423
0.00196859185739
0.00187677076795
0.00153798836247
0.00125116919225
0.000960471976998
0.00061547932586
0.000303079553716
-1.21504392297e-05
0.00195521271931
0.00190125648904
0.0018479730989
0.00179363449627
0.00173998807431
0.00130652618624
0.00106910784626
0.000831646992476
0.000597013306678
1.44023748771e-05
0.00223869932675
0.00214042263619
0.00204337146678
0.00194439831746
0.00184668591642
0.00130167673751
0.00100071701242
0.000699703395349
0.000402273594508
-1.20956481059e-05
0.00392349096263
0.00393489302348
0.00394615289937
0.00395763576336
0.00332331441175
0.00282733432709
0.00232464815961
0.00152794105682
0.000785107287413
3.55437320855e-05
0.00423128573354
0.00414686921435
0.00406350537845
0.00397849062356
0.00318378899559
0.00259057627754
0.00198934280677
0.00127456933878
0.000628696714229
-2.30272658644e-05
0.00406990683737
0.0040651646046
0.004060481508
0.00405570566839
0.00341421245817
0.00289889877628
0.0023766176045
0.0015676133138
0.000805185340732
3.58500658655e-05
0.0038201536145
0.00400026518272
0.00417813073987
0.00435951870722
0.00327468448088
0.00266565569693
0.00204839231328
0.00131341599546
0.000647909674839
-2.36258749931e-05
0.00419958946927
0.00418054800502
0.00416174398993
0.00389852957274
0.00349472215643
0.00296228443128
0.00242264768425
0.00160275159854
0.000822968759387
3.61213900706e-05
0.00345600802334
0.00387041589756
0.00427965605999
0.00388779225799
0.0033551919107
0.00273215461126
0.00210069330477
0.00134782303423
0.000664926868522
-2.415607165e-05
0.00435855527613
0.00432198572167
0.00428587219358
0.00424904348116
0.00359341146397
0.00303998297612
0.00247907165299
0.00164582433468
0.000844767788705
3.64539810317e-05
0.00300963600837
0.00371124580607
0.00440410645238
0.00511068835787
0.00345387843758
0.00281366940946
0.00216480419756
0.00138999940433
0.000685786654328
-2.48059901326e-05
0.00458445405429
0.00452297616111
0.00446226490403
0.00440035133463
0.00433922643799
0.00315039669773
0.00255925308224
0.00196800361241
0.00138379345683
3.69266102923e-05
0.00237531788184
0.00348505672869
0.00458095701001
0.00569856025837
0.00680192715679
0.00292950622795
0.00225590915046
0.00158219145393
0.000916494924137
-2.57295585026e-05
0.00597300378702
0.00603051094185
0.00608730097613
0.0061452156677
0.0051350486848
0.00437044817087
0.00359550959192
0.00236520846279
0.00121679088191
5.79690830477e-05
0.00638361082752
0.00629258358725
0.00620269146669
0.00611101914243
0.00486783952902
0.00396325113833
0.00304643192457
0.00195350833478
0.000964574499337
-3.33186931928e-05
0.00622189265385
0.00625145040118
0.00628063956016
0.00631040677479
0.00528873564657
0.00449043884615
0.00368134837755
0.00243217205597
0.00125047639563
5.80750308081e-05
0.00552461315399
0.00595525492155
0.00638052653887
0.00681422014136
0.0050080325576
0.00407878716695
0.00313697756911
0.0020129091447
0.000993809310393
-3.45231732544e-05
0.00644233707875
0.00644713963659
0.00645188230601
0.00611144818039
0.00542485838415
0.00459671630139
0.00375737701624
0.00249148266707
0.00128031213635
5.81688702529e-05
0.00476378664315
0.00565647810335
0.00653803760281
0.00594433466302
0.00513220352577
0.00418111907801
0.00321717513999
0.00206552129063
0.00101970300018
-3.55899984518e-05
0.00671255927702
0.00668701676387
0.00666179276867
0.00663606924304
0.00559171851408
0.00472699189168
0.00385057341206
0.00256418599682
0.00131688497982
5.82838992499e-05
0.00383116059761
0.00529023555201
0.00673111568118
0.00820053068209
0.00528441309966
0.0043065581948
0.00331548183978
0.00213001359854
0.00105144365219
-3.68977196615e-05
0.00709655924298
0.00702789478684
0.00696008658402
0.00689093552254
0.00682266532706
0.0049121203621
0.00398301039559
0.00305373405608
0.00213552152045
5.84473615087e-05
0.00250584990132
0.00476978561064
0.00700548979255
0.00928546936614
0.0115364059076
0.00448481378182
0.00345518083422
0.00242536351327
0.0014078070198
-3.8756060328e-05
0.0079565673003
0.00805869597742
0.00815955109871
0.00826240353254
0.00688848489511
0.00586390763155
0.00482547719084
0.00317553424244
0.00163458374328
7.96728301099e-05
0.00846667831278
0.0083692530715
0.00827304273371
0.00817492706763
0.00649770061253
0.00529175600888
0.00406950598363
0.00261060040279
0.00128964439474
-4.32789625334e-05
0.0083046317789
0.00836738580012
0.00842935727178
0.00849255601277
0.00710294034784
0.00603076627174
0.00494409546811
0.00326891099005
0.00168143885596
7.95848398804e-05
0.0071742265217
0.00784733691714
0.00851205355188
0.00918993408801
0.00668560488596
0.00544644683222
0.00419053428212
0.00268989397354
0.00132857857271
-4.50698177872e-05
0.00861291745996
0.00864079678593
0.00866832845364
0.00869640535241
0.00729288660597
0.00617855535304
0.00504915737083
0.00335161610936
0.00172293909862
7.95069056772e-05
0.00602948350674
0.00738506832327
0.00872374884798
0.010088940306
0.00685203438527
0.00558345870433
0.00429773077508
0.00276012542191
0.00136306313034
-4.66560038691e-05
0.00899081603673
0.00897594573628
0.00896126087011
0.0089462851881
0.00752572395466
0.00635971616238
0.005177942929
0.0034529965782
0.00177381036381
7.94113734281e-05
0.00462625013356
0.00681841649854
0.00898324630772
0.0111909479282
0.00705604473927
0.00575140874111
0.00442913292773
0.00284621558443
0.00140533452357
-4.86003610017e-05
0.00952782980373
0.00945221003415
0.00937753325141
0.00930137758617
0.00922619201359
0.00661715520724
0.00536095398535
0.0041045278192
0.00286306044637
7.92756170741e-05
0.00263218165589
0.00601317443181
0.00935200585576
0.0127569587596
0.0161185383991
0.00599007458285
0.00461586230256
0.00324140394611
0.00188330965389
-5.13633948218e-05
0.0100337851566
0.0101826421701
0.0103296429201
0.0104795548406
0.00872470994242
0.00742788107565
0.00611351795288
0.00402411971382
0.00207210277712
0.000102401323876
0.0106480982408
0.0105439729156
0.0104411460447
0.0103362828132
0.00820451590902
0.00668298649929
0.00514088468646
0.00329871720258
0.00163006252947
-5.37095079583e-05
0.0104857078431
0.0105832255068
0.0106795271146
0.010777735858
0.00900280308241
0.00764382056097
0.00626646341196
0.00414515671817
0.00213274929398
0.000102110238837
0.00890172671038
0.00982875393787
0.0107442210338
0.0116778178379
0.00844238412314
0.00687868081873
0.00529383488344
0.00339884277478
0.00167915403188
-5.61144242247e-05
0.0108859822226
0.0109380278909
0.0109894245439
0.0110418390449
0.00924911414926
0.00783508124796
0.00640192939
0.00425236092202
0.00218646478033
0.000101852420659
0.00735494049773
0.00919527427186
0.0110126588813
0.0128660345741
0.0086530673985
0.0070520100731
0.00542930505791
0.00348752542444
0.00172263507687
-5.82444929179e-05
0.0113766411393
0.0113729469422
0.0113692988121
0.0113655784353
0.00955104384411
0.00806952983201
0.00656798445986
0.00438377252674
0.00225230957006
0.000101536385473
0.005458879979
0.00841875081029
0.0113417117266
0.0143225583152
0.00891132431668
0.00726447819135
0.00559536527177
0.00359623318854
0.00177593442234
-6.08555448643e-05
0.0120738932842
0.0119909898047
0.0119091201407
0.0118256291479
0.0117432016874
0.00840269360936
0.00680395745387
0.0052049350174
0.00362495026637
0.00010108728284
0.00276447818922
0.00731527010175
0.0118093131384
0.0163923552104
0.0209170171813
0.00756640656992
0.00583134557568
0.00409597388917
0.00238126323876
-6.4565987104e-05
0.0121089770105
0.012304516784
0.012497618155
0.0126945436629
0.0105591440382
0.00899032910726
0.00740030243179
0.00487187752226
0.0025091950793
0.000125107649537
0.0128273905335
0.0127165716593
0.0126071347087
0.0124955304929
0.00990966647306
0.00807286006106
0.00621121842625
0.00398616285162
0.00197014863933
-6.41298800108e-05
0.0126646566074
0.0127969040071
0.0129275022672
0.0130606868663
0.0109008127968
0.00925530156699
0.00758754159186
0.00502054780507
0.00258361954896
0.000124613667775
0.0106275419917
0.0118082383949
0.0129742113841
0.0141632750447
0.0101974498958
0.00830951788407
0.00639605938687
0.0041071001069
0.00202938755929
-6.71482583691e-05
0.0131568299646
0.0132330184047
0.0133082567665
0.0133849851322
0.0112034336973
0.00948999145989
0.00775338199079
0.00515222719841
0.00264953836495
0.000124176141071
0.00867910471189
0.0110037146465
0.0132993364394
0.0156404202192
0.0104523437846
0.00851912909875
0.00655977566628
0.00421421596158
0.00208185631697
-6.98216792007e-05
0.0137601392412
0.0137676102469
0.0137749880883
0.0137825120388
0.0115743883495
0.00977767584474
0.00795667022173
0.00531364064832
0.00273034207487
0.000123639818014
0.00629069772371
0.0100175242452
0.0136978768299
0.017451114304
0.0107647943578
0.00877607187802
0.00676046013781
0.00434551926731
0.00214617285864
-7.30987757039e-05
0.0146174734764
0.014527293391
0.0144382378613
0.0143474186955
0.0142577564103
0.0101864904969
0.00824555349728
0.00630426893978
0.00438609698153
0.000122877674723
0.00289664568788
0.00861609578019
0.0142642237005
0.0200242058983
0.0257108157948
0.00914120109068
0.0070456433342
0.00494971033236
0.00287873114748
-7.77557023138e-05
0.0141820181557
0.0144241923077
0.0146633465214
0.0149072368923
0.0123916769444
0.0105511578329
0.00868575329978
0.00571875672276
0.00294583438327
0.000147790442584
0.0150044242288
0.0148869187427
0.014770878563
0.0146525403492
0.0116130498356
0.00946129317139
0.00728044288256
0.00467289603868
0.00230988228726
-7.45394524911e-05
0.0148413471303
0.0150082882725
0.0151731476402
0.0153412718464
0.0127968554324
0.0108651124498
0.00890725061919
0.00589503164516
0.0030340225264
0.000147093774378
0.0123515686549
0.0137856713336
0.015201890594
0.0166461563478
0.0119506967354
0.0097388720438
0.00749714155555
0.00481462340801
0.00237925810808
-7.81706571551e-05
0.0154253242221
0.0155256304126
0.0156246857739
0.0157257028057
0.0131557278076
0.011143186539
0.00910343395925
0.00605116086215
0.0031121320246
0.000146476725396
0.0100018965751
0.0128102807711
0.0155836441072
0.018411930518
0.0122497554181
0.00998472761651
0.00768907466591
0.00494015336371
0.00244070526367
-8.13868670002e-05
0.0161411671088
0.0161597917457
0.0161781841314
0.0161969407558
0.0135956358803
0.0114840515515
0.00934391676318
0.00624254506363
0.00320787915143
0.000145720342773
0.00712165338061
0.0116146407269
0.0160516000265
0.0205764278879
0.0126163434807
0.0102860989637
0.00792434751087
0.00509402879328
0.00251602758342
-8.53293177782e-05
0.0171584175267
0.017060968377
0.0169647344289
0.0168665946849
0.0167697050731
0.0119684386747
0.00968565548457
0.00740246352318
0.00514645485164
0.000144645483257
0.00302867620943
0.00991557329555
0.0167165900172
0.0236522925714
0.0304996461621
0.0107143635097
0.00825868260634
0.0058025619714
0.00337568348529
-9.09317478311e-05
-0.0143834024461
-0.0147522451575
-0.0151164883598
-0.015487944954
-0.0128666953275
-0.0109927825098
-0.00909353275843
-0.00599642507833
-0.00309231438139
-0.000161893567607
-0.0151078815997
-0.0151137127933
-0.0151194712713
-0.0151253437889
-0.0119750758124
-0.00978486058148
-0.00756503173266
-0.00485221364757
-0.00239664074884
8.11786881985e-05
-0.0150905304981
-0.015375712305
-0.0156573378635
-0.0159445406722
-0.0132973637056
-0.0113280318076
-0.00933207282672
-0.00618550972023
-0.00318753297568
-0.000162395724298
-0.0123533580649
-0.0139748957413
-0.0155762126644
-0.0172092417142
-0.012334342945
-0.0100820267447
-0.00779925726726
-0.0050060051909
-0.00247316519577
8.26213475936e-05
-0.0157168439155
-0.0159279260642
-0.0161363759952
-0.0163489540227
-0.0136788128405
-0.0116249668999
-0.00954335117291
-0.00635298468878
-0.00327186944492
-0.000162840491652
-0.00991363721978
-0.0129662292095
-0.0159807550412
-0.0190549798765
-0.0126525509767
-0.0103452310606
-0.00800671416934
-0.00514222055785
-0.00254094399163
8.38991316293e-05
-0.0164845829434
-0.0166048332529
-0.0167235840278
-0.0168446865168
-0.014146395651
-0.0119889518517
-0.00980233753277
-0.00655827658571
-0.00337524963301
-0.000163385690344
-0.00692301166772
-0.0117297992673
-0.0164766456966
-0.0213174976239
-0.0130426124349
-0.0106678686093
-0.00826101617833
-0.00530919423346
-0.00262402767687
8.54654475439e-05
-0.0175755805092
-0.0175667539947
-0.0175580375477
-0.0175491484821
-0.017540372648
-0.0125061936254
-0.010170370781
-0.00783412966765
-0.00552570343824
-0.00016416044638
-0.0026731753569
-0.00997276724421
-0.0171813324175
-0.0245326544228
-0.0317903331851
-0.0111263535468
-0.00862239271743
-0.00611798351121
-0.00364339136921
8.76912648963e-05
0.00136372916521
0.00140228340543
0.00137335145577
0.0012853334777
0.0011543592747
0.000983567700322
0.000773089129652
0.00053178054829
0.000272356630681
8.55799347263e-07
0.00127700977936
0.00152918026062
0.00146854112615
0.00133205481001
0.001149327147
0.000935566499904
0.00070017693446
0.000458886561873
0.000225425053895
1.52667227562e-06
0.00146348296958
0.00143127049383
0.00139945971121
0.00128132351822
0.00117522601857
0.0010009262865
0.000824269870214
0.000541041470074
0.000277229006601
1.10265045022e-05
0.00163620793167
0.00157124389702
0.00150708997104
0.00136738384169
0.0011805964667
0.000961724876085
0.000739893950895
0.000472827472064
0.000232486632561
-1.00316017543e-05
0.00149173926945
0.00145694477213
0.00142258416602
0.00127777183982
0.00119370799172
0.00101630103426
0.000836495380196
0.000549244000797
0.000281544539558
1.30085501041e-06
0.00167661670732
0.00160850026069
0.00154123323365
0.00139867526974
0.00120829214987
0.000984893723559
0.000758474755917
0.000485175135376
0.000238741173666
1.6088972183e-06
0.00137851209998
0.00148841646811
0.00145093027192
0.00127341816952
0.00121636331364
0.00103514749926
0.000813246593845
0.000559298715877
0.0002868345477
1.5570991801e-06
0.00143876060305
0.00165416935164
0.00158308626524
0.00143703250413
0.00124224169697
0.00101329424627
0.000760553307523
0.000500310980726
0.000246408030504
1.65623885196e-06
0.00157559667554
0.0015331394045
0.00149121158031
0.00144845342674
0.00140623993877
0.00106192931794
0.000872777538849
0.000683591888906
0.000496658650693
1.25870987424e-05
0.00179653952537
0.00171906753352
0.00164256162592
0.00156454061224
0.00148751345255
0.00105365288381
0.000813617790179
0.000573539714172
0.000336319966347
-9.61015783693e-06
0.00294984936511
0.00318696573586
0.00319507752074
0.00300495686013
0.00270334464465
0.00230666298718
0.00181664518487
0.0012529884242
0.00064407090755
7.87114204469e-07
0.00314127003474
0.0033678149843
0.00330111287266
0.00300690997963
0.00259925432796
0.00211991284045
0.00159034089305
0.00104563390408
0.000515099524377
2.4444349232e-06
0.00329229866161
0.00328803314166
0.0032838208132
0.00308518303871
0.00277409503265
0.0023629761648
0.00194629861171
0.00128416170458
0.000660000900242
3.01854410342e-05
0.00318171457688
0.00328871405474
0.00339437923733
0.00309130762789
0.00267366842301
0.00218179071102
0.00168326238387
0.00107810516908
0.000531395325038
-2.0267498204e-05
0.00339286898811
0.00337754998679
0.0033624220151
0.00315624051116
0.00283675966201
0.00241285355069
0.00198321585945
0.00131177232435
0.00067411032234
3.19570577542e-07
0.00295705774948
0.00321865323141
0.00347698658889
0.00316605983063
0.00273957805006
0.00223659682496
0.00172681485552
0.00110686543236
0.00054582874848
1.03409409981e-06
0.00297323301233
0.00348728031308
0.00345877187549
0.00324334321933
0.00291357436898
0.0024739935721
0.00183394091919
0.00134561760019
0.000691405742977
5.03787923412e-08
0.00307121091423
0.00313277222217
0.00357824721339
0.00325769156302
0.00282037049612
0.00230377851301
0.00173267484539
0.00114211994865
0.000563521332054
2.22079686349e-07
0.00369133576352
0.00364321288202
0.00359569009815
0.00354722618356
0.00349937961619
0.00256087676042
0.00209277672371
0.00162459286571
0.00116198312399
3.21134018157e-05
0.00229033426171
0.00301073078799
0.00372214389031
0.00444764566053
0.00516390578163
0.00239924722761
0.00185606735205
0.00131279021086
0.000775981233656
-2.03595974879e-05
0.00484808359275
0.00489213813019
0.0049356433027
0.00498001004204
0.0041833206869
0.0035708126455
0.0029500229618
0.00194206554432
0.000999224826367
4.78423371006e-05
0.00547161003421
0.00603966455983
0.00606761825021
0.00554659329984
0.00479562867098
0.00391039957473
0.00295125314168
0.00194964979318
0.000963266232163
2.1755420849e-06
0.00503963821846
0.0050620745808
0.00508423115923
0.00480867825415
0.00430173233731
0.00366434493646
0.0030183395027
0.00199417495901
0.00102571980452
4.84908218418e-05
0.00465836687614
0.00492966866671
0.00519758729409
0.00473842835074
0.00410022206746
0.00334750101449
0.00258460251716
0.00165641695166
0.000816987243636
-3.00473720558e-05
0.00520930088695
0.00521258972277
0.00521583754644
0.00495102094204
0.00440661122768
0.00374718782275
0.00307884843893
0.00204032901202
0.00104918678516
-6.17996348169e-07
0.00418045346559
0.00475707177767
0.00532649959595
0.00485470509371
0.00420264315712
0.00343253491322
0.00265201413498
0.00170085861209
0.000839235169491
4.84899213362e-07
0.00541727448058
0.00539709215486
0.00537716150496
0.00535683615287
0.00453517244813
0.00384873716723
0.00315302068335
0.00209690494798
0.00107795276144
4.97692631889e-05
0.00685114144906
0.00854336788799
0.00862066206847
0.00790843829165
0.00687107558919
0.00563682558178
0.00426185610627
0.00283128260633
0.00141246336733
3.62450358351e-06
0.00571281590311
0.00565927982151
0.00560641134075
0.00555249586427
0.00549926717856
0.00399304413043
0.00325842334646
0.0025236710161
0.0017976665203
5.07697825039e-05
0.00276212979558
0.00424484875214
0.00570907804016
0.0072023046015
0.00867651001567
0.00368489358041
0.00285207442013
0.00201910612937
0.00119605501547
-3.06301355186e-05
0.006463699828
0.00654244141446
0.00662020108466
0.0066995006902
0.00561567399691
0.00479428444217
0.0039617889851
0.00260896951146
0.00134295058723
6.54620224477e-05
0.00690381707985
0.00682472941212
0.0067466279763
0.00666697983691
0.00532533913784
0.00434666506015
0.00335475845636
0.0021488086275
0.00105973182327
-3.92115945143e-05
0.00673075180849
0.00677903083882
0.00682670782432
0.00687532899431
0.00578021326361
0.00492383820827
0.00405588421616
0.00268134137664
0.00137967059028
6.62071713247e-05
0.00608750339471
0.00651782057116
0.00694277164507
0.00737613835616
0.00548087200786
0.00447570104208
0.00345693928918
0.00221611979303
0.00109338937329
-3.95125487095e-05
0.00696728356264
0.00698858147182
0.00700961379373
0.00668804885163
0.00592594804268
0.00503858582967
0.00413922570652
0.00274544217152
0.00141219402156
6.68671603301e-05
0.00536448270215
0.00624598702631
0.00711649889455
0.00648901305747
0.00561862969274
0.00458999005464
0.00354744231255
0.00227573825393
0.00112320034617
-3.97791081395e-05
0.00725722571289
0.0072454499897
0.00723382111108
0.00722196193671
0.0061045906751
0.00517924420429
0.0042413862431
0.00282401733943
0.00145206145345
6.76761791109e-05
0.0124136975456
0.0165003223356
0.0179060369982
0.016725354622
0.0146468874782
0.0121045044226
0.0092430209565
0.00621785783029
0.0031470967114
1.31659103903e-05
0.00766924876851
0.007610473673
0.00755243150941
0.00749323989163
0.00743480227361
0.0053791271577
0.00438656174244
0.0033938185914
0.00241289486916
6.88258373783e-05
0.00321874387263
0.00543925521579
0.00763207653816
0.00986832400953
0.0120760855208
0.00492917035
0.00381603193027
0.00270269418411
0.0016026116452
-4.05701877383e-05
0.00815559770292
0.00827066409425
0.00838429559503
0.00850017742894
0.00711565615137
0.00607552270138
0.00502132574104
0.00330736148114
0.00170290542778
8.39136247186e-05
0.00869023064129
0.00860519766417
0.00852122505763
0.00843558947614
0.00672939687712
0.0054935437912
0.00424098089497
0.00271699381475
0.00134024224303
-4.89821641025e-05
0.0085017116607
0.00857705352569
0.00865145586932
0.00872733166053
0.00732850095886
0.00624279870367
0.00514241680819
0.00340095249241
0.00175033323231
8.47600017477e-05
0.00758411687628
0.00818095738146
0.00877035521987
0.00937142536286
0.00692670960791
0.0056571692568
0.0043704636142
0.0028022491146
0.00138284188409
-4.94246255484e-05
0.0088082697376
0.0088484270221
0.00888808354084
0.00892852540852
0.0075170206455
0.00639095744856
0.00524966889624
0.00348384738811
0.00179234071632
8.55096499735e-05
0.00660441611298
0.0078052017025
0.00899101336358
0.0102003085768
0.00710147231232
0.00580209466919
0.00448514830838
0.00287776095161
0.00142057299475
-4.98165199719e-05
0.00918405060606
0.0091810784048
0.00917814326722
0.00917515000282
0.00774810929364
0.00657257139391
0.00538113919772
0.00358546048606
0.00184383376124
8.6428573605e-05
0.0179187902156
0.024561148669
0.0285645159715
0.0274141789739
0.0243569112371
0.0203952866358
0.0158234255967
0.0108628001484
0.00564695412406
7.54778149609e-07
0.00971805499807
0.00965379352758
0.0095903334047
0.00952561653157
0.00946172404048
0.00683065436888
0.00556796541561
0.00430505035634
0.00305717134603
8.77344124499e-05
0.00369691707352
0.00669005581653
0.00964586979006
0.0126602200505
0.0156361726548
0.00623219589305
0.00482550288465
0.00341855798387
0.00202836392651
-5.09795614868e-05
0.00984584539499
0.00999720116202
0.010146669506
0.010299097888
0.00861417530687
0.00735551131223
0.00607982908391
0.00400507227823
0.00206250918846
0.000102347230326
0.0104749018346
0.0103839293468
0.0102940912959
0.0102024741122
0.00813208517677
0.0066393039207
0.00512633896163
0.00328462482587
0.00162047906856
-5.8743204022e-05
0.0102709442174
0.0103733225215
0.0104744241568
0.0105775279866
0.00887527854063
0.00756047275856
0.00622788965692
0.00411986173962
0.00212063435067
0.000103294736774
0.00907927064451
0.00984247206086
0.0105961562716
0.0113647662779
0.00837113701858
0.00683748513331
0.00528309693853
0.00338780675832
0.00167201207905
-5.93270347004e-05
0.0106474603173
0.0107064585827
0.0107647211333
0.0108241375026
0.00910654140482
0.00774201003959
0.00635902902159
0.00422153240543
0.0021721166372
0.000104133956772
0.0078431401619
0.00936289560764
0.0108636995357
0.0123942250532
0.0085828686499
0.00701301706448
0.00542193971807
0.00347919646992
0.00171765560263
-5.98441418726e-05
0.0111089961817
0.0111148189159
0.0111205690399
0.0111264330382
0.00939002491576
0.00796453960988
0.00651978050087
0.00434616096351
0.00223522395617
0.000105162678059
0.0230550276535
0.0244665794696
0.0306204017956
0.0289037088709
0.0254986954512
0.021361444469
0.0166798847873
0.0116077336093
0.00619636076816
0.000118154436367
0.0117648629363
0.0116951204419
0.0116262476441
0.0115560109047
0.0114866688609
0.00828076584136
0.00674821681352
0.00521539335663
0.00370081943155
0.000106624545152
0.00417462389093
0.00793963645612
0.0116576989003
0.0154493930317
0.0191927874784
0.00753395053763
0.00583398925735
0.00413372357
0.00245370095278
-6.13787825127e-05
0.0115343413308
0.0117219488636
0.0119072169098
0.0120961539634
0.0101111414117
0.00863417335535
0.00713723540421
0.00470205997464
0.00242174025929
0.000120761731523
0.012257723412
0.0121608175692
0.0120651201529
0.0119675275661
0.00953331974391
0.00778387659555
0.0060107794518
0.00385166754972
0.00190042545938
-6.84941276947e-05
0.0120383431587
0.0121677298816
0.0122955031377
0.0124258067873
0.0104204530572
0.00887678118887
0.00731223753216
0.00483802591628
0.00249055169255
0.000121810262582
0.0105728748499
0.0115022647626
0.0124200650808
0.0133560413138
0.00981406743873
0.00801657774193
0.00619478441856
0.00397275753579
0.00196088258084
-6.92191810918e-05
0.0124847447778
0.0125625644975
0.0126394137968
0.0127177850027
0.0106944148003
0.00909166241285
0.00746723941691
0.00495845289317
0.002551498962
0.00012273896152
0.00908058040927
0.010918975134
0.0127344448742
0.014585867776
0.0100627296827
0.00822268447159
0.00635776024626
0.00408000866631
0.00201443031699
-6.98613712434e-05
0.0130319467624
0.0130465553171
0.0130609817015
0.0130756937828
0.0110302388725
0.00935506520354
0.00765724172725
0.00510607305838
0.00262620851811
0.00012387736667
0.0355068085198
0.0311984084261
0.0274442991984
0.0241797460181
0.0203069625811
0.0163409995486
0.0122975091545
0.00826013554995
0.00421689663619
9.47918168463e-05
0.0138095495827
0.0137343317449
0.0136600518818
0.0135843009968
0.0135095150482
0.00972937443241
0.00792724501036
0.0061247928863
0.00434380044646
0.000125495100304
0.00465183561764
0.00918792204249
0.0136674429705
0.0182356753413
0.022745716261
0.00883435605637
0.00684143044459
0.00484814796548
0.0028785971639
-7.17672258871e-05
-0.0111284626304
-0.0113925029676
-0.0116532506928
-0.0119191622084
-0.00999641338289
-0.00857862018042
-0.00714165717875
-0.00471234661298
-0.00242822278934
-0.000123405689524
-0.0118035825594
-0.0118003763043
-0.0117972100315
-0.0117939810545
-0.00941694157977
-0.00771911606926
-0.0059983344788
-0.00383624093751
-0.00188838686273
7.71140146984e-05
-0.0116110708179
-0.0118158403704
-0.012018056424
-0.0122242771197
-0.0102880794372
-0.00881121668359
-0.00731438545904
-0.00484307053593
-0.00249558118526
-0.000126824491308
-0.010595158417
-0.0113826504981
-0.0121603224663
-0.0129533952783
-0.00970773812419
-0.00796290536926
-0.00619448095548
-0.00396643137801
-0.0019552141645
7.42238971099e-05
-0.0120385237839
-0.0121907963557
-0.0123411700716
-0.0124945217555
-0.0105464122281
-0.00901723072926
-0.00746737336444
-0.00495885458198
-0.00255524147879
-0.000129852572888
-0.00952483989091
-0.0110126647841
-0.0124819363372
-0.0139803050195
-0.00996530077782
-0.00817883303498
-0.00636821069198
-0.00408174291102
-0.00201440406036
7.16640786743e-05
-0.0125624983875
-0.0126504198215
-0.0127372448655
-0.0128257893735
-0.0108630782299
-0.00926976407557
-0.0076549069259
-0.00510078341261
-0.0026283734515
-0.000133564414825
-0.0082128365363
-0.0105591339089
-0.012876172695
-0.0152390976053
-0.0102810227403
-0.00844351856069
-0.0065811697238
-0.00422309253213
-0.00208695941658
6.85262367211e-05
-0.0133070938768
-0.0133035689571
-0.0133000879936
-0.0132965380939
-0.0132930334138
-0.0096286272519
-0.00792140198693
-0.00621387101414
-0.00452666961073
-0.000138839137577
-0.0063484107166
-0.00991464266507
-0.0134364033087
-0.0170279081221
-0.0205736633196
-0.00881965062355
-0.0068837957164
-0.00494759416141
-0.00303444468831
6.40671981559e-05
0.00108474932826
0.00106300760083
0.00104153699514
0.00101964119031
0.000881617186437
0.000754868277325
0.000626405612547
0.000411928118772
0.000211418404173
9.09214930766e-06
0.00102854065624
0.00104874755326
0.00100880731418
0.000919880530833
0.000799363581887
0.000654630530626
0.000492389949961
0.000323697068632
0.000158823199163
8.60782860827e-07
0.00110938917397
0.00108560579811
0.00106211900356
0.000975241667094
0.000898169307292
0.000768705277522
0.000637490781289
0.000419341600534
0.000215327060996
9.46422883615e-06
0.00123619848495
0.00118837093899
0.0011411398078
0.00103873132728
0.000900680260202
0.000736817978855
0.000570740136716
0.000364348539383
0.000179092068887
-7.84275339862e-06
0.00113121303732
0.00110562134427
0.00108034878244
0.000973118185801
0.000912829757192
0.000780960906268
0.000647309073604
0.000425907827237
0.000218789014181
1.09701203487e-06
0.00126598400048
0.00121592855076
0.001166497298
0.00106199454204
0.000921263708164
0.000754160601527
0.000584798115317
0.000373690814492
0.000183874352808
1.22454861238e-06
0.00115796486981
0.00113015652988
0.00110269496301
0.00107468955334
0.000930800631263
0.000795983935054
0.000659344399667
0.000433956750292
0.000223032698732
1.01977570495e-05
0.00113343285042
0.00114181796749
0.00109532696917
0.000877567123768
0.000869344626022
0.000713699793905
0.000538281994828
0.000355211542163
0.000174946716736
1.15543192584e-06
0.00119598063177
0.00116502231997
0.00113445006172
0.00110327235722
0.00107249180324
0.000817332449643
0.00067644723144
0.000535536785336
0.000396303994708
1.07718226077e-05
0.001354379724
0.00129771243084
0.00124175178506
0.00118468290701
0.00112834098867
0.000805629030102
0.000626518567941
0.000447376032996
0.000270366338185
-7.12466756795e-06
0.00210565116228
0.00225617523395
0.00226130392198
0.00213868434407
0.00193592166421
0.00166256048129
0.00131651036833
0.000911552745572
0.000468278030881
1.22108597899e-06
0.00226009355485
0.00240762956619
0.00236333996252
0.00216532129833
0.0018826787735
0.00154268506068
0.00102024435778
0.000764186186408
0.00037490267853
3.96227733556e-08
0.00251469048585
0.00251090167871
0.00250716011841
0.00236330553084
0.00213397760712
0.00182705355332
0.00151597961893
0.00100071009537
0.000514816459751
2.4520816203e-05
0.00254327553927
0.00257716292675
0.00261062773479
0.0023865187162
0.00207265236515
0.00169792572511
0.00131813245446
0.000842794342702
0.000414880975236
-1.69091214148e-05
0.00258614850694
0.00257455196855
0.00256310004027
0.00241395144958
0.0021787971676
0.0018634226701
0.00154378403465
0.00102079305015
0.000525251885294
3.07134291495e-07
0.00245810747562
0.00256689056526
0.0026743171178
0.00244432740327
0.00212396418942
0.00174103903866
0.00135293640628
0.000865907830502
0.000426730628437
8.21685022506e-07
0.00267374221021
0.00265257490449
0.0026316715574
0.00261035424504
0.00223373727399
0.00190800416808
0.00157786686683
0.0010454108657
0.000538043697249
2.60799789867e-05
0.00199769730768
0.00266396940156
0.00259568793039
0.00208833982801
0.00207128988294
0.00170210234005
0.00128581072459
0.000849310319178
0.000419122432654
7.13592453607e-07
0.00279821747275
0.00276344960293
0.00272911529226
0.0026941010325
0.00265953279439
0.00197135682312
0.00162630036519
0.001281182119
0.00094017279116
2.73001933392e-05
0.00220535064158
0.00253640484728
0.00286333077061
0.00319673106269
0.00352588440647
0.00186898822727
0.00145622555363
0.0010433889678
0.000635467543175
-1.49896364733e-05
0.00338862538581
0.00437327625355
0.00456672693864
0.00436758623189
0.00397016233859
0.00341789431327
0.00271909405873
0.00189573460827
0.000985226436241
6.11741984124e-07
0.00363409036411
0.00395774456711
0.00396650926981
0.00364356571788
0.00317128376218
0.00260123588291
0.00196910417001
0.00130224161221
0.000643214288808
2.16476479638e-06
0.00385738378307
0.00387269876042
0.00388782275831
0.00368952933083
0.00331472902805
0.00283825102678
0.00235533062786
0.00155617786205
0.000800963213403
3.89066128756e-05
0.00379212059829
0.00390408241187
0.00401464804931
0.00367426041108
0.00319241157732
0.00261621486204
0.00203222746521
0.00129992475863
0.000640165176879
-2.55715708572e-05
0.00397626469515
0.00397803980894
0.00397979278688
0.00379059370369
0.00338836407121
0.00289765934411
0.00240031986163
0.00158917535697
0.000818061433972
-4.47553363519e-07
0.00359712028803
0.00385766545199
0.00411496158909
0.00376507552441
0.00327308278847
0.00268395074842
0.00208685312997
0.00133619593355
0.000658767338798
4.36769533392e-07
0.00443623849552
0.00541354649904
0.00558176455495
0.0053178413095
0.00482710820706
0.0041519481416
0.00329830306764
0.00229617546387
0.0011912404927
9.94860053247e-07
0.00503647553472
0.00597363394748
0.00603584802839
0.00558035871926
0.00488014176909
0.00402528133076
0.00305483169702
0.00203170699329
0.00101105460052
3.48303832428e-06
0.00432907256323
0.00429066485618
0.00425273609747
0.004214056206
0.00417586903006
0.00307396789877
0.00253383629733
0.00199360797612
0.00145981152016
4.30922034992e-05
0.00301840968985
0.00371991189365
0.00441266628777
0.00511913983687
0.00581661412376
0.00288497337899
0.00224896800603
0.00161284874546
0.00098430301113
-2.25042107092e-05
0.00497083235571
0.00502618685149
0.00508085107062
0.00513659784786
0.00434286309871
0.00372466125279
0.00309810077936
0.00204240478048
0.00105131743118
5.12512147855e-05
0.00534095584693
0.00528020575273
0.0052202132189
0.00515903260618
0.00415297766315
0.00340157411142
0.00264001092909
0.0016870168522
0.000829819251792
-3.51442264952e-05
0.00515687183808
0.00519067587752
0.00522405837687
0.00525810197585
0.00445748617938
0.0038169101448
0.00316767296421
0.00209377176323
0.00107790232461
5.2829502769e-05
0.00500078026772
0.00518830422518
0.00537348973825
0.00556234262432
0.00427613912977
0.00350495525193
0.00272334429625
0.00174234561252
0.000858200173868
-3.39552796318e-05
0.00532164966533
0.00533636615772
0.00535089913383
0.0051229383046
0.00455900947939
0.0038986163063
0.00322929404222
0.00213926823367
0.0011014489445
5.4227414983e-05
0.00469948189757
0.00510690572935
0.00550924894111
0.00504332455615
0.00438522500021
0.00359652140495
0.00279715385001
0.00179135108595
0.000883337561992
-3.29022124099e-05
0.00718157852836
0.0107047085732
0.0119328721333
0.0116476547281
0.0106639586468
0.00921673989578
0.00736260681415
0.00517015578198
0.00271841200118
3.56968468117e-08
0.00849312024536
0.0117884790555
0.0128321374205
0.0121232915066
0.0106966574169
0.00887993814385
0.00679603760476
0.00456992525146
0.0023049562033
3.90485292788e-06
0.00581066773328
0.00576873731186
0.0057273297674
0.00568510219708
0.00564341253363
0.00414109910817
0.00341216949953
0.0026831093636
0.00196272929196
5.83760576824e-05
0.00380530608937
0.00486533599977
0.00591214722055
0.00697968925948
0.00803363264246
0.00386826611716
0.00301620155798
0.0021639844221
0.00132191363651
-2.97769806547e-05
0.0062774102492
0.00635868601845
0.00643894826993
0.00652080001729
0.00550660236032
0.0047231643271
0.0039291335292
0.00259060324845
0.00133370807844
6.54259255609e-05
0.00673236304178
0.00666642241271
0.00660130407053
0.00653489613909
0.00525427784521
0.00430410108312
0.00334107710347
0.00213527042692
0.00105042195658
-4.42548202468e-05
0.00651771547828
0.00657088154453
0.00662338462409
0.00667692746303
0.00565419883531
0.00484177684638
0.00401837020442
0.00265674826665
0.00136791717065
6.74097646588e-05
0.00626650704217
0.00653316082506
0.00679648940593
0.00706503288784
0.00541103509267
0.00443565769487
0.00344709234496
0.00220565545442
0.00108652973631
-4.27348268721e-05
0.00673055725262
0.00675882615335
0.00678674253777
0.00681521177211
0.00578492714174
0.00494683364917
0.00409740840248
0.0027153338542
0.00139821665231
6.91668792883e-05
0.00585389172823
0.00641512913314
0.00696936784585
0.00753458257958
0.00554987722614
0.00455217926528
0.00354099155885
0.00226799647877
0.00111851091263
-4.1388547026e-05
0.0119490969606
0.0166216482227
0.0204692562078
0.0207836395786
0.0193093301654
0.0165860659599
0.0135243734417
0.00959677963988
0.00513268670326
5.14940350323e-07
0.0131743851704
0.0172744819476
0.0186661337324
0.0213318775162
0.0190993724685
0.0160419599439
0.0124495245123
0.00852592943868
0.004409339473
6.2092619024e-06
0.00736221671193
0.00731659725047
0.00727154666871
0.00722560391518
0.00718024639359
0.0052586151284
0.00433197337735
0.00340516569529
0.00248939242569
7.43815420598e-05
0.00462935595782
0.00606484153131
0.00748242644175
0.00892808489056
0.0103553281284
0.00489798521617
0.00381966019361
0.00274114207857
0.00167546461426
-3.73931358697e-05
0.00758271377946
0.00768988554004
0.00779572085696
0.00790365211312
0.00666920657554
0.0057206935172
0.00475935573603
0.0031382670342
0.00161582329762
7.95868111139e-05
0.00812241313565
0.00805128703425
0.00798104788316
0.00790941773144
0.00635450388048
0.00520574778035
0.00404145949701
0.00258308680011
0.0012708094978
-5.33565280332e-05
0.00787723182748
0.0079497410359
0.00802134604652
0.00809436910694
0.00684974428446
0.00586564395013
0.00486823772198
0.00321917567417
0.00165764915238
8.19758057741e-05
0.0075309992973
0.0078767057268
0.00821810115908
0.00856625751107
0.00654482414134
0.00536545238255
0.00417013449019
0.00266851340973
0.00131463659882
-5.15058110316e-05
0.00813809067001
0.00817989876081
0.00822118550013
0.0082632898729
0.00700964911236
0.00599402861929
0.0049646760524
0.00329083761244
0.00169469490945
8.40917724732e-05
0.00700717561191
0.00772207656877
0.00842806263203
0.00914802988732
0.00671339351524
0.00550690503022
0.00428410376986
0.00274417697826
0.0013534548883
-4.98666045445e-05
0.0142367201986
0.020275823658
0.0248865640198
0.0250261279043
0.0229975159753
0.0198415161538
0.0158611801975
0.0112137169481
0.00600527374752
3.06390947238e-05
0.0157302985923
0.0221283605631
0.025833234921
0.0248527914113
0.0220563405193
0.0184678230116
0.0143541758311
0.00990274888782
0.00518133597274
4.13212883704e-05
0.00891225239623
0.00886294749281
0.00881425742696
0.00876460311381
0.00871558131151
0.00637504118583
0.00525088012976
0.00412651777349
0.00301554188157
9.03714155801e-05
0.00545260209397
0.00726317713204
0.00905117410016
0.0108745801652
0.0126747591621
0.00592669998459
0.0046223351805
0.00331773680765
0.00202867075809
-4.50018627117e-05
0.00888666450585
0.00901970541938
0.00915108729808
0.00928507103448
0.00783060587906
0.00671718887775
0.00558871750864
0.00368536322652
0.00189764613532
9.37330204628e-05
0.00951102259512
0.00943471639557
0.00935936174273
0.00928251478299
0.00745358965219
0.00610646001971
0.00474111602104
0.00303043906076
0.00149096863151
-6.24488028983e-05
0.00923533918716
0.00932717149071
0.00941785863533
0.00951034172813
0.00804405068193
0.00688844992797
0.00571722444512
0.00378102018741
0.0019470808587
9.65267507862e-05
0.00879418104497
0.00921885819168
0.00963823956764
0.0100659262797
0.00767743814206
0.00629428344006
0.00489242728157
0.00313089166357
0.0015425070536
-6.02677050285e-05
0.00954416533346
0.00959949858246
0.00965414181975
0.00970986719964
0.00823310179304
0.00704013828673
0.00583104487457
0.00386574492419
0.0019908658994
9.9001197644e-05
0.0081592642434
0.0090276694968
0.00988524564113
0.010759805034
0.00787570394737
0.00646064132667
0.00502644582661
0.00321986396891
0.00158815537031
-5.83358754866e-05
0.0163626661909
0.0219860320395
0.0245055021721
0.0230427254106
0.020193349941
0.0167827649795
0.0129729798854
0.00893710127976
0.0046583637804
7.78899477039e-05
0.0204880050366
0.024066546951
0.0245999772036
0.0223281262725
0.0190415544103
0.0155170204505
0.0118246617747
0.00804701696691
0.00421756410662
5.73960632508e-05
0.0104606816386
0.0104076951128
0.0103553693348
0.0103020073086
0.0102493250232
0.00749031019014
0.00616883453616
0.00484712224941
0.00354114604127
0.000106344717351
0.00627499502585
0.00846027078942
0.0106182959238
0.0128190581111
0.01499178636
0.00695434860303
0.00542417828285
0.00389373395956
0.00238151084251
-5.26027039431e-05
-0.00787352281466
-0.00803276077771
-0.00819001302585
-0.00835037946276
-0.00712613143831
-0.00616445785101
-0.00518978159906
-0.00342826814763
-0.00176413119729
-8.49178114412e-05
-0.0084992835192
-0.00848703981525
-0.00847494879164
-0.00846261832007
-0.00685880734715
-0.00565337155704
-0.00443163722493
-0.00282026822746
-0.00138013297661
7.30493411983e-05
-0.00813161113768
-0.00825596843573
-0.00837877498459
-0.00850401356721
-0.00727879516873
-0.00629440155961
-0.00529669809136
-0.00350063135163
-0.00180362939483
-9.12532583188e-05
-0.00883695876919
-0.00879040525496
-0.00874443226818
-0.00869754884252
-0.00708113330342
-0.00584378399385
-0.0045897046437
-0.00292685756512
-0.00143726313323
6.58264466261e-05
-0.00836020365235
-0.00845366664711
-0.00854596414804
-0.00864008948829
-0.00741401161567
-0.00640949455866
-0.00539139555597
-0.00356472447518
-0.00183861351266
-9.68646541246e-05
-0.00913604256204
-0.0090591003587
-0.00898311763311
-0.00890563016241
-0.00727805057897
-0.00601243500931
-0.00472970721461
-0.0030212652642
-0.00148786412909
5.94290257194e-05
-0.00864041383163
-0.0086960063901
-0.00875090570325
-0.00880689223026
-0.0075797608087
-0.00655057629944
-0.00550747631904
-0.00364329023952
-0.00188149727
-0.000103743139306
-0.00950266140489
-0.00938846855039
-0.00927569969335
-0.00916069758679
-0.00751943304577
-0.00621916851213
-0.00490132326927
-0.00313699083081
-0.00154989115628
5.15870258982e-05
-0.00903860724429
-0.00904038391961
-0.00904213843959
-0.00904392770569
-0.00904569417962
-0.00675106087843
-0.00567243319288
-0.00459361236063
-0.00352763578322
-0.000113517828774
-0.0100236460763
-0.00985651808594
-0.00969147420001
-0.00952316182143
-0.00935699345408
-0.00651294770035
-0.00514519871537
-0.00377720481161
-0.0024254980074
4.04431314155e-05
0.000709200213951
0.000723731796231
0.000709722534505
0.000669944814248
0.000608875098173
0.000526168854329
0.000419540246068
0.000292075689254
0.000150480177665
7.87739412272e-07
0.000766840552219
0.000785334752092
0.0007564796406
0.000692878004793
0.000605554619943
0.000498908696933
0.000377067368839
0.00024871505697
0.00012196037825
6.38717983643e-07
0.000755295378368
0.000739941102383
0.000724778295908
0.000669159815972
0.000621112596009
0.000536484268542
0.000450711692364
0.000297641730993
0.00015342511539
7.90195317008e-06
0.000836189038237
0.000805497980969
0.000775189644562
0.000710078812884
0.000620764053703
0.000511911081624
0.000401586322537
0.000255869606702
0.000125697505212
-5.65390504292e-06
0.000770686805187
0.000754297916403
0.000738113398865
0.000668464531785
0.000631951522664
0.000545620778273
0.000458122767012
0.000302571653677
0.000156033488804
8.93169059331e-07
0.000855351293652
0.000823356840831
0.000791761362356
0.000725313814335
0.000634235266462
0.000523427479494
0.000411121474717
0.000262206493607
0.00012900753195
8.40200006458e-07
0.000764608293226
0.000771896591653
0.000754459654103
0.000667612247942
0.000645237948886
0.000556820370847
0.00044365453962
0.000308614784708
0.000159230849763
9.53870977334e-07
0.000841020555264
0.000845248346468
0.000812075080943
0.000743988977405
0.000650748365973
0.000537544354302
0.00040765104475
0.000269974290459
0.00013306498408
9.56204807472e-07
0.000816364588002
0.00079690523543
0.000777688543125
0.000758091287691
0.000738743667705
0.000572735581347
0.000480116924031
0.000387481681765
0.000295949338722
8.956546473e-06
0.000912219922628
0.000876357328163
0.000840941944198
0.000804825201793
0.000769168524787
0.000557605176397
0.000439419345703
0.000321212351819
0.000204412710024
-4.63917729896e-06
0.00159195889942
0.00169111116062
0.00169292676347
0.00160729244957
0.00146340511046
0.00126532030737
0.000886837358735
0.000703083158951
0.000361998147824
7.4143695476e-07
0.0017116407133
0.00180970652419
0.00177632786108
0.00163559170778
0.0014301849927
0.00117858596627
0.000891006099196
0.000587763034678
0.000287905144674
3.52420041617e-07
0.0017370823101
0.00173377021576
0.00173049942361
0.00164142802298
0.0014938601816
0.00129113094184
0.00108566062614
0.000717258486152
0.00036963201926
1.88561913717e-05
0.00190483650166
0.00186561179877
0.00182687623225
0.00168172980452
0.00147163630729
0.0012140607392
0.000953002525043
0.000607483516324
0.000298366625435
-1.35507446257e-05
0.00177942802578
0.00177155395032
0.00176377806545
0.001671662388
0.00152083467319
0.00131399178951
0.00110435220985
0.000729813775958
0.000376393448247
2.94698005449e-07
0.00195915720177
0.00191512789911
0.00187164764671
0.00172259497591
0.00150835032879
0.00124548125237
0.000979057957038
0.00062495022864
0.000307632508394
6.09275945198e-07
0.00162291984562
0.0018178694959
0.00180457123931
0.0017087238677
0.001553900179
0.00134201476407
0.00107015229145
0.000745204131205
0.000384681651521
3.74846709973e-08
0.00173162252827
0.00197582505437
0.0019265287354
0.00177268776665
0.0015533546132
0.00128399672012
0.000975164873281
0.000646361037284
0.000318990687506
7.57162677563e-07
0.00190509918198
0.00188368632383
0.00186254048638
0.00184097588143
0.0018196859726
0.00138183688582
0.00115982400666
0.000937771372302
0.000718362458327
2.24869848626e-05
0.00212036702145
0.00206207890658
0.00200451765091
0.00194581646486
0.0018878630313
0.00133872922693
0.00105638375521
0.000773987724729
0.000494953852695
-9.6196754586e-06
0.00302671800811
0.00343026497679
0.00358509201134
0.00345171086882
0.00315845758151
0.00273671889602
0.00218985757297
0.00153387829805
0.000797951251924
2.8814395835e-06
0.00305628726964
0.00335970929637
0.00337900048509
0.00312342830405
0.00272764224333
0.00223887683028
0.00169117451347
0.0011178686126
0.000550734336662
5.19840990737e-07
0.00267512934769
0.00268332294003
0.00269141435738
0.0025703804075
0.00232772571879
0.0020121571171
0.00169232175301
0.00111818076509
0.00057620662229
2.93224039093e-05
0.00292587432044
0.00287849615703
0.00283170880454
0.00261009247142
0.00228460108717
0.00188492870958
0.00147985241327
0.000943432565591
0.000463343110122
-2.10957696586e-05
0.00274322850334
0.00274348989512
0.00274374802731
0.00263016646534
0.00237011691475
0.00204813086547
0.00172179128432
0.00113802170192
0.000586936082783
-2.77110378869e-07
0.00301378711048
0.00295825912632
0.00290342358223
0.0026754459551
0.00234352241982
0.00193536658363
0.00152169212496
0.000971533255012
0.000478299508105
3.88639853423e-07
0.00368664136969
0.00406877620048
0.00418473639777
0.00400678234352
0.00365864833995
0.0031673896376
0.00253235384055
0.00177111635481
0.000919192690643
2.12960946012e-06
0.00379658737088
0.00440217787373
0.00449930271413
0.00418301428505
0.00368133124909
0.00305344244031
0.00232776432388
0.0015511420939
0.000770531027521
1.55177459509e-06
0.00294532922335
0.00292204989086
0.0028990608542
0.00287561654774
0.00285247088156
0.0021548916671
0.0018092492482
0.00146354493614
0.00112195652001
3.54146244944e-05
0.00327468958412
0.00319497503515
0.00311625453538
0.00303597507223
0.00295671823185
0.00208505317758
0.00164586159194
0.00120659136155
0.000772551006795
-1.43782858998e-05
0.00347796488342
0.00350993228852
0.00354150105657
0.00357369500553
0.00307005220052
0.0026550380634
0.00223441257362
0.00147584004951
0.000759684275127
3.70404071233e-05
0.003778094614
0.00373568209335
0.0036937984615
0.00365108537545
0.00298061618846
0.00245648316269
0.00192526340182
0.0012252250769
0.000599906680315
-3.10768584761e-05
0.00358299186767
0.00360232091622
0.00362140892941
0.0036408749574
0.00313475909514
0.00270998208134
0.00227946171226
0.00150620214983
0.00077613405893
3.94518342133e-05
0.00391405714073
0.0038587878792
0.00380420783144
0.00374854689247
0.00307140625168
0.00253420946178
0.00198974930331
0.00126857143202
0.000623010974445
-2.83980105541e-05
0.00367601576802
0.00368415084362
0.00369218447393
0.00355782775757
0.0031920709161
0.00275864678293
0.00231936237791
0.00153309429583
0.000790703867441
4.15876696358e-05
0.00403448109298
0.00396782443238
0.00390199898767
0.00359763605483
0.00315182030768
0.00260305275526
0.00204686538748
0.00130696391797
0.000643474777817
-2.60253166804e-05
0.00379004506521
0.00378445849655
0.00377894159301
0.00377331543394
0.00326232411598
0.00281830028811
0.00236827287129
0.00156605886189
0.000808563632712
4.42057904764e-05
0.00739007535324
0.0088889730471
0.009758328421
0.00929152577129
0.00825431514751
0.00689102577039
0.00529364170668
0.00356709314276
0.00179789440118
3.15729915803e-06
0.00395208669806
0.00392700095071
0.00390222802539
0.00387696450253
0.00385202279366
0.00290307105864
0.00243777725662
0.0019724001358
0.00151256371475
4.79262779866e-05
0.00439186830611
0.00429141678376
0.00419221790295
0.00409105450942
0.00399117976414
0.00280736188431
0.00221637118568
0.00162527466009
0.00104121562783
-1.89837735712e-05
0.00439922279548
0.00444670794266
0.00449360094482
0.00454142260565
0.00389754856927
0.00337080595283
0.00283694131735
0.00187384501576
0.000964510729102
4.69382264032e-05
0.00477449544228
0.00472764716125
0.00468138308344
0.00463420280205
0.0037791588133
0.00311465837504
0.00244117331198
0.00155354703909
0.000760601670139
-3.9527476391e-05
0.00453371929586
0.00456470956338
0.00459531337885
0.00462652326552
0.00397989671176
0.00344075498909
0.00289432360065
0.00191254404089
0.000985501108979
5.00595275698e-05
0.00494889720806
0.00488536426865
0.00482262359198
0.00475864041281
0.00389536057744
0.00321414613294
0.00252372107572
0.00160906179424
0.000790217588519
-3.60450281958e-05
0.00465284476763
0.00466922528459
0.0046854015347
0.0047018981357
0.00405283363797
0.00350270984977
0.00294514790871
0.00194682032029
0.0010040925883
5.28241086031e-05
0.00510336734347
0.00502505656378
0.00494772232812
0.00486885658234
0.00399828213997
0.00330226386137
0.00259683480932
0.00165823200594
0.000816448830513
-3.296057408e-05
0.00479886953948
0.00479734132995
0.00479583217736
0.00479429313785
0.00414224019268
0.0035786545177
0.00300744867343
0.00198883640471
0.00102688214359
5.62129498697e-05
0.010505577725
0.0143533704425
0.0170031530553
0.0159563765056
0.0153283507949
0.0129377943672
0.0100592008361
0.00689187356693
0.00355253732828
1.63345511851e-06
0.00500637842579
0.00497940097335
0.00495275993272
0.0049255912988
0.00489876874671
0.00368657588793
0.00309598133909
0.00250528103423
0.00192161350535
6.10286716696e-05
0.00556179484212
0.00543962724609
0.00531898309343
0.00519594973063
0.00507448360201
0.00356377453929
0.00281381750258
0.00206372617327
0.001322565302
-2.38067102526e-05
0.00531958216394
0.00538256991805
0.00544477220794
0.00550820633823
0.0047242378442
0.00408587572217
0.00343888238815
0.00227146179016
0.00116913740677
5.6826391902e-05
0.00576992443675
0.00571864472173
0.00566800447041
0.00561636135074
0.00457692258419
0.00377219163999
0.00295658003239
0.00188154877435
0.000921139927031
-4.79698520444e-05
0.00548351943753
0.00552615955031
0.0055682679362
0.00561121022725
0.00482421002828
0.00417081514169
0.00350858578704
0.00231848960872
0.00119466395408
6.06568747737e-05
0.0059827279501
0.00591093939274
0.00584004604658
0.00576774874426
0.00471851126409
0.00389341963179
0.00305717204185
0.00194922006115
0.000957261118586
-4.36845873629e-05
0.00562872102271
0.00565333893889
0.00567764986694
0.00570244224325
0.00491275681989
0.00424604719898
0.00357032308321
0.00236014281945
0.0012172731817
6.40495881744e-05
0.00617121106193
0.00608125752991
0.00599242572833
0.00590183472139
0.00484391838058
0.00400079299596
0.00314626782165
0.0020091574866
0.000989254173963
-3.98890672164e-05
0.00580671006262
0.00580923625392
0.00581173094334
0.00581427503704
0.00502129804831
0.00433826714018
0.00364600105915
0.00241120159389
0.00124498771877
6.82083981493e-05
0.0119393561939
0.0177496942711
0.0214881185934
0.0211705269839
0.0189943662129
0.0159917969577
0.0118779686335
0.00858594782775
0.00449811507456
2.82676065101e-06
0.00605964185616
0.0060307745437
0.0060022672098
0.00597319532296
0.00594449376213
0.0044693165303
0.00375354344601
0.00303764219034
0.00233026433159
7.41182860085e-05
0.00673058029702
0.00658671780797
0.00644464929999
0.00629976729866
0.00615673084572
0.00431944943155
0.00341068110365
0.00250175004529
0.0016036405634
-2.86249429106e-05
0.0062389876809
0.0063174619752
0.00639495768641
0.00647398810556
0.00555007034641
0.00480020440016
0.00404019961308
0.00266866647841
0.00137355201135
6.67043094024e-05
0.00676432177829
0.00670861522199
0.00665360333258
0.00659750199986
0.00537385956048
0.00442904344386
0.00347145259029
0.0022092105718
0.00108151180364
-5.64034781019e-05
0.00643233521557
0.00648661309984
0.00654021413291
0.006594876669
0.00566764830668
0.00490011866706
0.00412221135808
0.00272401445853
0.00140361002485
7.12432389901e-05
0.00701548724001
0.00693545162074
0.00685641405445
0.00677581124566
0.00554080884539
0.00457198913819
0.00359007014458
0.00228902579134
0.00112413152636
-5.13162289652e-05
0.00660358588914
0.00663643266737
0.00666886984267
0.00670194939661
0.00577178878578
0.0049886141606
0.00419485033223
0.0027730369552
0.0014302328368
7.52634337678e-05
0.00723794807753
0.00713636385963
0.00703604640811
0.00693374229194
0.00568867821202
0.00469859818174
0.00369513140696
0.00235971927151
0.00116188042364
-4.68103797298e-05
0.00681350606964
0.00682008245984
0.00682657684172
0.00683319983692
0.00589944485694
0.00509709250752
0.00428389165538
0.0028331290479
0.00146286725146
8.01914144631e-05
0.0137253933429
0.019392053519
0.0216336058849
0.0200137593256
0.017265346765
0.0141488014812
0.0108499153736
0.0074290362962
0.00395137595534
8.62379923699e-05
0.00711181369456
0.00708105848071
0.00705068678775
0.0070197136205
0.00698913499832
0.00525124594788
0.00441042406196
0.00356945161253
0.00273849163609
8.71943343984e-05
0.00789815443405
0.00773261953635
0.00756914887703
0.00740244088089
0.00723785645891
0.0050743411497
0.0040069261211
0.00293931995363
0.00188442452113
-3.34381819991e-05
-0.00461858299894
-0.00467301858779
-0.00472677535886
-0.00478159671715
-0.00425584949372
-0.0037502955216
-0.00323790601937
-0.00214418968229
-0.00110003960524
-4.64299333582e-05
-0.00519498447896
-0.00517370332623
-0.0051526875518
-0.00513125558563
-0.00430067311453
-0.00358762704481
-0.00286493997107
-0.0018042955174
-0.000871879090493
6.89846676981e-05
-0.00465215145749
-0.00469609650109
-0.00473949354515
-0.00478375001469
-0.0042695109003
-0.00377758643564
-0.00327901072368
-0.00215819216733
-0.00111167760441
-5.56820253294e-05
-0.00707875912135
-0.0061981600118
-0.00532854207004
-0.0044417024067
-0.00445452848264
-0.00372466261843
-0.00298492833192
-0.00188728375224
-0.000919312101956
5.74289961424e-05
-0.00468188352078
-0.00471653693857
-0.00475075822444
-0.00478565722109
-0.00428161100326
-0.00380175838807
-0.00331541774749
-0.00217059436838
-0.00112198554653
-6.38767353611e-05
-0.00874724523317
-0.0071055359333
-0.00548429892906
-0.00383095530536
-0.00459080038011
-0.00384603698364
-0.00309120373725
-0.00196078761737
-0.000961324197823
4.71939727645e-05
-0.00471832927577
-0.00474159295872
-0.00476456654098
-0.00478799508699
-0.00429644338754
-0.0038313885233
-0.00336004571217
-0.00218579706643
-0.00113462108849
-7.3921863787e-05
-0.0107924862735
-0.00821780319192
-0.00567522669172
-0.00308229756824
-0.00475784335121
-0.00399481846357
-0.00322147681474
-0.00205088912948
-0.00101282289598
3.46478150754e-05
-0.00477012061182
-0.00477719888209
-0.00478418888554
-0.00479131731749
-0.00479835494542
-0.00387349450496
-0.00342346439882
-0.00297335370712
-0.00252860195571
-8.81965199712e-05
-0.013698881436
-0.00979839350681
-0.00594654509129
-0.00201841552074
0.00185967641141
-0.00420624477715
-0.00340660171435
-0.00260681546181
-0.0018165513265
1.68190646751e-05
0.000391086593728
0.000384455991632
0.000377908073873
0.000371230482597
0.00033613300991
0.000297469431333
0.000258283087492
0.000172223259736
8.9541951157e-05
6.11158198207e-06
0.000597890694821
0.00060508948833
0.000582928402171
0.000535623812666
0.000470182299783
0.000389650623911
0.000296084940577
0.000195502598618
9.50215698607e-05
7.31486858094e-07
0.000401201582764
0.000394276406658
0.00038743758826
0.000380463335413
0.000344055884727
0.000304263259561
0.000263932603438
0.000175941861453
9.1523169785e-05
6.33967750402e-06
0.000436179591522
0.000422625022942
0.000409239481324
0.000395588855397
0.000340847847204
0.000287004184394
0.000232432508358
0.000147390674021
7.23029415373e-05
-3.46505668722e-06
0.000410160573053
0.000402974488539
0.000395878015288
0.000363810877769
0.000351073288136
0.000310280650278
0.00026893646042
0.000179235480117
9.3277963427e-05
6.54170496632e-06
0.00044471858682
0.000430785130901
0.000417025426709
0.000388633086633
0.00034720682476
0.000292694357461
0.000237444834117
0.000150722172723
7.41407110917e-05
-3.13454888743e-06
0.00042114256115
0.000413636653424
0.000406224345195
0.00039866524525
0.000359675266509
0.00031765680664
0.00027507022059
0.000183272819123
9.54290007945e-05
6.789351533e-06
0.000574492333626
0.000656117018371
0.000630920370914
0.000580210049895
0.000509919275958
0.000423766623544
0.000323234207528
0.000215180414544
0.000106177404313
7.58539113739e-07
0.000436748544234
0.000428788150894
0.000420927024535
0.000412910218166
0.00040499553217
0.00032813871305
0.000283786616623
0.000239426578195
0.000195594682737
7.1412703383e-06
0.000470060121255
0.000455002225487
0.000440132103336
0.000424967496572
0.000409996060907
0.000309581322693
0.000252320123465
0.000195048670642
0.000138459081863
-2.15368702998e-06
0.000944533187262
0.000943183873
0.000941851384835
0.000940492508369
0.000843435343365
0.000744648967465
0.000644526913706
0.000428130526326
0.000220961767961
1.19161409747e-05
0.0013511130906
0.00141892153632
0.00139211763285
0.00128650905692
0.00113165536814
0.000939016659839
0.000714528276797
0.000473257766463
0.000232223226625
1.06238689069e-06
0.000959474134341
0.000956638752816
0.000953838728811
0.000950983253749
0.000853742756082
0.000755208330356
0.000655341633356
0.000433806876937
0.00022444757877
1.31915665405e-05
0.00126639746404
0.00115406067079
0.0010431247297
0.000929991837753
0.00087062024943
0.000730195753289
0.00058787259563
0.000372172689947
0.000181852275633
-1.01923678365e-05
0.00097270754461
0.000968555932081
0.000964456090618
0.000929373326418
0.000862872178774
0.000764560908916
0.000664920385047
0.000438834501764
0.000227535011201
1.43212291845e-05
0.00146020692791
0.00126336523296
0.00106897817561
0.00100086254855
0.000892736468149
0.000749923466071
0.000605179507794
0.000383992626777
0.000188534388352
-8.69462592456e-06
0.000988929144295
0.00098316408731
0.00097747092122
0.000971665008927
0.00087406308401
0.000776025360055
0.000676662080667
0.000444997396712
0.000231319605793
1.57059769416e-05
0.00117246194275
0.00153516661199
0.00149662558826
0.00138231247177
0.00121722720809
0.00101189461466
0.00077265230185
0.000513773796506
0.000253405019712
1.55014275077e-07
0.00101198089122
0.00100392304474
0.000995965680497
0.00098785073037
0.0009798391508
0.000792316948515
0.000693347648128
0.000594360625599
0.000496552125494
1.7673776386e-05
0.00203538340132
0.00158775296587
0.00114570453121
0.000694901867017
0.000249841656139
0.000808470226586
0.000656541956798
0.000504586481662
0.000354440162214
-4.24971444395e-06
0.00147332300993
0.00147701969521
0.00148067028242
0.00148439316505
0.0013281366932
0.00117190606937
0.00101356307141
0.000672636788902
0.000346526659741
1.74620992591e-05
0.00244821882658
0.00267865939019
0.00269633917954
0.00250765820761
0.00220361862768
0.00182186957024
0.00138170825612
0.000911796143438
0.000446811328379
1.94554069466e-06
0.0014928749123
0.00149394711965
0.00149500595646
0.00149608576223
0.00134072240953
0.00118606320742
0.00102931287817
0.000680183668129
0.000351450031178
1.97381949431e-05
0.0020596280426
0.0018529099022
0.00164876955976
0.00144058646707
0.00137679059703
0.00115364255712
0.000927477361319
0.000586940372555
0.000286521043365
-1.661996846e-05
0.00151019231154
0.00150893998129
0.00150770326774
0.00146973922698
0.00135186975828
0.00119860238684
0.00104326270702
0.000686868046872
0.000355810731593
2.1754165406e-05
0.00243045393292
0.00205885280064
0.00169188557537
0.0015858163858
0.00141396205118
0.00118678241883
0.000956531119956
0.000606870576473
0.000297831677412
-1.40069942449e-05
0.00153142009125
0.00152731832782
0.00152326771384
0.00151913688239
0.00136553425029
0.00121397299386
0.00106036249721
0.00069506180146
0.000361156106296
2.42253550058e-05
0.00320674315154
0.00348330515598
0.00350760406719
0.0032742310439
0.00289606966697
0.00241609844128
0.0018504933613
0.00123632837377
0.000613332021322
2.46265783067e-07
0.00156158588347
0.00155343492553
0.00154538561092
0.00153717688947
0.00152907273306
0.00123581543543
0.00108466219908
0.000933481896159
0.000784101519863
2.77370454897e-05
0.00353096947838
0.00267003817666
0.00181984278299
0.000952810307592
9.68223399369e-05
0.00128513297617
0.00104275517785
0.000800333977647
0.000560799002459
-6.25236109042e-06
0.00198509741113
0.00199367772556
0.00200215104253
0.00201079216319
0.00179724130232
0.00158541487402
0.00137072436788
0.000909275318528
0.000468051119076
2.28295994612e-05
0.00221523338107
0.00219115843396
0.00216738370409
0.00214313814472
0.00180825471377
0.00151139221396
0.00121051587455
0.000763433301605
0.000369994108839
-2.70094904569e-05
0.00200911189726
0.00201396595493
0.00201875948196
0.00202364793894
0.00181203201091
0.00160305401787
0.00139125046031
0.00091863253642
0.000474365793253
2.60741656576e-05
0.00282733401375
0.00252927153322
0.00223492592462
0.00193475116063
0.00186667337359
0.00156346367163
0.00125615431037
0.000794797251508
0.000387821775022
-2.28407414764e-05
0.0020303818707
0.00203193552951
0.00203346981402
0.00203503448317
0.00182513235281
0.00161867725956
0.00140943071361
0.000926920357982
0.000479958790381
2.89479242887e-05
0.0033694802884
0.00282874313542
0.00229474903424
0.00175017983185
0.00191841561515
0.00160958410557
0.00129657692495
0.000822576749994
0.000403611993641
-1.91484209508e-05
0.00205645474137
0.00205396274997
0.00205150183398
0.00204899218255
0.00184119083642
0.00163782833002
0.00143171618539
0.000937079623122
0.000486814722346
3.24705961591e-05
0.0052689571843
0.00713736231116
0.00768768200606
0.00735796834348
0.00657639355883
0.00551894716546
0.00425782642322
0.00287586686503
0.00144816830626
1.34428569743e-06
0.00209350566284
0.00208526458957
0.00207712628339
0.00206882680799
0.00206063305368
0.0016650430091
0.00146338501371
0.001261690908
0.00106239813755
3.74764982907e-05
0.00497843052284
0.00371749756774
0.00247228858534
0.00120241975936
-5.12731141796e-05
0.00174645765146
0.00141654081339
0.00108656489809
0.000760517619138
-8.19056648765e-06
0.00252103534175
0.00253472986686
0.00254825361972
0.002562045194
0.00228849477821
0.00201844757856
0.00174474910551
0.00115708678307
0.000595313379761
2.84505272455e-05
0.00281662784277
0.00278887190979
0.00276146209634
0.00273350946501
0.00230403978139
0.00192521566696
0.00154126952049
0.000971823651262
0.000470781383695
-3.48001325352e-05
0.00254972311344
0.00255853758223
0.00256724213362
0.00257611906802
0.00230559458821
0.00203973313179
0.00177027699688
0.00116833981513
0.000603085047312
3.27092904809e-05
0.00363128737396
0.00323756771224
0.00284875777803
0.00245224793779
0.00237968606221
0.00199263457101
0.00160034980648
0.00101246813406
0.000493905440733
-2.93552295195e-05
0.00257513228265
0.00257962441584
0.00258406053164
0.00258858449929
0.00232074013421
0.00205858605037
0.00179288741495
0.00117830678638
0.000609968524287
3.64813379179e-05
0.00435284295872
0.00363498399442
0.00292607681039
0.00220313058511
0.00244668705379
0.00205234845746
0.00165267805979
0.0010484675331
0.000514386748394
-2.45326011341e-05
0.00260627900619
0.00260547279253
0.00260467663243
0.00260386470536
0.00233930564221
0.0020816960796
0.00182060341129
0.00119052436404
0.000618406334772
4.1105138002e-05
0.0082512291747
0.0109732862703
0.0113255944969
0.012986942799
0.011824679742
0.0100351692828
0.00782750705784
0.0053664170778
0.00276023244523
1.15533087648e-05
0.00265054013965
0.00264220469624
0.00263397319673
0.00262557868241
0.00261729109983
0.00211453664745
0.00185998930083
0.00160539637317
0.00135383458501
4.76758012795e-05
0.00649423372642
0.00481441296087
0.00315553974512
0.0014638145707
-0.000206360924413
0.00222956386241
0.00180797481155
0.00138631026797
0.00096966598975
-1.02202846355e-05
0.00305645054841
0.00307525429607
0.00309382355892
0.00311276056335
0.00277926911286
0.00245105792714
0.00211840904027
0.00140465654613
0.000722451515933
3.40659726902e-05
0.00341743573784
0.00338600240922
0.00335496105766
0.00332330497003
0.00279934128791
0.00233863549964
0.00187170056777
0.00118001074859
0.000571470356264
-4.25831760556e-05
0.00308980704758
0.00310257806473
0.00311518982588
0.00312805134757
0.0027986757721
0.00247598633326
0.0021489338521
0.00141780354328
0.000731678755789
3.93379437734e-05
0.00443445660289
0.00394517305867
0.00346199093408
0.00296923997745
0.00289219838685
0.00242138688103
0.00194420959351
0.00122992671256
0.000599885638352
-3.58633636942e-05
0.00311935137542
0.00312677911697
0.00313411423376
0.00314159461359
0.00281586452742
0.00249806577868
0.00217597011401
0.00142944802646
0.000739851453948
4.40074038755e-05
0.00533524651194
0.00444043849104
0.00355678882463
0.00265563955546
0.00297444324592
0.00249468096169
0.00200843187344
0.00127413799494
0.000625053459629
-2.99115298883e-05
0.00315556700309
0.00315644492294
0.00315731189504
0.00315819603646
0.00283693461459
0.00252513090533
0.00220911133829
0.00144372190908
0.000749869600077
4.97312581944e-05
0.0100805338724
0.0146367332026
0.0179761561452
0.018069002469
0.0163871659926
0.0138684247929
0.0108275133052
0.00746725957505
0.00391649819368
1.25801669503e-05
0.0032070313161
0.00319860159459
0.00319027699264
0.00318178753211
0.00317340621276
0.00256359187477
0.00225620676225
0.00194876660719
0.00164498678161
5.78651564369e-05
0.00800855850007
0.0059102584839
0.00383812449982
0.00172495443211
-0.000361297470645
0.0027121988785
0.00219902702681
0.00168576328293
0.00117861036871
-1.22480231095e-05
0.00359131085596
0.00361521853102
0.00363882807474
0.00366290517664
0.00326953481376
0.00288321992257
0.00249168171751
0.00165196973029
0.000849457887379
3.9675598342e-05
0.00401762096146
0.00398251404841
0.00394784492242
0.00391248921673
0.00329412946876
0.00275162686802
0.00220178915953
0.00138798208284
0.000672054975762
-5.03581533055e-05
0.00362933124399
0.00364605470896
0.00366256963049
0.00367941160987
0.00329124593144
0.00291178740616
0.00252719827104
0.00166700872965
0.000860139190998
4.59597271941e-05
0.00523679343505
0.0046520450498
0.00407458854126
0.0034856962116
0.00340417954871
0.00284969483632
0.00228771300759
0.00144715991912
0.000705755999125
-4.23647529019e-05
0.00366300644482
0.00367336675229
0.00368359786559
0.00369403159359
0.00331047577853
0.00293709003447
0.00255865578989
0.00168032898622
0.000869599774203
5.15256698916e-05
0.00631663191167
0.00524505822247
0.00418684717508
0.00310767954991
0.00350165247667
0.00293655503682
0.0023638169873
0.0014995745741
0.000735605476961
-3.5284883973e-05
0.00370428572325
0.0037068460312
0.00370937441183
0.00371195286395
0.00333404784915
0.00296810615951
0.00259721661944
0.00169665704266
0.000881196618133
5.83484383596e-05
0.0110771296983
0.0163246516869
0.0191605051862
0.0181930058958
0.0158144584723
0.0129373963488
0.00987430995451
0.00670383324205
0.00348128624056
3.56917471813e-05
0.0037629457505
0.00375442184861
0.00374600424071
0.00373741993237
0.0037289449734
0.00301218170561
0.00265201358775
0.00229178097565
0.00193583723091
6.80439514457e-05
0.00952131384226
0.00700496828328
0.00452000183031
0.00198582365071
-0.000516073442148
0.00319433369636
0.00258967395935
0.00198490594771
0.00138733819974
-1.42736600551e-05
