-1.27050924447
-1.03764372211
-0.807682058444
-0.573166284795
-0.466083278515
-0.345226543539
-0.222735720222
-105.314738209
-0.255144209849
105.756248974
-128.206195134
-64.0676557563
-0.728931022175
63.8641398231
-268.023315627
-0.482630846796
270.675437058
-0.428756135662
-0.812466034028
-1.19965219529
-2.19534897584
-2.00335412983
-1.81375348068
-1.62039802216
-1.53255900874
-1.45168703487
-1.36972160146
-121.114580778
-1.41903187802
119.360912283
19.4652484563
22.5996377138
25.6949407924
28.8515425693
-179.145196614
-8.59210559182
164.267011797
-44.3580388184
-1.89029432352
40.9621914696
-3.01449273791
-2.85869763381
-2.7048453118
-2.5479461324
-2.47715179836
-2.43169489861
-2.38562338198
-135.108727053
-2.44990381269
131.410756928
150.259955636
99.3620976445
49.0989415425
-2.15961499835
-100.424576916
-15.7747832231
70.0195494228
-83.2668320517
-2.84494223706
78.3055387156
-4.01860444626
-3.90718321934
-3.79715142737
-3.68494059011
-3.63503973404
-3.63299486063
-3.63092233874
-152.262841843
-3.71355328098
146.181534235
310.588951534
193.458016269
77.7877166554
-40.1732920168
-3.92833341597
-24.5793558035
-45.5095980036
-130.961481821
-4.01515580851
124.081254695
-5.44550003181
-5.39713641982
-5.34937590739
-5.30066955633
-5.2525836407
-5.34010533296
-5.40055769836
-5.46102088879
-5.5207642149
167.171586198
538.424893074
327.173269052
118.555976026
-94.1927277798
-304.231377725
-37.0911168386
-209.682596978
-382.304982566
-552.872155794
189.130956349
-1.40692192014
-1.43123704261
-1.45524895283
-1.47973638962
-1.51459328776
-1.54972398566
-1.5853296812
-12.0920912485
-1.68930052431
8.80773545014
-1.42039899173
-1.45861456604
-1.49635358793
-1.53483998507
-27.2639611937
-1.68819543766
24.2333769515
-1.82964338351
-1.93178680168
-2.03485559961
-2.22203496117
-2.2450246341
-2.26772762327
-2.29088021743
-2.32562046697
-2.3612154308
-2.39729166955
-17.5433201569
-2.50150683074
12.6765794917
-2.59535469992
-2.27584376057
-1.9603171578
-1.63854193589
-19.4498668874
-1.01716592223
17.6647612175
-4.46096565195
-2.75073807769
-1.02501650474
-2.94399222609
-2.96580792942
-2.98735158852
-3.00932189349
-3.0439588257
-3.0799649965
-3.11645800209
-22.3715514757
-3.22088955929
16.1032699284
-3.63602975573
-2.99967533287
-2.37125631968
-1.73039223519
-12.5288119304
-0.422825494278
11.8468444245
-6.79156537543
-3.47609492215
-0.130587592133
-3.82897209921
-3.84934874303
-3.86947128786
-3.88999233512
-3.92450262027
-3.96101285122
-3.9980167323
-28.2900285763
-4.10271354912
20.3037291735
-4.91169595319
-3.88695274407
-2.87498819553
-1.84298292464
-4.0449381121
0.30572083676
4.71520448466
-9.6484295526
-4.36524202181
0.965809139446
-5.0865750768
-5.10490674133
-5.12300980797
-5.14147138375
-5.1596977907
-5.21302822372
-5.25075808575
-5.28849470396
-5.3257820365
26.2728028376
-6.7244847601
-5.1478206442
-3.59081770332
-2.00298022019
-0.435369065235
1.34102351771
-5.4192312193
-12.1806964953
-18.8616609314
2.52384660011
-1.42199220157
-1.47471952752
-1.52678933791
-1.57989032732
-1.63042813119
-1.6827916449
-1.73586315893
-1.79325707471
-1.84773990083
-1.90271632023
12.5863465003
5.4581610676
-1.58113510834
-8.75983595055
-0.66591074188
-1.82138099087
-2.99247420421
-1.98440733768
-2.05544451093
-2.12712525342
-2.22498311322
-2.27172334444
-2.31788071982
-2.36495218568
-2.41323446115
-2.46169618769
-2.510813159
-6.10121597848
-2.62109397398
0.890556586464
-5.0325145649
-5.02397918744
-5.01555024707
-5.00695438182
-1.80741869684
-0.180319403949
1.46877968882
-0.0533098520079
-2.845796176
-5.6635813433
-2.93620363496
-2.97764101085
-3.01856165809
-3.06029268879
-3.10657721054
-3.15158306845
-3.19719744477
-9.91683672182
-3.30606472448
3.36459830382
-20.6377915083
-14.3081605562
-8.05746079851
-1.6829735638
-2.81846859981
1.27319228732
5.42017599407
1.65709077816
-3.54582193649
-8.7958710229
-3.80802233904
-3.84295944064
-3.87746087274
-3.91264556358
-3.95648122592
-3.99725085777
-4.03857173056
-14.5940492459
-4.14570628961
6.39729460251
-39.7668406648
-25.6887699759
-11.7862543777
2.39158356796
-4.05782009377
3.05491629598
10.2638230779
3.75371090546
-4.40391803
-12.6354519205
-5.04692260272
-5.07262247245
-5.09800186198
-5.12388385933
-5.14943616439
-5.19898929522
-5.23420887352
-5.26943475848
-5.30424125013
10.7069156586
-66.9502263082
-41.8612149409
-17.085066306
8.18174370258
33.1266978559
5.58683988723
17.1469005129
28.7090311646
40.1335050823
-18.0916984591
-1.43639108223
-1.51626481076
-1.5951425051
-1.67558227588
-1.74110238058
-1.80993096558
-1.879690173
8.04675054317
-1.99912059554
-12.1360034315
25.969073129
12.0667852844
-1.66213950094
-15.6629488796
24.7471617137
-1.94863295319
-29.0053780198
-2.13227635492
-2.17359310722
-2.21528417327
-2.22779992123
-2.29723259225
-2.36579943021
-2.43572415069
-2.49694513709
-2.55770039522
-2.61927711736
4.83112746741
-2.7353533533
-10.3703835563
-7.36109576476
-7.64968158045
-7.93466869927
-8.22529964002
15.0490353118
0.619244505511
-14.0056496429
4.15797910717
-2.93661931149
-10.0954920409
-2.92876203578
-2.988946913
-3.04838127817
-3.10899266838
-3.16640586429
-3.22001046147
-3.2743398395
1.98300417174
-3.38744522447
-8.8065488098
-36.8821024993
-25.1128379465
-13.4903374178
-1.63766745636
6.45926621294
2.89365025464
-0.720175937578
9.72934823073
-3.612442521
-17.0751047236
-3.78800591813
-3.83685479004
-3.88509451115
-3.93428956103
-3.98703514279
-4.03187441365
-4.07731995051
-1.50824373909
-4.18678364718
-6.88959008823
-73.0691430125
-46.5192876855
-20.300511976
6.43749457522
-4.07012816628
5.68163149551
15.5652434431
16.5587684467
-4.44087097135
-25.6307589799
-5.00903669831
-5.04177651006
-5.07410805274
-5.10707988216
-5.13963170698
-5.18557581938
-5.21839695037
-5.25122395855
-5.28366013403
-4.16549085232
-124.492832163
-76.9389794199
-29.9781284534
17.9127248306
65.1935307229
9.64349957465
38.7076815104
67.7770678838
96.5003591549
-37.7887939757
-1.45032663508
-1.5564732481
-1.66129620117
-1.76819504484
-1.84821534925
-1.93297919177
-2.01888911528
17.5701259761
-2.1456301558
-22.0400033934
38.9211698093
18.4627569093
-1.74053733073
-22.3439331463
49.3424912395
-2.07179019643
-54.1812375065
-2.27538723662
-2.28793991293
-2.30060631163
-2.23052608988
-2.32192100239
-2.4121762103
-2.50421881239
-2.57796216734
-2.65061537525
-2.72425091783
15.4116894994
-2.84593608945
-21.2689686867
-9.6147477794
-10.1908940098
-10.7598556334
-11.3400848472
31.3630816241
1.39308001338
-28.9821421273
8.23375703053
-3.02451993626
-14.3847925269
-2.92155989269
-2.99988901334
-3.07724136124
-3.15612557794
-3.22430934907
-3.28623599491
-3.34899994296
13.4999314773
-3.46620705925
-20.5860522323
-52.603703358
-35.5698419667
-18.7483947014
-1.59381921078
15.438461679
4.46196505635
-6.66294336277
17.5418562386
-3.67691938549
-25.0879288891
-3.76863358647
-3.83094657515
-3.89248251401
-3.955237097
-4.01660589442
-4.06538385127
-4.11482132859
11.1564861598
-4.22653921579
-19.7489288365
-105.299842454
-66.6795201074
-28.54079743
10.3532160855
-4.08204018911
8.22382414128
20.6960744776
28.9517843
-4.47663483938
-38.2079024943
-4.97236988815
-5.01192311035
-5.05098309952
-5.09081662409
-5.13014273782
-5.17259396294
-5.20309382396
-5.23359914651
-5.26374127795
-18.5593324319
-180.183829591
-110.888010097
-42.4563170969
27.3305820327
96.2285156737
13.5696238935
59.574678777
105.58797165
151.053438192
-56.8520755122
-1.46492015782
-1.59858013475
-1.73057335705
-1.86518054397
-1.96038567789
-2.06183716426
-2.16466036311
27.543149461
-2.29905719388
-32.4116226697
52.4848022926
25.1607155976
-1.82263672954
-29.3403614048
75.0990941067
-2.20076233324
-80.5457801715
-2.42525512686
-2.40768562566
-2.3899569516
-2.23338097511
-2.3477750807
-2.46074267921
-2.57594746308
-2.66280443266
-2.74791735443
-2.83418107704
26.4918148576
-2.96174001132
-32.6821326667
-11.9748064191
-12.852090286
-13.7184343266
-14.6019352531
48.4473988553
2.20345231759
-44.6657526624
12.5019736136
-3.11657080638
-18.8766131827
-2.914017699
-3.01134774712
-3.10746407883
-3.20548387714
-3.28494675832
-3.35558838
-3.42718513795
25.5606327803
-3.54868764963
-32.9217272355
-69.0676027065
-46.5205754972
-24.2547121982
-1.54790066162
24.8416116326
6.10432815118
-12.8862997257
25.7232333551
-3.74444053787
-33.4790801302
-3.74834658634
-3.82475940273
-3.90021934289
-3.97717367503
-4.04757283493
-4.10047544361
-4.15409334164
24.4191837823
-4.26817185142
-33.2154238036
-139.052320736
-87.7916218851
-37.1701495892
14.4538191602
-4.09451464044
10.8860469149
26.0691587128
41.9299388447
-4.5140873055
-51.3788783239
-4.93397184731
-4.98066017649
-5.02676629707
-5.07378549307
-5.12020574511
-5.15899916558
-5.18706815742
-5.2151421755
-5.24288194915
-33.6327820847
-238.504288463
-146.439950963
-55.5236658818
37.1931052228
128.728823569
17.6811209476
81.4269154411
145.184124707
208.182251631
-76.8154336518
-1.47949944685
-1.64064595269
-1.79978294387
-1.96207144886
-2.07244660185
-2.19056945588
-2.31028943379
37.506445815
-2.45233458778
-42.773126047
66.0352055651
31.8521414706
-1.90465605318
-36.3299657373
100.83057542
-2.32960867781
-106.884608332
-2.57497684431
-2.52731454511
-2.47922044395
-2.23623307585
-2.37360394239
-2.5092617791
-2.64760615364
-2.74756394758
-2.84512443067
-2.94400401649
37.5611332794
-3.07743098451
-44.084164883
-14.3325631891
-15.5106909797
-16.6741273871
-17.860604232
65.5150529962
3.01303422985
-60.3340662784
16.7660272162
-3.20853189522
-23.364052767
-2.90648286154
-3.02279530469
-3.13765731887
-3.25479403501
-3.34552502522
-3.42487312264
-3.50529407546
37.6095707478
-3.63108779303
-45.2453707092
-85.5154440857
-57.4606282928
-29.75565914
-1.50202689885
34.235590278
7.74508937664
-19.1035861739
33.8966308126
-3.81189583389
-41.8620471102
-3.72807937303
-3.81857826493
-3.90794862569
-3.99908885734
-4.07850957201
-4.13553280956
-4.19332705096
37.6689457091
-4.3097638809
-46.6687843025
-172.771878733
-108.883132096
-45.7910851596
18.5504227354
-4.10697692489
13.545673105
31.4370023412
54.8954352211
-4.55150324258
-64.5370079181
-4.89561125777
-4.94942773475
-5.00257311433
-5.05677097328
-5.11027844438
-5.14541762782
-5.17105812142
-5.19670320638
-5.22204296538
-48.6915299352
-296.767864811
-181.957216448
-68.5782695033
47.0460090577
161.197432476
21.7886078768
103.257838652
184.741657883
265.255344811
-96.7593206451
-1.49406362605
-1.68266817403
-1.86892080254
-2.05886193696
-2.18439138696
-2.31916833059
-2.45576757592
47.4594163056
-2.60545312649
-53.1238908629
79.5715653315
38.5366324149
-1.98659037279
-43.3123261118
126.535388876
-2.45832148729
-133.196139187
-2.72454339164
-2.6468194823
-2.56839142447
-2.2390822207
-2.39940603529
-2.55773059426
-2.71919057782
-2.83223561855
-2.94223076245
-3.05371313652
48.6189795673
-3.19300205669
-55.474380144
-16.687876403
-18.1665363255
-19.6267571961
-21.1158959581
82.5650183863
3.82177709929
-75.9861414066
21.0256615951
-3.30039767647
-27.8468416126
-2.89895583311
-3.03423099812
-3.16781926693
-3.30405308831
-3.4060405094
-3.49408605924
-3.58332206162
49.6460213133
-3.71340253773
-57.5562420786
-101.946239082
-68.3893429242
-35.2509049538
-1.4562006792
43.6198330954
9.38415013312
-25.314429087
42.0615574405
-3.87928121989
-50.2363260649
-3.70783316445
-3.8124035332
-3.91566989795
-4.02098132696
-4.10941424656
-4.1705538424
-4.23252009885
50.9049757116
-4.35131280481
-60.1082018695
-206.456490108
-129.952783271
-54.4030860763
22.6427806305
-4.11942629356
16.2025428843
36.7992827887
67.8474942832
-4.58888040214
-77.6815005548
-4.85729042478
-4.918227662
-4.97840500518
-5.03977408716
-5.10036143222
-5.13185016584
-5.15506467806
-5.17828334723
-5.20122557893
-63.734671046
-354.971057356
-217.437672185
-81.6193434607
56.888701439
193.632391233
25.8918378464
125.066136507
224.258194017
322.269287993
-116.682537988
-1.29334318133
-1.10329619651
-0.915619118498
-0.724225325101
-0.648323860722
-0.559381274628
-0.469236107289
-79.2724606811
-0.476805372416
79.0327080202
-64.7682048582
-32.6144583754
-0.861672649345
31.5199382301
-198.909917631
-0.674075049716
200.242088815
-0.699041219831
-0.927053889155
-1.15713226485
-2.19344223599
-2.03926192384
-1.88700425714
-1.73173131325
-1.67065510337
-1.61388176528
-1.55634080219
-91.4376383267
-1.59075163319
89.0701130155
35.9954716382
26.8634889754
17.8453831413
8.64868473163
-133.279283854
-5.23860737431
124.533290593
-33.251357334
-1.98298021504
29.5686762763
-2.99067282727
-2.86826013947
-2.74737395136
-2.62409375989
-2.57614848971
-2.54786791413
-2.51920496054
-102.212509956
-2.57738974987
97.9603860114
125.243299392
79.543956629
34.4144896988
-11.6087112241
-75.1492939375
-9.28147886181
57.4769264541
-62.0834087495
-2.91822924654
56.7829638413
-3.96792322947
-3.88445150057
-3.80202067331
-3.71795740416
-3.68610812458
-3.69275416112
-3.69949005787
-115.420417114
-3.7868171187
108.858140006
234.643862446
144.120013753
54.7250074143
-36.4403578796
-3.89317726544
-14.2372568142
-24.7211973297
-97.4259233878
-4.06466354322
90.1424131146
-5.35664748524
-5.32851290845
-5.30072917293
-5.27239521444
-5.24442218203
-5.31969777526
-5.37673730143
-5.4337870415
-5.49015755721
124.344421999
390.107820469
235.885989666
83.5873220628
-71.7274347058
-225.063747664
-21.279678115
-141.529057443
-261.799969475
-380.638956763
137.547946292
-1.40813747386
-1.42990556493
-1.45140220551
-1.47332456081
-1.50880967056
-1.54403462369
-1.57973584887
-9.47215146907
-1.68308324473
6.17655091749
-1.4202266113
-1.45678384461
-1.4928852052
-1.52970150916
-20.8453590636
-1.68109508585
17.7422864357
-1.83208106917
-1.92591460819
-2.02059824269
-2.22333519879
-2.24417422338
-2.26475338305
-2.28574008785
-2.32115372796
-2.35694573464
-2.39322168044
-13.7734685779
-2.49730964261
8.88100692024
-2.41712720993
-2.27503225665
-2.13470924308
-1.99160730354
-15.1908382403
-1.75598694701
11.8605152395
-4.56041076066
-2.74615756148
-0.915467931789
-2.94536746944
-2.96538360659
-2.9851501403
-3.01045396824
-3.04065846451
-3.07695271863
-3.11373770268
-17.5832065885
-3.21848159502
11.276382237
-3.30009631157
-2.99976656446
-2.70318196234
-3.08921975116
-10.1825483683
-1.82231973833
6.65094646569
-6.97693134456
-3.47265846296
0.0633617721564
-3.83043928507
-3.84944672148
-3.86821713307
-3.88735926973
-3.92263201254
-3.95954192481
-3.99695089124
-22.2532080209
-4.10249882699
14.2126487542
-4.38244553295
-3.88815055468
-3.40001948918
-2.9022215839
-4.04335433163
-1.90363090188
0.265023452656
-9.93911786675
-4.3632079551
1.26321753828
-5.08817291782
-5.10574693738
-5.12310180699
-5.1408003686
-5.15827348087
-5.21374763885
-5.25204331709
-5.29034585282
-5.32819236517
18.3852380156
-5.92052074226
-5.15059096182
-4.39026229047
-3.61487623809
-2.84936727509
-2.01917834481
-8.80970925007
-15.6014561157
-22.3123416142
2.96827573225
-1.42081944998
-1.465987953
-1.51059319982
-1.5560817991
-1.60387241501
-1.65281485995
-1.70241904937
-1.76091569864
-1.81634759819
-1.87228168926
5.57818358712
1.9853810552
-1.56261883381
-5.18088252876
-1.17355805049
-1.79234629679
-2.41950109924
-1.95725440312
-2.03626441313
-2.11599022319
-2.22663764381
-2.26681204651
-2.30648546999
-2.34694457717
-2.39301799789
-2.43903622285
-2.4856766543
-5.1934675634
-2.59746224407
0.0220618768502
-6.66078471828
-5.49412984746
-4.34202329126
-3.16710067135
-2.14493835576
-1.37124212973
-0.587084856728
-1.39075927914
-2.83047008845
-4.28322411943
-2.94036232978
-2.97611338647
-3.01141862356
-3.05303963989
-3.09197551416
-3.13540371571
-3.17941910438
-8.23372778648
-3.28930664471
1.69990903541
-17.5010137888
-12.1188395041
-6.80378152499
-3.13691084442
-3.005303769
-0.998264153193
1.03591238664
-0.889006455048
-3.53390940087
-6.20277414182
-3.81525065451
-3.84557954514
-3.87553023116
-3.90607405395
-3.94876214701
-3.98901548116
-4.02981307544
-11.9604983825
-4.13737397452
3.75662490718
-30.7890365204
-20.2394513413
-9.82142065022
0.802926418978
-4.0599452433
-0.54106534324
3.02539287852
-0.273954606155
-4.39618984836
-8.55577094346
-5.0585130107
-5.08113671797
-5.10347830512
-5.12626234013
-5.14875614558
-5.20204272678
-5.2382676659
-5.27449909172
-5.31029915243
6.67932640918
-49.6720161915
-31.7792681625
-14.1096446703
3.90990414184
21.6999147854
0.108638228798
5.85254936697
11.5974890504
17.2740304725
-11.8995032405
-1.43293642745
-1.50046282342
-1.56714715779
-1.63515209399
-1.69469998964
-1.75674879415
-1.81963655255
5.60677441501
-1.9436748501
-9.56252825785
12.2648054419
5.27419299881
-1.6292457379
-8.66939865018
17.6218384536
-1.89864112053
-21.6830545837
-2.07685110106
-2.14169798968
-2.20713236597
-2.22979296059
-2.28844132496
-2.34635833777
-2.40542232631
-2.46168062045
-2.51746947226
-2.57401263794
3.00428316439
-2.69315291592
-8.44220555792
-10.7153817246
-8.56981242296
-6.45099860658
-4.29022426949
10.3197495963
-1.00363819815
-12.4801280599
1.63768007601
-2.91102638188
-7.50094235651
-2.93558017565
-2.98636514061
-3.03651681146
-3.09372806408
-3.14100632202
-3.19125064429
-3.24217431357
0.699219485273
-3.35697634564
-7.44991973799
-31.0692617864
-20.8316457965
-10.7216940046
-3.18247723699
3.85218517982
-0.210921324048
-4.3289645674
4.92769340427
-3.59243152925
-12.189745491
-3.80073869733
-3.84188465656
-3.88251752115
-3.92395507002
-3.97372814975
-4.01717595195
-4.06121120628
-2.12634244397
-4.17069538853
-6.23356937807
-56.0191792815
-35.8622802545
-15.9567399763
4.34300522386
-4.07579700812
0.760796134533
5.66278422984
8.96061296795
-4.42770235506
-17.9373106236
-5.03017449131
-5.05762291608
-5.08472905598
-5.11237199988
-5.13966282005
-5.19085928388
-5.22510573803
-5.25935832458
-5.29320310575
-4.50507149818
-91.4743251956
-57.2216029052
-23.3960158308
11.0994456969
45.1554941658
2.1416577862
19.8615851522
37.5846855736
55.0967778169
-26.1049031804
-1.44466350431
-1.53382835998
-1.62188132009
-1.71167806156
-1.7826049107
-1.85733833779
-1.93308222592
12.7373866818
-2.06690496026
-17.0053177442
18.7362648934
8.45717741138
-1.69372871863
-12.045661151
35.812435887
-2.00151558489
-40.3267446221
-2.19259941134
-2.24373892011
-2.29534173299
-2.23284674544
-2.30937461556
-2.38494817471
-2.46201837593
-2.5281338142
-2.59337889321
-2.65950614254
10.9382463195
-2.78576444924
-16.634109434
-14.6395097355
-11.5465255533
-8.49211122422
-5.37720794857
22.3833482876
-0.647863041571
-23.9904764114
4.56867018038
-2.98899053146
-10.6151207188
-2.93095190188
-2.99628701336
-3.06080738881
-3.12660551152
-3.18845941444
-3.24530052802
-3.30291018297
9.34472199856
-3.42246856805
-16.3053249307
-44.2009101211
-29.2640910363
-14.5135357292
0.529136316429
10.4890135567
0.551086353945
-9.5212102819
10.5572232473
-3.64907053008
-17.9840678206
-3.78669370654
-3.83830866227
-3.88927997383
-3.94126070998
-3.99789079539
-4.04443027391
-4.09159900673
7.39136960517
-4.20294458466
-15.9022987653
-80.4374654324
-50.9823971123
-21.8946367352
7.76917122191
-4.09113869417
2.02076625813
8.21530948972
17.8980302326
-4.45820085098
-27.0169707195
-5.00274785
-5.03486574231
-5.06658312097
-5.09892862358
-5.13086209993
-5.18003570228
-5.21236733523
-5.2447047577
-5.2766571764
-15.3295773725
-131.931517717
-81.8452531149
-32.3835697439
18.0576418771
67.8563189121
4.10925875354
33.4198375862
62.7356649781
91.7024631835
-39.8532011549
-1.45694427741
-1.56876925694
-1.67919976666
-1.79181721781
-1.87466027996
-1.9626772366
-2.05188425916
20.2046722152
-2.19595340441
-24.7995200063
25.513275581
11.7904470617
-1.76125627603
-15.5813345526
54.8619059712
-2.10924728741
-59.8507001681
-2.31381280095
-2.35059773322
-2.3877159227
-2.23604471535
-2.33129627561
-2.42536003843
-2.52128661922
-2.59772460862
-2.67287239248
-2.74903623984
19.246813112
-2.8827486544
-25.2127956697
-18.7489162255
-14.6637847821
-10.6295953773
-6.51551377676
35.0165321738
-0.275289890698
-36.0442881338
7.63804756144
-3.07063577376
-13.8763356277
-2.92610510325
-3.00667734929
-3.08624485056
-3.16738808905
-3.238153014
-3.30190238769
-3.36651370844
18.3984236206
-3.49105301868
-25.5788398287
-57.9525718255
-38.0946758436
-18.4844100098
1.51421319618
17.4392010962
1.34907237496
-14.9586089034
16.4525524538
-3.70838375253
-24.0519702235
-3.77198557873
-3.83456382671
-3.89636171705
-3.95938343916
-4.02319428511
-4.07297141407
-4.12342157317
17.3584623086
-4.23671643295
-26.0275391203
-106.008665787
-66.816413274
-28.1128924625
11.3571043243
-4.10720474096
3.34022611997
10.8883527339
27.2574294187
-4.49013933941
-36.5253287603
-4.97402625441
-5.01103408409
-5.04758042205
-5.08485051563
-5.12164585208
-5.16870108314
-5.19902748622
-5.22935931976
-5.25933002772
-26.6651644296
-174.298904574
-107.631513833
-41.7954727901
25.3443706642
91.6289675825
6.16976038918
47.6182455869
89.074152843
130.036493215
-54.2506277337
-1.46921307253
-1.60367607449
-1.73646230802
-1.87187821079
-1.96662586356
-2.06791339372
-2.17057041952
27.6646745747
-2.32487598191
-32.586120238
32.2836763504
15.1204656266
-1.82871797081
-19.1135594556
73.8927962645
-2.21687391443
-79.3556131366
-2.43490796578
-2.4573523222
-2.48000001578
-2.23923956614
-2.3531965545
-2.46573248666
-2.58049705557
-2.66724752806
-2.75228835821
-2.83847901447
27.5472761918
-2.97963826658
-33.7831147331
-22.8543146295
-17.77800361
-12.7649947474
-7.65270936491
47.637394357
0.0969198730999
-48.0863432404
10.704431243
-3.15220138385
-17.1343697293
-2.92126303191
-3.01705755107
-3.11165750203
-3.20813088952
-3.28779814519
-3.35844904105
-3.43005519857
27.443294767
-3.55957057585
-34.8433098573
-71.690820926
-46.916647791
-22.451411321
2.49832928686
24.3826098103
2.14628008492
-20.3907041894
22.342131685
-3.76763912416
-30.1139543328
-3.7572917964
-3.83082264364
-3.90343655313
-3.97748849243
-4.04847309522
-4.10148471679
-4.15521310166
27.3158336656
-4.27045534207
-36.1429038805
-131.554925418
-82.6349858193
-34.3250832499
14.9415379568
-4.12325511783
4.65839905424
13.5587888408
36.6076999688
-4.52204667681
-46.0244128789
-4.94533267226
-4.98722566993
-5.02859625731
-5.07078613867
-5.11243859324
-5.15737751916
-5.18570064816
-5.21402884891
-5.24201977898
-37.9896953872
-216.624968645
-133.39262407
-51.198195991
32.6239923825
115.378429737
8.22825232644
61.8028052521
115.386951616
168.333134371
-68.6340118655
-1.48146915239
-1.63854671496
-1.79366550304
-1.95185622934
-2.05849613492
-2.17304048511
-2.2891335747
35.1169454603
-2.4536649453
-40.3646505131
39.0470603423
18.4470329927
-1.89610974896
-22.6421235951
92.9039631283
-2.32438899827
-98.8403114031
-2.55587762877
-2.56399627176
-2.57218846652
-2.24243110582
-2.37507413615
-2.50606309329
-2.6396461268
-2.73669839462
-2.83162201801
-2.92782909148
35.8391367524
-3.0764274633
-42.3445516013
-26.9554582386
-20.8889948918
-14.8981810105
-8.78872637463
60.2451764014
0.468743882319
-60.1159180782
13.7676369543
-3.23368246013
-20.3890272361
-2.91642597885
-3.02742699491
-3.13704381608
-3.24883146456
-3.33739182465
-3.41493709002
-3.49353083492
36.4787918969
-3.6280171221
-44.0981782794
-85.4148318388
-55.7294767324
-26.4143012707
3.48142544921
31.3188224433
2.94266157655
-25.8171697048
28.2256070135
-3.82683308411
-36.1696558607
-3.74261324257
-3.82708533791
-3.91050405691
-3.9955747818
-4.07372570662
-4.1299684686
-4.18697168172
37.2628852999
-4.3041592845
-46.2477851751
-157.074709155
-98.4371641499
-40.5308357832
18.5222567171
-4.13928886024
5.97520584691
16.2264573337
45.9482799894
-4.55392094576
-55.5136522391
-4.91666882786
-4.96344193059
-5.00963176758
-5.05673633789
-5.10324087672
-5.1460656908
-5.17238762191
-5.1987142664
-5.22472747041
-49.3024897112
-258.907166394
-159.127035743
-60.591174301
39.8960695716
139.10327818
10.2846108627
75.9726641777
141.672480059
206.590085261
-83.002489198
-1.31617711819
-1.1689486709
-1.02355617855
-0.875284365407
-0.830564442929
-0.773536005718
-0.715736494355
-53.2301831535
-0.698466534984
52.3091670668
-1.33021458238
-1.16126099453
-0.994414276514
-0.824263362956
-129.796519635
-0.865519252636
129.808740572
-0.969326303999
-1.04164174428
-1.11461233441
-2.19153549614
-2.07516971784
-1.96025503359
-1.84306460433
-1.808751198
-1.77607649568
-1.74296000293
-61.7606958755
-1.76247138835
58.7793137483
52.5256948202
31.1273402371
9.99582549023
-11.5541731061
-87.4133710947
-1.8851091568
84.7995693899
-22.1446758497
-2.07566610657
18.175161083
-2.96685291662
-2.87782264513
-2.78990259092
-2.70024138738
-2.67514518106
-2.66404092966
-2.6527865391
-69.316292858
-2.70487568705
64.5100150948
100.226643148
59.7258156136
19.7300378551
-21.0578074499
-49.8740109589
-2.78817450048
44.9343034853
-40.8999854473
-2.99151625602
35.2603889671
-3.91724201268
-3.8617197818
-3.80688991925
-3.75097421821
-3.73717651513
-3.75251346162
-3.76805777699
-78.5779923848
-3.86008095642
71.5347457775
158.698773357
94.7820112365
31.6622981732
-32.7074237424
-3.85802111492
-3.89515782499
-3.93279665574
-63.8903649541
-4.11417127793
56.2035715346
-5.26779493867
-5.25988939708
-5.25208243846
-5.24412087255
-5.23626072335
-5.29929021757
-5.35291690451
-5.40655319421
-5.45955089951
81.5172578004
241.790747863
144.598710279
48.6186680991
-49.2621416318
-145.896117602
-5.46823939141
-73.3755179088
-141.294956383
-208.405757733
85.9649362358
-1.41935785957
-1.42857408725
-1.44755545819
-1.47121938314
-1.50302605337
-1.53834526172
-1.57957830506
-6.85221168963
-1.67686596516
-1.72612673762
-1.43867637907
-1.45495312318
-1.48941682247
-1.54043890116
-14.4267569335
-1.67399473404
-1.75163921066
-1.83451875482
-1.9200424147
-12.8741498439
-2.2246354364
-2.24332381267
-2.26177914283
-2.28578133099
-2.31668698895
-2.35267603849
-2.38915169132
-10.0036169988
-2.49311245449
5.08543434881
-2.23889971994
-2.27422075273
-2.30910132836
-2.3603135255
-10.9318095933
-2.49480797179
6.05626926146
-4.65985586937
-2.74157704527
-0.80591935884
-2.94674271279
-2.96495928376
-2.98294869209
-3.0072504848
-3.03735810333
-3.07394044077
-3.11101740328
-12.7948617012
-3.21607363075
-3.27120177074
-2.96416286741
-2.99985779605
-3.035107605
-3.08648819277
-7.83628480625
-3.22181398238
1.4550485069
-7.16229731368
-3.46922200377
-7.53670057334
-3.84255648501
-3.84954469993
-3.86696297827
-3.89163202818
-3.92076140482
-3.9580709984
-4.0033322056
-16.2163874655
-4.10228410487
-4.16079042617
-3.87569588684
-3.88934836528
-3.92505078282
-3.97663778491
-4.04177055116
-4.11298264051
-4.19319609495
-10.2298061809
-4.36117388839
-4.46362372059
-5.08977075883
-5.10658713344
-5.123193806
-5.14012935345
-5.15684917104
-5.21446705398
-5.25332854843
-5.29219700169
-5.33060269385
10.4976731937
-5.11655672443
-5.15336127945
-5.18970687762
-5.22677225598
-5.26336548495
-5.37938020733
-12.2001872808
-19.0222157362
-25.763022297
3.41270486439
-1.43103835053
-1.45725637849
-1.49439706174
-1.53669078693
-1.57731669883
-1.62283807499
-1.67264613219
-1.72857432256
-1.78495529555
-1.83115642571
-1.54604862583
-1.48739895721
-1.54410255928
-1.60906449355
-1.6812053591
-1.76331160272
-1.84592499252
-1.93010146857
-2.01708431533
-2.09435378542
-2.2282921744
-2.26190074859
-2.29509022015
-2.33424521624
-2.37280153464
-2.41637625801
-2.4605401496
-4.28571914833
-2.57383051416
-0.846432832763
-8.28905487166
-5.96428050749
-3.66849633544
-2.41208613931
-2.48245801468
-2.56216485552
-2.64294940228
-2.72820870628
-2.81514400089
-2.90286689557
-2.94452102459
-2.9745857621
-3.00427558902
-3.04065056791
-3.07737381779
-3.11922436297
-3.16164076399
-6.55061885115
-3.27254856494
-5.54924361592
-14.3642360692
-9.92951845202
-5.55010225148
-3.12333388271
-3.1921389382
-3.26972059371
-3.34835122079
-3.43510368825
-3.52199686525
-4.58626997476
-3.83505370804
-3.84819964963
-3.87359958958
-3.90656680544
-3.9410430681
-3.98078010454
-4.46847902709
-9.32694751912
-4.12904165943
-7.68996048301
-3.87116375081
-14.7901327066
-7.85658692274
-3.99518595525
-4.06207039283
-4.13704698246
-4.33107174327
-4.30162011777
-4.38846166672
-6.02100959893
-5.07010341868
-5.08965096349
-5.10895474827
-5.12864082093
-5.14807612677
-5.20509615834
-5.24232645829
-5.27956342496
-5.31635705472
2.65173715981
-32.3938060749
-21.6973213842
-11.1342230345
-0.361935418897
10.2731317149
-5.36956342963
-5.44180177895
-5.51405306377
-5.58544413726
-5.70730802189
-1.42948177268
-1.48466083608
-1.53915181048
-1.5947219121
-1.6482975987
-1.70356662273
-1.75958293211
3.16679828685
-1.88822910465
-6.98905308423
-1.49520601277
-1.57255177199
-1.66846559626
-1.76754744626
-1.865865874
-2.47287795847
-2.05635756098
-8.57019397655
-2.22808961016
-2.30116949528
-2.23178599994
-2.27965005766
-2.32691724532
-2.3805499719
-2.4264161038
-2.4772385493
-2.52874815853
1.17743886137
-2.65095247853
-6.5140275595
-14.0696676845
-9.48994326547
-4.9673285139
-2.46155221535
5.59046388081
-2.62652090182
-10.9546064769
-0.882618955144
-2.88543345226
-4.90639267212
-2.94239831551
-2.98378336822
-3.02465234476
-3.07256263355
-3.11560677974
-3.16249082712
-3.21000878765
-0.58456520119
-3.32650746681
-7.72579571222
-25.2564210736
-16.5504536466
-7.95305059132
-3.15853804888
1.2451041467
-3.31549290274
-7.93775319722
0.126038577812
-3.5724205375
-1.76728492499
-3.81347147653
-3.84691452308
-3.87994053116
-3.91362057901
-3.96042115671
-4.00247749025
-4.04510246205
-2.74444114885
-4.15460712988
-5.5775486679
-3.86417389184
-4.88004425955
-3.98941095176
-4.06951957519
-4.15779785607
-4.2955459149
-4.33169479369
-4.41798295236
-4.50349566384
-4.73771653163
-5.05131228431
-5.07346932211
-5.09535005921
-5.11766411759
-5.13969393311
-5.19614274838
-5.23181452568
-5.26749269062
-5.30274607748
-4.84465214403
-58.4558182284
-37.5042263904
-16.8139032082
4.28616656322
25.1174576087
-5.36018400224
1.01548879405
7.39230326332
13.693196479
-14.4210123851
-1.43900037353
-1.51118347186
-1.58246643901
-1.65516107829
-1.71699447214
-1.78169748381
-1.84727533656
7.90464738756
-1.98817976472
-11.970632095
-1.44864002257
-1.54840208651
-1.64692010653
-1.74738915565
22.2823805346
-1.93124097336
-26.4722517376
-2.10981158606
-2.19953792728
-2.29007715436
-2.23516740101
-2.29682822872
-2.35772013913
-2.41981793948
-2.47830546106
-2.53614241118
-2.59476136724
6.46480313953
-2.72559280903
-11.9992501813
-19.6642716916
-12.9021570968
-6.22436681509
0.585668950031
13.4036149511
-2.68880609652
-18.9988106955
0.903583330232
-2.95346112666
-6.84544891076
-2.94034391106
-2.99268501337
-3.04437341638
-3.10344783139
-3.15260947982
-3.20436506113
-3.25682042299
5.18951251985
-3.37873007685
-12.0245976291
-35.7981168841
-22.9583401059
-10.278676757
-3.19260941389
5.53956543428
-3.35979234846
-12.379477201
3.57259025609
-3.62122167468
-10.8802067521
-3.8047538266
-3.84567074939
-3.88607743365
-3.92728432296
-3.97917569635
-4.02347669655
-4.06837668487
3.62625305057
-4.17934995352
-12.0556686942
-3.84941215702
-3.97075070174
-4.13565168278
-4.28628512711
-4.41736111421
-9.88677062954
-4.64446748112
-4.74568014596
-4.83639930798
-4.91654709009
-5.03312581185
-5.05780837427
-5.08218314241
-5.10704062308
-5.13158146205
-5.18747744163
-5.22164084649
-5.25581036889
-5.28957307484
-12.099822313
-83.6792058427
-52.8024961329
-22.3108223909
8.78470172143
39.4841221505
-5.35110638647
7.26499639546
19.8833583058
32.3514881748
-22.8543267975
-1.448968397
-1.53895837912
-1.62782617627
-1.71845389164
-1.78893488204
-1.86351730893
-1.93910815521
12.8661949694
-2.09284961494
-17.1874173428
-1.45825113053
-1.57982147431
-1.69987582251
-1.82230770051
34.6247178356
-2.01773224159
-39.1556201647
-2.20237047505
-2.29350984077
-2.3854748938
-2.23870845559
-2.31481747051
-2.38997739765
-2.46662577537
-2.53264478458
-2.59782743053
-2.66389140264
12.0018113664
-2.80375729748
-17.7434586726
-25.5230260319
-16.4754792781
-7.54075642796
1.57090769959
21.5856654924
-2.75403209899
-27.4228236051
2.77412150932
-3.02470074114
-8.87605807269
-2.93819250749
-3.00200695146
-3.06502562229
-3.12929230095
-3.19135926968
-3.24821639537
-3.30584227893
11.236214461
-3.43341838773
-18.2359524219
-46.8375409445
-29.6687761901
-12.7141078214
4.57632705397
10.0367905598
-3.40618340125
-17.030918081
7.18187155261
-3.67232696719
-14.6248603168
-3.79562457111
-3.84436825068
-3.89250409121
-3.94159320329
-3.99881573529
-4.04546738453
-4.09274980471
10.2977408349
-4.20526101448
-18.8396544371
-3.8601731363
-4.14273324837
-4.47046329828
-4.71430220774
-4.89944651955
-5.04720424674
-5.17682847821
-5.28836500921
-5.38723124107
-5.46571772485
-5.01408066151
-5.04140799168
-5.06839454704
-5.09591553818
-5.12308595905
-5.17840300071
-5.21098681502
-5.24357646403
-5.27577810629
-19.6975467745
-110.093520685
-68.823076703
-28.0672796985
13.4956361057
54.5291115963
-5.34160016927
13.8095757326
32.9641809793
51.8907347984
-31.6858218156
-1.45892669821
-1.5667061963
-1.67314167218
-1.78168497272
-1.86080512527
-1.94525733156
-2.03085140525
17.8229033343
-2.19741737603
-22.3991144291
-1.46785286435
-1.61121021738
-1.75277988845
-1.897153174
46.9550171091
-2.10413915106
-51.8266179414
-2.29483908725
-2.38739009929
-2.48077958761
-2.24224605643
-2.3327891666
-2.42220319423
-2.51338795751
-2.58693110854
-2.65945228575
-2.73295401245
17.5334191042
-2.88184554865
-23.4820645833
-31.3760660699
-20.0453162403
-8.85586210781
2.55518550221
29.7597357178
-2.81919448365
-35.8386202024
4.64283526977
-3.09587087248
-10.9046866917
-2.93604320228
-3.01131979745
-3.08565768519
-3.16146774404
-3.23007126516
-3.29202495947
-3.35481632169
17.2770187862
-3.48805335868
-24.4412490055
-57.8661977663
-36.3726672891
-15.1471635021
6.49868547257
14.5296293427
-3.4525292068
-21.6778222049
10.7876325574
-3.72338241444
-18.3658615553
-3.78650421978
-3.84306702236
-3.89892448056
-3.95588812753
-4.01843661843
-4.06743662402
-4.11709915237
16.9627216221
-4.23114680323
-25.6170234586
-4.00931512749
-4.48643114946
-4.95925482612
-5.26640994794
-5.47937526002
-5.6454257501
-5.78533487345
-5.90329051671
-6.00169720965
-6.08875325378
-4.99505408675
-5.02502360512
-5.0546194003
-5.08480130406
-5.1145987421
-5.16933741049
-5.20034317491
-5.23135449144
-5.26199659258
-27.2878608392
-136.482072478
-84.8280316921
-33.8181224787
18.2019757072
69.5594269983
-5.33210322391
20.3477718521
46.0322453479
71.4109239304
-40.508703086
-1.46887467874
-1.5944252559
-1.71841020355
-1.84485052171
-1.93260088288
-2.02691263962
-2.12249957348
22.7744746149
-2.30187676411
-27.6054101633
-1.47744464703
-1.64256642948
-1.80562912512
-1.97192107837
59.2725373804
-2.19045650924
-64.4844836194
-2.38721186589
-2.48117306123
-2.57598550856
-2.24577999093
-2.350742237
-2.45439559232
-2.56010167578
-2.6411611707
-2.72101327358
-2.80194504645
23.0592939376
-2.95985286991
-29.2147230586
-37.2230400742
-23.6114534581
-10.1696048249
3.5384432089
37.9253344164
-2.88428933465
-44.2456947499
6.50961231346
-3.16696724378
-12.9312128597
-2.9338961246
-3.0206229917
-3.10626836522
-3.19360984081
-3.26874313991
-3.33578812079
-3.40373960823
23.3115624806
-3.54263170647
-30.6401144801
-68.8834245954
-43.0696105406
-17.5776975876
8.41905157762
19.0178117912
-3.49882698001
-26.3199103226
14.3896565866
-3.77438494833
-22.1029856564
-3.7773933207
-3.84176714261
-3.90533821588
-3.97016823665
-4.03803716668
-4.0893830948
-4.1414232646
23.6207948881
-4.2570057642
-32.3873684807
-4.39832195301
-inf
-5.35337942775
-5.65606157568
-5.8638131985
-6.02328171153
-6.15453674649
-6.26569684863
-6.35933747833
-6.44407619246
-4.97604723095
-5.00865619917
-5.04085852998
-5.07369858863
-5.10612032122
-5.16028121576
-5.18971056576
-5.21914518558
-5.24822936189
-34.8703083763
-162.843275433
-100.816399302
-39.5630051414
22.9034377042
84.5741651277
-5.32261612109
26.8791918487
59.0867661016
90.9108825284
-49.322440408
-1.33901105505
-1.2346011453
-1.13149323861
-1.02634340571
-1.01280502514
-0.987690736807
-0.962236881421
-27.1879056258
-0.920127697551
25.5856261134
62.1077756935
30.2919363863
-1.12715590368
-33.168464956
-60.6831216392
-1.05696345556
59.3753923296
-1.23961138817
-1.15622959941
-1.07209240398
-2.1896287563
-2.11107751184
-2.03350581005
-1.95439789542
-1.94684729263
-1.93827122609
-1.92957920367
-32.0837534244
-1.93419114352
28.4885144811
69.0559180021
35.3911914987
2.14626783914
-31.7570309437
-41.5474583352
1.46838906072
45.0658481864
-11.0379943654
-2.16835199809
6.7816458898
-2.94303300597
-2.88738515078
-2.83243123048
-2.77638901487
-2.7741418724
-2.78021394518
-2.78636811766
-36.4200757602
-2.83236162423
31.0596441782
75.209986904
39.9076745982
5.04558601136
-30.5069036757
-24.5987279802
3.70512986085
32.3916805166
-19.7165621451
-3.0648032655
13.7378140929
-3.8665607959
-3.83898806304
-3.81175916519
-3.78399103226
-3.78824490568
-3.81227276212
-3.83662549611
-41.7355676558
-3.93334479414
34.2113515488
82.7536842677
45.4440087201
8.59958893215
-28.9744896053
-3.8228649644
6.44694116424
16.8556040182
-30.3548065204
-4.16367901265
22.2647299547
-5.1789423921
-5.19126588571
-5.20343570399
-5.21584653066
-5.22809926468
-5.27888265987
-5.32909650758
-5.37931934693
-5.42894424181
38.6900936018
93.4736752581
53.3114308934
13.6500141354
-26.7968485578
-66.7284875412
10.3431993322
-5.22197837427
-20.7899432914
-36.1725587022
34.3819261793
-1.4105685813
-1.42724260957
-1.44370871087
-1.4605009032
-1.49724243618
-1.53265589975
-1.5685481842
-4.2322719102
-1.67064868559
0.914181852167
-1.44133461801
-1.4538707291
-1.48534553303
-1.53400352674
-1.5946277956
-1.66542349407
-1.74327191042
-1.82812948059
-1.91097334714
-1.99705542921
-2.22593567402
-2.24247340196
-2.25880490261
-2.28174804235
-2.31222024995
-2.34840634233
-2.38508170221
-6.23376541978
-2.48891526636
1.28986177738
-2.06067222996
-2.27340924881
-2.48349341364
-2.35624942515
-6.67278094624
-3.23362899658
0.252023283446
-4.75930097807
-2.73699652906
-0.696370785892
-2.94811795613
-2.96453496093
-2.98074724387
-3.00404700136
-3.03405774214
-3.0709281629
-3.10829710387
-8.00651681399
-3.21366566648
-3.26712153484
-2.62822942326
-2.99994902764
-3.36703324766
-3.08375663438
-5.49002124418
-4.62130822643
-3.74084945189
-7.3476632828
-3.46578554459
-5.54393790072
-3.8333736568
-3.84964267838
-3.86570882347
-3.88209313896
-3.91889079709
-3.95660007199
-3.99481920913
-10.1795669101
-4.10206938275
2.03048791566
-3.94171864112
-11.7747325229
-9.91468311433
-3.97351232659
-17.2147277589
-4.10997131383
-4.19010779471
-4.27264215762
-4.35741794826
-4.44855380056
-5.09136859984
-5.10742732949
-5.12328580502
-5.13945833829
-5.15542486121
-5.21518646911
-5.25461377977
-5.29404815055
-5.33301302252
2.6101083717
-4.31259270659
-5.15613159707
-5.98915146476
-6.83866827388
-7.67736369481
-8.73958206985
-15.5906653116
-22.4429753567
-29.2137029798
3.85713399653
-1.42688770813
-1.44412238654
-1.47023144712
-1.50264017382
-1.53924830425
-1.58197740686
-1.63163473015
-1.68621020109
-1.74253864001
-1.79437072931
-1.67693404479
-9.50870506504
-1.76830381913
-1.58826249992
-1.66824954762
-1.72785073883
-1.81182456623
-1.89689080312
-1.98544864537
-2.06669746644
-2.229946705
-2.25698945066
-2.28369497031
-2.31664780046
-2.35258507139
-2.39371629317
-2.4354036449
-3.37797073325
-2.55019878426
-1.71492754238
-9.91732502504
-6.43443116751
-2.99496937963
-2.39386906614
-2.8199776736
-3.7530875813
-4.69881394782
-4.06565813342
-2.79981791334
-1.5225096717
-2.9486797194
-2.97305813772
-2.99713255449
-3.02826149592
-3.06277212142
-3.10304501023
-3.14386242359
-4.86750991581
-3.25579048516
-4.42405290929
-11.2274583497
-7.74019739993
-4.29642297796
-3.10975692099
-3.37897410739
-5.54117703422
-7.73261482822
-5.98120092146
-3.51008432963
-4.08278500573
-3.82970728544
-3.85081975413
-3.871668948
-3.8929310347
-3.93332398919
-3.97254472792
-4.01229576521
-6.69339665573
-4.12070934434
-1.52471448348
-3.87648993242
-3.89272553831
-3.93087984132
-4.18694065803
-4.05209243587
-4.12673266205
-4.20874746836
-4.29116087373
-4.37774354565
-4.46549440489
-5.08169382666
-5.09816520901
-5.11443119141
-5.13101930173
-5.14739610796
-5.20814958991
-5.24638525068
-5.28462775819
-5.32241495701
-1.37585208956
-15.1155959583
-11.6153746058
-8.15880139879
-4.63377497963
-1.15365135559
-10.8477650881
-16.7361529249
-22.625595178
-28.444918747
0.48488719674
-1.44215354554
-1.47994985261
-1.53238096699
-3.04755642599
-1.65319358737
-1.7191465053
-2.17265602985
-1.86175976322
-1.93484790068
-1.99791448061
-1.45133259428
-1.49277039738
-1.55940347171
-1.63604420782
-14.7253564241
-5.33781414149
-1.90765904669
-2.00121263389
-2.12434481002
-2.17724768132
-2.23377903929
-2.27085879037
-2.30747615288
-2.34999272861
-2.39115158715
-2.43700762634
-2.48348367912
-0.649405441644
-2.60875204114
-4.58584956108
-17.4239536444
-10.410074108
-3.48365842121
-2.42981270284
0.861178165327
-4.24940360548
-9.42908489389
-3.4029179863
-2.85984052264
-2.31184298774
-2.94921645538
-2.98120159582
-3.01278787805
-3.05139720302
-3.09020723747
-3.13373100994
-3.17784326173
-1.86834988765
-3.29603858799
-5.5294414752
-19.4435803608
-12.2692614966
-5.18440717809
-3.13459886077
-1.36197688642
-6.42006448143
-11.546541827
-4.67561624865
-3.55240954576
-2.68672838661
-3.84065089622
-3.86270366861
-3.89825676677
-3.93731829071
-3.98269515418
-4.03310217082
-4.090970297
-4.14608459735
-4.20420068313
-4.26365971599
-3.8734727642
-3.9051139891
-3.96150174297
-4.03099526708
-4.13292058404
-4.19308469164
-9.77396933053
-4.37362101853
-4.46123184178
-4.54530104858
-5.0724500773
-5.08931572813
-5.10597106244
-5.1229562353
-5.13972504618
-5.20142621289
-5.23852331334
-5.27562705666
-5.3122890492
-5.18423278989
-25.4373112611
-17.7868498757
-10.2317905856
-2.52711257048
5.07942105161
-12.8620257907
-17.8306075641
-22.8000790469
-27.710384859
-2.73712158983
-1.43333724275
-1.48853858374
-1.54305155793
-1.59864409501
-1.65138403359
-1.70605662983
-1.7614684472
3.0719080933
-1.90945456918
-6.93594644586
-21.6335449385
-11.5539815844
-1.60011149443
8.55088283969
8.75232518216
-1.86096636183
-12.6177588532
-2.02702376078
-2.15533693445
-2.28481257572
-2.23748805657
-2.28428184188
-2.33049210354
-2.37761750302
-2.42847710792
-2.47890592914
-2.53001659194
1.99135995958
-2.66542116882
-7.36439092857
-24.6890336477
-14.2577886403
-3.95662240596
6.54854584863
4.4238816146
-4.72974915147
-14.0071449796
-2.76150351991
-2.91793172186
-3.07577710266
-2.94973592024
-2.98908301338
-3.02793944395
-3.07378844836
-3.11675954519
-3.16342959423
-3.210730663
1.03430304115
-3.33499158564
-7.74387032755
-27.3953236472
-16.6525891755
-6.04381778474
-3.15864143555
0.590117311905
-7.27067105086
-15.2377441202
-3.41204273515
-3.59337281928
-3.77634568366
-3.8321323651
-3.88738900301
-3.96225994442
-4.04208240782
-4.12612458624
-4.21753030763
-4.29612788035
-4.38048236175
-4.45906431247
-4.86104941906
-3.86399835598
-3.93328616337
-4.03898066961
-4.15742859378
-6.20742680417
-4.39449736574
-9.80478765536
-4.6121179154
-4.70519908783
-4.79370211821
-5.06350377371
-5.08075100622
-5.09778316386
-5.11515262257
-5.13230082416
-5.19491918098
-5.23091435775
-5.26691598008
-5.30248897329
-8.87006725354
-35.4268939684
-23.759739151
-12.2380750379
-0.488238434223
11.1119253889
-14.8114715265
-18.8898447953
-22.9689483665
-26.9994868338
-5.85545244018
-1.44099251658
-1.50914750131
-1.57645258588
-1.64509056548
-1.70320948411
-1.76435738127
-1.82633205126
5.52771772351
-1.98974582548
-9.57531467931
-28.4297778421
-14.9500900103
-1.638495369
11.9367191516
14.3875297001
-1.92621719576
-18.4605401613
-2.09092814914
-2.23642194832
-2.3832338649
-2.24137219583
-2.29833866542
-2.35459475686
-2.41196493151
-2.46756496053
-2.52278246858
-2.57874656544
4.75680962082
-2.72476594056
-10.2741216755
-32.2971358383
-18.2871737742
-4.45191747866
9.65732917594
8.15479881092
-5.23277430728
-18.8013590765
-2.08980454281
-2.97876570852
-3.87578051771
-2.95027991174
-2.99733655363
-3.04380639402
-3.09119651286
-3.14456552536
-3.19453040305
-3.24517084942
4.0740053013
-3.37578375677
-10.893065015
-35.7225100635
-21.2428765365
-6.94380563293
7.63844091176
2.63438002338
-8.16143917747
-19.1032272586
-2.08880934863
-3.63627018185
-5.19775041019
-3.81036259048
-3.9322310672
-4.10367901515
-4.27137168062
-4.42458527956
-4.56090211068
-13.5230134325
-4.78842784145
-4.88503453994
-4.96718103746
-3.84764432555
-4.007320427
-4.22562512893
-4.43151887421
-4.6094070338
-4.76151334029
-4.89926425872
-5.01911222929
-5.1254622772
-5.21641650219
-5.05413506862
-5.07178189928
-5.08920867203
-5.10698056073
-5.12452606603
-5.18810491828
-5.22294614383
-5.25779360829
-5.29222618486
-12.7299291194
-45.8881367964
-30.0146395731
-14.3390866069
1.64690154709
17.42925561
-16.8529607277
-19.9990941216
-23.1457908843
-26.255023618
-9.12101589756
-1.44864032389
-1.5297363181
-1.60982103634
-1.69149173465
-1.75498438698
-1.8226012694
-1.89113239098
7.98113209395
-2.06995877016
-12.2121086202
-35.2193820791
-18.3428860614
-1.67684180608
15.3192531076
20.0172379538
-1.99140438768
-24.2976227463
-2.15477020872
-2.31742787638
-2.48155915944
-2.24525254672
-2.31238177871
-2.3786739018
-2.44627885944
-2.50661468903
-2.56661621329
-2.62742901043
7.51956201667
-2.78405283072
-13.1810144334
-39.8978175103
-22.3126288706
-4.94672946817
12.7630803693
11.8820770787
-5.7353088404
-23.5908971644
-1.41876070343
-3.03954036111
-4.67500365403
-2.95082337266
-3.00558204383
-3.05965786835
-3.11480459855
-3.17234438513
-3.22560087788
-3.2795774448
7.11074280537
-3.4165361415
-14.0391881537
-44.0415746066
-25.8286867873
-7.84291568316
10.4990416583
4.676648875
-9.05133849852
-22.9649402204
-0.766866570165
-3.67912570472
-6.61776877781
-3.80220673381
-4.05720308439
-4.37485757731
-4.63485040581
-4.84004083122
-5.00351754093
-5.14762052924
-5.27448647874
-5.38281241735
-5.47251696288
-3.85297607091
-4.17451820663
-4.54237463716
-4.82752993433
-5.04508118975
-5.21838700876
-5.3716969749
-5.4991003713
-5.6114820493
-5.70680971974
-5.04477550124
-5.06282154031
-5.08064254328
-5.09881646945
-5.11675889096
-5.18129730182
-5.21498570165
-5.24868013397
-5.28197340618
-16.5860262913
-56.3391763115
-36.2634393142
-16.4380489664
3.77995903193
23.7404242595
-18.8924587743
-21.1072615479
-23.3224609199
-25.51128651
-12.3833943064
-1.45628020508
-1.55030379684
-1.64315490406
-1.73784481409
-1.80670563083
-1.88078479413
-1.95586557225
10.4320037696
-2.15008858293
-14.8461698134
-42.0019496363
-21.7321658517
-1.71514850129
18.6982814383
25.6411116326
-2.05652402022
-30.1286558356
-2.21854610302
-2.39834985069
-2.57978255061
-2.24912887605
-2.32641033786
-2.40272809134
-2.48055722475
-2.54562394677
-2.61040452914
-2.67606100141
10.2794511228
-2.84327827652
-16.0848945159
-47.4906219098
-26.3339120244
-5.44102863935
15.8656127924
15.6054924315
-6.23732255162
-28.3754714215
-0.748412327354
-3.10025202744
-5.47339848327
-2.95136627034
-3.01381898849
-3.07549291437
-3.13838821705
-3.20009445516
-3.25663915157
-3.31394838153
10.1443330642
-3.45724629085
-17.1820506809
-52.3520173521
-30.4097443489
-8.74109390448
13.356677706
6.71680113905
-9.94031553658
-26.8226509404
0.553706159662
-3.72193681255
-8.0363154522
-3.86007651005
-13.8843300354
-4.75712155579
-5.09551948682
-5.29914707212
-5.46852781768
-5.61779845581
-5.74625616215
-5.85762207688
-5.95251743371
-3.94924613174
-4.45885893644
-4.94319617786
-5.26567075548
-5.49699102303
-5.67750135136
-5.82946748329
-5.96171838072
-6.07352220424
-6.16830828861
-5.03542563403
-5.05387046776
-5.07208529238
-5.09066083937
-5.10899976572
-5.17449674072
-5.2070335096
-5.23957610475
-5.27173125338
-20.4381270415
-66.779384471
-42.5057628601
-18.5348359817
5.91080583674
30.0450520752
-20.9298431048
-22.2142804803
-23.4989478563
-24.7683202039
-15.6423916181
-1.36184499191
-1.30025361969
-1.23943029866
-1.17740244602
-1.19504560734
-1.2018454679
-1.20873726849
-1.14562809816
-1.14178886012
-1.13791484007
125.545765969
61.7451337672
-1.25989753085
-65.512666549
8.43027635682
-1.24840765848
-11.0579559132
-1.50989647234
-1.27081745454
-1.02957247354
-2.18772201645
-2.14698530585
-2.10675658651
-2.0657311865
-2.08494338726
-2.1004659565
-2.11619840441
-2.40681097319
-2.10591089868
-1.80228478618
85.586141184
39.6550427603
-5.70328981194
-51.9598887814
4.31845442438
4.82188727823
5.33212698284
0.0686871189907
-2.26103788962
-4.61186930346
-2.91921309532
-2.89694765644
-2.87495987003
-2.85253664236
-2.87313856375
-2.8963869607
-2.91994969623
-3.52385866249
-2.95984756141
-2.39072673845
50.1933306599
20.0895335827
-9.63886583233
-39.9559999015
0.676554998495
10.1984342222
19.8490575479
1.46686115702
-3.13809027498
-7.78476078138
-3.81587957911
-3.81625634427
-3.81662841113
-3.81700784631
-3.83931329623
-3.87203206261
-3.90519321523
-4.89314292681
-4.00660863185
-3.11204267994
6.80859517875
-3.8939937962
-14.4631203089
-25.2415554681
-3.78770881388
16.7890401535
37.6440046921
3.18075191332
-4.21318674736
-11.6741116253
-5.09008984554
-5.12264237434
-5.15478896952
-5.18757218878
-5.219937806
-5.25847510218
-5.30527611065
-5.35208549964
-5.39833758411
-4.1370705968
-54.8433973471
-37.9758484926
-21.3186398283
-4.33155548378
12.43914252
26.1546380558
62.9315611603
99.7150698003
136.060640328
-17.2010838772
-1.42026146122
-1.42591113189
-1.43986196355
-1.4612790522
-1.49145881898
-1.52696653778
-1.56649006147
-1.61233213076
-1.66443140601
-1.71313845759
-1.44010715058
-1.45129168032
-1.48248005701
-1.52930173475
-1.58955267332
-1.65979403042
-1.7392061501
-1.83939412613
-1.90829802772
-1.99437830909
-2.22723591163
-2.24162299124
-2.25583066239
-2.27771475372
-2.30775351094
-2.34413664617
-2.38101171309
-2.46391384075
-2.48471807823
-2.50571079405
-1.88244473997
-2.2725977449
-2.65788549892
-2.3521853248
-2.4137522992
-3.97245002136
-5.55222269457
-4.85874608678
-2.73241601285
-0.586822212944
-2.94949319948
-2.9641106381
-2.97854579565
-3.00084351792
-3.03075738096
-3.06791588504
-3.10557680446
-3.21817192673
-3.2112577022
-3.26304129894
-2.2922959791
-3.00004025924
-3.69895889032
-3.08102507598
-3.14375768212
-6.02080247048
-8.93674741069
-7.53302925192
-3.4623490854
-3.5511752281
-3.84491509982
-3.84974065683
-3.86445466868
-3.88725942243
-3.91702018937
-3.95512914558
-3.99814840862
-4.14274635472
-4.10185466062
-4.15540960154
-3.88061190832
-3.89174398649
-4.97511337011
-3.97444154518
-4.03860299022
-8.53168611778
-15.4746026183
-10.8111828092
-4.35710575497
-4.44751284814
-5.09296644085
-5.10826752555
-5.12337780404
-5.13878732314
-5.15400055138
-5.21590588425
-5.25589901111
-5.29589929942
-5.3354233512
-5.27745645026
-3.50862868876
-5.15890191469
-6.78859605191
-8.45056429177
-10.0913619047
-12.0997839324
-18.9811433424
-25.8637349772
-32.6643836626
4.30156312868
-1.42739877478
-1.43979322946
-1.46200478557
-1.48973517906
-1.52420526647
-1.56288450508
-1.60956454454
-1.66389157041
-1.72217069027
-1.77462424991
-1.50826601435
-8.43295898202
-1.50707001022
-1.56215267617
-2.69649997632
-1.70524221457
-1.78920967696
-1.87579559946
-1.97872411973
-2.04835992851
-2.23160123559
-2.25207815273
-2.27229972047
-2.29905038468
-2.33236860814
-2.37105632833
-2.4102671402
-2.47022231817
-2.52656705435
-2.58342225199
-11.5455951784
-6.90458182753
-2.32144242382
-2.37565199297
-3.15749733252
-4.94401030708
-6.75467849337
-5.40310756056
-2.78449182579
-0.142152447832
-2.95283841421
-2.97153051335
-2.98998951996
-3.01587242394
-3.04817042504
-3.0868656575
-3.1260840832
-3.18440098047
-3.23903240539
-3.29886220266
-8.09068063012
-5.55087634785
-3.04274370444
-3.09617995927
-3.56580927659
-7.81263347474
-12.1168784356
-8.52729815467
-3.49817179401
-3.5793000367
-3.84597672206
-3.85343985862
-3.86973830642
-3.89455750432
-3.92560491028
-3.96430935131
-4.01096755652
-4.05984579233
-4.11237702925
-4.17645375121
-3.87759252242
-3.89149543726
-3.92691946778
-3.97940778894
-4.06632069189
-11.3290102609
-4.20229047969
-12.356951141
-4.37300530344
-4.46075040202
-5.09328423464
-5.10667945453
-5.11990763455
-5.13339778253
-5.14671608915
-5.21120302147
-5.25044404306
-5.28969209143
-5.3284728593
-5.40344133893
2.16261415836
-1.53342782748
-5.18337976305
-8.90561454037
-12.5804344261
-16.3259667465
-28.0305040708
-39.7371372922
-51.3043933568
6.67708241537
-1.46022463847
-1.46914407559
-10.7212143389
-1.55741063928
-1.61546349051
-1.67765303644
-8.04858239956
-1.8161597084
-1.89168112953
-1.95469105266
-1.45959006681
-1.49297236236
-1.54991523777
-1.62164983722
-14.9241382804
-9.75377139676
-1.88842972655
-1.979148135
-2.07137504989
-2.15368489191
-2.23577207864
-2.26206752308
-2.28803506044
-2.31943548532
-2.3558870705
-2.39677670338
-2.43821919971
-2.47624974466
-2.56655160375
-2.65767156266
-20.7782396042
-11.3302049505
-1.99998832853
-2.39807319032
-3.86810755016
-5.87228630915
-7.90356331089
-5.92321701746
-2.83424759302
0.28270669664
-2.95603459524
-2.97861982343
-3.00092341135
-3.0302317725
-3.0648076952
-3.10497119276
-3.1456777358
-3.15213457412
-3.26556970916
-3.33308723818
-13.6307396479
-7.98806934662
-2.41576376486
-3.11065967266
-3.96905791955
-9.52463606012
-15.1553304569
-9.47727107511
-3.53239855401
-3.60617184822
-3.84609424929
-3.86162172463
-3.89071110754
-3.92160330945
-3.96205153287
-4.05169259999
-4.06283538195
-4.11856992484
-9.78366693685
-4.23911626891
-3.88191672694
-3.90565298749
-3.95222174371
-4.01435651904
-8.71677300287
-4.17015354635
-4.25931010277
-4.34910147607
-4.43645887654
-4.52343595765
-5.0935878703
-5.10516213416
-5.11659206567
-5.12824835302
-5.13975615925
-5.20670967739
-5.24523210099
-5.28376142269
-5.32183202093
-5.52381343574
7.58119570621
1.93052663907
-3.649677963
-9.34039170419
-14.9586155055
-20.3638675791
-36.6767039223
-52.9924613572
-69.113966197
8.94676920545
-1.42767411197
-1.46589369562
-1.50363667685
-1.54212711174
-1.58577359504
-1.63041577585
-1.67566155784
-1.76083120095
-1.83072937364
-1.90126079668
-41.8184498545
-21.5595610823
-1.55330288233
18.849154835
-4.77773017027
-1.79069175029
1.23673403126
-1.9442359355
-2.11113594163
-2.27954799709
-2.23980871213
-2.27173545504
-2.30326406796
-2.33541706656
-2.37864875479
-2.4216694471
-2.46527181664
-2.48208322037
-2.60524952861
-2.72953167585
-29.7137956038
-15.6134201838
-1.68887799683
12.5114227472
-4.55585172189
-6.77069220641
-9.01547926373
-6.42659037006
-2.88240231706
0.693894705433
-2.95912792942
-2.9854810134
-3.01150547152
-3.04412906533
-3.08090961056
-3.12249412734
-3.16464090301
-3.12090643756
-3.29125309444
-3.46314302598
-18.9925304103
-10.3468382451
-1.80895881252
-3.12467345721
-4.35933081047
-11.1815497533
-18.0960110393
-10.3966757264
-3.56552396388
3.32751538481
-3.84087406674
-3.86039492363
-3.8796723533
-3.89933154892
-3.94174549829
-3.98156954184
-4.02193204114
-3.90398005864
-4.13216069126
-4.36240855194
-13.2260714973
-3.92487775391
-5.02340403373
-4.09769546387
-4.20726545971
-4.31894910064
-4.4275088164
-4.5357853283
-4.6336166239
-4.72570243946
-5.09388173556
-5.10369363818
-5.1133831853
-5.12326462207
-5.13302018627
-5.20236092033
-5.24018786901
-5.27802159126
-5.31540487174
-5.64031219409
12.8254179058
5.283017831
-2.16532768492
-9.76117858987
-17.2602713727
-24.2718366665
-45.0446859861
-65.8212550388
-86.3504618425
11.1434219172
-1.43301663617
-1.4793366235
-1.52507899549
-1.57172723931
-1.61748408618
-1.6651974536
-1.71355594731
-1.81075952234
-1.88664203601
-1.96321201584
-55.4013045537
-28.3203585463
-1.57711491549
25.6957460038
-5.84965843547
-1.83470214994
2.23453984217
-1.97948582324
-2.17933405587
-2.380992836
-2.24403593607
-2.28185986032
-2.31921211608
-2.35730408766
-2.40248513649
-2.44773750663
-2.49360172824
-2.48819212478
-2.64577458364
-2.80478467848
-39.0712456447
-20.0988682703
-1.36307852936
17.7437506523
-5.27606787053
-7.71151651556
-10.1798945479
-6.95373059493
-2.93283067591
1.12449703728
-2.96236731598
-2.9926661558
-3.02258716575
-3.05310072477
-3.09777178104
-3.14084441074
-3.18449941991
-3.08820385837
-3.31814912582
-3.55017760824
-24.6074791825
-12.816976883
-1.17350344451
10.7005547695
-4.76803051302
-12.9166949537
-21.1755364362
-11.3594902499
-3.60021339651
4.22935949647
-3.84290255587
-3.86397709864
-3.88478883953
-3.90601273154
-3.95005863566
-3.99045932546
-4.03140626777
-3.82370211245
-4.14235017753
-4.46388507054
-3.8622771538
-3.96131564668
-4.10775626189
-4.27803119292
-17.8690397163
-4.59433902151
-4.72977299869
-4.85482039132
-4.96556168124
-5.06420118264
-5.09418947572
-5.10215580688
-5.11002279701
-5.11804558328
-5.125966173
-5.19780683584
-5.23490547263
-5.27201075256
-5.30867426343
-5.76231146432
18.3172470924
8.79379755673
-0.610893515272
-10.2018330115
-19.6706003762
-28.3643212862
-53.8077639759
-79.255762748
-104.400782034
13.4437900205
-1.43835394957
-1.4927664399
-1.5465004005
-1.60129849657
-1.64916364868
-1.69994520724
-1.75141337671
-1.86063914642
-1.94250016429
-2.02510281123
-68.9709112938
-35.0745619054
-1.60090372372
32.5356593893
-6.92054120161
-1.8786696243
3.23137244893
-2.01470133019
-2.24746565348
-2.48233873128
-2.24825903701
-2.29197439082
-2.33514460937
-2.37916976138
-2.42629826951
-2.47378014083
-2.52190400841
-2.4942950709
-2.68626011279
-2.87996428352
-48.4195689507
-24.5799415009
-1.03759682853
22.9709752365
-5.99558156051
-8.65142319715
-11.3431741263
-7.48035667662
-2.98320984974
1.55467938362
-2.96560354303
-2.99984429021
-3.03365805151
-3.06814145307
-3.1146175051
-3.15917679629
-3.20433856792
-3.05553317545
-3.34501892432
-3.63712730183
-30.2169514469
-15.2847062854
-0.538667864229
14.499397844
-5.17633159267
-14.6501477902
-24.2520582359
-12.3213656977
-3.634868995
5.13032399967
-3.84492906654
-3.86755577978
-3.88990033543
-3.91268739772
-3.95836366486
-3.99934043848
-4.04087125377
-3.74350246489
-4.15252972555
-4.5652626146
-3.84761064349
-4.04680531911
-4.3141277184
-4.57046836875
-4.78367467898
-4.96442757107
-5.11585758997
-5.24952900378
-5.36908758507
-5.47149596147
-5.09449691573
-5.10061947549
-5.10666568626
-5.11283163485
-5.11891903982
-5.19325719316
-5.2296282284
-5.26600577649
-5.30195021977
-5.88419174327
23.803719855
12.3011530637
0.942024545967
-10.6420576433
-22.0785784793
-32.4528143246
-62.562294948
-92.6771671876
-122.43349695
15.7419144731
-1.44368573142
-1.50618233777
-1.56789960456
-1.63083910647
-1.68081037879
-1.73465694865
-1.78923157103
-1.91046707574
-1.99830040174
-2.08692946361
-82.5264546256
-41.8217652739
-1.62466787746
39.3684839551
-7.99031411527
-1.92259153119
4.22717194808
-2.04988034014
-2.31552664016
-2.58357959265
-2.25247776116
-2.30207843872
-2.35106059037
-2.40101277373
-2.45008672284
-2.4997957847
-2.55017695638
-2.500391692
-2.72670368313
-2.95506597315
-57.7582037454
-29.0563705907
-0.712452453774
28.1927823759
-6.71434955349
-9.59035576859
-12.5052480931
-8.00643696817
-3.03353681109
1.98441589316
-2.96883641608
-3.00701498528
-3.04471746352
-3.0831665933
-3.13144577042
-3.17749018234
-3.22415715483
-3.0228963521
-3.37186087522
-3.7239868816
-35.8206101087
-17.7498781571
0.0955097786333
18.2943038344
-5.58420951306
-16.3818040931
-27.3253915582
-13.2822442673
-3.66948867677
6.03035475203
-3.84695347694
-3.87113075202
-3.89500653382
-3.91935514633
-3.96666008681
-4.0082123472
-4.05032643035
-3.66338593546
-4.16269872359
-4.66653509196
-3.83533577741
-11.8746563064
-4.60516990881
-4.91900721281
-5.15790557308
-5.34460423729
-5.50466589328
-5.64327057503
-5.76374681118
-5.86692127577
-5.09480403712
-5.09908473634
-5.10331205478
-5.1076230901
-5.11187921022
-5.18871226568
-5.22435645345
-5.26000702393
-5.29523314486
-6.00594570668
29.2845064906
15.8048735815
2.49333317804
-11.0818260307
-24.4840609772
-36.5370700886
-71.3077528094
-106.084661814
-140.447522936
18.0376571719
-1.38467892877
-1.36590609408
-1.34736735871
-1.32846148632
-1.37728618955
-1.41600019899
-1.45523765555
24.8966494295
-1.36345002269
-27.8614557935
188.983756245
93.1983311481
-1.39263915802
-97.8568681421
77.5436743528
-1.4398518614
-81.491304156
-1.7801815565
-1.38540530966
-0.987052543099
-2.1858152766
-2.18289309985
-2.18000736297
-2.17706447759
-2.22303948189
-2.26266068691
-2.30281760515
27.270131478
-2.27763065385
-32.0930840534
102.116364366
43.9188940219
-13.552847463
-72.1627466191
50.1843671839
8.17538549575
-34.4015942207
11.1753686033
-2.35372378115
-16.0053844967
-2.89539318467
-2.9065101621
-2.91748850959
-2.92868426985
-2.9721352551
-3.01255997622
-3.05353127479
29.3723584352
-3.08733349859
-35.8410976551
25.1766744158
0.271392567305
-24.323317676
-49.4050961273
25.9518379772
16.6917385835
7.30643457917
22.6502844592
-3.21137728446
-29.3073356556
-3.76519836232
-3.7935246255
-3.82149765706
-3.85002466037
-3.89038168677
-3.93179136311
-3.97376093435
31.9492818022
-4.07987246957
-40.4354369087
-69.1364939102
-53.2319963125
-37.52582955
-21.5086213309
-3.75255266335
27.1311391427
58.4324053661
36.716310347
-4.26269448207
-45.6129532052
-5.00123729897
-5.05401886297
-5.10614223505
-5.15929784689
-5.21177634733
-5.23806754448
-5.28145571372
-5.32485165235
-5.36773092641
-46.9642347954
-203.160469952
-129.263127879
-56.287293792
18.1337375902
91.6067725813
41.9660767794
131.085100695
220.220082892
308.293839359
-68.7840939337
-1.41299968875
-1.42457965421
-1.43601521623
-1.44767724559
-1.48567520178
-1.52127717581
-1.55736051954
1.00760764868
-1.65821412643
-4.34818721315
-1.44341036538
-1.45433621767
-1.48364442778
-1.53016043573
-1.58905567138
-1.65853711682
-1.73759806361
-1.81907287771
-1.90452072322
-1.99002503591
-2.22853614925
-2.24077258053
-2.25285642217
-2.26517956954
-2.30328677193
-2.33986695002
-2.37694172398
1.30593773829
-2.48052089011
-6.30128336548
-1.70421724999
-2.27178624098
-2.8322775842
-3.40386877415
1.84527634784
-4.71127104614
-11.3564686726
-4.95819119548
-2.72783549664
-0.477273639995
-2.95086844283
-2.96368631527
-2.97634434743
-2.99764003448
-3.02745701977
-3.06490360717
-3.10285650506
1.57017296052
-3.20884973793
-8.03116852896
-1.95636253494
-3.00013149083
-4.03088453299
-3.07829351759
-0.79749412006
-7.42029671452
-14.1326453695
-7.71839522105
-3.45891262621
0.839159229315
-3.83630802852
-3.84983863528
-3.86320051388
-3.87682700818
-3.91514958165
-3.95365821917
-3.99268752702
1.89407420067
-4.1016399385
-10.1516729229
-14.9477692141
-3.8931302981
-3.92433372552
-4.07814970187
-4.03759515787
-4.10866831884
-4.1891093106
-4.27169003868
-4.3576005876
-4.45954147503
-5.09456428186
-5.1091077216
-5.12346980305
-5.13811630799
-5.15257624155
-5.21662529938
-5.25718424244
-5.29775044828
-5.33783367987
-13.1650212722
-2.70466467092
-5.16167223232
-7.58804063906
-10.0624603097
-12.5053601145
-15.4599857949
-22.3716213732
-29.2844945977
-36.1150643455
4.74599226082
-1.41612844362
-1.43106165494
-1.44580864748
-1.46084768621
-1.49764955029
-1.53290772013
-1.56864261113
-1.63155019433
-1.69077838763
-1.75054316539
-1.45377244389
-1.47055374601
-1.51892448519
-1.55775747081
-4.38623051597
-4.04101473948
-1.77995096918
-9.30367685871
-1.95372610652
-2.03734181334
-2.23325576618
-2.24716685481
-2.26090447063
-2.27491414317
-2.31215214488
-2.34839636349
-2.38513063551
-1.56247390309
-2.50293532444
-3.4519169616
-13.1738653318
-7.37473248756
-1.64791546801
4.19231417056
-3.49501699144
-6.13493303287
-8.81054303892
-6.74055698769
-2.76916573823
1.23820477603
-2.95699710902
-2.97000288898
-2.98284648542
-3.00348335195
-3.03356872867
-3.07068630476
-3.10830574281
-1.50129204514
-3.22227432562
-4.95884803825
-4.95390291057
-3.36155529576
-1.78906443092
-3.08260299756
-3.75264444578
-10.0840899153
-16.5011420431
-11.0733953879
-3.48625925839
4.16961338251
-3.84416391638
-3.85605996311
-3.86780766484
-3.87978801545
-3.91788583137
-3.95607397469
-3.99477845499
-1.42629492893
-4.10404471416
-6.80605387414
-3.88999346913
-7.91648483779
-3.92769308296
-3.97678625567
-4.0417371071
-4.1163241072
-4.19951900348
-4.28078885978
-4.36831415561
-4.45707869515
-5.10487464262
-5.11519370005
-5.1253840777
-5.13577626333
-5.14603607033
-5.21425645303
-5.25450283545
-5.29475642467
-5.33453076159
-9.4310305883
19.440824275
8.54851895086
-2.20795812731
-13.1774541011
-24.0072174966
-21.8041684049
-39.3248552167
-56.8486794064
-74.1638679665
12.869277634
-1.41911780836
-1.43725487405
-1.45516576855
-1.47343136644
-1.50909042588
-1.54402010845
-1.57942207076
-4.15313009763
-1.72189186832
0.731372436627
-1.45562594345
-1.48218983445
-1.52862854733
-2.60607427362
-2.19342082933
-1.76370078215
-1.85874564013
-inf
-2.0423243313
-2.12562433765
-2.237765118
-2.25327625579
-2.26859396799
-2.28421502878
-2.32062255386
-2.35654578042
-2.39295472029
-4.30309404768
-2.52435116636
-0.729493564245
-24.1325255641
-12.250335793
-0.516318235842
11.4500772126
-8.59739326564
-7.49516901282
-6.37804172789
-8.44351604861
-2.80865466341
2.87725638102
-2.9628527351
-2.97603805104
-2.98905894464
-3.00906634197
-3.03940815292
-3.07621137559
-3.11351220988
-4.43591926058
-3.23510083034
-2.02340345073
-7.81789893512
-3.70687719665
0.352879648374
-3.08672048455
-6.57613895267
-12.6292076388
-18.7641190867
-14.2789259016
-3.51238756227
7.35169143965
-3.85166981414
-3.86200412264
-3.87220956118
-3.88261710597
-3.92050017758
-3.95838210515
-3.99677622937
-4.59873726349
-4.10634235392
-3.60948653739
-3.88354061543
-16.9537734171
-12.8975350471
-4.0021469848
-4.2004580978
-4.16773848198
-4.23840509133
-4.32839364148
-4.41917881401
-4.50675894307
-5.1147256633
-5.12100854018
-5.1272130689
-5.13354047073
-5.13978727231
-5.21199314189
-5.25194088865
-5.29189578873
-5.33137499265
-5.86339408159
40.5997026735
21.6479031538
2.93243465959
-16.1536708379
-34.9966520626
-27.8657093676
-55.5228002805
-83.1848436674
-110.517547535
20.6306600007
-1.42201098119
-1.4432488075
-1.46422179577
-1.48561012846
-1.52016315649
-1.55477492187
-1.58985466848
-6.59357049521
-1.75200417811
3.1334248525
-62.0033547704
-31.5651405802
-1.50649427023
29.1474268304
-18.3077855227
-1.72041713876
15.0912269157
-1.86144811022
-2.0669349488
-2.27428341845
-2.2421293677
-2.25918906821
-2.27603603238
-2.2932166301
-2.32882040165
-2.36443296506
-2.40052704135
-6.95552640031
-2.5450778884
1.90532757687
-34.7385575599
-16.9690517273
0.578866412307
18.4742996458
-13.5355850584
-8.81163526136
-4.02381354784
-10.0916772202
-2.84687291226
4.46356651353
-2.9685199386
-2.98187901341
-2.99507149909
-3.00852524584
-3.04505967594
-3.08155866045
-3.11855114303
-7.27611591627
-3.24751460323
0.817584275596
-10.5897371734
-4.04108731467
2.42590015969
9.02095842525
-9.30877893284
-15.0924284557
-20.9542779584
-17.3813087176
-3.53767510847
10.4313764533
-3.8589341868
-3.86775701075
-3.87646981312
-3.8853551619
-3.92303039926
-3.96061596448
-3.99870971928
-7.66909661324
-4.10856606013
-0.515778480804
-13.2093329588
-3.92095725187
-3.98305451584
-4.06408116824
-4.16218122615
-4.26754976137
-4.3751290128
-4.48169873147
-4.58037520523
-4.67629911877
-5.12425969741
-5.12663627014
-5.12898320674
-5.13137662156
-5.13373954838
-5.20980265968
-5.24946138028
-5.28912720245
-5.32832077018
-2.41055713463
61.0777297801
34.325774813
7.90741966806
-19.0341187455
-45.6324681342
-33.7322018065
-71.1995271769
-108.673561711
-145.701436851
28.1422962745
-1.42504075576
-1.44952574569
-1.4737054051
-1.49836391315
-1.53175868826
-1.56603752594
-1.60077984336
-9.14923676818
-1.78353824655
5.64889064763
-82.3728312652
-41.6906270822
-1.51573446197
39.4547728559
-26.086846571
-1.74318710412
22.9296198456
-1.86804349733
-2.12224616342
-2.3787518071
-2.24669967631
-2.26538105523
-2.2838294753
-2.30264324381
-2.33740531244
-2.37269254468
-2.40845689103
-9.73319387037
-2.56678322672
4.66455231858
-45.8453554512
-21.9105627664
1.72576041993
25.8301721286
-18.706934552
-10.1902587239
-1.55843001927
-11.8176566471
-2.88689564329
6.12477459226
-2.97445472023
-2.98799575797
-3.00136793748
-3.01500493667
-3.05097803672
-3.08715841842
-3.1238279904
-10.250413018
-3.26051449487
3.79270979856
-13.4924483015
-4.39107722944
4.59679874391
13.7626686273
-12.1704410494
-17.6719507299
-23.2478456139
-20.6301711511
-3.56415661117
13.6564694031
-3.86654154826
-3.87378152261
-3.88093121369
-3.88822249567
-3.92568008584
-3.96295529592
-4.00073449931
-10.8844235861
-4.11089475906
2.72399961273
-3.87471671038
-3.94239545359
-4.05240805584
-4.1920295311
-4.56711504109
-4.48637744847
-4.62263916013
-4.75248267368
-4.86372604242
-4.96623596738
-5.13424388282
-5.13252971448
-5.130836922
-5.12911060583
-5.12740627997
-5.20750875341
-5.24686480143
-5.28622789683
-5.32512234199
1.20530619077
82.5226309812
47.6022346866
13.1172995763
-22.05056757
-56.7704563625
-39.8756818446
-87.6164338301
-135.365734612
-182.546540451
36.0085959386
-1.42806757524
-1.4557965617
-1.48317976465
-1.5111052585
-1.54334291039
-1.57728914508
-1.61169436244
-11.7024103868
-1.81504155841
8.1619029977
-102.722440509
-51.8062377494
-1.52496564135
49.7520656709
-33.858320357
-1.76593486092
30.7603676441
-1.87463245166
-2.17750343057
-2.48311830311
-2.2512655273
-2.27156700293
-2.29161531693
-2.31206066332
-2.34598185
-2.38094406837
-2.41637900639
-12.5081521585
-2.58846739486
7.42108586635
-56.9413203912
-26.8472541312
2.8715358111
33.1788701036
-23.8732401997
-11.5675375539
0.904548911681
-13.5419526498
-2.92687933837
7.78436242127
-2.9803837134
-2.99410653659
-3.00765823467
-3.02147830758
-3.05689062507
-3.09275271471
-3.12909969104
-13.2218091563
-3.27350170714
6.76493355
-16.3923282871
-4.74072578355
6.7655799547
18.4997540297
-15.0293120603
-20.248957082
-25.5391762513
-23.8758648253
-3.59061228528
16.8784167771
-3.87414148991
-3.8798001585
-3.88538826286
-3.89108703281
-3.92832718807
-3.96529234571
-4.00275730447
-14.0966145084
-4.11322118672
5.96061780738
-3.86049562893
-3.99239398082
-4.62602674892
-4.40447525622
-4.61137446705
-4.78972892034
-5.33292981604
-5.12680759555
-5.73679154912
-15.1208784625
-5.14421833022
-5.13841741068
-5.13268882924
-5.12684680024
-5.12107918868
-5.20521708449
-5.24427075514
-5.28333141902
-5.32192703337
4.81764280472
103.946616022
60.8657454416
18.3220980583
-25.0640743186
-67.897581218
-46.0131698749
-104.017328348
-162.031873455
-219.355707391
43.8672232527
-1.43109125777
-1.46206087871
-1.49264430507
-1.52383339885
-1.55491512675
-1.58852910316
-1.62259756981
-14.2529379211
-1.84651222055
10.6723108862
-123.050959615
-61.9113646961
-1.53418725363
60.0386864718
-41.6217398631
-1.78865904217
38.5829997318
-1.88121457727
-2.23270342963
-2.58737663469
-2.25582664628
-2.27774653958
-2.2993930894
-2.32146832271
-2.35454949891
-2.38918704026
-2.42429291134
-15.2802345068
-2.61012908974
10.1747625696
-68.025785581
-31.778829157
4.0161237318
40.5199519595
-29.0341915384
-12.9433889856
3.36497523523
-15.264461609
-2.96682159474
9.4422302696
-2.98630656182
-3.00021098207
-3.01394201266
-3.02794496955
-3.06279708567
-3.09834121312
-3.13436592813
-16.1901257685
-3.28647545959
9.73407691766
-19.2892028653
-5.09001196531
8.93211346175
23.2319299629
-17.8852201652
-22.8232926497
-27.828132176
-27.1181946942
-3.61704054099
20.0970249563
-3.88173355506
-3.88581255673
-3.88984069279
-3.89394860117
-3.93097154687
-3.9676269734
-4.00477801322
-17.3054763472
-4.11554520328
9.19388160242
-3.84088828721
-4.07978338111
-4.3932750646
-4.68537857515
-17.4400532314
-7.70966407699
-5.27715916293
-5.42109098828
-5.77947915682
-inf
-5.1541824402
-5.14429900493
-5.13453881718
-5.12458534084
-5.11475865472
-5.20292779064
-5.2416793973
-5.2804379431
-5.31873503634
8.42623562814
125.348397452
74.1155100231
23.5215023377
-28.0744578981
-79.0131740297
-52.1442970724
-120.401225138
-188.670375772
-256.126725668
51.7177059618
