-6.26875339959e-10
-9.72996937532e-10
-1.3148023607e-09
-1.66337682295e-09
-1.7060837824e-09
-2.04218335869e-09
-2.38282729404e-09
-2.61954641546e-09
-2.7227713441e-09
-2.82693145057e-09
-8.44579167095e-10
-1.11709806924e-09
-1.38621863069e-09
-1.66066879627e-09
-1.82340875187e-09
-2.21309062045e-09
-2.60804132737e-09
-2.93691823701e-09
-3.11404025753e-09
-3.29276693488e-09
-1.1025339551e-09
-1.84812613076e-09
-2.58442068994e-09
-3.33529666391e-09
-2.85275050521e-09
-3.14609599327e-09
-3.44340776788e-09
-3.82252739644e-09
-4.27779529472e-09
-4.73718774363e-09
-1.66308465985e-09
-2.24859779612e-09
-2.82680951916e-09
-3.41647201942e-09
-2.96912118189e-09
-3.28404589154e-09
-3.60322865761e-09
-3.92370182709e-09
-5.08356808487e-09
-6.25394228119e-09
-1.52383158565e-09
-2.62324055904e-09
-3.70893978156e-09
-4.81613995161e-09
-3.86836960255e-09
-4.1238471839e-09
-4.38277904471e-09
-4.88802483674e-09
-5.65510222241e-09
-6.42912903177e-09
-2.38804666771e-09
-3.25078326851e-09
-4.10276144895e-09
-4.97161201706e-09
-3.98389504848e-09
-4.2326062745e-09
-4.48468029297e-09
-4.79771014974e-09
-6.82800701765e-09
-8.87669758793e-09
-2.04026093923e-09
-3.57338082597e-09
-5.08738253902e-09
-6.63136720751e-09
-5.11332204446e-09
-5.32238090145e-09
-5.5342664163e-09
-6.19411847323e-09
-7.34341394023e-09
-8.50312157852e-09
-3.27670977413e-09
-4.47926868627e-09
-5.66683155644e-09
-6.87791265932e-09
-5.22781140108e-09
-5.39535771169e-09
-5.56516939437e-09
-5.8690751904e-09
-8.9663515159e-09
-1.20916879639e-08
-2.77413423116e-09
-4.92358015266e-09
-7.046222247e-09
-9.21090067642e-09
-1.13480048126e-08
-7.0255603948e-09
-7.17059057593e-09
-7.31564672719e-09
-7.45897586493e-09
-1.1450374145e-08
-4.53954682009e-09
-6.22501112203e-09
-7.88945749866e-09
-9.5868662036e-09
-1.12626528308e-08
-7.04768870137e-09
-7.10060127532e-09
-7.15352332417e-09
-7.20581529223e-09
-1.66603584983e-08
-5.18855405876e-12
1.4559253928e-11
3.40608045762e-11
5.39485596249e-11
6.4100417161e-11
8.0132988663e-11
9.63823344984e-11
1.57822514334e-10
2.23654658455e-10
2.90083216276e-10
1.87393505955e-11
4.59985488302e-11
7.29178218633e-11
1.00370198232e-10
1.14148535116e-10
1.40625493833e-10
1.67460444097e-10
2.30147233545e-10
2.95610753847e-10
3.6166734826e-10
-2.10911121469e-10
-1.40112909755e-10
-7.01975595312e-11
1.1023788418e-12
6.90110956465e-11
9.27785833717e-11
1.16867428236e-10
1.51966300223e-10
2.32479237114e-10
3.13721589994e-10
-2.37628329282e-10
-1.48183579151e-10
-5.98542148973e-11
3.02244045718e-11
9.36850388775e-11
1.35282453629e-10
1.77442301665e-10
2.21990101518e-10
3.10135695942e-10
3.99079855274e-10
-3.93122538318e-10
-2.77108254731e-10
-1.62540682026e-10
-4.57042384232e-11
7.33605537337e-11
1.03978967256e-10
1.35011368403e-10
1.46779367725e-10
2.40295292498e-10
3.34658435288e-10
-4.64696845745e-10
-3.20173463935e-10
-1.774523046e-10
-3.19047269561e-11
7.55602279231e-11
1.30550046591e-10
1.86283375511e-10
2.14765213151e-10
3.23000644655e-10
4.322166472e-10
-6.16478468649e-10
-4.45038032444e-10
-2.75735477343e-10
-1.03080091845e-10
7.8692147518e-11
1.17708470083e-10
1.57252327318e-10
1.40421192405e-10
2.49876263613e-10
3.60322955325e-10
-7.43038898183e-10
-5.30999774315e-10
-3.21604801654e-10
-1.08063017216e-10
5.3342717721e-11
1.24749031512e-10
1.97120820871e-10
2.05908898379e-10
3.38770581787e-10
4.72835940529e-10
-9.33879001225e-10
-6.83675084983e-10
-4.36591239109e-10
-1.84614199339e-10
6.41530848026e-11
1.37218816205e-10
1.88857900513e-10
2.40506231679e-10
2.9153964672e-10
3.96793589063e-10
-1.13857760428e-09
-8.30595057487e-10
-5.26453086942e-10
-2.16287956007e-10
8.99262027458e-11
1.16505483768e-10
2.12521401118e-10
3.08554511756e-10
4.03444268736e-10
5.30558094208e-10
6.34927087544e-11
1.23660183635e-10
1.83077363484e-10
2.43671228035e-10
2.59662698675e-10
3.14597304346e-10
3.70274673742e-10
4.64654201485e-10
5.4916303861e-10
6.3443749303e-10
1.14115040332e-10
1.74492424387e-10
2.34116895819e-10
2.94922157111e-10
3.28201470229e-10
4.00653853289e-10
4.74085855684e-10
5.80030906261e-10
6.72294226176e-10
7.65393415994e-10
-1.12408493529e-10
4.85809913874e-11
2.07562919712e-10
3.69693291021e-10
3.91794659552e-10
4.50595415034e-10
5.10191207955e-10
5.91051145392e-10
7.30754827824e-10
8.71724171449e-10
-8.01500892922e-11
8.38610840524e-11
2.45827020018e-10
4.11000493596e-10
4.32050601353e-10
5.13035035871e-10
5.95114450492e-10
6.79988185681e-10
9.06008722856e-10
1.13407691846e-09
-2.68206701266e-10
-1.79177217465e-11
2.29250126657e-10
4.81312832523e-10
5.088258249e-10
5.71050884501e-10
6.34117281115e-10
7.03002724281e-10
8.915932697e-10
1.08189237233e-09
-2.52213489816e-10
3.58761118467e-12
2.56198844308e-10
5.13812734483e-10
5.24031260347e-10
6.12572654729e-10
7.02311205894e-10
7.68521776024e-10
1.11301299134e-09
1.4606251635e-09
-4.59185149459e-10
-9.943227333e-11
2.55834444847e-10
6.18136786622e-10
6.52283382424e-10
7.18705976106e-10
7.86026661118e-10
8.40233691952e-10
1.08875006942e-09
1.3395179089e-09
-4.63129916265e-10
-9.481212975e-11
2.68912693438e-10
6.39840642667e-10
6.36781745567e-10
7.34586510103e-10
8.33713680257e-10
8.77046822251e-10
1.36676015917e-09
1.86091010903e-09
-7.30575575839e-10
-2.1526874137e-10
2.93612160171e-10
8.12570826658e-10
1.32491884917e-09
9.28531632597e-10
1.00189788533e-09
1.07527727555e-09
1.14778302339e-09
1.70561735561e-09
-7.62853259113e-10
-2.34643340552e-10
2.86979742202e-10
8.18932933244e-10
1.34410995234e-09
9.07974620372e-10
1.02044351225e-09
1.1329325436e-09
1.24408229993e-09
2.42973608426e-09
1.29114131324e-10
2.27900523981e-10
3.25455039452e-10
4.24941502994e-10
4.46512424323e-10
5.38615927572e-10
6.3196475042e-10
7.57816134963e-10
8.60169593949e-10
9.63450335585e-10
2.05241618129e-10
2.97261729436e-10
3.88134339829e-10
4.80806571321e-10
5.32718066632e-10
6.49097608643e-10
7.67050703445e-10
9.14326802942e-10
1.03219595628e-09
1.15113295845e-09
-1.82942867211e-11
2.28868332008e-10
4.72948805685e-10
7.21862995138e-10
7.00197792776e-10
7.92471038037e-10
8.85991897958e-10
1.01057418542e-09
1.20683158813e-09
1.40486700681e-09
7.03122887789e-11
3.05567853487e-10
5.37889755416e-10
7.74812508965e-10
7.55341534695e-10
8.73958245644e-10
9.94178757858e-10
1.11758185513e-09
1.47533482571e-09
1.83632889949e-09
-1.48856028418e-10
2.29725533404e-10
6.03586141492e-10
9.84850602465e-10
9.24890547693e-10
1.01731413588e-09
1.11098737149e-09
1.23444560154e-09
1.51387506869e-09
1.79583605846e-09
-4.91965457886e-11
3.12924706218e-10
6.70530266365e-10
1.03521776802e-09
9.52522320694e-10
1.07312052413e-09
1.19534932034e-09
1.29760775849e-09
1.86782925292e-09
2.44321673298e-09
-3.08899453724e-10
2.30776296405e-10
7.63722230545e-10
1.30722250822e-09
1.2003203763e-09
1.29292825581e-09
1.38678827453e-09
1.50886862775e-09
1.89025094809e-09
2.27508844436e-09
-1.95691246226e-10
3.21942783759e-10
8.33121860432e-10
1.3544242146e-09
1.1942278003e-09
1.31725493002e-09
1.4419454937e-09
1.51828467229e-09
2.34895145401e-09
3.18714375468e-09
-5.36329584421e-10
2.32269485933e-10
9.91284041305e-10
1.76532995324e-09
2.52951584688e-09
1.68459042625e-09
1.77871587359e-09
1.8728581757e-09
1.96587963579e-09
2.95613130854e-09
-4.03867925796e-10
3.34757946581e-10
1.06417307305e-09
1.80803337554e-09
2.54241817266e-09
1.66418276996e-09
1.79237163479e-09
1.92058345403e-09
2.04726880544e-09
4.24430320656e-09
1.92623984957e-10
3.28786614207e-10
4.63251280487e-10
6.00378855311e-10
6.27349691526e-10
7.55426069981e-10
8.85234152645e-10
1.04154469124e-09
1.16116856708e-09
1.28187618885e-09
2.93435921018e-10
4.16080558549e-10
5.37195803953e-10
6.6070958892e-10
7.3065371927e-10
8.89546930237e-10
1.05058851584e-09
1.237865712e-09
1.38051675316e-09
1.52446015745e-09
7.27915091243e-11
4.0335437889e-10
7.29795093295e-10
1.06270056749e-09
9.98677116821e-10
1.12334577266e-09
1.24970005732e-09
1.41659779517e-09
1.66758913013e-09
1.92085434926e-09
2.15933082028e-10
5.20140533035e-10
8.20554483653e-10
1.12691776578e-09
1.06822959859e-09
1.22326765297e-09
1.38040195691e-09
1.54109461681e-09
2.02634112894e-09
2.51598378631e-09
-3.33458266134e-11
4.69400113324e-10
9.65876756068e-10
1.47218551256e-09
1.32756712208e-09
1.44921750931e-09
1.57251271575e-09
1.74878768722e-09
2.1161330574e-09
2.4868064342e-09
1.47287710351e-10
6.12307939009e-10
1.07152931424e-09
1.53984500814e-09
1.36722537742e-09
1.51884886454e-09
1.6725224333e-09
1.80966878964e-09
2.59835700462e-09
3.39419042901e-09
-1.63449657518e-10
5.50359400694e-10
1.2552671814e-09
1.97413480007e-09
1.7307226124e-09
1.8486731865e-09
1.96821855511e-09
2.15598820006e-09
2.66596109729e-09
3.18055415122e-09
6.31417708765e-11
7.25287339879e-10
1.37917588078e-09
2.04601388587e-09
1.73373633211e-09
1.88117422065e-09
2.03060559789e-09
2.13888874344e-09
3.29953775546e-09
4.47070179749e-09
-3.48334048803e-10
6.65406809061e-10
1.66650620688e-09
2.687431156e-09
3.695351271e-09
2.41632072777e-09
2.53053737947e-09
2.64477448362e-09
2.75765150049e-09
4.16640617013e-09
-5.6434037851e-11
8.85837014801e-10
1.81635784374e-09
2.7653065016e-09
3.70216717994e-09
2.39605762145e-09
2.53946062127e-09
2.68288929985e-09
2.82461034131e-09
6.00048111058e-09
2.59132468874e-10
4.3443606111e-10
6.0755359826e-10
7.84099516869e-10
8.16725226019e-10
9.82472946087e-10
1.15046171972e-09
1.33866954734e-09
1.47637926618e-09
1.61533658168e-09
3.85794335338e-10
5.40509442146e-10
6.93295234548e-10
8.49106763027e-10
9.37934942842e-10
1.14134911404e-09
1.34751362204e-09
1.57668057455e-09
1.74528358527e-09
1.91541407389e-09
1.68177938811e-10
5.86078818939e-10
9.98768429107e-10
1.41963085314e-09
1.3112492011e-09
1.46984282322e-09
1.63058076927e-09
1.84179188985e-09
2.15010143048e-09
2.46120413601e-09
3.68429389794e-10
7.44844304029e-10
1.11656528286e-09
1.49564774184e-09
1.39589073422e-09
1.58906977296e-09
1.7848607606e-09
1.98460361718e-09
2.6033633036e-09
3.22772871285e-09
8.76182121843e-11
7.20390975874e-10
1.34527299357e-09
1.98253003669e-09
1.74925615047e-09
1.90151328583e-09
2.0558290703e-09
2.28741453607e-09
2.74682677601e-09
3.2104011127e-09
3.53049009454e-10
9.25826610268e-10
1.49146161137e-09
2.06829832307e-09
1.80150872087e-09
1.98562235658e-09
2.17222536903e-09
2.34590688352e-09
3.36337676841e-09
4.39006453594e-09
-1.11324204555e-11
8.85031684374e-10
1.7700205242e-09
2.6725354875e-09
2.28616789484e-09
2.43065772386e-09
2.57710118124e-09
2.83366165079e-09
3.47829655439e-09
4.12877160026e-09
3.34195640006e-10
1.14767588888e-09
1.95101194954e-09
2.77025710007e-09
2.2987178658e-09
2.47171907198e-09
2.64705940518e-09
2.78879475838e-09
4.29500617689e-09
5.81486328681e-09
-1.51462266838e-10
1.11899479645e-09
2.37360912037e-09
3.65306954917e-09
4.91623184495e-09
3.18259982001e-09
3.31785628626e-09
3.45313697248e-09
3.58680703017e-09
5.43382439837e-09
3.07404009737e-10
1.46293539007e-09
2.60405716695e-09
3.76777746738e-09
4.91667396566e-09
3.1624880886e-09
3.32182356181e-09
3.48118756675e-09
3.63865421133e-09
7.83957730121e-09
3.25576084125e-10
5.39982463434e-10
7.51715171599e-10
9.67640987539e-10
1.00591605418e-09
1.20929837333e-09
1.41543059862e-09
1.63550460442e-09
1.79128252634e-09
1.94847173583e-09
4.78062668411e-10
6.6481696475e-10
8.49242414463e-10
1.03732018504e-09
1.14501399587e-09
1.39290570404e-09
1.64414912405e-09
1.91516497597e-09
2.10969464414e-09
2.30598667568e-09
2.63471333894e-10
7.68625039759e-10
1.26747942333e-09
1.77621300889e-09
1.62351642001e-09
1.81600191989e-09
2.01108999141e-09
2.26657127392e-09
2.63214311524e-09
3.0010268957e-09
5.20776961164e-10
9.69328911495e-10
1.41228736965e-09
1.86401807924e-09
1.72323228745e-09
1.95451510997e-09
2.18892507772e-09
2.42768004361e-09
3.17982268301e-09
3.93877944309e-09
2.08464269404e-10
9.71137035932e-10
1.72429918914e-09
2.49237679923e-09
2.17053388689e-09
2.35336791827e-09
2.53867402503e-09
2.82551603832e-09
3.37690535113e-09
3.9332900373e-09
5.5860962046e-10
1.2390394929e-09
1.91098432996e-09
2.59623621411e-09
2.23536848857e-09
2.45194058379e-09
2.67144092239e-09
2.88162196066e-09
4.12765037458e-09
5.38496732279e-09
1.41036254868e-10
1.21937754737e-09
2.2842718053e-09
3.37025499384e-09
2.84107142693e-09
3.01207462596e-09
3.1853899372e-09
3.51067413663e-09
4.28983970479e-09
5.07606421088e-09
6.04985138306e-10
1.56965246365e-09
2.5222902813e-09
3.49379392782e-09
2.86314834801e-09
3.06168793879e-09
3.2629119578e-09
3.43806689123e-09
5.28950367393e-09
7.15771375597e-09
4.52174973683e-11
1.57214037942e-09
3.0800223651e-09
4.6177661125e-09
6.13592164006e-09
3.94813152636e-09
4.10440728608e-09
4.26071102964e-09
4.41515384778e-09
6.70000645754e-09
6.70887189982e-10
2.03947089577e-09
3.39098821216e-09
4.76927067888e-09
6.12999618919e-09
3.92817102222e-09
4.10342342916e-09
4.27870721804e-09
4.45190410835e-09
9.67687973997e-09
3.9195083786e-10
6.45419478493e-10
8.95727337286e-10
1.15099223761e-09
1.1949108068e-09
1.43588872091e-09
1.68012486635e-09
1.93203202454e-09
2.10585942383e-09
2.28126163195e-09
5.70235375481e-10
7.88995656246e-10
1.00502797224e-09
1.22533854449e-09
1.35187843418e-09
1.64420158323e-09
1.94047719592e-09
2.25329857546e-09
2.47372803095e-09
2.69615449183e-09
3.58665967829e-10
9.50982071451e-10
1.53591192808e-09
2.13242560637e-09
1.9354600082e-09
2.16180226063e-09
2.39120485749e-09
2.69091042076e-09
3.11368521669e-09
3.54029018834e-09
6.72966640994e-10
1.1935808653e-09
1.70770297294e-09
2.23200664121e-09
2.05023458709e-09
2.31958170298e-09
2.59257062651e-09
2.87029726994e-09
3.75568462553e-09
4.64909324726e-09
3.29185082946e-10
1.22162322521e-09
2.10293256565e-09
3.00169516155e-09
2.59137501516e-09
2.80475425296e-09
3.02101856394e-09
3.36305985742e-09
4.00633091894e-09
4.65542976686e-09
7.63957190448e-10
1.55192776475e-09
2.33007225927e-09
3.12362695546e-09
2.66877860823e-09
2.91777552332e-09
3.17013909361e-09
3.4167818279e-09
4.89113189503e-09
6.37883900207e-09
2.93047224056e-10
1.55337689757e-09
2.79799012137e-09
4.06725139048e-09
3.3953998624e-09
3.59288895323e-09
3.79304826861e-09
4.18698497332e-09
5.10054177977e-09
6.02237505666e-09
8.75493993004e-10
1.991191706e-09
3.09297654575e-09
4.21658088905e-09
3.42699385996e-09
3.65104536761e-09
3.87812624682e-09
4.08666612477e-09
6.28297048343e-09
8.49917250797e-09
2.41693424581e-10
2.0248163267e-09
3.78570349003e-09
5.5814628737e-09
7.35434736054e-09
4.71286984309e-09
4.8901431121e-09
5.06744812491e-09
5.24264217481e-09
7.96487625795e-09
1.03399365979e-09
2.61540888568e-09
4.17710368969e-09
5.76972595257e-09
7.34206093738e-09
4.6930604095e-09
4.88421325402e-09
5.07540032772e-09
5.26431116109e-09
1.15122780164e-08
-4.74155222363e-10
-7.34638659082e-10
-9.91873838682e-10
-1.25420324695e-09
-1.29534412813e-09
-1.57090807418e-09
-1.85019788484e-09
-2.07902802696e-09
-2.18726062924e-09
-2.29647377694e-09
-6.47429465787e-10
-8.6937433239e-10
-1.08855152208e-09
-1.31206924842e-09
-1.44417269452e-09
-1.75404679637e-09
-2.06811066602e-09
-2.38717841476e-09
-2.56677327429e-09
-2.74799519362e-09
-8.80128446326e-10
-1.47674079413e-09
-2.06591332032e-09
-2.66675368904e-09
-2.3116927952e-09
-2.54611387463e-09
-2.78370453128e-09
-3.09021821121e-09
-3.4546674926e-09
-3.82241854316e-09
-1.28005807203e-09
-1.80441856397e-09
-2.32224022287e-09
-2.85031670751e-09
-2.51649998303e-09
-2.7619070762e-09
-3.01063228705e-09
-3.24029832605e-09
-4.2239126881e-09
-5.21643821487e-09
-1.23970473041e-09
-2.13403125661e-09
-3.01720543262e-09
-3.91786979489e-09
-3.21188732888e-09
-3.40986758361e-09
-3.61052470384e-09
-3.98584380298e-09
-4.57722785729e-09
-5.17396962182e-09
-1.84038626613e-09
-2.63260059765e-09
-3.41493592929e-09
-4.21276445699e-09
-3.46627558143e-09
-3.65458332405e-09
-3.84543715139e-09
-3.9959188189e-09
-5.69166474033e-09
-7.40277346227e-09
-1.68047565928e-09
-2.93974214609e-09
-4.18330544125e-09
-5.45149598916e-09
-4.31535159599e-09
-4.46866245267e-09
-4.6240462057e-09
-5.0837074316e-09
-5.95326959465e-09
-6.83070965372e-09
-2.52724018148e-09
-3.64779147765e-09
-4.75436937586e-09
-5.88286169828e-09
-4.63051663753e-09
-4.74883162786e-09
-4.86874633993e-09
-4.92216329401e-09
-7.49084467531e-09
-1.00827973139e-08
-2.30683434768e-09
-4.08469972589e-09
-5.8403949272e-09
-7.63085952839e-09
-9.3985166792e-09
-5.97326568766e-09
-6.06431360307e-09
-6.15537782216e-09
-6.24535784635e-09
-9.1850244359e-09
-3.50329574539e-09
-5.09043114923e-09
-6.65777479993e-09
-8.25615777802e-09
-9.8341800964e-09
-6.30381605959e-09
-6.32292255523e-09
-6.34203247221e-09
-6.36091486982e-09
-1.3891252261e-08
-1.51604524241e-11
3.0234077525e-13
1.55723112419e-11
3.11446848301e-11
4.00759228059e-11
5.21219265831e-11
6.43308028253e-11
1.1451122336e-10
1.70330394552e-10
2.2665526579e-10
4.24571255788e-13
2.1574279212e-11
4.24602479827e-11
6.37598378646e-11
7.49968913072e-11
9.55810836298e-11
1.16443592164e-10
1.6748701044e-10
2.23474348097e-10
2.79968909324e-10
-2.15288874707e-10
-1.59519831115e-10
-1.04446233633e-10
-4.82819707939e-11
1.40934593721e-11
3.33286816892e-11
5.28239809688e-11
8.50340293085e-11
1.50528377598e-10
2.16616079288e-10
-2.33809195243e-10
-1.6684846143e-10
-1.00722735336e-10
-3.32874699717e-11
2.51104457163e-11
6.13854463261e-11
9.81509165449e-11
1.35135205992e-10
2.10950724634e-10
2.87453102478e-10
-3.92545477301e-10
-3.01076611932e-10
-2.10748373379e-10
-8.49341849336e-11
-8.91957966933e-12
1.66832362118e-11
4.26322244673e-11
5.8925657434e-11
1.32989448297e-10
2.07724228387e-10
-4.41273388427e-10
-3.3373717457e-10
-2.27541949133e-10
-1.08458313889e-10
-1.9074691807e-11
3.10978818572e-11
8.19488324248e-11
1.06480750623e-10
1.99858372425e-10
2.94081959272e-10
-6.09827764351e-10
-4.74597827127e-10
-3.410542221e-10
-2.04865949024e-10
-3.71291113975e-11
-3.7208582445e-12
3.01391035945e-11
2.69218467491e-11
1.11490115605e-10
1.96824540185e-10
-6.95584334912e-10
-5.38310435839e-10
-3.82997759593e-10
-2.2460930542e-10
-7.32371184485e-11
-6.0288100725e-12
6.20882131808e-11
7.13559343658e-11
1.86261295523e-10
3.02207654697e-10
-9.18597330159e-10
-7.21180606615e-10
-5.26225691336e-10
-3.27409931986e-10
-1.31126744665e-10
-3.27161503665e-11
1.23857213016e-11
5.74956692294e-11
1.02068545895e-10
1.81335509582e-10
-1.05697357465e-09
-8.29019807115e-10
-6.03908648142e-10
-3.74339437511e-10
-1.47694545169e-10
-5.8787793341e-11
3.38652279393e-11
1.26534840324e-10
2.18101144281e-10
3.13754695564e-10
3.55473012858e-11
8.14954385027e-11
1.26870597392e-10
1.73144355904e-10
1.8760734468e-10
2.3142724972e-10
2.75839638051e-10
3.56843936809e-10
4.30786837223e-10
5.05399631644e-10
7.19966786126e-11
1.20002422023e-10
1.67409528531e-10
2.15755474903e-10
2.42828165751e-10
2.9991995879e-10
3.57783682607e-10
4.49715379206e-10
5.31728817411e-10
6.14485265566e-10
-1.41840279076e-10
-1.39989656308e-11
1.12248152568e-10
2.40995440804e-10
2.71036248925e-10
3.18294320561e-10
3.66191362495e-10
4.35822140903e-10
5.48814798784e-10
6.62831126331e-10
-1.18224151931e-10
1.40631891605e-11
1.44700892552e-10
2.7792571616e-10
3.05896555032e-10
3.73290573049e-10
4.415958169e-10
5.08038479441e-10
7.00895221604e-10
8.95499171071e-10
-2.9895499311e-10
-9.85797235776e-11
9.92968442953e-11
2.46319615499e-10
3.44930421256e-10
3.95233726163e-10
4.46217175574e-10
5.0577426453e-10
6.53353850452e-10
8.02270450197e-10
-2.86705458984e-10
-7.97687028037e-11
1.24587529256e-10
2.85550462281e-10
3.61757128395e-10
4.3827597425e-10
5.15829421559e-10
5.59696082507e-10
8.50728322461e-10
1.14439720166e-09
-4.91547223217e-10
-2.02259362351e-10
8.34210470575e-11
3.74759008179e-10
4.35510374437e-10
4.89546545934e-10
5.44313333542e-10
5.91522028976e-10
7.81498494432e-10
9.73196073e-10
-4.93230932146e-10
-1.9478844134e-10
9.99324387644e-11
4.00489906066e-10
4.30231379615e-10
5.17935498302e-10
6.06825453077e-10
6.2301830562e-10
1.03439470416e-09
1.44949801335e-09
-7.65230918632e-10
-3.49593585871e-10
6.08607036145e-11
4.79443539167e-10
8.92694346795e-10
6.23570026659e-10
6.83713136971e-10
7.43867016932e-10
8.0330471517e-10
1.21609037909e-09
-7.8671449927e-10
-3.58237543472e-10
6.48962575393e-11
4.96409706863e-10
9.22426414403e-10
6.31135874587e-10
7.36135603128e-10
8.41154133662e-10
9.44922331677e-10
1.8830623247e-09
8.39959581309e-11
1.59071277348e-10
2.33210399073e-10
3.08817755585e-10
3.28566048415e-10
4.02744285787e-10
4.77925477549e-10
5.8838041037e-10
6.79639604125e-10
7.7172557079e-10
1.40380154813e-10
2.14045462112e-10
2.86792154924e-10
3.60979507167e-10
4.03182337026e-10
4.95155269339e-10
5.88371755819e-10
7.19370104369e-10
8.26250146244e-10
9.34098479856e-10
-7.16639146116e-11
1.25038754636e-10
3.19288519952e-10
5.17385164706e-10
5.16531900558e-10
5.90564366862e-10
6.65597816602e-10
7.70982182527e-10
9.29357038073e-10
1.0891667084e-09
-7.78857373758e-12
1.86914988688e-10
3.79190576265e-10
5.75273947099e-10
5.74173275293e-10
6.71299917721e-10
7.69739796965e-10
8.64328423483e-10
1.16901204931e-09
1.47645599065e-09
-2.09534087612e-10
9.48956630906e-11
3.95529141303e-10
5.62815625116e-10
6.83015941029e-10
7.56919295813e-10
8.31821888335e-10
9.32715180722e-10
1.15053533671e-09
1.37032885886e-09
-1.39023733311e-10
1.62885140798e-10
4.61029178025e-10
6.62005631245e-10
7.25622392044e-10
8.27313749144e-10
9.3038006198e-10
9.92720077555e-10
1.47260116346e-09
1.95682978592e-09
-3.78536235161e-10
5.79460670032e-11
4.8898538683e-10
9.28560914117e-10
8.87093151927e-10
9.6083824098e-10
1.03558042788e-09
1.13096853335e-09
1.42165712214e-09
1.71497923683e-09
-2.99892638595e-10
1.33429198222e-10
5.61347464053e-10
9.9774012868e-10
9.11269696449e-10
1.01855651024e-09
1.12729393522e-09
1.15010339545e-09
1.84474265822e-09
2.54567508336e-09
-6.18697181678e-10
5.43874624738e-12
6.21791630473e-10
1.25035063105e-09
1.87090286723e-09
1.25061779464e-09
1.3251320367e-09
1.39965962182e-09
1.47329989435e-09
2.20474556343e-09
-5.28495819788e-10
9.15707535102e-11
7.03905028409e-10
1.328365836e-09
1.94487208316e-09
1.29032253918e-09
1.40711891299e-09
1.52393620119e-09
1.6393626829e-09
3.38245524287e-09
1.30885632029e-10
2.3415087754e-10
3.36128394077e-10
4.40125450821e-10
4.64988976966e-10
5.68548674958e-10
6.73508590282e-10
8.12466493406e-10
9.20484776076e-10
1.0294816625e-09
2.06563184599e-10
3.05062381245e-10
4.0233328207e-10
5.01530514325e-10
5.58376624936e-10
6.84108289735e-10
8.11539956171e-10
9.80347868281e-10
1.11129435519e-09
1.2434271665e-09
-3.74568819754e-12
2.59602513207e-10
5.19666733561e-10
7.84881208279e-10
7.54127982639e-10
8.54073295995e-10
9.55369957054e-10
1.09535743003e-09
1.29765417295e-09
1.50178364592e-09
9.90934037086e-11
3.54204755635e-10
6.0613484093e-10
8.63054093976e-10
8.33817375803e-10
9.59719904983e-10
1.08732474604e-09
1.2091536545e-09
1.62206579376e-09
2.0387187569e-09
-1.22990571827e-10
2.82145390511e-10
6.82229262818e-10
1.09023630774e-09
1.01022253052e-09
1.10696653177e-09
1.2050185962e-09
1.3459179739e-09
1.63171849589e-09
1.9201082598e-09
3.90588349129e-12
3.97730858666e-10
7.86644793064e-10
1.1832606931e-09
1.07777918371e-09
1.20383304992e-09
1.3315912742e-09
1.41181020801e-09
2.07446335364e-09
2.74311987982e-09
-2.69161719501e-10
3.09778594949e-10
8.81499459972e-10
1.4645425587e-09
1.32414487954e-09
1.41696469175e-09
1.51103950869e-09
1.65305670509e-09
2.04121669821e-09
2.43289327037e-09
-1.12775592904e-10
4.51085436575e-10
1.00791505697e-09
1.57577200815e-09
1.3768291418e-09
1.5030685179e-09
1.63101476034e-09
1.66022791877e-09
2.62901520124e-09
3.60657932083e-09
-4.76878613564e-10
3.49046832834e-10
1.16467289803e-09
1.99645144163e-09
2.81763455215e-09
1.85748839278e-09
1.94591133171e-09
2.03435010428e-09
2.12173594006e-09
3.16158775907e-09
-2.78586111992e-10
5.26905099919e-10
1.32235174778e-09
2.13355124532e-09
2.93441745156e-09
1.92829786714e-09
2.05651129328e-09
2.18474767822e-09
2.31145730287e-09
4.83360063173e-09
1.79989211141e-10
3.12775375885e-10
4.43905682543e-10
5.77632864824e-10
6.07853141035e-10
7.42181551112e-10
8.78326198313e-10
1.04713284511e-09
1.17270150039e-09
1.299407759e-09
2.75871059208e-10
4.00376682192e-10
5.23329706356e-10
6.48717665046e-10
7.20898441804e-10
8.81982764309e-10
1.04524508718e-09
1.25364774886e-09
1.40979698277e-09
1.56736086818e-09
6.73793106916e-11
4.00519726217e-10
7.29505844103e-10
1.06500713038e-09
1.00294221066e-09
1.13002385126e-09
1.25882374635e-09
1.43504811891e-09
1.68334052979e-09
1.93388237364e-09
2.11021834831e-10
5.2939314197e-10
8.43794323877e-10
1.16442183733e-09
1.1057206238e-09
1.26175769891e-09
1.41990453121e-09
1.57025987691e-09
2.09651056025e-09
2.62752887071e-09
-3.23608868494e-11
4.78236150797e-10
9.82465987198e-10
1.49668147988e-09
1.35287824376e-09
1.47354131711e-09
1.59583586033e-09
1.77863021856e-09
2.13562081298e-09
2.49584560375e-09
1.53583950382e-10
6.43664863489e-10
1.12763441368e-09
1.62118838992e-09
1.44656312786e-09
1.59812978385e-09
1.75174575306e-09
1.85068776176e-09
2.70474258601e-09
3.56653481581e-09
-1.5462306448e-10
5.73501445442e-10
1.29254616261e-09
2.02583068249e-09
1.78183209079e-09
1.89462724299e-09
2.00894748391e-09
2.19979537297e-09
2.69002890204e-09
3.1847037568e-09
8.31762210578e-11
7.83739876963e-10
1.47556742699e-09
2.18109577697e-09
1.86437006831e-09
2.0104568557e-09
2.15851886372e-09
2.19443807222e-09
3.45031732728e-09
4.71757436142e-09
-3.28364053746e-10
7.08878443097e-10
1.73318641187e-09
2.77777954935e-09
3.80906636057e-09
2.49301250608e-09
2.59600084375e-09
2.69900762323e-09
2.80078802175e-09
4.16360744796e-09
-1.68768679819e-11
9.82793843479e-10
1.96999855117e-09
2.97675364278e-09
3.97068439998e-09
2.59639532623e-09
2.73656486307e-09
2.87675949966e-09
3.01528500307e-09
6.35326213676e-09
2.29044897361e-10
3.91323188279e-10
5.51577851053e-10
7.15006161763e-10
7.50577963365e-10
9.15645075441e-10
1.08294403867e-09
1.28157031635e-09
1.42467222658e-09
1.56907058463e-09
3.45111334782e-10
4.95598018884e-10
6.44208117476e-10
7.95761257629e-10
8.83261743954e-10
1.07966424316e-09
1.27872227524e-09
1.52668106798e-09
1.70800846752e-09
1.89097862299e-09
1.38434938223e-10
5.41299496436e-10
9.39140289278e-10
1.34485983329e-09
1.25151375916e-09
1.40570525975e-09
1.56198156375e-09
1.77440749244e-09
2.06865070967e-09
2.36555965636e-09
3.22841097203e-10
7.04410659323e-10
1.08122200702e-09
1.46549564339e-09
1.37735867254e-09
1.56350090202e-09
1.7521599366e-09
1.93101389645e-09
2.57049257976e-09
3.21576469198e-09
5.81804029868e-11
6.74135655089e-10
1.28240987742e-09
1.90273022806e-09
1.69519974973e-09
1.83975856585e-09
1.9862719431e-09
2.21092041984e-09
2.63903165184e-09
3.07102140561e-09
3.03116029633e-10
8.89358997998e-10
1.46829145204e-09
2.05868895649e-09
1.81498738071e-09
1.99204194273e-09
2.17149043667e-09
2.28913725881e-09
3.33440707917e-09
4.38914663879e-09
-4.0196124077e-11
8.36967075374e-10
1.70319195321e-09
2.58657135714e-09
2.23907289946e-09
2.37182390881e-09
2.50636982747e-09
2.74600078245e-09
3.33820829063e-09
3.9357809692e-09
2.78936914548e-10
1.11606986476e-09
1.94276367497e-09
2.78582914675e-09
2.3514354746e-09
2.51735031521e-09
2.685508469e-09
2.72812718687e-09
4.27081840103e-09
5.8274857994e-09
-1.79994346747e-10
1.06835909367e-09
2.30114542932e-09
3.55834559321e-09
4.79953118169e-09
3.12791676461e-09
3.24545629472e-09
3.3630168723e-09
3.47917779391e-09
5.16464982273e-09
2.44577119426e-10
1.43823793858e-09
2.61701367597e-09
3.81913362764e-09
5.00594063141e-09
3.26384116031e-09
3.41595514653e-09
3.56809637135e-09
3.71842622898e-09
7.87144144869e-09
2.78049742744e-10
4.69789594484e-10
6.59138429174e-10
8.52237086353e-10
8.93154867077e-10
1.08892882386e-09
1.28734981509e-09
1.51576481887e-09
1.67638181275e-09
1.83845393433e-09
4.14279850407e-10
5.9072066911e-10
7.64961251388e-10
9.42652455663e-10
1.04545677436e-09
1.27714084684e-09
1.51195748981e-09
1.79943141802e-09
2.0059108888e-09
2.21426098351e-09
2.09416924393e-10
6.81933363871e-10
1.14855747135e-09
1.62442249957e-09
1.49982769053e-09
1.68110095471e-09
1.86482519133e-09
2.11341515721e-09
2.45356155783e-09
2.79678955294e-09
4.34544471179e-10
8.79246790224e-10
1.31840362242e-09
1.76625741949e-09
1.64871519824e-09
1.86493138141e-09
2.08407099573e-09
2.29139403404e-09
3.04398336892e-09
3.80339087136e-09
1.48627856711e-10
8.69832131042e-10
1.58204290871e-09
2.30835815127e-09
2.03716647702e-09
2.2055962706e-09
2.37630338171e-09
2.64276259975e-09
3.14192076061e-09
3.64560110085e-09
4.52493135292e-10
1.1347984975e-09
1.80859543675e-09
2.49573610173e-09
2.18302980225e-09
2.38554585488e-09
2.59080010097e-09
2.72713235107e-09
3.96341899417e-09
5.21090591488e-09
7.41122253586e-11
1.10015965209e-09
2.11341215451e-09
3.14673088562e-09
2.6958398282e-09
2.84852601266e-09
3.00327664734e-09
3.29164010996e-09
3.9857159124e-09
4.68607977249e-09
4.74494723559e-10
1.44805542899e-09
2.4094757253e-09
3.38993577675e-09
2.83799609103e-09
3.02371843527e-09
3.21195190739e-09
3.26126319131e-09
5.09046911544e-09
6.93624693597e-09
-3.17784086687e-11
1.427467182e-09
2.86851581958e-09
4.33810266601e-09
5.78896949471e-09
3.76216301453e-09
3.89423865639e-09
4.02633794865e-09
4.15686448951e-09
6.16465472691e-09
5.05760138465e-10
1.89321001585e-09
3.2633582406e-09
4.66064057808e-09
6.04012393335e-09
3.93059526003e-09
4.09464131651e-09
4.25871674824e-09
4.42083872616e-09
9.38804733436e-09
-3.21435104768e-10
-4.96280380632e-10
-6.68945316666e-10
-8.45029670947e-10
-8.84604473856e-10
-1.09963278967e-09
-1.31756847563e-09
-1.53850963845e-09
-1.65174991438e-09
-1.76601610331e-09
-4.50279764479e-10
-6.2165059554e-10
-7.90884413481e-10
-9.63469700563e-10
-1.06493663718e-09
-1.29500297229e-09
-1.52818000468e-09
-1.83743859251e-09
-2.01950629106e-09
-2.20322345236e-09
-6.57722937553e-10
-1.10535545751e-09
-1.54740595069e-09
-1.99821071417e-09
-1.77063508518e-09
-1.946131756e-09
-2.12400129468e-09
-2.35790902598e-09
-2.63153969048e-09
-2.9076493427e-09
-8.97031484211e-10
-1.36023933181e-09
-1.81767092658e-09
-2.2841613956e-09
-2.06387878418e-09
-2.23976826086e-09
-2.41803591649e-09
-2.556894825e-09
-3.36425729133e-09
-4.17893414855e-09
-9.55577875163e-10
-1.64482195418e-09
-2.32547108368e-09
-3.01959963817e-09
-2.55540505522e-09
-2.69588798332e-09
-2.83827036298e-09
-3.08366276922e-09
-3.49935349217e-09
-3.91881021187e-09
-1.29272586455e-09
-2.0144179268e-09
-2.72711040962e-09
-3.45391689692e-09
-2.94865611438e-09
-3.07656037359e-09
-3.20619400981e-09
-3.19412748806e-09
-4.555322463e-09
-5.92884933661e-09
-1.32069037933e-09
-2.30610346622e-09
-3.27922834348e-09
-4.27162477082e-09
-3.51738114752e-09
-3.6149440039e-09
-3.7138259951e-09
-3.97329638997e-09
-4.56312524907e-09
-5.15829772892e-09
-1.77777058883e-09
-2.81631426904e-09
-3.84190719528e-09
-4.88781073724e-09
-4.03322187397e-09
-4.10230554403e-09
-4.17232328549e-09
-3.97525139763e-09
-6.01533783473e-09
-8.07390666391e-09
-1.8395344642e-09
-3.24581929912e-09
-4.6345676074e-09
-6.05081838037e-09
-7.44902854577e-09
-4.92097098052e-09
-4.9580366302e-09
-4.99510891712e-09
-5.03173982778e-09
-6.91967472684e-09
-2.4670446707e-09
-3.95585117643e-09
-5.42609210121e-09
-6.92544935244e-09
-8.40570736201e-09
-5.55994341782e-09
-5.54524383514e-09
-5.53054162026e-09
-5.51601444741e-09
-1.11221460238e-08
-2.97020988548e-11
-1.39545723775e-11
-2.91618209237e-12
8.80927507126e-12
1.60514284508e-11
2.41108645033e-11
4.15368008334e-11
7.11999323864e-11
1.17006130648e-10
1.51181595904e-10
-2.34254854878e-11
-2.84999040621e-12
1.20026741021e-11
2.6967880034e-11
3.58452474981e-11
5.05366734264e-11
7.22757439803e-11
1.04826787334e-10
1.51337942346e-10
1.79026287399e-10
-2.19666627945e-10
-1.78926752475e-10
-1.38694907735e-10
-7.90175989433e-11
-4.08241769024e-11
-2.61212199932e-11
-1.12194662982e-11
1.81017583936e-11
6.85775180825e-11
1.19510568582e-10
-2.29990061204e-10
-1.85513343709e-10
-1.41591255775e-10
-8.39054876575e-11
-4.34641474448e-11
-1.25115609767e-11
1.88595314247e-11
4.82803104651e-11
1.11765753326e-10
1.75826349683e-10
-3.91968416283e-10
-3.25044969133e-10
-2.58956064732e-10
-1.56807115928e-10
-9.11997130724e-11
-7.06124948329e-11
-4.97469194685e-11
-2.89280528572e-11
2.56836040958e-11
1.23125158159e-10
-4.1784993111e-10
-3.47300885205e-10
-2.77631593666e-10
-1.82107613327e-10
-1.13709611537e-10
-6.83542828765e-11
-2.23857106615e-11
-1.80371190445e-12
7.67161001944e-11
1.32370962596e-10
-5.7218227383e-10
-5.0415762181e-10
-4.06372966858e-10
-2.52162007715e-10
-1.52950370313e-10
-1.25150186572e-10
-8.67114591618e-11
-8.65774989066e-11
-2.68960324039e-11
1.06971451578e-10
-6.26054491988e-10
-5.45621097362e-10
-4.44390717532e-10
-3.02484412535e-10
-1.99816954618e-10
-1.36806651657e-10
-9.36543832159e-11
-6.31970296478e-11
3.37520092586e-11
1.05508805892e-10
-9.03315659093e-10
-7.58686128246e-10
-6.15860143563e-10
-4.70205664634e-10
-3.26406574133e-10
-2.02651116938e-10
-1.64086457909e-10
-1.25514893221e-10
-8.7402554931e-11
-3.41225698993e-11
-9.75369545025e-10
-8.27444556743e-10
-6.81364209342e-10
-5.32390919015e-10
-3.85315293084e-10
-2.3408107045e-10
-1.4479094524e-10
-5.54848311087e-11
3.27580198247e-11
9.69512969211e-11
-1.08373045015e-11
3.93306933699e-11
7.06638313009e-11
9.23989784895e-11
1.15551990685e-10
1.48257195095e-10
1.87820700854e-10
2.49033672133e-10
3.12410635837e-10
3.87503006865e-10
-4.19528808002e-12
6.55124196596e-11
1.00702161243e-10
1.27379190858e-10
1.57454861272e-10
1.99186064292e-10
2.50390787769e-10
3.1939985215e-10
3.91163408646e-10
4.71633189935e-10
-1.71272064623e-10
-7.6578922649e-11
1.69333854243e-11
9.31950073617e-11
1.50277838298e-10
1.85993226088e-10
2.22191517035e-10
2.80593136415e-10
3.66874769743e-10
4.53938081213e-10
-1.5629821457e-10
-5.57347057315e-11
4.35747650859e-11
1.29228810442e-10
1.79742508711e-10
2.33546110228e-10
2.88077183307e-10
3.36088773202e-10
4.95781720353e-10
6.56921423684e-10
-3.29703284955e-10
-1.79241725409e-10
-3.06564380663e-11
9.39000615056e-11
1.81035017612e-10
2.19416567825e-10
2.58317070033e-10
3.08545804779e-10
4.15114431203e-10
6.77613857965e-10
-3.21197428152e-10
-1.63125016792e-10
-7.02378579602e-12
1.30867044931e-10
1.99482996443e-10
2.63979293771e-10
3.29347637224e-10
3.5087038899e-10
5.88443653579e-10
8.41399015636e-10
-4.84231514594e-10
-3.05086451372e-10
-8.89923507323e-11
9.47643214239e-11
2.18737366449e-10
2.60387115761e-10
3.21801840422e-10
3.42810366e-10
4.74246919444e-10
8.44647378296e-10
-4.81752948603e-10
-2.94764752931e-10
-6.90478159094e-11
1.32875203336e-10
2.23681013663e-10
3.01284486501e-10
3.11806437858e-10
3.68989788989e-10
7.02029249146e-10
1.05429449104e-09
-7.99886261425e-10
-4.83918430373e-10
-1.71890752942e-10
1.46316251676e-10
4.60469844424e-10
3.18608420722e-10
3.65528388609e-10
4.12456758316e-10
4.58826406944e-10
7.26563402572e-10
-8.10575739427e-10
-4.81831746392e-10
-1.57187227123e-10
1.73886480481e-10
5.0074287647e-10
3.54297128802e-10
4.51827694008e-10
5.49375723726e-10
6.4576236342e-10
1.33638856515e-09
3.88777849382e-11
9.02420307142e-11
1.40965758693e-10
1.92694008175e-10
2.10619672507e-10
2.66872644003e-10
3.23886204679e-10
4.18944685777e-10
4.99109614302e-10
5.80000805995e-10
1.15410553715e-10
2.92307555601e-10
3.98895469719e-10
4.46516896532e-10
5.03290983773e-10
5.65800824247e-10
6.24654529672e-10
6.8675385396e-10
7.78234025762e-10
9.34769448391e-10
-1.25033542502e-10
2.12091772628e-11
1.6562823422e-10
2.57735316424e-10
3.3286600834e-10
3.88657695686e-10
4.45203735247e-10
5.31390179631e-10
6.51882488015e-10
7.73466409992e-10
-8.58894362541e-11
6.82621238887e-11
2.20491397114e-10
3.32867696314e-10
3.93005015892e-10
4.68641589797e-10
5.45300836071e-10
6.11074991838e-10
8.62689272913e-10
1.11658308181e-09
-2.70212146806e-10
-3.99342072228e-11
1.87472141115e-10
3.33437905709e-10
4.41141334365e-10
4.96524455748e-10
5.52656405179e-10
6.30984759902e-10
7.87195604733e-10
1.20739935971e-09
-2.28850920834e-10
1.2845575377e-11
2.51528089684e-10
4.29898272106e-10
4.98722463395e-10
5.81506974157e-10
6.65410803622e-10
6.87832396619e-10
1.077373074e-09
1.51883893995e-09
-4.48173016599e-10
-1.14884162399e-10
2.14248543115e-10
5.49899320013e-10
5.73865927555e-10
6.28748226147e-10
6.84372581225e-10
7.53068438944e-10
9.53063296193e-10
1.1548700293e-09
-2.68062293584e-10
-3.51233917331e-11
2.91715946124e-10
4.90692669806e-10
6.29152372074e-10
7.57985090624e-10
1.00316269722e-09
1.46779891275e-09
2.31279817583e-09
3.01533803102e-09
-7.01064778935e-10
-2.21391993438e-10
2.52299219642e-10
7.35371308852e-10
1.21228988757e-09
8.16645163029e-10
8.71548199817e-10
9.2646106793e-10
9.80720152903e-10
1.45335981832e-09
-6.53123713781e-10
-1.51616439561e-10
3.43636983765e-10
8.48698296469e-10
1.34732599366e-09
9.16462308388e-10
1.02186619119e-09
1.12728894836e-09
1.23145656035e-09
2.52060727917e-09
6.91472791003e-11
1.39515140873e-10
2.09005507667e-10
2.79872046332e-10
3.02628262406e-10
3.81671279935e-10
4.61783027919e-10
5.83388295575e-10
6.79800985072e-10
7.77087136152e-10
1.1969044818e-10
1.94044203941e-10
2.67470760187e-10
3.4235143973e-10
3.86099530603e-10
4.78669649232e-10
5.72491396507e-10
7.22830024565e-10
8.42071957219e-10
9.62394175546e-10
-8.02828855194e-11
1.15850647523e-10
3.09538373826e-10
5.0706184907e-10
5.09578848456e-10
5.84800819334e-10
6.61039856786e-10
7.7411706489e-10
9.27719215768e-10
1.08271294257e-09
-1.77462746112e-11
1.88268978235e-10
3.91715198208e-10
5.99190422174e-10
5.99405153016e-10
6.96172156993e-10
7.94247535161e-10
8.77212692198e-10
1.21779045859e-09
1.56145372749e-09
-2.1263531704e-10
9.48906676986e-11
3.98581769568e-10
5.65267890941e-10
6.92877938958e-10
7.64715554229e-10
8.3752447664e-10
9.43048260569e-10
1.14730393438e-09
1.3534100854e-09
-1.39475943369e-10
1.83153778323e-10
5.01760271884e-10
7.19307259693e-10
7.88332990011e-10
8.88817235296e-10
9.90660115112e-10
1.01395162639e-09
1.55056970266e-09
2.09204933064e-09
-3.74873781484e-10
6.91977892042e-11
5.07731738541e-10
9.54950317325e-10
9.1756714667e-10
9.85256197005e-10
1.05386046227e-09
1.15012521011e-09
1.41647229914e-09
1.68523238952e-09
3.10063002815e-10
1.03638897197e-09
1.57402549665e-09
1.76717734902e-09
2.0565097478e-09
2.44975335272e-09
3.23127820906e-09
4.21899913983e-09
5.26083254904e-09
6.47174968895e-09
-6.05423178326e-10
3.26868566068e-11
6.62839589187e-10
1.30547172726e-09
1.9399178333e-09
1.29865605779e-09
1.36128528395e-09
1.42392572494e-09
1.48582037963e-09
2.156769348e-09
-5.00738186134e-10
1.67973185037e-10
8.28345651825e-10
1.50179598905e-09
2.16666772319e-09
1.46053811284e-09
1.57356196529e-09
1.68660605659e-09
1.79830426443e-09
3.66672015289e-09
1.00845953408e-10
1.91114690661e-10
2.80257766827e-10
3.71166212779e-10
3.98981056051e-10
5.01890156137e-10
6.06190676905e-10
7.55596142889e-10
8.69023734602e-10
9.83478936315e-10
1.65947783079e-10
2.60243922237e-10
3.53364178163e-10
4.48328567065e-10
5.03861940765e-10
6.22616414576e-10
7.42976552325e-10
9.3061492318e-10
1.07431038026e-09
1.21930766247e-09
-3.34193174282e-11
2.14960633495e-10
4.60243259099e-10
7.1038340763e-10
6.94635220222e-10
7.90204879305e-10
8.87066723434e-10
1.02830434798e-09
1.2165796291e-09
1.40656061127e-09
5.3614279868e-11
3.13941979912e-10
5.7102336489e-10
8.33195932819e-10
8.15550513383e-10
9.3444562486e-10
1.05494830182e-09
1.15591613665e-09
1.58965781689e-09
2.02732902857e-09
-1.52339985883e-10
2.3608132572e-10
6.19658980826e-10
1.01083292307e-09
9.56500337059e-10
1.0455693484e-09
1.13584265036e-09
1.26984590106e-09
1.52441484995e-09
1.78129009481e-09
-4.58811086899e-11
3.61503116709e-10
7.6380721599e-10
1.17407845677e-09
1.09161753484e-09
1.21063721111e-09
1.33126613709e-09
1.35546864e-09
2.04610840362e-09
2.74300509569e-09
-2.98113708505e-10
2.61971206511e-10
8.15071801007e-10
1.37912587748e-09
1.27749628673e-09
1.35859676212e-09
1.44079378659e-09
1.56592909515e-09
1.90176124969e-09
2.24063591333e-09
1.68410173093e-09
2.91993384155e-09
4.13042954505e-09
4.32643690106e-09
5.08236844101e-09
6.09982876329e-09
7.27638616609e-09
8.32098841041e-09
9.69511417927e-09
1.23859703052e-08
-5.05265840653e-10
2.98762089741e-10
1.09276370337e-09
1.90248954954e-09
2.70190087619e-09
1.80342519215e-09
1.87414540124e-09
1.94487827398e-09
2.01476901334e-09
2.89339049755e-09
-3.411577457e-10
5.02652296883e-10
1.33593993539e-09
2.18572981818e-09
3.02469483431e-09
2.03030256386e-09
2.15130616433e-09
2.27233143256e-09
2.39191579481e-09
4.86694697231e-09
1.32513710596e-10
2.42663913124e-10
3.51440530506e-10
4.62371335987e-10
4.95239872554e-10
6.21991777551e-10
7.50457478723e-10
9.27636028272e-10
1.05806192681e-09
1.18966943342e-09
2.12160001152e-10
3.26379073018e-10
4.3917382049e-10
5.5420233022e-10
6.21509492039e-10
7.66422782272e-10
9.13295426429e-10
1.13819715999e-09
1.3063222909e-09
1.4759705703e-09
1.33985425519e-11
3.13973953113e-10
6.1080115523e-10
9.1350665768e-10
8.79511098322e-10
9.95408599611e-10
1.11287313608e-09
1.28224371096e-09
1.5051583041e-09
1.73009241701e-09
1.24905233242e-10
4.39492407151e-10
7.50156644385e-10
1.06697320754e-09
1.03148505762e-09
1.17248669407e-09
1.31539479549e-09
1.4343477493e-09
1.9611624765e-09
2.49274994086e-09
-9.21034634304e-11
3.77134274246e-10
8.405205657e-10
1.31308365689e-09
1.21986561257e-09
1.32614921344e-09
1.43386986117e-09
1.59632480135e-09
1.90115795255e-09
2.20875277391e-09
4.76224388067e-11
5.39678503097e-10
1.02559857412e-09
1.52114169888e-09
1.39460627284e-09
1.53214330167e-09
1.67153995094e-09
1.69665255697e-09
2.54116378375e-09
3.39332595479e-09
-2.21428503022e-10
4.54556603377e-10
1.12211210111e-09
1.80288772045e-09
1.63707437198e-09
1.73157319167e-09
1.82734971773e-09
1.98132742827e-09
2.38657687646e-09
2.79549772752e-09
4.51417217201e-09
5.91052973575e-09
8.81941576874e-09
9.6488572275e-09
1.11418932117e-08
1.33902403196e-08
1.52721128109e-08
1.74809998245e-08
2.1111009627e-08
2.71297544254e-08
-4.05206190862e-10
5.64577807931e-10
1.52226849355e-09
2.49892507391e-09
3.46314072332e-09
2.30770200285e-09
2.38650530337e-09
2.46532271496e-09
2.54320174004e-09
3.62929318791e-09
-1.8173295113e-10
8.37004981388e-10
1.84303913979e-09
2.8689965764e-09
3.88188507363e-09
2.59951129841e-09
2.7284868639e-09
2.85748552466e-09
2.98494834961e-09
6.06600315742e-09
1.64148647629e-10
2.94159710476e-10
4.22549521062e-10
5.53481935092e-10
5.91398927356e-10
7.41968926813e-10
8.94574763831e-10
1.09949761319e-09
1.24690420168e-09
1.39564623671e-09
2.58324325333e-10
3.92445681973e-10
5.24894530538e-10
6.59966366837e-10
7.39035114536e-10
9.10080110447e-10
1.08343778371e-09
1.34556426059e-09
1.53809374665e-09
1.73236747519e-09
6.01678809574e-11
4.1288465629e-10
7.61203014622e-10
1.11641939277e-09
1.06419537286e-09
1.20039964878e-09
1.33844552516e-09
1.53591989367e-09
1.79343789897e-09
2.05328891754e-09
1.96122301365e-10
5.64912715149e-10
9.29104271892e-10
1.30050819776e-09
1.24719580939e-09
1.41028105984e-09
1.57557136494e-09
1.71249079813e-09
2.3322821123e-09
2.95768849545e-09
-3.19293695234e-11
5.18041036869e-10
1.06115325178e-09
1.615021141e-09
1.48295793888e-09
1.60643828823e-09
1.73158819948e-09
1.92246534209e-09
2.27751060227e-09
2.63577243484e-09
1.41029080136e-10
7.17669230247e-10
1.28711861423e-09
1.86784524801e-09
1.69728099626e-09
1.85331618644e-09
2.01146110832e-09
2.03748287424e-09
3.03570609331e-09
4.04297282768e-09
-1.44822773339e-10
6.46942406611e-10
1.42883418764e-09
2.22621038076e-09
1.996279794e-09
2.10416307208e-09
2.21350502606e-09
2.3962952466e-09
2.87089004504e-09
3.34978448832e-09
1.12919258196e-08
1.24397714278e-08
1.64057649878e-08
1.80508989178e-08
2.04817094842e-08
2.58262606483e-08
3.03230467499e-08
3.49079896883e-08
4.19552726266e-08
5.415572473e-08
-3.05250241918e-10
8.30118037296e-10
1.95132814913e-09
3.09474245832e-09
4.22359162888e-09
2.81145618597e-09
2.89833420068e-09
2.98522777238e-09
3.0710868042e-09
4.36443319588e-09
-2.24733828652e-11
1.17101114602e-09
2.34961279151e-09
3.55155520359e-09
4.73818692932e-09
3.16813011056e-09
3.305069379e-09
3.44203316875e-09
3.57736629124e-09
7.26381665237e-09
-1.68714987173e-10
-2.57922102182e-10
-3.46016794651e-10
-4.35856094947e-10
-4.73864819586e-10
-6.28357505158e-10
-7.84939066424e-10
-9.97991249945e-10
-1.11623919952e-09
-1.23555842968e-09
-2.53130063172e-10
-3.73926858691e-10
-4.93217304878e-10
-6.14870152707e-10
-6.85700579838e-10
-8.35959148214e-10
-9.88249343331e-10
-1.28769877026e-09
-1.47223930782e-09
-1.6584517111e-09
-4.3531742878e-10
-7.33970120889e-10
-1.02889858106e-09
-1.32966773931e-09
-1.22957737517e-09
-1.34614963736e-09
-1.46429805808e-09
-1.62559984075e-09
-1.80841188836e-09
-1.99288014223e-09
-5.14004896393e-10
-9.16060099658e-10
-1.3131016303e-09
-1.71800608369e-09
-1.61125758532e-09
-1.71762944552e-09
-1.82543954593e-09
-1.87349132396e-09
-2.50460189457e-09
-3.14143008223e-09
-6.71451019918e-10
-1.15561265174e-09
-1.63373673475e-09
-2.12132948145e-09
-1.89892278155e-09
-1.98190838302e-09
-2.06601602212e-09
-2.18148173547e-09
-2.42147912704e-09
-2.66365080192e-09
-7.45065462961e-10
-1.39623525594e-09
-2.03928488995e-09
-2.69506933685e-09
-2.43103664732e-09
-2.49853742313e-09
-2.56695086823e-09
-2.39233615723e-09
-3.41898018568e-09
-4.45492521095e-09
-9.60905099378e-10
-1.67246478634e-09
-2.37515124571e-09
-3.09175355247e-09
-2.71941069905e-09
-2.76122555513e-09
-2.80360578449e-09
-2.86288534834e-09
-3.17298090349e-09
-3.48588580413e-09
-1.02830099617e-09
-1.98483706042e-09
-2.92944501469e-09
-3.8927597762e-09
-3.43592711042e-09
-3.45577946021e-09
-3.47590023105e-09
-3.02833950124e-09
-4.53983099415e-09
-6.06501601389e-09
-1.37223458071e-09
-2.40693887235e-09
-3.4287402876e-09
-4.47077723234e-09
-5.49954041233e-09
-3.86867627338e-09
-3.85175965734e-09
-3.83484001208e-09
-3.81812180921e-09
-4.65432501778e-09
-1.430793596e-09
-2.82127120363e-09
-4.19440940248e-09
-5.59474092686e-09
-6.97723462762e-09
-4.81607077605e-09
-4.76756511506e-09
-4.7190507683e-09
-4.67111402499e-09
-8.3530397865e-09
-3.51042491547e-11
-2.82114855302e-11
-2.14046754266e-11
-1.44630647596e-11
-7.9730659043e-12
-3.90019757655e-12
2.27739479043e-13
2.78886414124e-11
6.36818667443e-11
9.97993648187e-11
-4.45032511176e-11
-3.69249403106e-11
-3.32373049968e-11
-2.43661854997e-11
-2.02452818167e-11
-9.84610326259e-12
-9.88332647708e-13
2.60576036293e-11
6.31901931369e-11
7.65845441653e-11
-2.24044381183e-10
-1.98333673835e-10
-1.72943581836e-10
-1.27495645415e-10
-9.57418131769e-11
-8.55711216756e-11
-7.52629135651e-11
-4.88305125214e-11
-1.33733414335e-11
2.24050578759e-11
-2.26170927165e-10
-2.04178225987e-10
-1.82459776213e-10
-1.3927426988e-10
-1.12038740606e-10
-8.64085682795e-11
-6.04318536956e-11
-3.85745850614e-11
1.25807820181e-11
6.41995968877e-11
-3.91391355266e-10
-3.49013326334e-10
-3.07163756085e-10
-2.28680046922e-10
-1.73479846475e-10
-1.57908225878e-10
-1.42126063404e-10
-1.16781763148e-10
-8.16222401052e-11
1.00593748966e-11
-3.94426473793e-10
-3.6086459584e-10
-3.27721238199e-10
-2.55756912766e-10
-2.08344531267e-10
-1.6780644761e-10
-1.26720253748e-10
-1.10088174432e-10
-4.64261720361e-11
-1.17518363497e-11
-5.96526355754e-10
-5.33717416493e-10
-4.71691711615e-10
-4.08437663382e-10
-2.68771629229e-10
-2.46579514899e-10
-2.24087343852e-10
-2.00076844562e-10
-1.65282180412e-10
-1.30172290097e-10
-4.91248797044e-10
-4.51345748958e-10
-3.93670829758e-10
-2.6418917654e-10
-1.90825423611e-10
-1.26041650576e-10
-1.04406613211e-10
-1.31461890246e-10
-3.85767681122e-11
-1.53824422813e-10
-8.88033988027e-10
-7.96191649878e-10
-7.0549459579e-10
-6.13001397282e-10
-5.21686403601e-10
-3.72586083509e-10
-3.4055863712e-10
-3.08525455671e-10
-2.76873655756e-10
-2.4958064938e-10
-8.93765515398e-10
-8.25869306371e-10
-7.58819770542e-10
-6.90442400519e-10
-6.22936040999e-10
-4.0937434756e-10
-3.23447118419e-10
-2.37504502541e-10
-1.52585104631e-10
-1.19852101722e-10
-3.98927455603e-11
-2.47843813887e-11
-1.06728482355e-11
2.07556855435e-12
1.23393527264e-11
3.02656598211e-11
5.86864215122e-11
1.01742577297e-10
1.51290645552e-10
1.97658402422e-10
-4.70217028864e-11
-2.52553756094e-11
-6.21860257673e-12
8.1335531733e-12
2.66160079018e-11
4.98901428026e-11
8.77931156724e-11
1.38379380093e-10
1.97536097951e-10
2.47869266638e-10
-2.00703850169e-10
-1.39158879667e-10
-7.83813817195e-11
-1.73152227687e-11
2.95194276709e-11
5.36921316153e-11
7.8191671575e-11
1.25364131927e-10
1.84934740703e-10
2.45045036095e-10
-1.94372277209e-10
-1.25532600623e-10
-5.75513623801e-11
1.21299950432e-11
5.35884623906e-11
9.38016474063e-11
1.34558549715e-10
1.64139066962e-10
2.90668219101e-10
4.18343676297e-10
-3.604515768e-10
-2.5990372724e-10
-1.60609720428e-10
-5.85194924878e-11
1.71396139681e-11
4.35994094873e-11
7.04169644922e-11
1.11317345028e-10
1.76875011954e-10
4.02282145673e-10
-3.5568939732e-10
-2.46481330781e-10
-1.38635100848e-10
-2.381637242e-11
3.72088644911e-11
8.96826132919e-11
1.42865852889e-10
1.42044695473e-10
3.26158984696e-10
5.2966997182e-10
-5.56271370733e-10
-4.07913540393e-10
-2.61405748522e-10
-1.11996548709e-10
1.9643584615e-12
3.12276855885e-11
6.08866783908e-11
9.4098703024e-11
1.66995344457e-10
2.40552401195e-10
-5.64881388059e-10
-4.37354228205e-10
-2.60079168314e-10
-9.31501847763e-11
2.20062900756e-11
8.0579061579e-11
1.19100868319e-10
5.40998784659e-11
2.52351472079e-10
5.20951946294e-10
-8.34541604218e-10
-6.18243274874e-10
-4.04642209498e-10
-1.86811035814e-10
2.82453420526e-11
1.36468147849e-11
4.73436402467e-11
8.10464996999e-11
1.14348098719e-10
2.37036426055e-10
-8.34436979584e-10
-6.05425949311e-10
-3.79270711786e-10
-1.48636745901e-10
7.90593385378e-11
7.74583830168e-11
1.67519784888e-10
2.5759731379e-10
3.46602395163e-10
7.89714805591e-10
-3.03285496316e-11
2.50341433344e-11
6.32790995898e-11
8.07339973595e-11
1.06975310683e-10
1.36338712148e-10
1.89554406791e-10
2.47126626943e-10
2.92256825088e-10
3.71066072455e-10
-4.87091517803e-12
8.10661987971e-11
1.28191188319e-10
1.60061584004e-10
1.90106243721e-10
2.27313100603e-10
2.58893081631e-10
2.92730674016e-10
3.34944239724e-10
4.11676002612e-10
-1.78403170393e-10
-8.262040011e-11
1.19679484874e-11
8.79565176911e-11
1.49200116122e-10
1.8675102451e-10
2.24809653892e-10
2.91798176736e-10
3.74407937958e-10
4.57766111584e-10
-1.63990298771e-10
-5.03907409105e-11
6.17922179628e-11
1.56789001595e-10
2.1183675649e-10
2.65983261873e-10
3.20861875178e-10
3.57821560194e-10
5.56366496514e-10
7.56710172971e-10
-3.30890206001e-10
-1.74764077536e-10
-2.05848590736e-11
1.04060186303e-10
1.99266727701e-10
2.36129615683e-10
2.73490922024e-10
3.29254339082e-10
4.23855872753e-10
7.77030878124e-10
-3.18678108357e-10
-1.37193990044e-10
4.2027001344e-11
1.97790912966e-10
2.71822534746e-10
3.3570019917e-10
4.00441545264e-10
3.82944715682e-10
6.82144984537e-10
1.04697072907e-09
-5.04749812603e-10
-3.37840617118e-10
-7.26712148121e-11
1.23131478094e-10
2.33394092251e-10
2.64915526691e-10
3.36851854457e-10
4.11940409495e-10
8.0861793883e-10
1.40562673362e-09
-5.60279720642e-10
-4.15092858324e-10
-1.56600976299e-10
2.96021002729e-11
1.10771913268e-10
1.89498097058e-10
2.31854212333e-10
3.9431546445e-10
1.11122649461e-09
1.62828506678e-09
-7.83432376192e-10
-4.48222733124e-10
-1.1719319119e-10
2.20391986658e-10
5.5367690792e-10
3.8267253142e-10
4.1796436293e-10
4.53262514044e-10
4.88140411457e-10
7.01974073217e-10
-7.77751607773e-10
-3.94803632632e-10
-1.66310608794e-11
3.69030756934e-10
7.49779904167e-10
5.42602077601e-10
6.36613469391e-10
7.30641695525e-10
8.23550437809e-10
1.65875931548e-09
7.40892617182e-12
4.48794042062e-11
8.18826212563e-11
1.19618641842e-10
1.40267547846e-10
1.94793884912e-10
2.50057465556e-10
3.54310097743e-10
4.39117194068e-10
5.24692609802e-10
3.28177117604e-11
8.30260266376e-11
1.32608238304e-10
1.83172365135e-10
2.13822436269e-10
2.7323100873e-10
3.33442836843e-10
4.6531218085e-10
5.72849559246e-10
6.81361184593e-10
-1.56820082841e-10
-2.79012181605e-11
9.94100140918e-11
2.29242489861e-10
2.65029714274e-10
3.15528342672e-10
3.66709756518e-10
4.5287669975e-10
5.57784258587e-10
6.63642239229e-10
-1.34585952931e-10
2.23332008343e-11
1.77295555485e-10
3.35326750372e-10
3.6499293023e-10
4.32624409003e-10
5.01170324285e-10
5.45271729894e-10
8.13515123419e-10
1.08418869808e-09
-3.02280062253e-10
-9.23640551138e-11
1.14934276317e-10
2.61408369252e-10
3.75533347396e-10
4.22464576688e-10
4.70030357084e-10
5.40178547242e-10
6.62889372875e-10
7.86711911007e-10
-2.82857770229e-10
-3.142330202e-11
2.16875750703e-10
4.12267309668e-10
4.98886796309e-10
5.73801420673e-10
6.4972895602e-10
6.16093044761e-10
1.02667605169e-09
1.44097878145e-09
-2.99260447583e-10
-1.52611634594e-10
1.55367145361e-10
3.44421142756e-10
4.14567925502e-10
4.61521427283e-10
5.49113618437e-10
8.53676017939e-10
1.53395068466e-09
2.35437248635e-09
-3.4856247323e-10
-1.92850256596e-10
1.36514444149e-10
2.78303558437e-10
3.86874150992e-10
5.43072468503e-10
8.7126444059e-10
1.3911578005e-09
2.22635698206e-09
3.05088726113e-09
-7.33967743087e-10
-2.83673119621e-10
1.61006280342e-10
6.14492012898e-10
1.06220111444e-09
7.398237228e-10
7.76659236185e-10
8.13501345597e-10
8.49904819206e-10
1.15195093693e-09
-7.22890260275e-10
-1.90958729846e-10
3.34339555866e-10
8.70040732775e-10
1.39891799482e-09
9.92778358534e-10
1.0906126373e-09
1.18846443496e-09
1.28515122599e-09
2.49983967404e-09
2.17026956747e-11
6.94540054358e-11
1.1660985111e-10
1.64699560733e-10
1.90108971067e-10
2.61598761162e-10
3.34055155497e-10
4.64059440664e-10
5.65345968813e-10
6.67550113633e-10
5.60245069487e-11
1.20111162282e-10
1.83398649971e-10
2.47939469084e-10
2.86825439727e-10
3.63250064843e-10
4.40708017467e-10
6.07582097498e-10
7.38823777759e-10
8.71254456754e-10
-1.34217945548e-10
2.94015407727e-11
1.90980674095e-10
3.55759684876e-10
3.86328229781e-10
4.50385907347e-10
5.15309700517e-10
6.21560577044e-10
7.49818728414e-10
8.79238848904e-10
-1.03793275095e-10
9.84908178528e-11
2.98252405902e-10
5.01970028308e-10
5.25380402963e-10
6.07133550808e-10
6.89992072431e-10
7.41572396381e-10
1.08280507353e-09
1.42712918643e-09
-2.72319084917e-10
-6.0734993574e-12
2.56851974453e-10
5.24984366259e-10
5.60122430356e-10
6.17597379682e-10
6.75849440391e-10
7.61061583551e-10
9.13208886918e-10
1.06673458586e-09
-2.45346167762e-10
7.934136993e-11
3.99980018299e-10
7.26968523621e-10
7.3667194183e-10
8.23144638378e-10
9.10786521113e-10
8.60249518248e-10
1.38747422122e-09
1.91947537557e-09
-1.41653519298e-10
2.16130717405e-10
6.72972831048e-10
8.03090102081e-10
9.64306389294e-10
1.25017657844e-09
1.97557461866e-09
2.83312141727e-09
3.46669054129e-09
4.54138158381e-09
-6.28601909394e-11
4.74088952156e-10
9.39516389589e-10
9.40027129119e-10
1.02272599609e-09
1.56934950233e-09
2.23446440893e-09
3.13166251914e-09
3.81217074893e-09
5.42526808401e-09
-6.8216762756e-10
-1.11354263615e-10
4.52340994871e-10
1.02719954972e-09
1.59473539181e-09
1.11383787822e-09
1.15228995873e-09
1.19074892473e-09
1.22875000492e-09
1.62317354714e-09
-6.65438623419e-10
2.2510750288e-11
7.01881319604e-10
1.39470599358e-09
2.07870526863e-09
1.46420980149e-09
1.56604746559e-09
1.66790336546e-09
1.76854658655e-09
3.38063180786e-09
3.59825238319e-11
9.40046379697e-11
1.5130320996e-10
2.0973651021e-10
2.39901781743e-10
3.28338479661e-10
4.17970918776e-10
5.73701740197e-10
6.91451627051e-10
8.10268282222e-10
7.9208667523e-11
1.57160127153e-10
2.34139523503e-10
3.12643402812e-10
3.59757240125e-10
4.53181321388e-10
5.47868577616e-10
7.49713252003e-10
9.04636114275e-10
1.06096251761e-09
-1.11637853119e-10
8.66484097903e-11
2.82462021183e-10
4.82153482074e-10
5.0750843748e-10
5.85111939473e-10
6.63764708417e-10
7.9007992949e-10
9.41665898528e-10
1.09462517767e-09
-7.30306307194e-11
1.74574154978e-10
4.19091281753e-10
6.68450771685e-10
6.856114427e-10
7.81472486128e-10
8.78629654373e-10
9.37681602144e-10
1.35183237325e-09
1.76973518975e-09
-2.42387329848e-10
8.01328934029e-11
3.9863125398e-10
7.23437085724e-10
7.44531475418e-10
8.12539861021e-10
8.81467779242e-10
9.81729182864e-10
1.16328425327e-09
1.34648414221e-09
-2.0787115202e-10
1.89998008196e-10
5.82905696202e-10
9.83594441257e-10
9.7422516498e-10
1.07224466061e-09
1.17158946522e-09
1.10416785513e-09
1.74792048834e-09
2.3975052708e-09
5.02746159953e-10
1.16064550975e-09
2.07779901518e-09
2.24498145903e-09
2.50403739196e-09
2.94780534939e-09
3.68668175095e-09
4.26289346369e-09
4.93480778511e-09
6.99847195371e-09
5.66214309913e-10
1.63756514303e-09
2.69481357731e-09
3.08524669579e-09
3.41223361449e-09
3.98362953313e-09
4.66265974344e-09
5.09731311147e-09
6.3237114189e-09
8.72743609606e-09
-6.30418034976e-10
6.07965221884e-11
7.43391557766e-10
1.43950455462e-09
2.12675026495e-09
1.4874872411e-09
1.52755431201e-09
1.56762855762e-09
1.60722568617e-09
2.0939365531e-09
-6.08043021685e-10
2.35772024195e-10
1.0690646036e-09
1.91885952515e-09
2.75782951585e-09
1.9351814365e-09
2.04101858126e-09
2.14687467797e-09
2.25147047024e-09
4.26056486615e-09
5.02475525141e-11
1.18529826467e-10
1.8596061295e-10
2.54726783831e-10
2.89642987635e-10
3.95009029765e-10
5.01799712574e-10
6.83230407516e-10
8.17426590611e-10
9.5283853909e-10
1.02368800259e-10
1.94170694837e-10
2.84827809688e-10
3.77280278012e-10
4.32613454715e-10
5.43019374054e-10
6.54918077602e-10
8.91697103162e-10
1.0702766045e-09
1.25047396687e-09
-8.90811624786e-11
1.4383594871e-10
3.73848557892e-10
6.0841628597e-10
6.2856305519e-10
7.1969834285e-10
8.12065858991e-10
9.58424630119e-10
1.1333142401e-09
1.30978828214e-09
-4.22998684493e-11
2.50578640074e-10
5.39804921368e-10
8.34758976038e-10
8.45676420545e-10
9.55630738272e-10
1.06707173416e-09
1.13358756223e-09
1.62058085569e-09
2.11198611955e-09
-2.12486595758e-10
1.66249942696e-10
5.40263594841e-10
9.21684130721e-10
9.28749400739e-10
1.00728030587e-09
1.08687301725e-09
1.20216808442e-09
1.41310044394e-09
1.62594376884e-09
-1.70434975019e-10
3.00539962998e-10
7.65641791713e-10
1.23995439429e-09
1.21153219028e-09
1.32108651801e-09
1.43212211568e-09
1.34783339741e-09
2.10799319246e-09
2.87503974049e-09
1.56780619253e-09
2.39839033049e-09
4.13805160438e-09
4.7278269062e-09
5.46885140836e-09
6.38024391135e-09
7.15260364791e-09
7.88972163124e-09
9.75565939435e-09
1.33255359938e-08
1.89973650279e-09
2.72142221748e-09
4.46376364913e-09
5.22854545213e-09
6.1296276952e-09
7.11047063469e-09
7.91163268338e-09
9.10069237964e-09
1.16408672682e-08
1.59679921859e-08
-5.78722075167e-10
2.32768892592e-10
1.03414047869e-09
1.85138225063e-09
2.65821376305e-09
1.86074935741e-09
1.90242974497e-09
1.94411759612e-09
1.9853091189e-09
2.56421166485e-09
-5.50706904195e-10
4.48812276192e-10
1.43586734242e-09
2.4424698291e-09
3.4362499253e-09
2.40566496109e-09
2.51549744149e-09
2.62534958927e-09
2.73389385632e-09
5.13958597038e-09
-1.59948695775e-11
-1.95638237319e-11
-2.30882726353e-11
-2.66825189461e-11
-6.31251653163e-11
-1.57082220648e-10
-2.52309657218e-10
-4.57472861439e-10
-5.80728484665e-10
-7.05100756045e-10
-5.59803618636e-11
-1.26203121842e-10
-1.95550196276e-10
-2.66270604851e-10
-3.06464522495e-10
-3.76915324134e-10
-4.48318681985e-10
-7.37958948014e-10
-9.24972324588e-10
-1.11367996984e-09
-2.12911920007e-10
-3.62584784267e-10
-5.10391211439e-10
-6.6112476444e-10
-6.88519665163e-10
-7.46167518724e-10
-8.04594821484e-10
-8.93290655521e-10
-9.85284086238e-10
-1.07811094177e-09
-1.30978308575e-10
-4.71880867503e-10
-8.08532334009e-10
-1.15185077178e-09
-1.15863638647e-09
-1.19549063018e-09
-1.23284317537e-09
-1.19008782291e-09
-1.6449464978e-09
-2.10392601591e-09
-3.87324164674e-10
-6.66403349312e-10
-9.42002385808e-10
-1.22305932473e-09
-1.24244050788e-09
-1.26792878273e-09
-1.29376168126e-09
-1.27930070171e-09
-1.34360476192e-09
-1.40849139198e-09
-1.97405061377e-10
-7.78052585089e-10
-1.35145937029e-09
-1.93622177678e-09
-1.91341718027e-09
-1.92051447267e-09
-1.92770772665e-09
-1.59054482639e-09
-2.28263790836e-09
-2.98100108529e-09
-6.01119819426e-10
-1.03882610646e-09
-1.47107414794e-09
-1.91188233413e-09
-1.92144025057e-09
-1.90750710636e-09
-1.89338557389e-09
-1.75247430671e-09
-1.78283655791e-09
-1.81347387933e-09
-2.7883140352e-10
-1.15335985181e-09
-2.01698283411e-09
-2.89770881516e-09
-2.83863234687e-09
-2.80925337638e-09
-2.77947717661e-09
-2.08142760485e-09
-3.06432415356e-09
-4.05612536388e-09
-9.04934697232e-10
-1.56805844557e-09
-2.22291296781e-09
-2.89073608432e-09
-3.5500522789e-09
-2.81638156625e-09
-2.74548268447e-09
-2.67457110705e-09
-2.60450379064e-09
-2.38897530873e-09
-3.94542521304e-10
-1.68669123083e-09
-2.96272670376e-09
-4.26403250128e-09
-5.54876189322e-09
-4.07219813427e-09
-3.98988639497e-09
-3.90755991635e-09
-3.82621360258e-09
-5.58393354925e-09
-4.55357186472e-11
-4.2468398683e-11
-3.98931687609e-11
-3.5319659273e-11
-3.19975602594e-11
-3.19112596564e-11
-2.83898702916e-11
-1.54226495615e-11
1.03576028405e-11
2.61800078616e-11
-5.43568733737e-11
-5.16985296426e-11
-4.89124736591e-11
-4.24910971502e-11
-4.24580401201e-11
-3.95521469804e-11
-3.80103067999e-11
-2.0493658877e-11
7.06513084468e-12
3.05602549684e-11
-2.28422134422e-10
-2.17740595195e-10
-2.07192255938e-10
-1.75973691887e-10
-1.50659449451e-10
-1.45021023358e-10
-1.39306360832e-10
-1.15762783436e-10
-9.53242009494e-11
-7.47004528303e-11
-2.22351793126e-10
-2.22843108266e-10
-2.23328296652e-10
-1.94643052103e-10
-1.80613333767e-10
-1.60305575582e-10
-1.39723238816e-10
-1.25429480588e-10
-8.66041892901e-11
-4.74271559077e-11
-3.90814294249e-10
-3.72981683534e-10
-3.55371447438e-10
-3.00552977916e-10
-2.55759979878e-10
-2.45203956922e-10
-2.3450520734e-10
-2.0463547344e-10
-1.88928084306e-10
-1.03006408365e-10
-3.71003016475e-10
-3.74428306475e-10
-3.77810882732e-10
-3.29406212204e-10
-3.02979450997e-10
-2.67258612344e-10
-2.31054796834e-10
-2.1837263696e-10
-1.69568444267e-10
-1.55874635296e-10
-5.83782664491e-10
-5.63277211176e-10
-5.37010456373e-10
-4.53263070468e-10
-3.84592888144e-10
-3.68008843227e-10
-3.23388050411e-10
-3.13576190218e-10
-3.03668328421e-10
-1.77386466193e-10
-5.84462160367e-10
-5.60242420409e-10
-5.6717663341e-10
-4.94599763296e-10
-4.52976626957e-10
-3.98362334826e-10
-3.66885862014e-10
-3.32302957675e-10
-2.7126656327e-10
-2.63215935751e-10
-8.72752316961e-10
-8.33697171509e-10
-7.95129048018e-10
-7.5579712993e-10
-7.16966233068e-10
-5.42521050081e-10
-5.17030816331e-10
-4.91536018121e-10
-4.66344756582e-10
-4.65038728861e-10
-8.1216148577e-10
-8.24294055999e-10
-8.36275331742e-10
-8.48493882023e-10
-8.60556788914e-10
-5.84667624669e-10
-5.02103291598e-10
-4.19524173974e-10
-3.37928229087e-10
-3.36655500365e-10
-4.82278121274e-11
-4.49987968956e-11
-4.17497008821e-11
-3.3987524661e-11
-2.85587173048e-11
-1.8082914156e-11
1.62588051037e-12
3.34131427815e-11
7.56582330645e-11
1.11498832294e-10
-5.42637936808e-11
-4.34675850678e-11
-3.27125733334e-11
-2.19499839192e-11
-1.32917476854e-11
-2.28172470486e-12
1.7821389654e-11
5.87687980389e-11
1.10032591116e-10
1.51179882389e-10
-2.30135635716e-10
-2.01738836685e-10
-1.73696148863e-10
-1.27825452899e-10
-9.12389829562e-11
-7.86089628577e-11
-6.5808173885e-11
-2.98648725615e-11
2.99471166217e-12
3.61519909776e-11
-2.32446339848e-10
-1.95330495515e-10
-1.58677489846e-10
-1.04968820356e-10
-7.25655839301e-11
-4.59428154151e-11
-1.89600838776e-11
-7.8106392776e-12
8.55547178496e-11
1.7976592891e-10
-3.91199868644e-10
-3.40565729071e-10
-2.9056300279e-10
-2.10939046481e-10
-1.46755789676e-10
-1.32217748851e-10
-1.17483141049e-10
-8.59111147225e-11
-6.13644072942e-11
1.26950433381e-10
-3.90181366487e-10
-3.29837644769e-10
-2.702464159e-10
-1.78499789771e-10
-1.25065267461e-10
-8.4614067187e-11
-4.36159314465e-11
-6.67809980437e-11
6.38743158137e-11
2.17940928003e-10
-5.70070936104e-10
-5.10740629414e-10
-4.33819146312e-10
-3.12820225711e-10
-2.14808649526e-10
-1.97931744584e-10
-1.38687129686e-10
-1.54612959952e-10
-1.40256230531e-10
1.35846809764e-10
-5.7296186383e-10
-4.94717376112e-10
-4.07008325257e-10
-2.68634526473e-10
-1.89419718241e-10
-1.32017537101e-10
-1.04172243043e-10
-1.39067244273e-10
3.72983391245e-11
2.56379105781e-10
-8.69196947011e-10
-7.52568119375e-10
-6.37393666054e-10
-5.19938323305e-10
-4.03979160319e-10
-2.91314791152e-10
-2.70841108115e-10
-2.50363758916e-10
-2.30130209506e-10
-2.52490550462e-10
-8.58298219741e-10
-7.29020152231e-10
-6.01354196448e-10
-4.71159972282e-10
-3.42624199395e-10
-1.99380362768e-10
-1.16788124232e-10
-3.41810961458e-11
4.74424269061e-11
2.43041046035e-10
-5.21261580969e-11
-2.92574869058e-11
-6.15152353036e-12
8.74746410977e-12
2.61776991471e-11
4.85704554645e-11
8.30501738947e-11
1.31041708947e-10
1.78359098639e-10
2.38893373386e-10
-4.9735423856e-11
-1.44886996574e-11
1.03848310368e-11
2.92582770394e-11
4.46343114671e-11
7.67815920525e-11
1.20614516944e-10
1.57103090088e-10
1.99617555729e-10
2.60269677268e-10
-2.31772798283e-10
-1.86449977483e-10
-1.41692337245e-10
-8.18222810417e-11
-3.44657760957e-11
-1.51556466654e-11
4.41557253675e-12
5.22061738409e-11
9.69333879001e-11
1.42065813176e-10
-2.42091161287e-10
-1.6904360571e-10
-9.69069611884e-11
-1.9289693123e-11
3.06684970883e-11
6.33249339493e-11
9.64229142851e-11
1.04568128549e-10
2.50043720115e-10
3.96837264132e-10
-3.91568265195e-10
-3.0959394785e-10
-2.28641859262e-10
-1.25317533103e-10
-4.26078789635e-11
-2.42652243824e-11
-5.67456113228e-12
2.7523918262e-11
6.05161407739e-11
3.46662396539e-10
-4.08505295879e-10
-2.87233555464e-10
-1.67474086996e-10
-3.43164461731e-11
4.49226060967e-11
8.98934241835e-11
1.35472286907e-10
7.80570347449e-11
2.86916895077e-10
5.75102518186e-10
-6.46806092069e-10
-5.16843726489e-10
-3.10234434786e-10
-1.49878051211e-10
-4.10180838351e-11
-8.46987649509e-12
1.25727547498e-11
-1.58081310634e-12
2.69170630658e-10
8.17001238356e-10
-6.08864760425e-10
-4.95839679417e-10
-3.10094197506e-10
-1.64724250457e-10
-1.03925177519e-10
-1.01035347659e-10
-1.36115021465e-10
-8.94041822752e-11
4.05211047856e-10
9.13139033963e-10
-8.6579997345e-10
-6.75053472809e-10
-4.86685602021e-10
-2.94587335537e-10
-1.04936071734e-10
-5.13001001879e-11
-3.56194739565e-11
-1.99360398415e-11
-4.43932998904e-12
-4.94116718905e-11
-9.02379501766e-10
-6.37990825703e-10
-3.76899105523e-10
-1.10636782601e-10
1.5223381467e-10
1.68741846814e-10
2.51360747591e-10
3.33994442691e-10
4.15644315265e-10
7.96911351779e-10
-5.43294267567e-11
-4.97563324608e-11
-4.5240265154e-11
-4.06347626479e-11
-2.20931667136e-11
7.91648988957e-12
3.83319031927e-11
1.25231899912e-10
1.98433403064e-10
2.72298083451e-10
-5.40550246589e-11
-2.7992150666e-11
-2.25428357967e-12
2.39932905402e-11
4.1545341936e-11
6.77923682271e-11
9.43942771787e-11
2.07794337135e-10
3.03627161274e-10
4.0032819364e-10
-2.33357280163e-10
-1.71653083844e-10
-1.10718345643e-10
-4.85768693486e-11
2.0480580092e-11
4.62558660111e-11
7.23796562498e-11
1.3163633461e-10
1.87849301406e-10
2.44571535884e-10
-2.51425631251e-10
-1.43602576566e-10
-3.71240872374e-11
7.14630785693e-11
1.30580707443e-10
1.69076661012e-10
2.0809311341e-10
2.13330767589e-10
4.09239788246e-10
6.06923668667e-10
-3.91924807466e-10
-2.79618777926e-10
-1.68713216933e-10
-4.24511524365e-11
5.81887558341e-11
8.02135991473e-11
1.02536237529e-10
1.37308833915e-10
1.78474811366e-10
2.2001373661e-10
-4.26239597089e-10
-2.46000382363e-10
-6.80087704772e-11
1.05227359642e-10
2.09440602606e-10
2.58785606051e-10
3.08797796928e-10
2.18234463134e-10
5.02782400708e-10
7.89908232263e-10
-5.8629790545e-10
-4.11963822285e-10
-2.39803704321e-10
-6.42341654155e-11
1.04411680937e-10
1.21839207508e-10
1.39502369419e-10
1.44262220159e-10
1.66983500994e-10
1.89910627823e-10
-5.54749961831e-10
-5.0250124176e-10
-2.40393556052e-10
-3.24663529733e-11
1.24819660226e-10
2.07575093895e-10
3.86196327404e-10
6.24190256365e-10
1.32362682162e-09
1.90759921081e-09
-8.62512307849e-10
-6.00033095848e-10
-3.40827028504e-10
-7.64877014679e-11
1.84484395587e-10
1.8099138781e-10
1.92033188422e-10
2.03076966257e-10
2.13989258777e-10
1.47132525862e-10
-9.45042334417e-10
-5.49890644728e-10
-1.59666540092e-10
2.382854765e-10
6.31168266442e-10
5.25018604229e-10
6.07663309307e-10
6.9032281333e-10
7.71998187549e-10
1.33295919519e-09
-5.74405620585e-11
-5.22066797889e-11
-4.70380646071e-11
-4.17670913121e-11
-1.87631139165e-11
2.13073661875e-11
6.19196340895e-11
1.7252273844e-10
2.61668203025e-10
3.51621290952e-10
-5.38987691812e-11
-2.0021597673e-11
1.34331217787e-11
4.75503711032e-11
6.97889386881e-11
1.03883715109e-10
1.38439482609e-10
2.84549271816e-10
4.03337175256e-10
5.23201251042e-10
-2.35016573668e-10
-1.56157551949e-10
-7.82819109091e-11
1.13596212131e-12
7.80212393399e-11
1.10566935388e-10
1.43552677599e-10
2.14816806109e-10
2.83057827725e-10
3.51917086536e-10
-2.61200830058e-10
-1.16960344206e-10
2.54814469152e-11
1.70744123798e-10
2.35210292543e-10
2.79821476756e-10
3.25035843042e-10
3.27228656114e-10
5.75952330179e-10
8.26929344288e-10
-3.92298183951e-10
-2.48228324434e-10
-1.05955031919e-10
3.9135809448e-11
1.63744523653e-10
1.89625410966e-10
2.15856230422e-10
2.52277266045e-10
3.02002923888e-10
3.52179076911e-10
-4.44811226834e-10
-2.02820376849e-10
3.61528206075e-11
2.7985859047e-10
3.81726348815e-10
4.35652065643e-10
4.9030690514e-10
3.65030396492e-10
7.28840038824e-10
1.09594565545e-09
-5.85094996555e-10
-3.61089271351e-10
-1.3987692219e-10
8.57162674614e-11
2.68824678617e-10
2.86535800384e-10
3.04486391947e-10
2.98196539514e-10
3.25225944991e-10
3.52500226402e-10
-3.84791422348e-10
-1.49900820827e-10
2.05175649829e-10
3.20300830388e-10
4.77415652697e-10
7.05367694546e-10
1.24162561917e-09
1.90659709769e-09
2.45560594358e-09
3.24187245051e-09
-8.59069414467e-10
-5.2147061697e-10
-1.88081713628e-10
1.51909549902e-10
4.87569907437e-10
4.24250564294e-10
4.30434516219e-10
4.36619575486e-10
4.42730996504e-10
3.52956596731e-10
-9.89719501137e-10
-4.57630796307e-10
6.78227038234e-11
6.03682168982e-10
1.13271570295e-09
8.98117039115e-10
9.8078876685e-10
1.06347529837e-09
1.1451773783e-09
1.89431664341e-09
-6.05486629326e-11
-5.46546371849e-11
-4.88341105869e-11
-4.2898315566e-11
-1.54363090672e-11
3.46851817714e-11
8.5484358829e-11
2.19767452122e-10
3.24841327288e-10
4.3086713102e-10
-5.37426661063e-11
-1.2058818713e-11
2.91052265166e-11
7.10844754035e-11
9.80049882108e-11
1.39939860504e-10
1.82441728803e-10
3.61229344014e-10
5.02949937652e-10
6.45954464916e-10
-2.36674248791e-10
-1.40677133532e-10
-4.5877112865e-11
5.08003064676e-11
1.35505776637e-10
1.74815279335e-10
2.14656280753e-10
2.97916148015e-10
3.78173492957e-10
4.59157938324e-10
-2.7096649468e-10
-9.03440971938e-11
8.80259191209e-11
2.69928335831e-10
3.39737827781e-10
3.90458278182e-10
4.41864513258e-10
4.4101545499e-10
7.42502269994e-10
1.04672043864e-09
-3.92671196265e-10
-2.1686848744e-10
-4.32580577399e-11
1.33790514554e-10
2.69197338262e-10
2.98930508605e-10
3.29065697314e-10
3.67133564377e-10
4.25410553978e-10
4.84215510508e-10
-4.63364742846e-10
-1.59682486705e-10
1.40212818285e-10
4.46047183639e-10
5.53844057115e-10
6.12346019554e-10
6.7163897949e-10
5.11683153283e-10
9.54677192926e-10
1.4016845868e-09
-5.83893260911e-10
-3.10264340618e-10
-4.00476030705e-11
2.35520447048e-10
4.33077317027e-10
4.51071757388e-10
4.69309498259e-10
4.51980719918e-10
4.83314048133e-10
5.14931244153e-10
-1.67456021476e-10
3.3562196494e-10
6.27603964985e-10
5.6748042256e-10
6.46740428891e-10
1.09307074581e-09
1.68206544159e-09
1.98241074678e-09
2.46658708302e-09
3.99396791738e-09
-8.55629879091e-10
-4.42984763554e-10
-3.5485378014e-11
3.80084035328e-10
7.9035980658e-10
6.67272479343e-10
6.68603320656e-10
6.69934400278e-10
6.71249632296e-10
5.58579918279e-10
-1.03435309224e-09
-3.65460932998e-10
2.95090067416e-10
9.68722473906e-10
1.63377395806e-09
1.27085157459e-09
1.35355029863e-09
1.43626383128e-09
1.51799259088e-09
2.45512657487e-09
-6.36535426011e-11
-5.71000575416e-11
-5.06282951621e-11
-4.40283674301e-11
-1.2112952086e-11
4.80491327173e-11
1.09024661317e-10
2.66963201842e-10
3.87948979539e-10
5.1003084147e-10
-5.35867248152e-11
-4.10429229957e-12
4.47610888376e-11
9.45941891871e-11
1.26191794894e-10
1.75958637661e-10
2.26398371496e-10
4.3782994573e-10
6.02459462349e-10
7.68580458553e-10
-2.38330205915e-10
-1.25212758871e-10
-1.35058988384e-11
1.0041317917e-10
1.9293073752e-10
2.38997036922e-10
2.85686192823e-10
3.80929366571e-10
4.73190581239e-10
5.66287646737e-10
-2.80722038264e-10
-6.37554350012e-11
1.50505570844e-10
3.69009754312e-10
4.44157031698e-10
5.00980416704e-10
5.58572103376e-10
5.54684326334e-10
9.08879599072e-10
1.26628374364e-09
-3.93043821992e-10
-1.85541151476e-10
1.93739379054e-11
2.28347120445e-10
3.74540862599e-10
4.08122323504e-10
4.42157835015e-10
4.81870826759e-10
5.48690285601e-10
6.16115102831e-10
-4.81899030175e-10
-1.16589304251e-10
2.44164969193e-10
6.12063540566e-10
7.25783384296e-10
7.88856849571e-10
8.52783123041e-10
6.58183920583e-10
1.1802802916e-09
1.70710665329e-09
-5.82692770733e-10
-2.59492084348e-10
5.9678253914e-11
3.8516937104e-10
5.971597256e-10
6.15437190927e-10
6.33961783508e-10
6.05605519893e-10
6.41238310303e-10
6.77193919978e-10
1.7256381673e-10
9.47024220403e-10
2.01391602475e-09
2.45501458598e-09
2.93877564922e-09
3.35804964727e-09
3.90085943229e-09
3.96244479831e-09
4.67664801625e-09
6.75146244765e-09
-8.52193908417e-10
-3.64580252112e-10
1.16952808242e-10
6.08022042938e-10
1.09283589722e-09
9.10042528844e-10
9.06525289261e-10
9.03007419856e-10
8.99531433598e-10
7.63990133818e-10
-1.07894042553e-09
-2.73386593638e-10
5.22121893324e-10
1.33338445461e-09
2.13431292127e-09
1.64319981163e-09
1.72592550398e-09
1.80866600979e-09
1.89042142139e-09
3.01535528838e-09
1.36725248018e-10
2.18794454718e-10
2.9984024938e-10
3.82491057054e-10
3.47614488954e-10
3.14193063862e-10
2.80319751988e-10
8.3045527067e-11
-4.52177698054e-11
-1.74643082413e-10
1.41169339444e-10
1.21520615007e-10
1.02116912326e-10
8.23289430041e-11
7.27715348485e-11
8.21284999447e-11
9.16119793602e-11
-1.88219125765e-10
-3.77705341353e-10
-5.68908228581e-10
9.49358876547e-12
8.80055235593e-12
8.11615818668e-12
7.4182104265e-12
-1.47461955152e-10
-1.46185400087e-10
-1.44891584885e-10
-1.60981470291e-10
-1.62156284116e-10
-1.63341741299e-10
2.52048279243e-10
-2.77016353484e-11
-3.03963037722e-10
-5.85695459873e-10
-7.06015187613e-10
-6.73351814837e-10
-6.40246804808e-10
-5.06684321867e-10
-7.85291101034e-10
-1.06642194959e-09
-1.03197309429e-10
-1.77194046879e-10
-2.5026803687e-10
-3.24789168015e-10
-5.85958234217e-10
-5.53949182441e-10
-5.21507340401e-10
-3.77119667951e-10
-2.65730396791e-10
-1.53331982026e-10
3.50255340208e-10
-1.59869914235e-10
-6.63633850622e-10
-1.17737421671e-09
-1.39579771322e-09
-1.34249152222e-09
-1.28846458507e-09
-7.88753495558e-10
-1.14629563104e-09
-1.50707695963e-09
-2.41334539475e-10
-4.05187426587e-10
-5.66997050166e-10
-7.32011115783e-10
-1.1234698021e-09
-1.05378865759e-09
-9.83165363291e-10
-6.42063265082e-10
-3.92692212329e-10
-1.41061954531e-10
4.70638189132e-10
-3.21882643193e-10
-1.10452065353e-09
-1.90265785412e-09
-2.24133758332e-09
-2.16272729255e-09
-2.08305412217e-09
-1.13451570847e-09
-1.58881731298e-09
-2.04723471386e-09
-4.3763481375e-10
-7.29178018803e-10
-1.01708564801e-09
-1.31069493629e-09
-1.60056414546e-09
-1.76408685911e-09
-1.63920571161e-09
-1.51430220201e-09
-1.39088577207e-09
-1.23625599669e-10
6.41708553393e-10
-5.52111258027e-10
-1.73104400503e-09
-2.9333240757e-09
-4.12028915883e-09
-3.3283254925e-09
-3.21220767488e-09
-3.09606906439e-09
-2.98131318017e-09
-2.81482731199e-09
-5.50480458854e-11
-5.67253118357e-11
-5.83816620952e-11
-6.00708143492e-11
-5.60220546145e-11
-5.99223217362e-11
-6.38753238672e-11
-5.87339405354e-11
-4.29666610633e-11
-2.70565361528e-11
-4.28471763957e-11
-4.09991769404e-11
-4.196856276e-11
-3.96545986161e-11
-3.93351380803e-11
-3.99592989242e-11
-4.1123210708e-11
-2.88894169151e-11
-4.27279662241e-13
5.30094267611e-12
-2.3279988766e-10
-2.37147516555e-10
-2.4144093004e-10
-2.45819369336e-10
-2.05577085726e-10
-2.0447092504e-10
-2.03349808099e-10
-1.82695054351e-10
-1.77275060465e-10
-1.71805963537e-10
-2.18532659087e-10
-2.41507990545e-10
-2.64196817091e-10
-2.87334968146e-10
-2.49187926928e-10
-2.34202582885e-10
-2.19014623936e-10
-2.12284376114e-10
-1.85789160598e-10
-1.59053908703e-10
-3.90237233231e-10
-3.96950040735e-10
-4.03579138791e-10
-3.7242590891e-10
-3.38040113282e-10
-3.32499687967e-10
-3.26884351276e-10
-2.92489183731e-10
-2.96233928507e-10
-3.00012599219e-10
-3.47579559158e-10
-3.8799201711e-10
-4.27900527265e-10
-4.03055511643e-10
-3.97614370727e-10
-3.66710777078e-10
-3.3538933992e-10
-3.26657099488e-10
-2.92710716497e-10
-2.58456792439e-10
-5.83224947158e-10
-5.92837005859e-10
-6.02329201131e-10
-6.1200937774e-10
-5.0041414706e-10
-4.89438171555e-10
-4.78313791299e-10
-4.27075535874e-10
-4.4205447643e-10
-4.57169120379e-10
-4.69744926531e-10
-4.55008482261e-10
-4.55609619936e-10
-4.19385578458e-10
-3.85183538109e-10
-3.33788161566e-10
-2.98100131091e-10
-3.20203110717e-10
-2.75564788155e-10
-3.54997704711e-10
-8.57470645895e-10
-8.7120269314e-10
-8.84763500245e-10
-8.98592862578e-10
-9.12246062536e-10
-7.12456016652e-10
-6.93502995542e-10
-6.74546580571e-10
-6.55815857407e-10
-6.80496808342e-10
-7.30557456143e-10
-8.22718805627e-10
-9.13730892942e-10
-1.00654536353e-09
-1.09817753683e-09
-7.59960901778e-10
-6.80759464777e-10
-6.01543845406e-10
-5.23271353543e-10
-5.53458899009e-10
-7.62343285889e-11
-8.71635420283e-11
-9.79564669736e-11
-1.0896313262e-10
-1.006140713e-10
-1.01252968781e-10
-1.01900504714e-10
-7.43971218943e-11
-4.27179683218e-11
-1.07518139015e-11
-5.45609110314e-11
-5.31008106324e-11
-5.48217040818e-11
-4.91941466731e-11
-4.20594417394e-11
-3.33560207173e-11
-2.45756544297e-11
9.68823001839e-12
5.40967683427e-11
8.01077600295e-11
-2.59567421263e-10
-2.64318793704e-10
-2.69010916007e-10
-2.73795960064e-10
-2.11997393583e-10
-2.10910057331e-10
-2.09808019345e-10
-1.8509387705e-10
-1.78945317378e-10
-1.7274105414e-10
-2.70520402486e-10
-2.65128390407e-10
-2.59803617312e-10
-2.54373393587e-10
-1.98719630251e-10
-1.85687278237e-10
-1.7247871747e-10
-1.79760345517e-10
-1.19558783402e-10
-5.88118184771e-11
-4.21948160489e-10
-4.21227730902e-10
-4.20516285151e-10
-3.63358600475e-10
-3.1065119332e-10
-3.08034907189e-10
-3.0538324659e-10
-2.83139574473e-10
-2.99603826543e-10
-3.16217238352e-10
-4.24673335655e-10
-4.13193958757e-10
-4.01857730952e-10
-3.33183207121e-10
-2.87339399413e-10
-2.58910747666e-10
-2.30097715782e-10
-2.75606691561e-10
-1.98410353069e-10
-1.20514645683e-10
-6.20995518249e-10
-6.13567718435e-10
-6.06232544102e-10
-5.98752105597e-10
-4.31581657513e-10
-4.27091174756e-10
-4.22539976761e-10
-4.03324622928e-10
-4.47507805519e-10
-4.92091270611e-10
-5.84340977113e-10
-5.36951279589e-10
-4.93154233905e-10
-3.82139490199e-10
-3.03563949836e-10
-2.30869734435e-10
-1.61456064247e-10
-2.37182095357e-10
-1.36845105818e-10
3.49588129762e-13
-9.03852289804e-10
-8.86892963877e-10
-8.70145122611e-10
-8.53065610796e-10
-8.3620366269e-10
-5.9627639709e-10
-5.89025856477e-10
-5.81774017532e-10
-5.74608517731e-10
-7.4201752698e-10
-8.82159459899e-10
-8.52614355151e-10
-8.23437681111e-10
-7.93683198664e-10
-7.64307737327e-10
-4.76219108553e-10
-4.01096033352e-10
-3.25959506082e-10
-2.51717541351e-10
-3.03632713521e-10
-9.64767346398e-11
-1.16245709186e-10
-1.35768162444e-10
-1.55677234053e-10
-1.43219455217e-10
-1.4074228135e-10
-1.38231613933e-10
-8.93624880017e-11
-4.24803551677e-11
4.82651161114e-12
-5.02069786259e-11
-3.7017108344e-11
-2.56828296757e-11
-1.56577983303e-11
-1.30224926627e-12
1.93216582223e-11
4.8898339183e-11
9.17766163521e-11
1.32927515332e-10
1.68071690512e-10
-2.85142426174e-10
-2.90279554856e-10
-2.95352622978e-10
-3.0052615702e-10
-2.18131668314e-10
-2.17062317841e-10
-2.15978508818e-10
-1.87385829054e-10
-1.80541162157e-10
-1.73634485233e-10
-3.20192023804e-10
-2.87696470509e-10
-2.5560614034e-10
-2.22880300361e-10
-1.50499762313e-10
-1.39333393974e-10
-1.28016046608e-10
-1.48685303096e-10
-5.62790562843e-11
3.69643552927e-11
-4.52246324389e-10
-4.44423818163e-10
-4.3669885945e-10
-3.5469525251e-10
-2.84482485628e-10
-2.84660064448e-10
-2.84840044288e-10
-2.74206502558e-10
-3.02823591206e-10
-3.3169993958e-10
-4.98332483402e-10
-4.37273120885e-10
-3.76975175337e-10
-2.66423805312e-10
-1.81977322553e-10
-1.55913350803e-10
-1.29496971451e-10
-2.26830646192e-10
-1.08311194383e-10
1.12819977032e-11
-6.57083360912e-10
-6.33374850604e-10
-6.0996198803e-10
-5.86085462297e-10
-3.65815745561e-10
-3.67521818352e-10
-3.69250958735e-10
-3.80631844272e-10
-4.52718181652e-10
-5.25457593296e-10
-5.76938731371e-10
-4.97378886634e-10
-3.46270518997e-10
-2.07944359639e-10
-1.49585786985e-10
-1.2059982128e-10
-1.13121500439e-10
-1.55145560842e-10
2.3654811821e-10
6.41867030774e-10
-9.48167570707e-10
-9.01884212495e-10
-8.56178012853e-10
-8.09566657731e-10
-7.63549051388e-10
-4.85272731796e-10
-4.89203310843e-10
-4.93134593727e-10
-4.97019071435e-10
-8.00797416998e-10
-1.02700739576e-09
-8.81178018774e-10
-7.37167150168e-10
-5.90304322135e-10
-4.45312274827e-10
-2.05118383973e-10
-1.3389197421e-10
-6.26528101425e-11
7.73819271978e-12
-6.49366119173e-11
-1.16067779685e-10
-1.44392069128e-10
-1.72363151564e-10
-2.00888167138e-10
-1.84453881273e-10
-1.78960905133e-10
-1.7339365917e-10
-1.0384629792e-10
-4.22503879399e-11
1.99035571007e-11
-1.40927761078e-10
-1.3901032797e-10
-1.37116805463e-10
-1.35185784055e-10
-1.30731752397e-10
-1.37646272275e-10
-1.44654282486e-10
-4.97235065806e-11
3.44047633009e-11
1.19295202687e-10
-3.09894477485e-10
-3.15404949528e-10
-3.20846705377e-10
-3.26396228558e-10
-2.2406855409e-10
-2.2301661065e-10
-2.21950444018e-10
-1.89604030529e-10
-1.82085655775e-10
-1.74499167461e-10
-3.68265309571e-10
-3.09538353966e-10
-2.5154372996e-10
-1.92400593233e-10
-1.03831515344e-10
-9.44710869781e-11
-8.49840974663e-11
-1.18610194716e-10
4.96445307397e-12
1.29658639256e-10
-4.81569552679e-10
-4.66873500739e-10
-4.52360710183e-10
-4.3756051153e-10
-2.59155835728e-10
-2.62037378394e-10
-2.64957882027e-10
-2.65560879412e-10
-3.05939750144e-10
-3.46684437787e-10
-5.6962142395e-10
-4.60577462706e-10
-3.52893291658e-10
-2.43076567077e-10
-8.00055910968e-11
-5.62302085719e-11
-3.21333621635e-11
-1.79624118492e-10
-2.11112502698e-11
1.38837683075e-10
-6.92009967433e-10
-6.5254462803e-10
-6.13571425752e-10
-5.73826406786e-10
-3.02166051929e-10
-3.09869287241e-10
-3.17676677004e-10
-3.58669274817e-10
-4.57760898079e-10
-5.57750253026e-10
-4.43758588437e-10
-4.05879964748e-10
-2.68721943487e-10
-1.00215246111e-10
-3.40800744062e-11
-6.11831010735e-11
7.71306322848e-13
2.32860252357e-10
7.06580888576e-10
1.26068781329e-09
-9.9105687261e-10
-9.16393072075e-10
-8.42660337349e-10
-7.67467415834e-10
-6.93232323268e-10
-3.77840947181e-10
-3.92592859341e-10
-4.07347413083e-10
-4.21926301652e-10
-8.57685885207e-10
-1.16719440856e-09
-9.08822559611e-10
-6.5367263605e-10
-3.93469779774e-10
-1.36581461931e-10
5.72588499239e-11
1.24713981316e-10
1.921811917e-10
2.58845149109e-10
1.66078716344e-10
-1.36583819792e-10
-1.73867365014e-10
-2.10685980324e-10
-2.48233743357e-10
-2.276351989e-10
-2.18984028787e-10
-2.10215887318e-10
-1.19013963784e-10
-4.2009562764e-11
3.56924682711e-11
-1.63822045311e-10
-1.60154357628e-10
-1.56532406414e-10
-1.52838726878e-10
-1.4724756235e-10
-1.55482634624e-10
-1.63829052248e-10
-3.84835538667e-11
6.78505727533e-11
1.75148045329e-10
-3.35815201788e-10
-3.41716644671e-10
-3.47544495913e-10
-3.53487760633e-10
-2.30285751101e-10
-2.2925203657e-10
-2.28204345318e-10
-1.91926964825e-10
-1.83703072964e-10
-1.75404675832e-10
-4.1860838502e-10
-3.32411506265e-10
-2.47289512072e-10
-1.60481780713e-10
-5.49598178763e-11
-4.74905972958e-11
-3.99203863462e-11
-8.71150841528e-11
6.90995868232e-11
2.26729502146e-10
-5.12277282984e-10
-4.90383149511e-10
-4.68762038292e-10
-4.46712747363e-10
-2.32633383051e-10
-2.38346557749e-10
-2.44136979547e-10
-2.56507051461e-10
-3.09203039142e-10
-3.62376432037e-10
-6.44276285906e-10
-4.84982123629e-10
-3.27674377084e-10
-1.6725134268e-10
2.67807558007e-11
4.81594929091e-11
6.98272891671e-11
-1.30188725263e-10
7.0205856428e-11
2.72415935326e-10
-7.2858564058e-10
-6.72619510283e-10
-6.17351283789e-10
-5.60988537547e-10
-2.3551112544e-10
-2.49494680485e-10
-2.63667305376e-10
-3.35669738306e-10
-4.63041707359e-10
-5.91567617063e-10
-4.14973892303e-10
-3.17581893292e-10
-7.93505744838e-11
6.40704948022e-11
1.08629953483e-10
1.78925289949e-10
4.76540340052e-10
8.44773701389e-10
1.27894419892e-09
1.84791967951e-09
-1.03597120137e-09
-9.31586970326e-10
-8.28504422126e-10
-7.23380449915e-10
-6.19595576941e-10
-2.65336749636e-10
-2.9142092629e-10
-3.17509773761e-10
-3.43288011912e-10
-9.17260353679e-10
-1.31400037886e-09
-9.37772342903e-10
-5.66235911957e-10
-1.87341655617e-10
1.86726137276e-10
3.32024276743e-10
3.9553006811e-10
4.59047231273e-10
5.21808170041e-10
4.08001478958e-10
-1.57079849697e-10
-2.0331391234e-10
-2.48971431133e-10
-2.95533141342e-10
-2.70774399878e-10
-2.58968116119e-10
-2.47002201118e-10
-1.34166835953e-10
-4.17689724755e-11
5.14659798179e-11
-1.86693999736e-10
-1.81277764579e-10
-1.7592907047e-10
-1.70474452005e-10
-1.63747263703e-10
-1.73301600379e-10
-1.8298512001e-10
-2.72545639758e-11
1.01263761028e-10
2.30946412224e-10
-3.61710644462e-10
-3.68002676855e-10
-3.74216246913e-10
-3.80552869138e-10
-2.36496884205e-10
-2.35481380804e-10
-2.34452146912e-10
-1.94247633461e-10
-1.85318912615e-10
-1.7630930102e-10
-4.68902358642e-10
-3.55262349366e-10
-2.43039443511e-10
-1.28594100022e-10
-6.13578713705e-12
-5.55929763362e-13
5.09937214287e-12
-5.56506921645e-11
1.33172166739e-10
3.23705687529e-10
-5.42955062682e-10
-5.13869868284e-10
-4.8514736946e-10
-4.55856056615e-10
-2.06136798895e-10
-2.1467884381e-10
-2.23336384614e-10
-2.4746205411e-10
-3.12463145309e-10
-3.78053121191e-10
-7.18858333673e-10
-5.09362981606e-10
-3.02480059633e-10
-9.15000739796e-11
1.3346294925e-10
1.52447378496e-10
1.71688493764e-10
-8.08015485603e-11
1.61433897512e-10
4.05863902799e-10
-7.65125639855e-10
-6.92674812615e-10
-6.21127455163e-10
-5.48163189651e-10
-1.6892121045e-10
-1.89178959754e-10
-2.09710611476e-10
-3.12692634261e-10
-4.68317366032e-10
-6.25351997529e-10
-3.33427357447e-10
-2.68194531761e-11
3.97334459792e-10
4.75380725627e-10
5.49171769409e-10
8.31000838736e-10
1.31410196755e-09
1.74454022602e-09
2.04019351263e-09
2.95135086269e-09
-1.08084172321e-09
-9.46766049296e-10
-8.14362313794e-10
-6.79336483965e-10
-5.4603065179e-10
-1.52942282411e-10
-1.903476707e-10
-2.27759757063e-10
-2.64726421575e-10
-9.76776716536e-10
-1.4606631628e-09
-9.66693890191e-10
-4.78884468769e-10
1.85854226618e-11
5.09718400279e-10
6.06521712687e-10
6.66082015995e-10
7.25652984592e-10
7.84514711507e-10
6.49688283601e-10
-1.77554637716e-10
-2.3272994155e-10
-2.87217203274e-10
-3.42783518691e-10
-3.13868891807e-10
-2.98910764331e-10
-2.8375038994e-10
-1.49304003833e-10
-4.15286315325e-11
6.72231438509e-11
-2.09542249889e-10
-2.02379279436e-10
-1.95305632012e-10
-1.88091899638e-10
-1.80229864926e-10
-1.91102098732e-10
-2.0212133461e-10
-1.60372117008e-11
1.346423202e-10
2.86686950233e-10
-3.87579249351e-10
-3.94261466451e-10
-4.00860355569e-10
-4.07589927629e-10
-2.42701580151e-10
-2.41704269005e-10
-2.40693473344e-10
-1.96565896977e-10
-1.86933077625e-10
-1.77212988664e-10
-5.19144208078e-10
-3.78089510076e-10
-2.3879377968e-10
-9.67394674132e-11
4.26376428518e-11
4.63300951362e-11
5.00724725923e-11
-2.4218909566e-11
1.97178342457e-10
4.20581367737e-10
-5.73601048227e-10
-5.37332245649e-10
-5.0151571903e-10
-4.64989889831e-10
-1.79667675541e-10
-1.9103565886e-10
-2.02557347216e-10
-2.38426430905e-10
-3.15719872735e-10
-3.93713563176e-10
-7.93363085331e-10
-5.337185715e-10
-2.77311853328e-10
-1.58273131568e-11
2.40034578312e-10
2.56627181134e-10
2.734441304e-10
-3.14655562467e-11
2.52567390742e-10
5.39173566096e-10
-8.0162776943e-10
-7.12709329827e-10
-6.2489971295e-10
-5.3535113382e-10
-1.024003086e-10
-1.28925749649e-10
-1.55809837769e-10
-2.89739343462e-10
-4.73587557063e-10
-6.59101364192e-10
-2.82082815158e-10
3.82904188525e-10
5.87150676683e-10
3.44591294091e-10
3.14264409464e-10
5.9664310063e-10
1.10649453073e-09
9.24578924919e-10
1.53130505643e-09
3.10357026151e-09
-1.12566574167e-09
-9.61929396817e-10
-8.00234862205e-10
-6.35338164752e-10
-4.72541968612e-10
-4.06642997185e-11
-8.93791664494e-11
-1.38102756408e-10
-1.86246251705e-10
-1.03623139721e-09
-1.60717394686e-09
-9.95585463468e-10
-3.91623555767e-10
2.2429908012e-10
8.32375917243e-10
8.80734662159e-10
9.36353566474e-10
9.91982430302e-10
1.04694898647e-09
8.9112460639e-10
