978.238923287
2522.4218778
4047.34870095
5602.47483801
12885.0011306
3138.49865509
-6739.78502449
-4936.16692581
-1545.11839463
1876.65172136
-8392.76475749
-1098.75545064
6104.29675754
13449.9966203
11658.1579644
1814.37005995
-8162.51443229
-3362.22233912
-1427.28913308
525.173817524
-1013.33675352
1194.52532276
3374.855116
5598.36367876
6457.64822747
7019.19248276
7588.32930556
3097489.07943
-666.883978495
-3126890.9391
-4919.70129273
-1275.93120572
2322.40066736
5991.99310986
6609.48603984
7460.83008078
8323.68503481
15855.6820575
1847530.91394
3695800.41319
-2777.30378155
18.3883740083
2779.21794075
5594.72236628
764.849941841
10456.3784444
20278.944855
5845351.44049
110.98079008
-5898085.09097
-1843.55936679
-1432.85830307
-1027.27872681
-613.66714223
2137.80519238
12461.9803849
22925.74742
32877.2545231
3485179.60809
6968758.48235
-4939.58594494
-1423.32788575
2049.08204851
5590.25882196
-6213.41892442
14669.7031716
35835.1832705
9213698.85081
1064.49244188
-9295032.761
1927.1952521
-1625.22055144
-5133.33733902
-8710.92809641
-3343.61003998
18592.4226933
40825.0496985
53742.407868
5492619.94286
10980771.5994
-8012.30270344
-3472.08257067
1011.52051744
5583.91589055
10098.0667831
20657.0593628
57941.4168083
95232.450654
132079.50388
-14122274.1868
7285.63602632
-1898.57743071
-10968.2627353
-20217.5620839
-29349.041211
27304.1038683
66260.9003049
105224.672621
143724.548981
16682053.3973
475.004138965
720.401859884
962.73944422
1209.87622854
1199.8239233
33.711522054
-1148.16773471
-383.713819944
2.686806552
392.588072897
-202.590288005
420.658252527
1036.13481518
1663.8001397
810.17697777
-108.295717048
-1039.18696282
-304.647399398
-48.629153082
209.708519274
81.8521750954
464.40706321
842.191449774
1227.45739487
1274.35085269
705.593566745
129.146186826
307788.338423
-13.5354250323
-310603.9749
-152.414861234
263.978204104
675.178802097
1094.52272589
968.331897898
800.049002435
629.490775627
1477.64924565
183623.800885
367420.12603
-266.368135761
237.668814727
735.42036898
1243.02928504
1340.36041872
1300.68909204
1260.48137447
580740.727553
-27.9036872927
-586058.073533
-107.97376895
125.204446929
355.474904797
590.30558794
1108.41197001
1604.58289683
2107.46248682
3056.25484554
346305.096061
692663.638683
-693.218839391
-40.26839309
604.539689296
1262.11740849
1421.27537063
2030.16102628
2647.27934642
915327.527132
-45.51639587
-923711.484761
-53.4975913126
-44.905319931
-36.420195119
-27.7670327698
1280.12302615
2590.78573513
3919.16974571
4991.31977445
545720.877245
1091349.23484
-1299.79615508
-435.231793673
418.551355009
1289.24263654
2148.8428034
3066.77903809
4617.99225393
6169.48324096
7702.5024438
-1403534.75335
23.9159242779
-286.640251784
-593.323758158
-906.080756936
-1214.85376758
3992.23187376
6493.7011136
8995.61828419
11467.7480603
1657902.45043
419.408940124
521.322495078
621.965176787
724.60096393
-91.103831634
-309.291909738
-530.430080731
119.221476897
173.681619723
228.635150326
702.224705626
588.516495996
476.226240252
361.712213092
-388.260965632
-320.703502652
-252.23260392
33.14023381
103.67922883
174.857279793
202.843903313
383.746760939
562.393740023
744.578604413
701.722613984
8.09451049642
-694.9120492
-405.713804599
58.643692695
527.208088859
374.254290714
434.100724452
493.200866575
553.471414856
345.1216271
64.1947649655
-220.530473073
-110.773530398
-197.448529784
-284.908771057
11.0291564235
261.893967844
509.630467461
762.273085984
1403.94032296
289.20819699
-840.596078415
-870.656482496
-43.2470426727
791.658405846
83.7662089347
297.332469655
508.235535604
723.315279276
994.689066377
405.104659141
-192.451442893
-238.240007267
-464.161687414
-692.130130381
-224.098597829
112.526027921
444.952907546
783.963095652
2264.72332106
633.79916753
-1019.17650132
-1440.58621669
-168.145363446
1115.82331054
-272.315955827
129.68106055
526.665129898
931.51098405
1790.9330242
822.99420684
-158.031986544
-394.489236978
-791.100396766
-1191.30469988
-558.227511766
-99.7336761798
353.042690825
814.785740969
1270.64697603
1123.48107303
-1272.94868125
-3669.80755716
-6038.12984454
1576.47870142
-778.32745312
-108.560415547
552.854553368
1227.3680382
1893.28937727
1416.83724831
-109.120127522
-1635.35075205
-3143.41033791
-1900.65803547
366.290580232
331.112376807
296.372849448
260.945348165
-1324.51906372
-637.014089243
59.7865514053
599.750347321
337.058389931
71.9865452659
1566.72900581
748.896434792
-58.7376740725
-882.365990398
-1533.30692847
-523.648243112
499.661907229
355.878985391
249.202072774
141.558708693
318.445291517
306.679980814
295.061384831
283.212696739
154.605713567
-658.330048938
-1482.25741114
-294869.317212
127.607136159
297797.089234
877.459641904
596.644063625
319.330286507
36.5246486139
-250.323809608
-638.876202113
-1032.68216145
-1628.42999063
-175829.220442
-351608.202507
276.068035797
285.039858649
293.899801883
302.935205476
1464.68765916
-677.209898954
-2848.06777796
-556570.491336
-57.9068314678
561496.4659
266.963919589
461.791963448
654.190480163
850.399214596
886.032667098
-740.935251514
-2389.90119371
-3385.96079796
-331784.394668
-663157.991013
224.121722334
258.513257286
292.475926013
327.111183927
3070.59456022
-700.352940909
-4522.28693729
-877365.478972
-285.311049849
884740.863105
-481.385675508
296.489389039
1064.66426593
1848.05190838
2278.98576758
-866.039892716
-4053.5890397
-5540.3534005
-522955.253398
-1045057.73176
150.303276886
220.817560611
290.452523459
361.466521727
431.575923366
-733.240421581
-6901.44047949
-13070.7450589
-19166.5989616
1344088.1644
-1544.82983696
61.5857306669
1647.9691194
3265.76889428
4862.96067275
-1043.82017232
-6417.77703138
-11792.6961891
-17103.622486
-1587757.36335
314.881465192
147.022847837
-18.7425540885
-187.790737411
-2518.24540784
-954.190810472
631.011167569
1064.81673925
495.178015456
-79.6214142965
2403.41524973
904.115661074
-576.487496736
-2086.41219237
-2641.50755346
-720.062619054
1227.36192472
668.232635654
390.042276437
109.331620435
430.326853318
232.093058829
36.33126157
-163.307359072
-374.906035885
-1303.31037046
-2244.26754042
-579857.658225
194.351470996
585501.407459
1364.47282983
753.957076294
151.054521383
-463.787782527
-826.608977646
-1319.32372161
-1818.70039815
-3097.25123652
-345809.505703
-691626.600307
532.578482801
307.440959993
85.1109268676
-141.622081114
1523.48026499
-1612.53055217
-4790.94296749
-1094388.99319
-72.0948969534
1104158.89017
444.266686492
620.959472633
795.448880288
973.393837622
780.872618072
-1850.09784102
-4516.64131268
-6432.39409474
-652443.391056
-1304306.99716
657.919189909
399.802903355
144.905355297
-115.040127488
3850.53444026
-1991.57464587
-7912.67413617
-1725104.82315
-398.706573795
1739932.57867
-683.727940828
457.930152016
1585.35164282
2735.10033974
2751.33392895
-2500.72418095
-7823.79469179
-10520.6337274
-1028317.186
-2055334.58039
836.034931589
531.054086028
229.87638517
-77.265772336
-380.49546516
-2530.21625272
-12348.8184285
-22169.1787925
-31872.6196391
2643400.45178
-2286.66767439
226.256906928
2707.8450422
5238.57800064
7737.07375857
-3425.29845347
-12523.4337042
-21623.1981313
-30614.622332
-3122584.30394
261.04505863
-45.7585046035
-348.736193644
-657.713985901
-3768.33377708
-1286.34309324
1229.20626681
1551.84133273
660.763290331
-238.387573615
3279.60579992
1066.66359378
-1118.68297954
-3347.30767359
-3802.03208984
-925.750738551
1989.42044226
995.334125208
537.532278134
75.5829238387
547.490925157
153.984500589
-234.614855564
-630.909947512
-929.418787173
-1978.74356526
-3042.25612847
-878301.780048
264.247152786
886789.741895
1874.48044162
918.697653929
-25.1664172286
-987.722563923
-1430.10356372
-2031.89870515
-2641.83064114
-4635.42316766
-523815.443706
-1047699.03392
801.200121225
330.89973376
-133.535956121
-607.169227797
1585.04877531
-2592.01255477
-6825.55139285
-1657600.70184
-86.9528547534
1672443.228
629.940838555
787.642107202
943.376823675
1102.19567607
670.74741656
-3011.62976128
-6743.79588643
-9622.66534135
-988242.365292
-1975727.98026
1112.1984906
547.76356797
-9.63278906268
-578.067700404
4667.29933578
-3343.76163868
-11463.1391363
-2612870.34791
-517.456089802
2635502.33999
-895.623836172
626.993372504
2130.62337704
3664.03093799
3245.98410206
-4212.59041072
-11772.0113484
-15736.0589736
-1557539.88208
-3113311.84998
1554.14354181
855.938490268
166.440132547
-536.71289832
-1230.90896469
-4412.03665265
-18053.3954033
-31697.1968719
-45178.5575927
4004060.02546
-3063.53153184
398.703065301
3817.76321604
7304.53367862
10746.8886614
-5919.21870204
-18917.3701628
-31917.8491643
-44763.5467043
-4729878.40168
207.261161097
-238.351828863
-678.407975805
-1127.17889746
-5017.20287983
-1618.1714132
1826.81791991
2038.39090958
826.187062563
-396.998881275
4154.94176271
1229.0529863
-1660.3496351
-4606.97334767
-4961.42471531
-1131.23824133
2750.73569042
1322.11657821
684.878426307
41.8671438394
664.540721695
75.9521250825
-505.296706963
-1098.05646246
-1483.39069765
-2653.51798019
-3839.46640294
-1176454.81612
334.074662226
1187784.21649
2383.99062043
1083.27755279
-201.215479763
-1511.14632855
-2033.00953483
-2743.77868278
-3464.15804879
-6172.09485167
-701647.764644
-1403424.17433
1069.55976108
354.335627149
-351.969583133
-1072.26230575
1646.55723515
-3570.53922524
-8858.17537461
-2220263.0852
-101.79632093
2240173.29296
815.433894404
954.162168824
1091.1604864
1230.87188838
560.729625029
-4172.02878806
-8968.77821781
-12809.8249753
-1323713.81994
-2646494.09678
1566.03471259
695.579920004
-164.020205534
-1040.64366205
5483.26760438
-4694.62978369
-15010.1412109
-3499769.99568
-636.089784153
3530198.61251
-1107.31306007
795.891698154
2675.36328362
4592.05550914
3740.15182098
-5922.78698164
-15716.3771347
-20946.3973849
-2086246.40384
-4170257.22753
2271.55174894
1180.50602038
103.065752107
-995.711905197
-2080.49301832
-6292.02162991
-23752.4084518
-41215.9218539
-58471.5176763
5363392.48765
-3839.6376796
570.981029308
4926.59883758
9368.47433864
13753.7679586
-8410.70651988
-25305.0703323
-42202.4593688
-58898.6710048
-6335604.83438
153.533004673
-430.745551275
-1007.73808934
-1596.15726015
-6264.77766679
-1949.65582951
2423.81021411
2524.43623118
991.439391207
-555.445805718
5029.37053582
1391.27408004
-2201.45491262
-5865.3335165
-6119.61575754
-1336.51277885
3511.26191887
1648.56035706
832.071866367
8.1863065465
781.469208963
-1.99937842973
-775.698026326
-1564.71883131
-2036.78847702
-3327.59306548
-4635.85045645
-1474298.84928
403.829803114
1488466.74334
2892.97274784
1247.68688265
-377.082086762
-2034.02762188
-2635.29066005
-3454.92087493
-4285.63320432
-7707.1739441
-879295.781895
-1758780.64467
1337.64127562
377.747231805
-570.176827658
-1536.87336577
1708.00194821
-4548.05176019
-10888.6927647
-2782342.33073
-116.624403482
2807314.96801
1000.73470705
1120.50965067
1238.79098757
1359.41474192
450.825854867
-5331.22518859
-11191.4545991
-15993.681468
-1658837.59523
-3316565.03783
2019.40058313
843.243076608
-318.247616389
-1502.74021446
6298.39021139
-6044.0979021
-18553.467207
-4385750.46929
-754.600527698
4423967.63052
-1318.78289133
964.614979223
3219.53862707
5519.11828465
4233.80738928
-7631.21112147
-19656.6550186
-26151.3358521
-2614404.97931
-5226107.19718
2988.21644118
1504.73717186
39.757052258
-1454.23520997
-2929.1965713
-8170.05820903
-29445.5150987
-50724.7817219
-71750.7010654
6721316.15091
-4614.9394785
743.080446109
6034.28527267
11430.2759506
16757.5309554
-10899.612184
-31686.1503515
-52476.4107034
-73019.1457999
-7939667.10783
1529.93163767
2123.77349073
2710.21007054
3308.26031081
10487.8371245
4274.74835745
-2022.34678224
-1616.13337519
-190.998973799
1247.04659267
-3781.97982017
285.985127118
4303.22210388
8400.01555421
8669.9857593
2755.24183582
-3239.47457809
-856.98871075
-166.941755492
529.356757615
504.089947425
1607.14881275
2696.45241265
3807.32834038
6052.00367403
9073.75082096
12136.3546217
2849070.22802
6126.58350829
-2862573.02807
-1612.67085923
157.605998498
1905.80730901
3688.62961204
4824.38134892
6207.80384618
7609.93142076
13054.0587687
1388104.25787
2775611.87861
-404.512692511
1149.56695511
2684.26705852
4249.36002371
2123.12261789
13324.2958601
24676.9187223
5373963.86241
11722.1565638
-5399099.37992
308.717077612
43.8987702911
-217.617223597
-484.312222452
1418.27458545
9265.78734106
17219.4053054
25375.2722505
2617715.89183
5233542.11225
-1518.2836705
588.660161874
2669.33017281
4791.20531296
-2692.92512835
18534.6413919
40049.2231037
8468994.76907
18581.2461158
-8508389.7467
2663.96680664
-95.4842836396
-2820.52471518
-5599.53124538
-2756.9530601
13014.283238
28998.7603899
40478.6952283
4124981.76572
8246488.85025
-3101.01084974
-208.417912725
2648.10407207
5561.19598716
8437.18010394
25938.8166213
61894.0766984
97855.7751782
133389.319876
-12926855.0048
6010.9006321
-293.554939225
-6519.39325584
-12868.526699
-19136.7830638
18341.0931969
45737.843931
73139.5005207
100214.917711
12528044.7411
542.190916621
699.767616021
855.37931664
1014.072717
1257.45417115
510.620265328
-246.3114855
56.943179677
182.125174805
308.44127027
124.369589479
525.719439516
922.06441276
1326.25851429
909.89579155
327.373160386
-263.025684211
80.1766244515
141.717588781
203.816090384
271.689660759
552.857239663
830.51862792
1113.67876097
1380.63462237
1291.89937304
1201.96434585
283484.927731
805.0554068
-284435.786951
146.164404847
413.806409096
678.110888102
947.649594616
1014.95771528
998.035724831
980.884934334
1469.32095993
138151.777184
276072.523463
32.1028341376
422.736620604
808.499160768
1102.15178621
1489.73730773
1983.88943988
2484.72293933
534521.142618
1356.79361228
-536637.817661
165.468384173
314.683439296
462.037766261
527.660945912
1108.01256201
1592.05113905
2082.63433933
2699.70594278
260389.25854
520413.378564
-261.584243656
263.233926272
781.507555872
1310.04496193
1623.47608334
2832.13532826
4057.13669908
842242.954417
2033.11786416
-845788.694015
189.131326573
193.177863411
197.17393949
201.249152976
1222.07979348
2320.19906616
3433.16586804
4207.91979272
410228.751815
819927.97514
-678.929038415
36.5722027492
743.151064704
1463.72285834
2175.11580229
4037.53738016
6291.6194103
8546.10507228
10773.7492167
-1285108.36041
222.757613141
20.5120450485
-179.211498555
-382.890323091
-583.974628483
3354.93559417
5352.34225093
7350.10657744
9324.08586631
1245553.9808
433.069600884
542.44961611
650.465650512
760.620810594
237.721450647
94.7757007965
-50.1028001182
241.777429298
223.346314282
204.748220511
555.926149035
552.204247765
548.528759013
544.780481694
52.5946704435
59.152747221
65.7994949096
183.710590665
175.816935951
167.851767787
246.0150839
436.383674107
624.378347046
816.096024954
864.562007007
432.194137884
-6.0197214839
50.1784715059
217.156036256
385.646352997
340.472905135
442.110320539
542.480306189
644.83799686
594.109095548
422.483112723
248.536597098
189.489314613
62.4422048596
-65.7559024455
80.3382260008
342.439554047
601.272449691
1069.85293017
1419.76364264
731.050467876
33.0252910208
-119.523462539
211.673218576
545.870413199
149.642889109
344.598556425
537.123105116
1103.16496489
1073.73615778
744.290007881
410.389459037
194.607612967
-37.9754141071
-272.665553222
-122.749535295
227.282245586
572.949091643
925.461447551
2100.33338955
1097.39048528
80.8869192523
-327.545188142
204.952345291
742.274099899
-84.2777756968
225.068006865
530.556213479
842.094241044
1661.66610504
1138.76297614
608.789741414
200.881656111
-161.067979292
-526.296738046
-411.347932927
63.6376493521
532.700109154
1011.05177828
1483.31006698
1617.97893108
148.900812002
-1320.44037057
-2772.28783036
1021.37407573
-416.691352
55.2088048592
521.224314836
996.468693015
1465.65927233
1699.32982577
890.726984791
81.9793496767
-717.139475531
-886.720000689
328.809782732
392.140339213
454.681156686
518.46051869
-736.58084111
-302.542443548
137.364531259
418.37707093
262.730997987
105.674831976
968.256298441
577.509123106
191.634608044
-201.881680662
-766.512562487
-197.118095117
379.975081476
282.631983033
208.397112528
133.489702881
221.48434308
325.099158499
427.421885769
531.770989723
371.481102815
-389.210102669
-1160.18651592
-270757.181354
-344.551647068
272517.911632
526.124707153
469.153255643
412.892244403
355.517052525
192.009833222
-127.427876431
-451.184662195
-1033.32415407
-131874.831977
-263901.713128
126.424667959
265.71982701
403.2779601
1038.99303049
1352.90739601
-465.972886462
-2309.44601486
-510941.247387
-882.43056126
513797.321369
134.522440585
373.180915891
608.863293749
1653.0295258
1040.98681228
-65.7022541666
-1187.35472087
-2198.88530408
-248862.834886
-497761.464206
9.89990490741
192.932259378
373.682180247
558.011632617
2555.94607798
-560.069202079
-3718.21572322
-805360.425105
-1541.76600446
809559.178466
-345.506144242
255.537402646
849.085870366
1454.38884081
2081.66827048
9.96141183542
-2089.75672829
-3627.63768152
-392267.483612
-784428.25585
-155.687916271
89.4972948479
331.625019404
578.547787925
822.32518357
-693.785019009
-5720.15162459
-10747.4182869
-15714.831179
1229852.34381
-1027.65202794
88.3597785609
1190.45479503
2314.37545773
3423.97929744
117.483463522
-3372.11747567
-6862.34328744
-10311.0150724
-1191796.8545
227.904841458
246.667720641
265.196624656
284.092470992
-1679.53199215
-687.075667691
318.799530847
589.294081758
300.84835966
9.78943116434
1367.3184707
601.999737088
-153.775387706
-924.517716098
-1559.26252793
-445.142643356
684.041112612
378.370278617
239.928922794
100.233341967
197.742953484
217.395560783
236.803097906
256.594977607
-105.733423002
-1184.18316252
-2277.214482
-532850.490399
-888.184676591
535893.493267
705.802597565
495.326002028
287.474072798
75.5058898822
-197.150661884
-659.643806312
-1128.39026095
-2216.78987879
-259566.622921
-519247.945663
171.028138421
191.468790623
211.654545643
232.240054895
1288.20245253
-1624.47837223
-4576.5411791
-1005325.72808
-1941.32822298
1010533.34524
119.888538498
400.843550975
678.29502353
961.24108375
1009.29127661
-849.630550645
-2733.68662039
-4515.36030392
-489680.997412
-979242.047068
138.280945763
159.687588491
180.827288029
202.385633506
2996.89804189
-2164.1950809
-7395.07067877
-1584488.92266
-3232.27837663
1592349.93797
-598.328695197
285.026352909
1157.36586636
2046.98099881
2488.15558831
-1082.51752757
-4701.46925454
-7332.96276054
-771756.682271
-1543105.78427
91.7454614601
114.524827567
137.020132473
159.960929427
182.609499945
-2931.16093007
-11400.3494415
-19871.0545055
-28240.9088156
2419141.93818
-1618.95318518
120.444018816
1838.15074828
3589.87456233
5319.28441722
-1413.46217899
-7497.79194518
-13583.2112144
-19596.178531
-2344385.83188
122.235653452
94.3265836501
66.7655430202
38.6586896307
-2667.00476804
-1089.76470396
508.801019778
768.280973011
340.765440092
-90.6232177852
1785.22244225
627.646680247
-515.49398463
-1681.27315468
-2389.44233956
-704.877719629
1002.46368147
478.628876737
272.949513709
65.4067754031
172.880609489
104.606716427
37.1842063249
-31.573524272
-605.479726913
-2016.69103241
-3446.98314413
-807318.586799
-1457.48544698
811704.40501
893.964015061
522.734499803
156.134257449
-217.726055111
-604.685446632
-1216.98841644
-1837.57025581
-3456.13317145
-393287.406996
-786650.401004
217.737570551
113.711976887
10.9835938234
-93.779199443
1220.44245237
-2837.68292333
-6950.67768931
-1523052.66968
-3050.22194696
1530722.85858
104.563693834
429.812282838
751.004986147
1078.55851879
976.099229965
-1670.57217648
-4353.02888597
-6941.20812842
-741869.437047
-1483455.83075
272.723522821
124.873263903
-21.1332860172
-170.031317394
3458.66963987
-3844.06007993
-11245.5290673
-2400404.12612
-5002.60862435
2412100.3178
-863.088312832
315.907629784
1480.20136326
2667.55251261
2913.83528515
-2226.57807588
-7436.49430358
-11213.235495
-1169163.5384
-2337604.42205
350.861454993
140.734040188
-66.7730626328
-278.389590273
-487.310486036
-5274.17498669
-17348.7389202
-29425.4650103
-41358.4076818
3664584.07564
-2238.17274336
154.043122812
2516.4277939
4925.59660908
7304.07674259
-3016.69172239
-11818.2609497
-20621.4062481
-29319.7428163
-3551394.52548
16.6695292783
-57.865968291
-131.472000004
-206.535709307
-3653.51441804
-1492.06097981
698.617191851
947.093290431
380.64358763
-190.937929836
2202.71881357
653.268608808
-876.859781405
-2437.29049621
-3218.81244011
-964.359464792
1320.5756787
578.789688212
305.93789818
30.6141767303
148.042514838
-8.07211997888
-162.239988121
-319.460962664
-1104.73860615
-2848.38692056
-4615.61087914
-1081518.98232
-2026.23095314
1087246.30617
1081.9419104
550.116264857
24.9225436315
-510.671998018
-1011.82274468
-1773.78942372
-2546.05855605
-4694.26767778
-526877.767274
-1053792.0469
264.401444906
36.0310028118
-189.49163474
-419.480472781
1152.74854153
-4049.70418236
-9322.49859917
-2040274.6493
-4158.03411782
2050405.00809
89.2537961684
458.752760215
823.644031521
1195.76152895
942.939556991
-2490.71310163
-5970.7917354
-9364.68991623
-993811.906142
-1987177.83243
407.034972085
90.0928952649
-222.896878982
-542.085033569
3919.99085159
-5522.28663232
-15092.2319334
-3215523.53139
-6771.21219066
3231051.15882
-1127.5896987
346.758786783
1802.72198442
3287.51875555
3339.09979775
-3369.52277133
-10168.8517617
-15089.7236279
-1566182.78604
-3131328.15017
609.724721235
166.917689804
-270.36748922
-716.31256732
-1156.57706942
-7614.90379805
-23291.3266715
-38970.5566759
-54463.1124711
4908811.47829
-2856.7883493
187.609456116
3194.0432859
6260.01586704
9286.9332122
-4618.3575651
-16134.5160096
-27652.7366188
-39033.8232792
-4757225.97011
-88.7871871909
-209.900789352
-329.504091567
-451.475991155
-4639.00165904
-1893.9403197
888.236640291
1125.72028851
420.480405844
-291.148676696
2619.78249571
678.863983051
-1237.85106218
-3192.52430871
-4047.32298955
-1223.5722856
1638.35798776
678.846693995
338.892093812
-4.14236323175
123.230162147
-120.634177135
-361.457501273
-607.050037316
-1603.48005834
-3679.22084717
-5783.02745973
-1355435.19922
-2594.38701699
1362502.63838
1269.72498728
577.469651716
-106.153183642
-803.314334599
-1418.53808959
-2330.01336785
-3253.81258591
-5931.11899355
-660329.675803
-1320656.82979
311.016957275
-41.5694634579
-389.759092726
-744.844192487
1085.124788
-5260.46931436
-11691.8613769
-2556960.58508
-5264.69816294
2569548.56407
73.9597655321
487.663243963
896.207794495
1312.84307105
909.81425038
-3310.00404071
-7586.87795116
-11785.6600311
-1245493.26451
-2490377.78152
541.20722227
55.3485726628
-424.451366121
-913.753156891
4380.83395448
-7198.77388704
-18934.9481141
-4029798.15484
-8537.98279345
4049153.24716
-1391.81695791
377.577969943
2124.90834834
3906.84247151
3763.92357034
-4511.28293001
-12898.3774311
-18962.1942061
-1962790.5668
-3924229.27073
868.319704106
193.07420294
-473.750912525
-1153.78168525
-1825.15003143
-9953.20670084
-29227.7555827
-48505.7559013
-67554.2356719
6151749.37577
-3474.76282805
221.141001599
3870.95650381
7593.05214586
11267.7346687
-6218.36345692
-20446.2977448
-34676.779787
-48737.8361636
-5961807.70276
2081.62435206
1725.12510366
1373.07144012
1014.0457836
8090.67311842
5410.9980598
2695.09146001
1703.90017544
1163.12044703
617.441463968
828.805117151
1670.72570487
2502.14745022
3350.03448813
5681.81355422
3696.11361169
1683.56527611
1648.24491761
1093.4056221
533.539697706
2021.51664837
2019.77230274
2018.0497093
2016.29300199
5646.35912059
11128.3091592
16684.3799378
2600651.37662
12920.0509951
-2598255.11704
1694.35957427
1591.14320271
1489.21395066
1385.26611422
3039.27665801
4954.77761157
6896.1778067
10252.4354799
928677.601808
1855423.34402
1968.27839653
2280.74553621
2589.31617629
2903.99768114
3481.39529393
16192.2132758
29074.8925896
4902576.28433
23333.3323376
-4900113.66887
2460.99352201
1520.65584365
592.044279618
-354.957302673
698.743978515
6069.59429718
11513.0631909
17873.289978
1750252.17557
3498325.74214
1903.01860394
2600.6482095
3289.57829711
3992.15180397
827.568667714
22399.5796122
44263.262937
7724290.68733
36097.9997898
-7721746.73239
3400.73836117
1434.25198416
-507.712091337
-2488.13439435
-2170.29608022
7436.14378277
17172.4710813
27214.9825885
2757343.58857
5512206.10112
1810.28100396
3055.24674522
4284.6876267
5538.47608377
6776.29342474
31220.5738798
65846.7365885
100479.099702
134699.135872
-11731435.8227
4736.16523788
1311.46755226
-2070.52377638
-5519.4913141
-8924.5249165
9378.08252545
25214.7875571
41054.3284209
56705.2864421
8374036.08493
281.820340869
679.133372158
748.01918906
1094.54884259
1315.084419
987.529008602
627.1098465
497.600179298
361.563543059
37.2643301282
242.248806019
630.780626506
807.994010342
1030.51507131
1009.61460533
763.042037821
558.410304077
465.000648301
332.064330643
36.0092966442
461.527146422
641.307416117
818.845806066
1135.48837371
1486.91839205
1878.20517934
2274.78250487
259181.517038
1623.64623863
-258267.599001
444.743670928
563.634614089
681.042974106
846.728329255
1061.58353265
1196.02244723
1332.27909304
1460.99267421
92679.7534836
184724.920896
330.573804036
607.80442648
881.577952556
1171.74910127
1639.11419674
2667.08978771
3708.96450418
488301.557683
2741.49091185
44.4453114528
438.910537297
504.162431663
568.600627726
683.945786293
1107.613154
1579.51938127
2057.80619184
2343.15704001
174473.421019
43.7937606972
543.009784043
566.736245635
958.475422448
1216.19773505
1825.67679605
3634.10963023
3222.27357247
769158.381701
4111.75212419
48.5798158518
479.977645522
431.261046753
430.768074098
484.405894919
1164.03656081
2049.6123972
2536.879926
3424.51981099
274736.626385
48.275724849
-58.0619217548
508.376199171
1067.7507744
1638.20308013
2201.38880118
5008.29572223
7965.24656667
10922.7269036
13844.9959895
-1166681.96748
421.599302003
327.664341881
234.900761048
140.300110755
46.9045106118
2717.63931457
4210.98338827
5704.59487069
7180.42367233
833205.511176
243.92550829
563.576737143
678.966124236
670.629797418
566.546732928
498.843311331
433.212952018
364.333381699
273.011008841
36.1276575589
150.172225124
515.891999534
620.831277774
577.187242014
493.450306519
439.008997094
394.487810995
334.280947519
247.954643072
34.8702557481
289.186264487
489.020587275
686.362954069
915.942673535
1027.40140003
856.293765272
682.872606232
506.070747611
375.668379817
244.084617135
306.691519556
450.119916626
591.759745803
840.022963251
843.096563996
780.77146048
717.603667269
489.752159624
322.332939503
153.396966166
149.647295578
422.98514025
692.914431921
1133.21979238
1435.58696232
1172.89273876
906.646660457
631.609557419
466.593479824
44.4982021544
215.519569284
391.864643194
566.010674628
1072.82031635
1152.78324919
1083.47535662
1013.23036097
627.455233202
388.2108592
43.0798774845
347.094927259
342.038463251
700.94527574
1399.55948645
1935.94345803
1560.98180304
1219.82525026
785.495840409
578.050054027
49.3176066184
350.663768472
320.45495318
534.447297059
1358.18481369
1532.39918588
1454.53174544
1177.68753166
796.252549201
468.964438182
47.8066293933
-264.468354088
227.008974884
712.357527482
1207.31781559
1695.97315793
2112.47678912
1570.75030525
1028.92681602
493.554183828
466.26945005
-55.0552508799
218.978025265
489.594076303
765.569347828
1038.02916738
1981.82240324
1890.5740971
1799.30945141
1709.13138685
127.218034093
291.328985232
453.168301619
612.989463923
775.975689215
-148.6426185
31.9292021462
214.942511112
237.003794538
188.403606043
139.363118685
103.805445738
495.553342599
457.440906541
424.555507471
392.605972422
351.368574022
304.643732944
255.983760513
192.455098408
35.5574572107
124.523394643
343.518336184
559.782386707
706.178021953
588.356492064
-120.090156401
-838.115620711
-246645.045495
-816.710430295
247238.73403
174.789772403
341.662447662
506.454202298
833.616330088
634.343476051
384.020449251
130.31283706
-438.218317521
-87920.4435132
-176195.223748
-23.218699879
246.399795371
512.656118316
1096.40701469
1241.12713285
-254.735873971
-1770.82425175
-465312.003438
-1706.95429105
44.5487365059
2.08096158078
284.569868333
563.536107334
1444.36997659
1195.94095746
609.530743181
15.1917519598
-1011.80981021
-165941.275103
42.3977987042
-204.321912519
127.35126147
454.888434482
788.912081306
2041.29759575
-419.78546325
-2914.14450916
-733355.371238
-2798.22095908
734377.493827
256.350025727
822.787809294
1065.37146295
972.557873389
778.1914415
662.879806354
603.562133972
500.130765878
354.112670143
46.4208768654
-461.679109428
-41.8229709157
372.79751535
795.629054122
1213.07444377
-654.329616437
-4538.86276969
-8424.09151488
-12263.0633965
1115616.52323
-510.474218922
115.133826455
732.940470666
1362.98202117
1984.99792213
1278.78709936
-326.457919952
-1931.99038577
-3518.40765887
-795836.345654
140.928217725
346.312593445
549.1358034
755.975679396
-840.818576462
-419.96052491
6.58789412574
113.771424266
106.518703863
99.2002766252
331.221691676
299.883813103
268.936721323
237.376760176
-477.017502395
-170.222667658
140.720300507
88.5079215812
89.8155691501
91.135063499
-34.8409463496
202.698062737
437.274934243
676.497314287
163.439189881
-1065.05595458
-2310.16142359
-485843.322574
-1970.72082418
486285.579075
47.1323652969
236.694927761
423.893624213
614.799562291
432.307653878
0.0361089899843
-438.080123755
-1336.32852106
-173323.74014
-346869.29102
-190.522205958
75.4966212535
338.198164418
1060.77880012
1052.92464007
-1636.42619229
-4362.13939071
-916262.462972
-3810.56154901
916907.800297
-204.489609496
180.727629316
561.141166772
1803.963896
1237.70993515
150.836739735
-950.731928102
-2598.32651311
-326918.603768
-654177.096979
-381.357298382
-80.4277263721
216.749220761
519.8113945
2143.26164353
-2336.81551593
-6877.46722137
-1443873.02217
-6065.85017946
1444767.29728
146.528385377
719.560263213
773.176572807
677.348899909
586.940409335
523.523810701
431.805229197
361.701920663
277.761575661
43.3743392302
-652.544008668
-302.004430893
44.1638797757
397.187631189
745.71446505
-3332.10560742
-10451.8804544
-17572.9302186
-24609.197992
2194883.42457
-951.238695979
14.6311307047
968.456454368
1941.17112401
2901.49507588
598.374095496
-2472.15018616
-5543.22429758
-8577.73473011
-1566187.35983
-16.573751727
234.411671904
482.267279684
735.031365162
-1565.67575899
-893.186314686
-211.604227255
-15.2793867084
20.7675898527
57.1411380443
290.839084584
188.629766711
87.6950102798
-15.2386357686
-976.852589288
-484.004700706
15.5069206702
-38.0763717329
8.36674928329
55.2306269675
-201.729706179
55.2289322654
308.983268213
567.762898968
-281.540666653
-2054.63849957
-3851.7101598
-736335.39355
-3179.21804674
736619.068125
-86.5524114996
126.771345676
337.434932126
552.2704537
220.732670455
-402.078127739
-1033.30987048
-2276.84317524
-262759.370286
-525601.768089
-365.724980122
-103.475779986
155.503143768
419.610828911
855.83612942
-3083.35329189
-7075.80398577
-1388504.63752
-6013.49103916
1389002.48917
-420.813450888
71.9824584735
558.633148619
1054.92136152
1281.45104337
-329.514591683
-1962.2618855
-4259.7509155
-495496.508802
-991183.681238
-566.751444956
-298.017040165
-32.6337829717
238.005065615
2250.03994396
-4344.35852119
-11027.9189983
-2187937.90433
-9487.76115889
2188698.29561
111.097847993
539.224372427
461.605211287
434.789501779
407.787164018
377.504685203
334.573685993
275.138322279
215.471227204
40.3986241944
-852.420631825
-574.470409892
-299.986257812
-20.0662822261
256.28799262
-6136.31332072
-16644.082437
-27153.7331487
-37538.2577709
3325108.12582
-1412.81395488
-90.6168196763
1215.09237176
2546.65953955
3861.26482377
-114.16474274
-4719.15173653
-9324.96333181
-13875.9389283
-2372910.64929
-173.922102541
122.619892281
415.463975797
714.107478845
-2289.82595625
-1365.95054641
-429.583536207
-144.204328719
-64.8998873028
15.1230216018
250.495864434
77.4842313128
-93.3699277057
-267.607644743
-1476.20016491
-797.480688257
-109.584333019
-164.537201786
-73.0026299466
19.3612096211
-368.455692019
-92.0963650402
180.816730721
459.134537136
-726.086514649
-3043.25586092
-5391.75535534
-986583.148529
-4386.53656851
986708.395849
-220.10679962
16.954976923
251.060567026
489.802332515
9.36404547267
-803.800164665
-1627.95906331
-3216.44050388
-352107.769905
-704159.919467
-540.75687127
-282.273621525
-27.0136863467
233.301360193
658.939847914
-4528.86913948
-9786.82182372
-1860286.21339
-8214.27191472
1860636.72321
-636.926302067
-36.6566483937
556.127576646
1160.65116951
1325.14948895
-809.397415198
-2972.80525299
-5919.55485717
-663909.992348
-1327861.56807
-751.964768418
-515.394129474
-281.773552429
-43.526405091
2356.7140988
-6349.94348095
-15174.3226559
-2931277.0671
-12906.3345972
2931903.70514
180.720813496
599.680567454
695.000888825
646.463362282
539.328398938
439.165718795
295.948214818
209.828900085
157.91743678
38.4616093958
-1052.10230647
-846.67064077
-643.800730547
-436.913229442
-232.661120521
-8937.78596619
-22830.2448912
-36725.1914979
-50454.707266
4454230.46893
-1873.93901901
-195.762117076
1461.48773423
3151.55739545
4820.09846576
-826.008610328
-6963.96168689
-13103.0138687
-19168.9755536
-3178847.10584
-331.107379055
10.9439725715
348.729906204
693.20527784
-3013.22565129
-1838.22480989
-647.336933525
-272.995654173
-150.478579518
-26.8515476737
210.194455606
-33.5461139341
-274.247211751
-519.715100931
-1975.03022156
-1110.63179234
-234.545943349
-290.866969065
-154.287678743
-16.47103301
-535.008884669
-239.268975841
52.7830237809
350.61875668
-1170.17163965
-4030.84862886
-6930.20446302
-1236571.54917
-5592.6038371
1236538.53343
-353.522773271
-92.7475792139
164.775719478
427.398952683
-201.785519123
-1205.10586078
-2221.99196749
-4155.06404299
-441363.569712
-882533.014914
-715.607361069
-460.886158721
-209.341357794
47.184980796
462.247627798
-5972.88686852
-12495.0299891
-2331578.83943
-10412.7719224
2331782.16012
-852.81517599
-145.183162747
553.624601424
1266.27140017
1368.80264589
-1288.78289282
-3982.30130316
-7577.63859419
-832148.933798
-1664190.52521
-936.986138593
-732.545931283
-530.655115854
-324.76609932
2463.27769758
-8353.44987197
-19316.4290212
-3673845.84039
-16321.3650592
3674338.8638
123.565402732
106.552554215
964.742701247
692.039491132
595.510725087
470.0363134
349.928187952
181.891907161
116.856654841
37.4493678378
-1251.57703297
-1118.58876598
-987.258877307
-853.328160538
-721.103491559
-11736.3551927
-29009.9960667
-46286.7300808
-63357.7702784
5582182.60062
-2334.58617761
-300.798442911
1707.62773494
3755.8283411
5777.9383819
-1537.11472986
-9206.44513806
-16877.1488707
-24456.5265272
-3983948.29769
2633.31706645
1326.47671659
35.9328097013
-1280.1687436
5693.50911233
6547.24776216
7412.52970226
5023.93372606
2517.23986786
-12.1636647303
5439.59005447
3055.46628263
701.072796564
-1699.94657794
2693.64134914
4636.98538756
6606.60513032
4153.47854598
2353.75299969
537.722637798
3538.94334931
2432.39579273
1339.64700595
225.257663611
5240.71456714
13182.8674974
21232.405254
2352232.52522
19713.5184818
-2333937.20602
5001.39000777
3024.68040693
1072.62059231
-918.097383599
1254.1719671
3701.75137697
6182.42419265
7450.81219112
469250.945741
935234.809437
4341.06948556
3411.92411732
2494.36529405
1558.63533857
4839.66796998
19060.1306914
33472.8664569
4431188.70625
34944.5081114
-4401127.95781
4613.26996641
2997.41291702
1401.70578283
-225.602382895
-20.7866284179
2873.4012533
5806.72107644
10371.3077054
882788.459312
1763109.37203
5324.32087838
4612.63625713
3909.82642141
3193.09829497
4348.06246378
26264.5178325
48477.3027702
6979586.60558
53614.7534637
-6935103.71808
4137.50991571
2963.98825197
1805.1005325
623.262456678
-1583.63910034
1858.00432752
5346.18177269
13951.2699487
1389705.41143
2777923.35198
6721.57285766
6318.91140317
5921.27118133
5515.75618039
5115.40674555
36502.3311383
69799.3964786
103102.424227
136008.951868
-10536016.6406
3461.42984365
2916.49004374
2378.34570309
1829.54407081
1287.73323074
415.071854035
4691.73118315
8969.15632108
13195.6551728
4220027.42876
676.564471933
658.499128295
640.65906148
622.465693923
1372.71466685
1464.43775188
1557.40101292
938.257178919
541.001911312
140.147665018
370.644596195
370.911273571
693.923607924
1189.98689963
1498.96340833
1758.33672685
1284.27167837
857.960365788
485.786921578
36.114849239
651.364632085
729.75759257
807.172984211
1090.79374036
1593.20216172
2464.51098564
3347.60066389
234878.106345
2442.23707046
-232099.411052
743.32293701
713.462819082
683.97506011
924.240406029
1108.20935003
1394.00916962
1683.67325175
1452.66438849
47207.729783
93377.3183283
629.044773934
792.872232356
954.656744344
1241.34641632
1788.49108575
3350.29013555
4933.20606904
442081.972748
4126.18821143
43.9274972711
712.352690421
693.64142403
675.16348919
840.230626673
1107.21374599
1566.98762349
2032.97804434
1986.60813724
88557.5834979
42.4896364606
601.684947814
870.238564998
1135.44328902
1405.90006881
2027.87750876
4436.0839322
6876.85140439
696073.808986
6190.38638422
-689943.112523
1020.64309488
1093.23980162
1128.21881585
1310.34855565
1707.55196136
1608.16992239
1966.83748424
2586.0396697
3793.76113217
42.7014165073
562.805194906
980.180195593
1392.35048409
1812.68330193
2227.66180006
5979.0540643
9638.87372304
13299.3487349
16916.2427624
-1048255.57454
620.440990866
634.816638714
649.013020651
663.4905446
677.783649706
2080.34303497
3069.6245256
4059.08316395
5036.76147834
420857.04155
270.637091472
614.220275214
758.745859638
956.954357445
958.287111317
751.447893829
569.93973336
447.855614957
318.389352654
36.9831939105
235.443798391
509.543202113
691.076936928
1018.53913648
753.874047151
589.53630579
487.648830868
412.811064279
298.009667521
34.9966029682
332.357445074
541.657500444
748.347561092
1061.29618126
1190.24079305
1280.39339266
1371.76493395
961.963023716
534.180723378
102.522881272
272.910133977
458.129512714
641.039185416
972.989382527
1092.08403244
1139.05980824
1186.67073744
790.015004634
582.223674147
372.549834777
218.956365156
503.530726453
784.556414151
1196.58665459
1451.410282
1614.73500965
1780.26802989
1382.74257738
721.513741073
45.1876839036
281.396249458
439.130729963
594.89824414
1042.4756678
1231.8303406
1422.66070536
1616.0712629
1060.30285344
814.397132506
42.8032899869
79.9485897711
456.794680916
828.941459837
1208.45815135
1771.55352652
2024.57312079
2281.01376041
1898.53686896
951.147762763
-4.82432138318
452.418201501
381.859376634
370.969844515
1206.53649997
1600.39491316
2098.47479353
2664.39557917
1548.77735379
1111.48897687
47.827600774
-117.588775249
390.380300416
892.014945811
1403.5838529
1908.63624888
2606.97464716
2992.5997985
3378.29400261
3759.39619801
-88.8351756352
306.58085024
382.747245672
457.963837771
534.670002642
610.399062438
2264.3149807
2890.42120942
3516.63955314
4135.40224922
1141.15606888
181.006484958
568.432920526
666.073614924
616.719389547
533.256032593
472.12685491
412.694968465
354.045851304
263.680359012
35.7049224637
158.322780676
551.421062813
615.833050824
586.39466495
515.739918128
453.515829745
385.985508413
320.609199101
231.517131862
34.479416122
27.5624462062
361.93751387
692.142887646
1033.11277706
805.231881313
149.029789868
-516.044725499
-222532.909637
-1288.86921352
221959.556428
-176.545162348
214.17163968
600.016160194
1019.56652825
1076.67711888
895.468774933
711.810336316
156.887519032
-43966.0550491
-88488.7343681
-172.862067717
227.079763731
622.034276533
1153.82099888
1129.34686969
-43.4988614792
-1232.20248865
-419682.759488
-2531.47802084
46.3917275706
-130.360517423
195.958820776
518.20892092
1235.71042737
1350.89510264
1284.76374053
1217.73822479
175.265683666
-83019.7153198
43.1029698377
345.117704062
431.820224203
1034.34515387
1488.39709416
1621.28822932
1270.62683834
936.179422787
702.075949005
478.261133432
48.8789436461
332.594292513
381.611776587
1021.22164731
1433.16643742
1371.71014208
1103.96426458
887.85629486
600.512865053
433.624628266
47.1743604381
-767.670302585
-173.143236679
413.970011295
1012.71032032
1603.82370398
-614.874213865
-3357.57391479
-6100.76474289
-8811.29561394
1001380.70265
6.70359009689
141.907874349
275.426146299
411.588584608
546.016546819
2440.0907352
2719.20163576
2998.36251589
3274.19975471
-399875.836805
53.9515939915
445.957466249
833.074982145
1227.8588878
-2.10516077269
-152.84538213
-305.623742596
-361.751233225
-87.8109519334
188.611122086
-704.875087352
-2.23211088262
691.648830353
1399.27123645
605.227523136
104.69730804
-402.600511597
-201.354435455
-60.2977844933
82.0367850312
-267.424846183
188.000564692
637.746770579
1096.39965097
432.611802763
-945.928746638
-2343.10836517
-438836.154749
-3053.25697177
436677.664883
-611.537866971
-21.9361465051
560.313175628
1154.0932347
1061.76596964
659.716024292
252.23001344
-455.867163323
-87080.8573587
-174490.636376
-552.072550338
-40.475548116
464.741783193
1112.43145827
817.646827609
-1648.37401235
-4147.73760231
-827199.197862
-5679.79487505
823282.255358
-528.86775749
-39.3882923421
443.987310014
1422.7272706
1466.12859369
1151.30403012
832.222764187
-681.292722292
-164156.210124
-329112.146891
277.114445328
888.714869318
1268.05924084
1299.3742675
1086.76664198
1029.62134926
821.768469698
581.755924641
374.573517596
47.6402165372
272.119428415
1088.06812242
1370.81885993
1240.06684172
1201.38947067
1099.08441185
790.059110404
506.541703795
347.238632888
44.0566291446
-1396.8334788
-718.533689353
-48.6923729215
634.414332952
1308.81943015
-3733.05028477
-9503.41146738
-15274.8059316
-20977.4871684
1970624.91096
-283.524206774
-91.1817574069
98.7621604518
292.467685696
483.705734535
2610.21036998
2553.49157286
2496.76261927
2440.70907082
-787988.887772
-155.383156906
374.496760158
897.769016348
1431.40404069
-464.346749953
-696.607925408
-932.009474287
-798.839746428
-299.230260387
204.905493874
-1203.54427309
-250.387146824
690.884005189
1650.79588314
435.737160989
-263.131681784
-971.449840126
-554.781620203
-256.216015142
45.0544785319
-576.340021847
5.85114810342
580.782330102
1167.09932221
42.3983936064
-2092.58596672
-4256.43717547
-665352.200302
-4900.95064651
661533.73124
-1067.06883806
-269.19180845
518.735606804
1322.26696251
1046.15078754
412.832160965
-229.049485155
-1097.55317903
-132231.333575
-264553.135175
-949.187530796
-320.663536859
300.022693712
933.000857266
491.229806473
-3329.02366045
-7200.93028223
-1253956.60536
-8976.76013136
1247282.11976
-946.190595609
-285.847365891
366.26131109
1031.28420424
1586.80285678
1011.54299311
428.505114962
-1578.29370257
-249123.580557
-498911.531724
188.519243376
1190.94885999
1151.91527369
1011.45343309
970.186176066
1014.87770293
799.837926981
379.69976568
288.97150911
42.3328747697
168.67206152
1177.0002563
1001.94784799
1050.09424847
1127.62394555
1042.38866238
880.393890041
427.339957434
268.605669422
41.9485077946
-2055.70271864
-1289.67485997
-533.199452992
238.257025821
999.886471276
-6998.45165475
-15939.4259539
-24882.0012871
-33718.1078601
2985632.176
-587.455166399
-335.276762165
-86.2430503809
167.722470012
418.452904942
2788.36223691
2379.9574766
1971.47958445
1567.86495966
-1194426.7731
-364.51373436
303.105752853
962.399951598
1634.750667
-926.137494463
-1239.84011302
-1557.78426427
-1235.50194787
-510.443362236
221.18397304
-1701.7270847
-498.300146182
690.119925994
1902.07520672
266.41211029
-630.601911722
-1539.74434474
-907.864091784
-451.943158074
8.10824251202
-884.953898876
-176.120610102
523.873449563
1237.73003694
-347.434423151
-3238.12480129
-6167.89983154
-891647.314735
-6746.84218388
886170.485527
-1522.15550964
-516.206311011
477.198590421
1490.27666305
1030.55083562
166.189094391
-709.859570565
-1738.61332999
-177337.772535
-354527.792034
-1345.91518745
-600.578245862
135.464262046
886.083193167
165.131154297
-5008.03409661
-10251.1450483
-1680297.77749
-12270.5097116
1670868.43833
-1363.1064003
-532.066057002
288.611121771
1125.54081008
1707.35942092
871.918271234
25.1812294193
-2474.41979811
-334008.078555
-668545.303707
154.512053856
1149.90237846
1051.2397142
1073.07821569
1093.17269299
1048.36968789
969.255560615
422.193260471
229.853688031
41.0039895414
166.885544252
1602.54333603
1236.80506746
1156.0253324
1155.9202212
1092.091985
855.945018654
332.775990078
210.979701021
39.1634124517
-2713.92933417
-1860.25897134
-1017.23397187
-157.513891565
691.254828377
-10260.6681343
-22369.1631108
-34479.8263199
-46446.3020609
3999649.45956
-891.089688715
-579.133690267
-271.067817448
43.0989238564
353.26371932
2966.34034445
2206.59263582
1446.70888141
695.872171967
-1600468.24158
-573.427570918
231.788734495
1026.96390398
1837.88654683
-1387.44964354
-1782.50930008
-2182.91050734
-1671.71159685
-721.437564881
237.445581349
-2199.3935845
-745.956210919
689.356638682
2153.09410685
97.2625464262
-997.69129909
-2107.44987446
-1260.58063213
-647.467451298
-28.7997027882
-1193.24793148
-357.903774547
467.023548834
1308.28755068
-736.86322097
-4382.47641055
-8077.38146631
-1117707.89911
-8590.82065721
1110574.42847
-1976.77053383
-762.964810144
435.704622599
1658.11223997
1014.96705134
-80.1983537083
-1190.17134908
-2379.00909244
-222397.46362
-444409.200034
-1742.23167941
-880.202853983
-28.923622862
839.214154079
-160.629532408
-6685.30442268
-13298.1986014
-2106197.09377
-15560.8456818
2094015.75617
-1779.59011751
-778.029569458
211.041408353
1219.69972929
1827.79104141
732.438255058
-377.724655172
-3369.61715729
-418804.603084
-838003.268899
163.565689655
1177.19505661
1218.79071778
1155.05640833
1186.54505597
1090.42659114
1034.13251549
929.720315155
186.279826956
40.5787017814
166.682650239
894.639524224
1371.77604461
1245.03104055
1130.93658702
1082.97450856
962.141332754
253.029066012
175.929886884
39.1101160326
-3371.47377004
-2430.25173489
-1500.76684209
-552.874635821
382.943048311
-13519.5036845
-28792.2365507
-44067.7042603
-59161.304885
5012615.82547
-1194.40952716
-822.737887422
-455.701033924
-81.3954636688
288.142095135
3144.1339972
2033.40746868
922.482045625
-175.21689088
-2006088.89263
3185.00978084
927.828329523
-1301.20582072
-3574.38327081
3296.34510623
7683.49746451
12129.9679445
8343.96727669
3871.35928868
-641.768793428
10050.3749918
4440.20686039
-1100.0018571
-6749.92764402
-294.530855947
5577.85716343
11529.6449845
6658.71217435
3614.10037728
541.905577889
5056.37005026
2845.01928273
661.244302598
-1565.77767477
4835.0700137
15237.4258356
25780.4305701
2103813.67381
26506.9859686
-2069619.29499
8308.42044127
4458.21761114
656.027233965
-3221.46088142
-530.932723813
2448.72514236
5468.6705786
4649.18890232
9824.28967395
15046.2748519
6713.8605746
4543.10269842
2399.41441182
213.272995999
6197.94064603
21928.0481071
37870.8403242
3959801.12817
46555.6838851
-3902142.24676
6765.54641081
4474.16999038
2211.36728605
-96.2474631169
-740.317235351
-322.791790578
100.378961932
2869.32543281
15324.743051
27893.0019232
8745.62315282
6624.62430475
4530.0745457
2394.04478598
7868.55625985
30129.4560528
52691.3426035
6234882.52384
71131.5071376
-6148460.70377
4874.28147024
4493.72451977
4117.91315634
3734.65930771
-996.982120462
-3720.13512773
-6480.10753592
687.557308893
22067.2342874
43640.6028493
11632.8647114
9582.57606112
7557.85473596
5493.036277
3454.52006636
41784.0883968
73752.0563687
105725.748751
137318.767864
-9340597.45848
2186.69444943
4521.51253522
6827.21518255
9178.57945572
11499.991378
-8547.93881738
-15831.3251908
-23116.0157787
-30313.9760965
66018.7725864
613.911016569
637.864884432
533.2989339
747.080982717
1430.3449147
1941.34649515
1922.95094833
1378.91417854
720.440279566
37.4953714428
454.470856595
840.903000485
579.853205506
1007.66524252
1209.05223289
1634.37979269
1422.61698798
1234.648696
712.757814368
36.086532768
841.202117748
818.207769023
795.500162357
1046.099107
1699.4859314
3050.81679194
4420.41882291
210574.695652
3260.8279023
-205931.223103
1041.90220309
863.291024075
686.907146115
1001.7524828
1154.83516741
1591.99589202
2035.06741045
1444.33610276
1735.70608235
2029.71576097
927.515743832
977.940038232
1027.73553613
1310.94373137
1937.86797477
4033.49048338
6157.4476339
395862.387814
5510.885511
43.4096830894
985.794843544
883.120416397
781.726350654
996.515467054
1106.81433799
1554.45586571
2008.14989685
1630.05923447
2641.74597685
41.1855122239
1258.58568904
1173.74088436
1312.4111556
1635.5919806
2230.07822147
5238.05823418
21153.7488135
622989.23627
8269.02064425
46.8148928253
958.867824235
907.427413437
897.956343315
990.095899362
1047.95009547
1508.43905927
1856.25905391
1857.71984753
3752.37552494
44.1212882743
1183.67231157
1451.98419201
1716.95019379
1987.16352373
2253.93479895
6949.81240637
11312.5008794
15675.9705662
19987.4895353
-929829.181608
819.282679729
941.968935547
1063.12528025
1186.68097845
1308.6627888
1443.04675538
1928.26566293
2413.5714572
2893.09928436
8508.57192504
396.371885688
605.830979208
735.967071685
1146.46794789
1224.19729749
1306.9785324
915.771500952
609.445286501
372.340397959
37.1941648476
363.169143769
443.267503072
765.436315296
1211.8870079
1375.16157867
1198.72149684
783.906887059
635.421661228
392.230057314
35.0120095545
375.528625662
594.294413612
810.332168115
1206.64968898
1353.08018608
1704.49302005
2060.65726166
1417.85529982
692.693066939
-39.0388545903
239.128748398
466.139108801
690.31862503
1105.9558018
1341.07150089
1497.34815599
1655.73780761
1090.27784964
842.114408791
591.702703388
288.265434733
584.076312656
876.198396381
1259.95351679
1467.23360168
2056.57728053
2653.88939933
2133.87559733
976.434002322
45.8771656529
347.272929633
486.396816733
623.785813652
1012.13101926
1310.877432
1761.8460541
2218.91216483
1493.15047367
1240.58340581
42.5267024894
522.700279559
571.550898581
956.937643934
1325.29369283
1607.163595
2488.16443855
2095.96345193
3011.57789751
1324.2454715
50.8764691468
557.078453805
511.22884581
542.22946422
897.119995498
1273.86534756
2086.06928404
2394.4797735
1986.99433538
1729.02927313
46.8533438761
29.2908035899
553.751625948
1071.67236414
1599.84989021
2121.29933982
3101.4725052
4414.44929175
5727.6611892
7025.2382122
-643.93980132
668.216951361
546.516466078
426.333599238
303.770657456
182.768957494
2546.80755816
3890.26832173
5233.96965487
6561.6731116
2155.09410366
256.456031626
529.446322032
828.328948033
1057.53955313
1082.24199938
823.797704294
529.95609782
417.61512292
299.324122592
35.3855354979
238.115867769
638.652159232
802.652949226
935.897598721
756.172613311
608.778101021
479.278054665
400.655181422
272.788675599
35.0041668623
-69.3985022305
380.356691555
824.503388584
1360.04753217
1022.10727056
418.149736137
-193.973830287
-198420.773778
-1761.02799675
196680.378827
-527.880097099
86.6808316989
693.57811809
1205.51672642
1519.01076171
1406.91710061
1293.30783557
751.993355585
-11.6665849329
-782.244988402
-322.505435555
207.759732092
731.412434749
1211.23498308
1017.56660654
167.738151012
-693.580725552
-374053.515539
-3356.00175064
48.2347186353
-262.801996427
107.347773218
472.881734505
1027.05087816
1505.84924782
1959.99673788
2420.28469763
1362.34117754
-98.1555368876
43.8081409713
433.145859082
437.167160168
843.135818948
1305.50152419
1726.50789356
1740.17670756
1313.14847039
979.501731109
634.626135323
48.0397897591
430.05529011
439.772412837
989.462416659
1518.39321891
1786.66069067
1339.80214894
1165.90398723
794.297186348
489.7265306
45.5978368857
-1073.66149574
-304.463502443
455.14250724
1229.79158652
1994.57296418
-575.418811293
-2176.28505989
-3777.43797089
-5359.5278314
887144.882071
523.881399116
168.681922243
-182.088178068
-539.80485195
-892.96482849
3601.39437104
5764.86119148
7928.71541756
10066.8071683
-3915.3279565
-33.0250297419
545.602339053
1117.01416089
1699.7420962
836.608254917
114.269760651
-617.835379317
-837.273890717
-282.14060773
278.021967547
-1740.97186638
-304.348034868
1114.36093938
2561.16571272
1687.47254867
379.617283738
-945.921323702
-491.216792491
-210.411138137
72.9385065634
-500.008746017
173.303066646
838.218606916
1516.30198764
701.784415646
-826.801538697
-2376.05530676
-391828.986923
-4135.79311935
387069.750692
-1270.20809924
-280.567220772
696.732727043
1693.38690711
1691.2242854
1319.39593959
942.540150635
424.594194411
-837.97457741
-2111.98173274
-913.622894717
-156.447717486
591.285401968
1164.08411643
582.369015149
-1660.3218324
-3933.33581392
-738135.932752
-7549.02820108
729656.710419
-853.245905485
-259.504214
326.833453257
1041.4906452
1694.54725222
2151.7713205
2615.17745648
1235.74106852
-1393.81648077
-4047.19680184
-1420.63378667
-560.658356099
288.593086226
1154.66291649
435.988846797
-2682.05638598
-5842.26030657
-1162641.22119
-11732.9937851
1149602.01589
415.26061512
967.613193792
1316.12161297
1577.60264742
1502.6390689
1399.66041225
1233.51657908
1015.80588813
467.427458878
43.3416236914
-2141.12294893
-1135.06294781
-141.548625619
871.641034715
1871.92439526
-4133.99496212
-8554.94248034
-12976.6816446
-17345.7763448
1746366.39735
384.190282431
-196.994645518
-770.932133464
-1356.23575262
-1934.08360681
4622.04664446
7579.13333188
10536.7495361
13459.1528717
-9790.41571658
-294.192562084
514.581848411
1313.27075301
2127.77671622
636.982259089
-500.02953613
-1652.41472132
-1582.40010615
-619.228110626
352.669849703
-2697.92763076
-689.40406036
1294.0730001
3316.83040205
1848.32691127
-42.2586628613
-1958.40660092
-1071.48686867
-520.798779567
34.8783300963
-950.950337516
-43.5266360586
852.58139199
1766.43574545
366.337453866
-2130.53343387
-4661.16419114
-594369.007053
-6622.68324627
586448.394355
-2047.58526462
-665.154962577
700.036281481
2092.26347132
1871.56890463
1227.74244967
575.210900173
81.7368171741
-1703.29686496
-3504.50226011
-1532.65008147
-537.851293732
444.542243657
1446.39088562
126.623483526
-3574.69402901
-7326.05657869
-1119408.57321
-11940.0292236
1105561.75034
-1471.56774033
-643.677190255
173.889473562
1007.64704696
1892.15467018
2352.60057791
2819.27211543
1103.16351035
-2750.65231203
-6639.38221143
-2245.70138051
-1143.7976483
-55.6347768807
1054.07783164
-167.219447859
-5344.9554037
-10592.6988602
-1763005.46075
-18458.066228
1741894.25124
252.371835987
1264.2793612
1495.24479404
1702.47176648
1604.02654526
1883.76002848
1476.32963414
1045.55948219
377.26985665
43.2469688518
-3258.98480546
-2004.87931005
-766.412648171
496.580333867
1743.48494993
-7860.58998878
-15234.7694708
-22610.2694254
-29897.9579492
2646156.22619
237.90362208
-579.936704654
-1387.57847252
-2211.21459952
-3024.35901388
5690.88921656
9479.06668973
13267.9225007
17011.6688476
-15942.8969057
-555.105366179
483.591613426
1509.3359274
2555.39385515
437.550967326
-1113.72967963
-2685.98499232
-2326.79956702
-955.986837169
427.244924478
-3653.95003384
-1074.08452368
1473.60977969
4071.75805818
2009.02438549
-463.723135188
-2969.90435646
-1651.19098178
-830.883686201
-3.1447245971
-1401.45210573
-260.144855163
866.930168405
2016.32553674
31.2176683472
-3432.99374165
-6944.04430774
-796711.480941
-9107.14779924
785632.575206
-2824.20421967
-1049.36759894
703.336613816
2490.75099358
2051.73762577
1136.17835345
208.239922178
-260.786156096
-2567.77516541
-4895.66460061
-2151.07350362
-918.882870198
297.942210439
1538.86502614
-328.677539319
-5487.19905373
-10715.4682728
-1500309.34159
-16326.7475085
1481100.15346
-2089.28649854
-1027.47546561
21.0946668965
1090.43045065
2089.56935288
2553.23395767
3023.16771183
970.71526094
-4106.16476128
-9229.03934793
-3069.96424942
-1726.36817895
-399.526899325
953.590851864
-769.839406782
-8005.25717821
-15338.504101
-2362784.13851
-25176.5794102
2333608.79776
204.154625053
1778.81555404
1262.68432155
1236.88920579
1298.36044013
1330.6622557
1308.43306469
990.40433065
275.812108854
41.4311558955
-4375.75636188
-2873.84730192
-1390.6672132
121.885446313
1615.17077728
-11583.5503025
-21908.0813305
-32234.4611419
-42437.8968557
3545068.4502
91.7596415797
-962.505263459
-2003.62336912
-3065.35954774
-4113.57102712
6758.68929922
11377.1469585
15996.4316315
20560.7198975
-22089.3773077
-815.747762782
452.633496418
1705.19790175
2982.56781583
238.326364213
-1726.79379028
-3718.48408116
-3070.42753953
-1292.39655024
501.742710371
-4608.98162461
-1458.3663079
1652.96048912
4825.90331464
2169.55531441
-884.750805835
-3980.35380557
-2230.29429519
-1140.64722385
-41.1283725665
-1851.4869783
-476.538573252
881.264073888
2265.95634467
-303.554802286
-4734.10419224
-9224.5584696
-998844.249058
-11589.0374773
984610.323511
-3600.01829438
-1433.18204107
706.633525719
2888.82552725
2231.7196218
1044.70915336
-158.350730666
-602.954141888
-3431.35752895
-6285.38515399
-2768.85599776
-1299.51954925
151.49411207
1631.24332736
-783.506692614
-7397.72197684
-14101.3672136
-1880815.34812
-20708.9194413
1856249.35222
-2706.36505904
-1410.87597617
-131.541784718
1173.12805842
2286.77943692
2753.65940294
3226.85199282
838.404279605
-5460.27237061
-11816.012589
-3893.37286032
-2308.33493917
-743.062615319
853.208015821
-1371.83481624
-10662.8018418
-20079.3908354
-2961941.21148
-31888.1295907
2924710.09709
175.366630939
2383.05095274
1646.89007255
1531.95056931
1647.20708671
1669.8290036
1809.42144929
1375.62966601
245.654803356
39.8339226141
-5491.37050712
-3741.91470381
-2014.27480687
-252.421111105
1486.98958818
-15302.6521763
-28574.4770347
-41848.6784397
-54964.8394915
4443049.05032
-54.2328767207
-1344.67733193
-2619.02980279
-3918.61926844
-5201.65419163
7825.38272426
13273.2600754
18722.112962
24106.0927455
-28229.4875573
3736.70249522
529.179942454
-2638.34445113
-5868.59779801
899.18110014
8819.74716687
16847.4061868
11664.0008273
5225.47870951
-1271.37392213
14661.1599291
5824.94743814
-2901.07651076
-11799.9087101
-3282.70306103
6518.7289393
16452.6848387
9163.94580271
4874.44775487
546.08851798
6573.7967512
3257.64277272
-17.1584007517
-3356.81301316
4429.42546026
17291.9841738
30328.4558863
1855394.82241
33300.4534554
-1805301.38396
11615.4508748
5891.75481535
239.433875618
-5524.82437924
-2316.03741472
1195.69890776
4754.91696455
1847.56561352
-449602.366393
-905142.259733
9086.65166363
5674.28127952
2304.46352959
-1132.08934657
7556.21332207
24795.9655228
42268.8141915
3488413.5501
58166.8596589
-3403156.53571
8917.82285521
5950.92706374
3021.02878926
33.1074566614
-1459.84784228
-3518.98483446
-5605.96315257
-4632.65683977
-852138.97321
-1707323.36818
12166.9254273
8636.61235238
5150.32267
1594.99127698
11389.0500559
33994.3942732
56905.3824367
5490178.4421
88648.2608116
-5361817.68947
5611.05302478
6023.46078757
6430.72578018
6846.05615873
-410.325140581
-9298.27458299
-18306.3968445
-12576.1553309
-1345570.94286
-2690642.14629
16544.1565651
12846.2407191
9194.43829059
5470.31637362
1793.63338717
47065.8456553
77704.7162588
108349.073275
138628.58386
-8145178.27638
911.959055213
6126.5350267
11276.084662
16527.6148406
21712.2495252
-17510.9494888
-36354.3815647
-55201.1878786
-73823.6073659
-4087989.88359
810.938027245
617.230640569
425.93880632
230.858670848
1487.97516255
2418.25523842
3361.11351133
1819.57117816
899.878647819
-28.1459402348
797.718734067
951.127493983
943.007800413
982.296200293
1223.93182469
1536.83190829
1991.90808634
1860.97451779
1440.94694452
36.9531348336
1031.03960341
906.657945476
783.827340502
658.564225364
1805.76970108
3637.12259824
5493.23698194
186271.284959
4079.41873413
-179763.035153
1340.48146917
1013.11922907
689.839232119
360.157069534
1201.46098479
1789.98261442
2386.46156916
1436.00781704
-43736.3176183
-89317.8868064
1225.98671373
1163.00784411
1100.81432792
1380.54104643
2087.24486378
4716.69083121
7381.68919876
349642.802879
6895.58281057
-338956.79417
1259.23699667
1072.59940876
888.289212118
1152.80030744
1106.41492998
1541.92410793
1983.32174936
1273.5103317
-83274.0915442
-168587.66191
1464.95413928
1477.24320372
1489.37902218
1501.7551757
2432.27893418
6040.03253616
9696.5661097
549904.663554
10347.6549043
-534097.53103
1277.80709842
1308.36513991
1251.37753741
1378.81092418
1372.3895231
1633.48234044
1591.99324589
1943.79591452
2154.16413466
37.3284568161
1804.53942823
1923.78818844
2041.54990349
2161.64374552
2280.20779784
7920.57074844
12986.1280358
18052.5923976
23058.7363082
-811402.788673
1018.12436859
1249.12123238
1477.23753986
1709.87141229
1939.5419279
805.750475783
786.906800259
768.059750454
749.437090374
-403839.8977
487.712243921
626.958100241
764.467545409
904.700197251
1553.02257977
1711.04614293
1871.20632233
732.001238902
422.005092518
109.200501249
526.163484412
537.192899336
751.878848951
1078.13317814
1424.22874164
1722.64823466
1211.39566733
900.376248949
491.941521698
35.9932957494
418.699806249
646.931326781
872.316775138
1102.16570712
1515.9195791
2128.59264743
2749.54958938
1873.74757593
851.2054105
-180.600590453
205.347362819
474.148704889
739.598064644
1010.30432487
1590.05896934
1855.63650375
2124.80487778
1390.54069466
1102.00514343
810.855571999
357.57450431
664.621898859
967.840378612
1323.320379
1483.05692136
2498.41955142
3527.51076877
2885.00861729
1231.35426357
-437.281557389
413.149609807
533.662903502
652.673383163
981.786370717
1389.92452341
2101.03140284
2821.75306676
1925.99809391
1666.76967912
1405.19275541
282.646714838
686.307116246
1084.93382803
1491.45485515
1442.77366348
2951.7557563
4481.14060156
4124.61892606
1697.34318024
-751.922742665
909.256043609
933.020895238
934.956628462
1129.14602678
1420.97803646
2549.73631892
2842.66210666
3089.84671135
2849.93998519
46.0665563644
176.170382429
717.12295148
1251.32978247
1796.11592752
2333.96243077
3595.97036325
5836.298785
8077.02837579
10291.0802264
-1199.04442701
1029.85305248
710.285686484
394.703360706
72.8713122695
-244.861147451
2829.30013563
4890.11543404
6951.2997566
8987.94397397
3169.03213844
178.886592732
636.252188839
1087.91438563
1548.52120079
1615.17204933
1035.34413923
447.676450672
-307.116034636
-34.578569788
240.427978815
316.542116248
654.464324536
808.100623103
1161.30134013
1314.93323042
1129.39857577
848.278235894
506.145021624
321.738321571
34.9022609801
-166.359450667
398.77586924
956.863889522
1526.00416166
1238.98265981
687.269682405
128.097064925
-174308.63792
-2233.18677998
171401.201225
-879.21503185
-40.8099762826
787.140075986
1631.48666817
1961.34440454
1918.3654263
1874.80533483
1347.09919214
43942.7218792
86924.2443913
-472.148803393
188.439700453
840.790592966
1268.64896728
905.786343379
378.975163504
-154.958962451
-328424.27159
-4180.52548043
323000.743243
-395.243475431
18.7367256606
427.554548091
818.391328941
1660.803393
2635.22973523
3622.83117046
2549.41667142
82823.404246
163824.643022
-846.987364798
-69.3917322542
698.507197187
1481.61342737
497.352149043
1.06575323728
-501.930866976
-517340.209637
-6567.58582292
508832.43991
656.080104759
653.611401052
928.782031658
1401.22117069
1748.36022223
1940.47262368
97.4016070422
1040.28506271
564.683379149
46.7619891429
-1379.6526889
-435.783768206
496.315003185
1446.87285272
2385.32222438
-535.96340872
-994.996204986
-1454.1111989
-1907.76004886
772909.061489
1041.05920814
195.455970137
-639.602502435
-1491.19828851
-2331.9462038
4762.69800688
8810.52074719
12859.0683192
16859.4145819
392045.180892
-120.001653475
645.247211858
1400.95333963
2171.62530461
1675.32167061
381.384903432
-930.047016039
-1312.79654821
-476.470263526
367.432813008
-2777.06864541
-606.463958853
1537.07304841
3723.060189
2769.7175742
654.537259436
-1489.24213581
-781.079149527
-360.52449178
63.8402280956
-732.59264585
158.605568601
1038.69044325
1936.20432432
970.957028528
-707.674330755
-2409.00224834
-344821.819098
-5218.32926694
337461.8365
-1928.87833151
-539.198295038
833.152278458
2232.68057952
2320.68260116
1979.0758549
1632.85028783
1305.05555214
85404.9082039
170266.672911
-1275.1732391
-272.419886855
717.829020743
1727.68859893
347.091202688
-1672.26965246
-3718.93402553
-649072.667642
-9418.26152711
636031.16548
-1177.62405348
-479.620135659
209.679596499
912.630068265
1922.96591076
3152.23861088
4398.13214877
3152.77485934
161368.577163
321017.753287
-1940.27203082
-800.773670962
324.515018958
1472.08867748
-417.647551568
-2854.67682101
-5324.65684917
-1022025.3207
-14566.565588
1002019.3752
418.693625219
1122.44428854
1273.74679535
1554.60705007
1617.16382093
1710.52837794
1560.85595949
1285.67580343
598.400296718
43.2802188557
-2885.41241905
-1551.59220627
-234.404878316
1108.86773648
2435.02936036
-4534.93963947
-7606.4734933
-10678.5573577
-13714.0655212
1522107.88374
1051.90477164
-302.80753363
-1640.62642738
-3004.93919094
-4351.87294815
6633.88291894
12604.7750909
18576.736453
24477.5966727
768408.056339
-433.001967263
654.666936665
1728.77248968
2824.14939176
1738.31126813
-303.451146852
-2372.81996835
-2365.96046587
-939.225960865
500.434205533
-4192.31098842
-1128.4209739
1897.26199501
4982.86492096
3260.91666154
178.614356061
-2945.36336172
-1588.19211714
-785.381543992
24.7021816607
-1325.56065318
-92.9044202206
1124.38045388
2365.77216869
690.276514126
-2168.48090102
-5065.89120681
-523385.813804
-8344.41584604
511363.05747
-3028.10169118
-1061.1181167
881.336956158
2862.25998014
2696.98702172
2042.65273837
1379.4712855
1261.02681338
128824.739845
257544.130654
-2116.11263214
-755.039050605
589.061793601
1959.78091397
-237.982839421
-3820.36439757
-7451.18287515
-984860.541047
-14903.2983158
963841.380932
-1996.94488505
-1001.50701462
-18.4823639662
984.009889688
2197.50648358
3693.65816271
5210.03911589
3784.62072328
243622.275933
485632.767302
-3085.17634829
-1566.68795237
-67.1352738352
1462.11421464
-1375.84914377
-5845.25384495
-10375.0887912
-1550539.23896
-22943.2187625
1518492.22905
387.419123322
1377.68563012
1715.83825826
2000.16487668
2566.44082869
2285.09572846
2061.81553017
2155.0086111
448.383316497
42.9463148182
-4462.26689228
-2720.08376013
-999.62584335
754.903641914
2487.08342859
-8722.72832281
-14530.1129877
-20338.5375638
-26077.8080384
2306680.27637
1063.26241056
-824.596647143
-2688.91389466
-4590.15166906
-6467.17093271
8593.41619621
16578.1759029
24564.365417
32455.4727356
1162540.97929
-745.696997998
664.077473998
2056.2719032
3476.0370433
1801.23942911
-987.619246241
-3814.18572038
-3418.09718617
-1401.5303121
633.305875916
-5606.17298298
-1649.86890117
2257.09963339
6241.44090965
3751.63666069
-296.844358653
-4400.06436818
-2394.51787178
-1209.82421433
-14.3976917062
-1917.95031259
-344.169100224
1209.98688725
2794.92103653
409.869759845
-3627.86268202
-7720.18878394
-701775.647147
-11467.4534146
685094.664885
-4126.25292969
-1582.52888688
929.474637211
3491.22532411
3072.92441592
2106.1676125
1126.33941492
1217.0410178
172202.222204
344736.462833
-2956.2318198
-1237.18749454
460.420158833
2191.64685911
-822.486232936
-5966.36401085
-11179.7914974
-1320320.90568
-20382.9853054
1291331.86858
-2815.46659677
-1522.88487422
-246.421787978
1055.32009121
2471.77928484
4234.5496441
6021.15419424
4415.85032
325795.749032
650087.225011
-4228.96398993
-2331.85520369
-458.403572773
1452.14948034
-2333.11615957
-8832.91402683
-15420.5948235
-2078537.67421
-31311.7018167
2034461.34408
290.209931121
1504.33109502
1971.14917695
2035.39694637
2241.0808295
2088.6653262
2559.15201504
1610.41775705
497.528676356
42.3761507695
-6037.58338958
-3887.43563249
-1764.10045453
401.284784191
2539.08672617
-12906.4324706
-21446.9995501
-29989.0959639
-38429.4916506
3090487.44083
1074.60897187
-1345.87683665
-3736.1789208
-6173.81801933
-8580.40577356
10551.038254
20547.7012813
30546.1543816
40425.5676231
1556289.48696
-1058.06795465
673.478258342
2383.43189952
4127.24908482
1864.10237196
-1671.07828047
-5254.05765497
-4469.14348221
-1863.35553561
766.039839393
-7018.56966472
-2170.77640489
2616.56433955
7498.71252242
4241.8480824
-771.810312581
-5853.25773668
-3200.00795825
-1633.82699641
-53.4570423447
-2509.72602512
-595.173371958
1295.50459894
3223.62513867
129.753616397
-5085.73197393
-10371.7354729
-879980.599003
-14587.2542974
858646.218554
-5223.26605494
-2103.399272
977.562428839
4119.53881453
3448.47219227
2169.61666044
873.469887748
1173.10080866
215534.748562
431838.429726
-3795.4803161
-1718.83624451
331.911847002
2423.27250065
-1406.38385282
-8110.139531
-14904.5358259
-1655433.60246
-25856.9932008
1618482.94827
-3633.14000056
-2043.72238288
-474.124977789
1126.55638754
2745.76783243
4774.88055082
6831.42864081
5046.4257165
407884.058343
814371.243721
-5371.56622118
-3096.22944312
-849.266365052
1442.19507339
-3289.39107315
-11817.4778268
-20460.8717425
-2605988.89703
-39671.5118565
2549895.71373
204.906746208
2020.45926314
2275.01673937
2398.39445263
1670.34790779
1870.82649155
1717.21328634
1315.76455641
308.077340878
39.9293968524
-7611.26724419
-5053.57767272
-2527.78277165
48.0324136108
2591.03612805
-17085.8006681
-28356.7175187
-39629.6526192
-50768.374098
3873482.27518
1085.94377372
-1866.61677644
-4782.35857165
-7755.8430732
-10691.4504784
12506.6314513
24513.1126822
36521.7438783
48387.4023818
1949629.91751
