46102.5218955
30284.732214
14664.1921105
-1265.69371822
-3247981.92361
21628.1692587
3335446.23888
2285.18204517
-3649.85333678
-9638.65783798
-5243071.18878
-2739435.25938
-267019.945516
2254358.53499
14775.3888359
13476.2640899
12159.5740456
1016.02290519
-3898.03398198
-8856.6103191
-7289962.77567
-3621683.55344
851.823242651
3695127.09019
-1071290.69859
-1125915.86658
-1181279.61443
-8062.57429304
1270.22851372
10687.5828951
-4308085.42071
-2574916.50914
-863360.404611
882090.978877
857776.094082
1014928.97756
1174206.70493
9676.47237105
3564.03291999
-2603.7828624
-13787620.6106
-6856284.03501
-11381.9891831
6969074.98452
856635.815009
-2142312.0126
-5181808.22736
-17227.7299069
5628.01529559
28690.8246873
-3479955.16899
-2429199.90178
-1391547.66838
-333345.999397
1604433.86159
1901929.95236
2203448.44944
17347.1561837
10173.292176
2934.4357421
-21752491.5051
-10821278.1737
-26378.2753825
10982301.4356
3219900.57361
-3388216.9658
-10085682.0109
-28462.4367884
10969.8184476
50759.314626
-2464827.76366
-2250579.54438
-2039003.02397
-1823236.48889
2519691.77014
2989221.46984
3465099.62012
26749.9298895
18274.9648124
9723.21983795
-33070992.25
-16455743.5287
-47688.78735
16685307.4451
33205153.9838
-5158713.47823
-17054344.7561
-28952106.1496
-40708214.8473
82119.8003285
-1022278.29293
-1996750.61544
-2959071.16086
-3940449.28976
-4909326.34325
4534319.94206
5257972.33634
5981754.31293
6696919.0661
19370.4393426
1379.24424654
1477.73647965
1575.00050378
1674.19072316
-323319.257887
2036.48365399
331791.318252
301.027367568
-190.511095342
-686.502706131
-529037.539335
-276722.764423
-27554.3825182
226548.474973
1389.71786938
1306.44846247
1222.05318064
299.226840998
-198.169323342
-700.071704065
-329717.697835
-162743.540838
2148.43004793
170305.885096
-212903.004794
-111985.12273
-9702.7429864
-650.675140774
429.77658326
1520.01678097
25851.2063927
-92412.4820374
-209201.409259
-328303.198594
2536.89231649
1388.50016433
224.580749866
1266.62544502
614.039249137
-44.4591246441
-622974.989394
-308196.672177
2656.32478704
319665.385826
-115105.752054
-212975.688384
-312168.911512
-1493.61164816
979.17424145
3474.3626124
517324.095466
70833.7680753
-370088.775802
-819743.252324
3552.9611125
1461.17452884
-658.894831675
2123.46420859
1333.42398476
536.226302843
-982451.669369
-486494.058979
3278.90543497
502751.225431
4774.75130509
-336770.575315
-682933.892285
-2526.88865722
1652.62943536
5870.01234124
1119774.73368
270942.074665
-567305.547692
-1422153.64077
4798.46479793
1550.25923372
-1741.86489937
3173.78269296
2215.25043488
1248.03424621
-1493286.95144
-739864.029698
4163.62530309
762925.839606
1512022.72372
-512689.625164
-1209810.44391
-1907056.09403
-2596000.45766
9274.35669277
1975888.79852
555306.510345
-847560.960379
-2278210.50856
-3690636.03345
1676.85328802
-3280.82236399
-8239.38577241
-13138.9133798
2259.55079732
-3561.58971639
-1704.73561042
128.96332052
1998.97641997
-215.19690291
-127.920895838
-39.4648411205
81.82655461
191.66204881
302.492609999
-8251.5240441
-4652.95702832
-1099.26453921
2524.80449084
-89.073069132
-38.020045548
13.7232593894
220.038317155
210.575695462
201.027346086
439220.024948
219385.166814
2291.67355057
-219101.091291
-118072.05112
29.5532646306
119727.994224
168.159367482
336.927095017
507.223792724
504645.749325
181843.808087
-136932.757423
-462022.303609
-91946.2295977
-110583.060884
-129471.878364
337.541990066
288.136728446
238.283874313
831398.026509
415207.651818
4207.21689719
-414932.579835
-222459.55057
169.030378188
225807.743682
244.625573169
465.590421658
688.557125995
958926.191451
347026.657189
-257242.422549
-873478.313641
-173305.42538
-208494.382769
-244159.125516
441.616671787
356.833643375
271.2825136
1312132.351
655248.117308
6555.30228982
-654984.081921
-350418.420863
340.00232384
355840.984953
338.35834143
623.30675754
910.836695811
1515786.08825
549508.859314
-404718.786252
-1377843.74529
-273036.052468
-328514.712822
-384743.492993
569.19208809
441.0427649
311.732458532
1995281.12791
996358.252477
9892.05521619
-996109.900675
-1989297.11581
582.962457134
540625.064655
1080763.8706
1614471.87706
1226.70766344
2307113.31002
837246.725492
-614290.460987
-2094573.56922
-3556000.40768
-499069.918686
-584521.278355
-669987.939547
-754437.049407
369.213959225
-8282.30305281
-4745.42439922
-1252.65101164
2309.29248846
308494.154836
-2195.89838718
-317086.751785
-127.608574935
556.808878669
1247.42688902
489332.791935
255295.783983
24177.2432725
-211518.317957
-1501.98193383
-1322.59072002
-1140.77398072
144.377745801
601.110588143
1061.98125294
1173900.56473
584489.539878
2428.5353675
-591159.476681
-27465.9406802
107053.828683
243392.422513
950.513725564
248.214173127
-460.447940938
962109.368055
443881.621157
-67883.7687122
-589784.047298
-182220.00464
-217566.142183
-253390.190297
-550.149579695
-23.2464079526
508.430302218
2220976.81904
1106383.36538
5689.01473187
-1116803.24366
-325030.596709
203817.872659
739816.834034
1905.42204886
-25.112566068
-1973.13707604
1380854.33548
610914.791226
-149423.522184
-924819.407572
-342284.539036
-409096.144907
-476811.101891
-1165.30235371
-576.24831878
18.1423172948
3504489.64692
1746124.18374
9685.73137207
-1761140.76447
-689787.27184
322431.862049
1348337.08042
3075.95483226
-360.158246371
-3827.40117714
1894154.61812
815665.128731
-249375.478053
-1335507.91371
-538492.677974
-643874.857923
-750681.896749
-1919.36059282
-1254.12162883
-582.855857772
5328428.92863
2655229.55719
15365.2760713
-2676778.29405
-5334628.56909
490988.583813
2213076.3779
3935472.54119
5637362.15272
-6462.40805765
2623581.33557
1106626.13466
-391412.467973
-1919117.89613
-3427362.97543
-977507.765894
-1139866.71049
-1302254.72823
-1462709.38223
-1436.90589603
-12851.1130741
-7688.26977444
-2589.80769886
2609.62319325
607269.843882
-4197.33241057
-623932.077602
-330.304491946
910.205998257
2161.95503249
970905.818563
506879.883313
48640.4025372
-418673.951677
-2869.42615679
-2565.82642452
-2258.12175938
71.1517835414
979.078832384
1895.23134824
1884940.52275
937845.568846
2560.99323903
-951245.751471
60224.6424721
210634.272399
363077.571552
1707.69345173
162.355859422
-1396.98189226
1404852.70294
697487.570298
-1056.64130623
-713434.668148
-269588.946296
-321106.717327
-373321.053501
-1409.27697225
-324.609844502
769.883946839
3565841.6859
1775318.39734
7123.1312126
-1796089.08332
-424301.107348
400913.693803
1237286.11794
3512.7773447
-500.025692117
-4549.18316848
1789205.65768
866311.521627
-45074.0229962
-974508.445593
-505826.235562
-603242.934983
-701976.793044
-2720.51387023
-1479.30552974
-226.852322972
5626301.17622
2801897.99356
12715.4293737
-2831703.49009
-1018235.89745
634159.436168
2308896.59417
5725.4608264
-1311.97727142
-8413.17182964
2260347.98929
1073257.01035
-99030.8134548
-1294534.36633
-795407.428856
-949087.33082
-1104845.11893
-4327.83651937
-2894.73895036
-1448.65807306
8554322.5572
4260721.63029
20662.3793922
-4303366.06815
-8572313.80413
965613.91216
3831711.48143
6698322.27438
9530803.69345
-13904.103085
2929866.03948
1367337.4417
-175706.252528
-1749308.04317
-3302864.84396
-1440550.41964
-1677342.21362
-1914176.40921
-2148190.89771
-3184.90834951
-17635.6403629
-10770.0621753
-3990.09850318
2924.1340716
920152.286099
-6293.26453669
-945265.166084
-542.570736713
1280.28883265
3119.66280289
1475216.41076
770342.575586
74258.5946986
-635610.479561
-4301.43452884
-3867.76174836
-3428.2253341
-5.53155699019
1374.89292193
2767.82351137
2629552.37282
1307885.37252
2699.70513514
-1328333.57085
152055.553828
319105.287225
488413.678542
2500.62356822
72.4437284777
-2377.73447908
1868500.25184
963067.574418
68925.7421197
-842923.477483
-361083.02979
-429535.981177
-498914.4761
-2308.96823433
-640.202215231
1043.68217693
4974204.61308
2475837.32896
8624.95978623
-2507447.53806
-528258.694754
607315.433071
1758243.51235
5196.0242383
-997.361935215
-7246.85778597
2216837.36822
1133766.8591
64202.3584069
-1026543.56136
-677089.585592
-806556.4041
-937773.726778
-4349.15500569
-2425.00076529
-483.41443357
7848294.45597
3907520.37234
15888.175165
-3952813.04626
-1362192.28979
960605.28927
3314809.11509
8500.06376937
-2308.73661974
-13215.4605493
2643831.25281
1343011.14355
58412.4041784
-1251626.24482
-1064452.46045
-1268710.47091
-1475730.22761
-6850.02911251
-4612.81834278
-2355.33931096
11932527.3906
5942017.32872
26209.5864927
-6006753.50528
-11962866.987
1462648.76913
5526770.76108
9591620.50341
13608074.8455
-21697.1592129
3250612.03619
1640358.2846
50184.5744852
-1571480.58447
-3172488.50863
-1925455.72374
-2240194.72879
-2554990.09323
-2866037.55833
-5015.44308409
-22415.5010906
-13848.8487677
-5389.02354194
3238.33819357
1232729.56023
-8387.15240749
-1266284.84419
-754.629948823
1650.01070888
4076.43647854
1979035.12653
1033548.30104
99851.8003038
-852335.419652
-5732.04619977
-5168.42723709
-4597.18765505
-82.1401048676
1770.32095649
3639.56459677
3373437.97003
1677564.26
2838.2817394
-1705053.59979
243796.898434
427470.505472
613627.539683
3292.78030489
-17.3807071881
-3357.53049452
2331695.58477
1228388.54661
138839.868631
-972285.990655
-452487.875056
-537859.48917
-624385.401877
-3207.78198772
-955.486774762
1317.2133595
6381193.90159
3175673.01347
10125.32356
-3218112.17344
-632114.887727
813515.859594
2278692.79397
6877.62938676
-1494.21310428
-9941.90124208
2644051.99063
1400961.33555
173372.157721
-1078527.92497
-848185.894901
-1009671.5726
-1173340.67733
-5976.2076554
-3369.77362244
-739.726307791
10068120.5274
5012064.3887
19057.8264369
-5072829.13468
-1705813.20625
1286732.74529
4319740.52503
11271.9605194
-3304.52378458
-18013.0653843
3026940.48814
1612502.1736
215702.060477
-1208759.97349
-1333235.08052
-1588021.86841
-1846253.59563
-9369.76169964
-6329.22201637
-3261.13622254
15307437.3114
7621673.18508
31751.3831567
-7708479.55329
-15350113.2134
1959198.84602
7220176.77444
12482096.7707
17681369.2547
-29482.6144284
3571045.19513
1913112.8382
275855.080182
-1393826.56875
-3042239.33511
-2409888.07825
-2802498.269
-3195178.76331
-3583184.07135
-6844.19241717
-27190.4080172
-16924.4445356
-6786.4987484
3552.21667744
1544982.88231
-10478.8701933
-1586971.82062
-966.469384828
2019.34940895
5032.21856325
2482331.68948
1296481.24264
125418.48136
-1068835.74812
-7161.17519868
-6467.74472876
-5764.93847482
-158.669256391
2165.33917328
4510.40221818
4116552.61144
2046860.01587
2976.71472421
-2081383.19977
335443.163203
535723.415061
738711.630396
4084.11605803
-107.112049683
-4336.3110589
2794410.86656
1493434.54273
208681.536822
-1101514.43378
-543797.989231
-646070.731733
-749726.290808
-4105.66421929
-1270.44457644
1590.46105701
7786725.00009
3874783.39509
11624.1323714
-3928040.2829
-735863.445152
1019502.582
2798602.68701
8557.49173599
-1990.54934162
-12634.1515814
3070823.85197
1667878.89424
282428.814518
-1130458.4125
-1019104.88166
-1212576.23451
-1408663.48859
-7601.57404357
-4313.56732619
-995.77254288
12285645.9926
6115463.6664
22224.1927131
-6191684.44933
-2049077.99733
1612522.20599
5323630.43384
14040.9845025
-4299.27892528
-22805.6980283
3409652.67279
1881713.90577
372828.703305
-1165938.12835
-1601739.13689
-1907002.33468
-2216392.95684
-11886.8828604
-8043.84682589
-4165.99437501
18678849.5084
9299588.26246
37287.4363565
-9408441.94898
-18733848.9308
2455234.30324
8911827.75827
15369577.3765
21750442.1412
-37260.0008739
3891146.26027
2185584.71162
501291.703162
-1216356.67193
-2912125.15056
-2893818.37178
-3364219.04329
-3834703.94808
-4299587.3407
-8671.04645224
26918.6609251
18783.6035209
10749.9911777
2557.28295049
-1612416.52462
19957.4657309
1674402.57446
3261.6161608
-877.612056273
-5054.340076
-2616729.62649
-1363614.27906
-126125.417913
1135870.39925
12883.5343084
11410.4024806
9917.35262712
2719.49324731
-753.953548352
-4258.86842515
-4632261.31284
-2300356.78601
2468.63476593
2350898.70141
-525583.261635
-552989.530975
-580766.356951
-522.240783288
3292.38859191
7141.57703011
-2742092.98378
-1576991.19134
-426418.34647
746940.188828
430468.191617
511374.669988
593375.074428
8886.56138172
4966.43570052
1010.79520069
-8758963.57531
-4354452.5596
-4866.28091305
4430858.24348
437040.485577
-1060456.87091
-2578201.6962
-3873.65693377
6985.81773744
17943.6750384
-2853129.10023
-1765982.17079
-692392.083191
402459.145316
800328.88809
954200.164066
1110151.91374
14348.8217293
10033.0661781
5678.21155501
-13817501.8325
-6872376.41109
-13857.4678744
6980486.06924
1617030.88538
-1682513.61019
-5026670.82173
-7981.84447306
11513.2470126
31184.9564679
-2989237.88815
-1997648.5327
-1018424.40562
-19807.940279
1253706.51602
1497018.51165
1743620.29741
21044.4957038
16243.7745054
11399.5606345
-21005950.9349
-10450478.7264
-26634.4177668
10603641.4006
21098505.724
-2566488.97654
-8506074.31591
-14446723.2394
-20316643.821
50001.5142888
-3182655.63939
-2326858.62593
-1481733.4954
-619871.693494
231011.466181
2268391.95294
2643812.21104
3019299.69454
3390316.68881
19529.8988001
1583.21654477
1675.59871544
1766.82887028
1859.86572694
-160019.24341
2286.25391535
166786.262956
572.389307681
150.242933666
-275.72792281
-263607.735787
-137293.309479
-12554.037966
114655.542521
1578.63470192
1400.27306536
1219.49982409
574.825791163
167.956426316
-242.599017213
-162797.255742
-79639.0832682
2482.09764374
86229.5882794
-104736.231958
-54479.6218802
-3543.4986533
385.632627057
746.191137768
1110.01616878
101098.301545
-1580.72282913
-102979.328471
-206386.009696
2489.91403018
1649.84483841
798.417179348
1373.19330505
884.875217399
392.133157221
-308391.388338
-151660.65874
3115.62141452
2482.30092332
-55771.2789577
-104757.969013
-154407.001793
220.219567076
1274.03097569
2337.38950704
424123.648896
118621.853918
-183070.30006
1661.86142357
3297.0471495
1870.89412312
425.458265433
2080.31881735
1519.86043236
954.324511719
-486861.615392
-239945.170608
3892.19893999
252558.469883
4250.27633317
-166389.491306
-339336.457255
17.45517097
1921.06045442
3841.91166362
820090.203713
265966.947994
-281246.329751
-839296.498353
4286.43613447
2141.85776244
-31.7171774302
2947.11783242
2298.22940554
1643.4623011
-740477.201205
-365402.108525
4995.7564762
382728.898964
755650.368605
-253971.128248
-602130.946595
-950353.108899
-1294429.39817
5979.9168335
1382779.51845
475352.081683
-420759.635101
-1334617.75035
-2236834.87944
2526.91135515
-681.387543604
-3890.26094301
-7060.93004897
2622.76337023
-1215.73359128
-214.419539575
774.40801572
1782.81809346
435.316091435
334.014989802
231.344209026
275.29517531
263.795900045
252.192445806
-3645.02357864
-1814.68146921
-7.16392728
1836.14929271
329.718368864
294.397333789
258.598727551
337.892221811
269.805046387
201.101027555
330969.77052
165696.187861
2483.58496415
-163961.244262
-58242.8753276
593.593214658
60225.5820666
485.930548311
464.898273759
443.675454954
415201.757375
172463.800685
-67247.1869757
-311705.358076
-44791.2719753
-54662.3455966
-64666.8847324
543.148949613
433.962097501
323.786054847
625191.217018
312645.582987
3997.4274042
-94907.0407893
-110214.987727
823.505356673
113363.335598
672.493307256
643.017519048
613.274691629
786180.334792
326824.742021
-126802.635962
-165356.241217
-84755.5777086
-103338.317906
-122172.31294
724.947765666
579.358342774
432.449936164
985849.764338
492777.099593
5853.10523392
-490713.824333
-173922.738411
1105.33314366
178499.9367
901.1831408
861.35723908
821.170530133
1240928.2684
516041.379788
-199806.089557
-929830.044032
-133744.081511
-163005.638802
-192662.837839
947.79792728
757.58599827
565.650822938
1498364.54211
748753.465296
8490.12109722
-746433.234824
-1491740.16104
1505.82526201
271062.475109
540667.393673
807062.442559
1116.60145853
1887149.01616
784928.180825
-303547.839403
-1413579.79826
-2509471.85242
-247796.04218
-292833.583749
-337879.190057
-382388.491143
754.936293618
-3889.9868316
-2020.23500504
-173.799189501
1709.20303299
153741.414741
-1531.2491338
-158903.334689
-8.56302421309
372.289932996
756.593270322
244736.009199
127628.196159
11980.7304342
-105956.992152
-863.557105229
-762.210185025
-659.492966172
111.514353401
367.116176992
625.033653996
802738.82883
400101.451224
2485.0060225
-403005.747415
-13820.8586502
53213.2244205
121153.666691
581.760065764
196.13737539
-192.978907033
715311.492712
338754.412644
-33106.9592005
-412332.591498
-89966.0191966
-108465.754168
-127215.621672
-249.915842271
3.13774787848
258.483905433
1517181.49413
756266.373313
4839.9477817
-187957.55973
-162233.157939
101701.186711
369204.153627
1104.61765974
40.1165386531
-1034.02854983
1132106.92097
525751.918673
-73041.7700198
-324933.468558
-168885.342763
-203860.321695
-239308.192811
-570.039729866
-319.24314648
-66.1744432948
2392949.92256
1192855.63265
7726.65058329
-1200872.36401
-344157.911907
161138.043713
673266.040839
1745.53987172
-151.134809605
-2064.9926281
1643017.44592
754974.667999
-121994.118766
-1016330.20164
-265625.158748
-320795.59802
-376711.989691
-962.449656595
-714.41972666
-464.142741735
3637462.95244
1813271.94854
11828.8071961
-1825289.71613
-3639006.49807
245600.945768
1105353.98582
1965260.97933
2814930.06843
-3530.0468446
2369048.19191
1080712.25915
-191557.982774
-1489023.98348
-2769962.49104
-486966.780164
-571970.016837
-656988.474789
-740994.717639
-1029.67663952
-6478.18783705
-3767.9428634
-1091.49494281
1637.95676109
302114.423207
-3336.49270884
-312917.371099
-283.28722248
477.292840326
1244.76346358
485124.626507
252905.855348
23582.8778193
-210281.561292
-2018.4353102
-1784.81814201
-1548.0422662
-107.5791183
461.296025885
1035.32495829
1259327.28225
626964.012022
2486.38135396
-634358.266345
29171.7444791
104139.658888
180121.204808
674.505976915
-63.9753233233
-809.146977795
1005764.28418
499694.118196
-65.2971313554
-509721.837508
-133687.131474
-160537.874362
-187751.662685
-1017.46136144
-413.823517439
195.283051368
2380469.27005
1185612.31492
5655.35750254
-1197669.20681
-212577.485251
199332.821731
616812.514897
1522.83709638
-543.38426827
-2628.3247973
1466902.26669
718278.008147
-21010.8235162
-774940.36787
-250307.976648
-301147.724157
-352674.869341
-1823.35706251
-1188.92939867
-548.754066195
3754772.35186
1870407.00879
9539.90891047
-1888179.3919
-508915.250726
316021.214894
1152111.54017
2562.72685572
-1131.04684595
-4858.28470509
2032168.18074
986219.550667
-46685.9848912
-1100046.95348
-393262.561055
-473508.185197
-554838.800082
-2811.22921221
-2139.05918857
-1460.79956514
5707729.36285
2843536.31062
15060.0609112
-2869430.70755
-5717178.00728
481841.563072
1912799.62871
3344013.9318
4758188.44416
-8027.17510036
2835440.79543
1366978.58478
-83171.7405294
-1562040.52249
-3022071.05078
-718441.471936
-842124.385871
-965829.447341
-1088061.69768
-2756.86422154
-9188.59126417
-5598.1690935
-2052.51988238
1563.34658238
457492.892573
-5226.97121584
-474203.210658
-570.98257803
587.253480664
1755.98270894
736863.239861
384098.52396
35732.8228849
-319531.83557
-3227.84131772
-2855.70873567
-2478.54459693
-337.017131541
559.922594945
1464.98824756
1737473.64969
864537.933436
2487.82162198
-876634.140153
74194.251857
157470.595018
241872.906884
771.63090458
-336.369294483
-1454.40754572
1309930.86157
668232.623734
34536.4335386
-611709.336005
-179472.544704
-215068.589997
-251145.924831
-1821.2466939
-850.471691256
129.098156495
3284517.34882
1635229.90996
6509.26695441
-1654466.19983
-265298.82992
301574.153682
876111.753851
1960.80284632
-1154.43518104
-4297.896057
1817505.04079
919894.254962
33476.7744034
-870495.122104
-335574.996275
-403028.570542
-471394.175896
-3135.85002057
-2099.67805903
-1054.11878131
5180893.49613
2579949.10699
11438.7805877
-2607937.75686
-681451.63984
478217.225593
1653565.82433
3418.49748458
-2157.22562263
-7783.4626192
2439692.74436
1228382.70615
32177.8373989
-1187716.40829
-526926.388522
-633431.12734
-741375.903008
-4747.2992597
-3630.96328405
-2504.51373732
7875743.81074
3922444.80804
18443.8789087
-3962871.02211
-7893470.79478
729236.327783
2758368.97711
4787864.97725
6793198.14792
-12736.636155
3323854.21785
1666761.03151
30331.9795505
-1638504.55182
-3286082.96596
-960845.287
-1125034.1468
-1289252.40741
-1451515.51373
-4565.6013064
-11896.3511149
-7426.61022299
-3012.60749181
1488.80917428
612719.814445
-7115.60585553
-635331.741004
-858.397331574
697.106871526
2266.70333956
988356.321409
515163.234559
47870.9175715
-428675.553223
-4436.06773807
-3925.55484236
-3408.13936758
-566.231363738
658.45296915
1894.23246722
2215153.65982
1101880.1385
2489.26048523
-1118673.71158
119172.846792
210749.515127
303564.379794
868.661102007
-608.497587753
-2099.03876247
1613800.77183
836606.746212
69104.4156101
-713597.361583
-225213.301395
-269546.119412
-314478.35575
-2624.24805897
-1286.69398279
62.9778146788
4187683.6695
2084408.97307
7362.34355061
-2110817.65854
-317968.75313
403715.76514
1135158.08679
2398.34142889
-1764.89010883
-5965.83890998
2167765.8565
1121313.85653
87911.2281585
-965956.677559
-420758.851205
-504810.048031
-589997.69026
-4447.06284618
-3009.53842594
-1558.99059186
6605623.68137
3288799.1574
13335.8002114
-3326994.10965
-853819.746582
640255.039349
2154531.01794
4273.4334425
-3182.40352176
-10705.7874779
2846819.83124
1470309.66919
110964.740315
-1275300.35521
-660459.847746
-793198.089564
-927731.068046
-6681.48097244
-5121.41225948
-3547.2099289
10041643.6982
5000300.99828
21824.3965188
-5055244.85596
-10067640.9476
976389.797436
3603113.60431
6230307.7709
8826223.0167
-17441.5038639
3811791.26904
1966251.08716
143724.994431
-1714894.00239
-3549837.37864
-1203012.6749
-1407667.97332
-1612359.91876
-1814614.8372
-6372.57424997
-14601.3046697
-9253.15637389
-3971.70007578
1414.34901603
767785.860645
-9002.28313265
-796293.279308
-1145.51421126
806.846411403
2776.89466428
1239588.75797
646092.110967
59996.432455
-537706.155388
-5643.04196431
-4994.29217096
-4336.77071525
-795.208040536
756.881227433
2323.03182234
2692338.60703
1338976.3644
2490.69785727
-1360462.43556
164104.826348
263973.217481
365191.916262
965.590738281
-880.343849907
-2743.0018897
1917355.75428
1004806.36739
103636.571761
-815379.791402
-270906.65281
-323967.188846
-377745.149553
-3426.41720124
-1722.46417779
-3.07400065896
5089913.9574
2533122.51138
8214.53602654
-2566696.15904
-370584.089743
505751.518024
1393935.94662
2835.42655073
-2374.71236707
-7632.05312323
2517663.6653
1322524.70879
142289.266575
-1061319.29759
-505854.422416
-606486.040187
-708478.285094
-5756.91674358
-3918.45582242
-2063.33915818
8028877.29011
3996914.5625
15230.8537824
-4045305.23943
-1026009.21269
802124.918691
2654977.0161
5127.4833531
-4206.51893649
-13625.0836675
3253524.97558
1711985.90147
189669.989251
-1362793.53097
-793854.914192
-952799.470863
-1113893.0964
-8613.65811806
-6610.31654809
-4588.82548029
12205298.8682
6077040.10884
25201.4105934
-6146486.5642
-12239557.8117
1223287.11964
4446982.74641
7671255.63088
10857140.8783
-22141.4954937
4299222.62703
2265430.75424
257000.489894
-1791204.28368
-3813318.43881
-1444929.08288
-1690008.8809
-1935132.56463
-2177337.84806
-8177.67446436
7734.79995473
7282.47482774
6835.79024487
6380.2596192
23148.8743788
18286.7622031
13358.9100351
4238.05027643
1894.62922424
-470.022314028
9611.93580222
12206.7012512
14769.1096894
17382.2634983
10991.679781
9344.54087132
7675.13120868
4422.96358944
2390.12688527
338.873468796
-1974559.85001
-979030.018588
4085.44628921
1006670.31263
20124.1753154
19936.8046269
19746.9005236
7018.09272646
5314.54867009
3595.57116512
-1176100.54684
-579065.873549
10523.7116714
611789.39878
3160.28915075
7820.36241098
12543.4439213
8096.65039238
6368.83848106
4625.37326379
-3730306.53998
-1852621.08418
1649.42735706
1892641.50245
17445.156145
21398.2707738
25404.8349562
9480.41603935
8343.62017928
7196.52538951
-2226303.03147
-1102764.4398
6763.5019983
1138264.29003
-3776.08540747
6470.37577469
16855.3780382
11350.487275
9892.84018019
8421.98736792
-5882512.15994
-2923474.64846
-1336.66036623
2978670.70286
14161.1971619
23189.7454054
32340.3674864
12498.7478422
12056.6755776
11610.5983097
-3513648.01263
-1744717.52101
2154.21272158
1783620.60833
-12278.7380917
4815.55344632
22140.9746976
15339.0615182
14212.5841985
13075.9014311
-8940909.61988
-4445213.92402
-5580.04818353
4521975.35608
8991857.46418
25735.5251451
42196.12424
58659.6708859
74927.205384
17883.228249
-5343032.98585
-2656966.63642
-4395.82993482
2700705.90277
5371349.27561
2463.96382181
29652.0857398
56845.076155
83714.3115146
19689.3582576
2021.09492747
1873.46095123
1958.65723677
2779.31892512
3280.77106644
2536.0241767
1717.89329977
843.751247794
490.996962674
38.1668568124
2339.69225147
2136.14546514
2446.30658622
2239.13296337
1767.55153445
1494.09766824
1312.69457615
850.424741329
534.082175974
37.0469097442
4123.18635247
3465.37430168
2815.76523955
2701.52085507
3430.54087719
3025.87896925
2615.74567979
1421.94039489
1062.60569228
700.01555659
176345.396697
89251.0363792
3242.75231824
2575.13848091
2442.93574387
1911.18951249
1372.25360883
1479.76116508
1155.71118566
828.725439086
6192.212718
4875.3546978
3574.91804201
2632.61399302
3563.19413815
3459.75035693
3354.90792569
1934.05078231
1568.88770992
53.4897926934
330923.202326
166409.93976
3948.17568089
2872.74336788
3041.1331865
2280.61371739
1509.81136254
2037.17342611
1706.29687996
46.9119526648
33398.2690357
6603.717764
4505.49244502
2548.14751697
3725.80136125
3991.59270313
3158.58023927
2561.79899916
2189.49147349
62.3120891098
68053.8680864
260991.821324
4812.88818995
3237.54935835
3774.40747102
2733.45629115
3475.24268489
2720.45297189
2381.20837619
52.5918258615
12332.5490286
9059.81264755
5827.8876493
2531.95832242
-721.986513665
4747.36866878
5548.55071996
6349.87623646
7141.66130951
2685.47697423
789670.238388
395397.65302
6041.6901765
-391024.992135
-783033.725437
3376.96942228
1918.04727678
458.863886389
-982.946718137
2985.97594314
1207.52693071
1275.89653127
1419.85271092
1335.6087608
1085.82908578
795.950875441
601.114504361
468.76379601
335.929751281
37.6095113781
1174.84700899
1023.59408991
1084.93668465
903.897408673
748.509806859
626.814713126
555.213340977
455.746126466
329.034397312
36.0863304433
222719.516091
112007.208908
2675.49637774
1960.25370008
1586.3004652
1157.63316468
723.169908833
803.701729141
592.869452501
380.127117185
325757.765426
163083.793282
2438.38347173
1695.18364233
2363.68564722
1258.36969059
138.108899327
748.75590916
579.787466557
409.288235382
418984.407526
210083.514155
3787.6379112
2513.5106463
2029.57511555
1477.98033516
918.927512818
1100.36104134
820.444616438
48.061161105
613434.478132
306622.826853
3637.150626
2396.03716357
3794.26996298
1817.74695634
-185.500363186
1008.27885955
801.883042174
47.3729157641
367620.314129
330306.081878
5150.90817803
3191.69658038
2572.94404178
1870.66396348
1522.06134925
1464.00794017
1099.40772062
54.0787776144
567901.416774
482573.900262
5106.60713769
3255.14793154
5547.8894468
2503.43521758
1815.47859919
1326.40376647
1074.12923164
53.871252767
1001447.9563
501148.678116
7088.18697826
-496756.568973
-994183.206262
2428.68806688
1499.88556335
570.916741888
-346.991936953
1006.49525362
1467184.72229
732609.636159
7194.78218061
-732586.0273
-1462943.29716
3477.83432566
-1145.88914225
-5770.44056674
-10339.9328793
1140.65862801
502.329389613
704.954389144
905.052632635
1109.11357753
-1011.32535384
-866.599880414
-719.917592508
110.482526509
187.770987324
265.759651624
426.717241053
801.259134059
746.305818114
603.245340181
538.837658866
485.542575609
395.157916689
331.283844003
242.377451775
35.4276021381
431577.092935
215713.362571
2541.4766775
1252.01096805
-175.776620121
-627.379841522
-1085.08913189
213.006405965
144.060577653
74.4901268718
468513.617369
233627.20413
1669.85031121
854.431944719
2287.96624621
634.63384707
-1041.0530464
50.3178951532
29.5219037095
8.5375086471
813386.169219
406149.381246
3990.88083152
2399.71350973
564.280829746
-415.499235646
-1408.52678105
303.813270625
105.345643374
42.8743821663
883359.506457
440589.04612
3339.98214481
1940.56884524
4513.8535093
1375.50151593
-1805.28373034
25.2228939741
-62.2379741789
47.8133423534
1281410.19821
639587.081558
5767.56979451
-640603.96355
1471.44802636
-155.774621992
-1804.99873809
415.124911177
57.8886271609
-302.584079069
1835.34506124
1783.79218697
2129.11372367
2203.32934902
1640.43107067
1280.47150968
1024.99726546
770.468105021
491.43048633
46.7331032759
1946496.97625
971314.339896
8292.33832088
-973801.138212
-1943384.42704
213.307723728
-2368.40625599
-4950.58253564
-7502.01586971
-597.685631545
2114515.04826
1054798.38364
8296.50242517
-1058930.07084
-2112562.00665
3574.20556545
-4073.32317948
-11722.2213449
-19280.0530475
-622.44738301
-105.262600023
152.384047629
406.817813235
666.290328922
-3040.99746842
-2475.65300711
-1902.66459618
-236.269953014
44.3796823946
327.571894678
-656.565549493
-1068.17261676
-1474.6468986
-1889.17090732
-1167.4444636
-1003.80985951
-837.962773018
-286.31002014
-56.4867806139
175.418568349
633714.041761
316082.455197
2411.76946889
-317470.78122
-1881.15351381
-2354.95462305
-2835.16193604
-358.681497898
-290.306506069
-221.312063326
606675.865417
301900.666094
926.047043517
-306009.006868
2214.68334732
30.9686021411
-2182.27186872
-625.645750637
-503.037190377
-379.317844103
1195096.85419
595906.2325
4187.58379248
2289.57814226
-853.863154005
-2248.05034003
-3661.08815134
-467.103151938
-586.742844422
-707.46642613
1144598.8757
570244.494667
3052.37596368
1499.7566059
5210.28226557
947.486668175
-3372.9456392
-926.200254791
-898.553267596
-870.655809418
1883243.5275
938916.024034
6364.38844719
-944655.293702
405.395996721
-2117.00638019
-4673.51383462
-600.007114955
-950.116420468
-1303.39758053
1034.68747329
1179.18019435
1157.59806051
970.969178869
892.272648738
870.659865371
661.203459904
491.167599501
351.845756449
44.0352911885
2861136.16851
1426350.99095
9457.74243021
-1435495.34695
-2862042.21044
-1930.78601622
-6112.22401612
-10294.4107738
-14426.8051371
-2150.24711574
2741015.55139
1366619.72785
9362.77146869
-1374773.00182
-2741277.25759
3667.47576737
-6906.55811934
-17482.4854672
-27932.4976475
-2328.82009358
-741.542165459
-426.276011702
-114.941261573
202.559093164
-5166.50095279
-4160.67789499
-3141.25523324
-599.394419348
-105.781871319
392.302614996
-1489.93104015
-2145.52766551
-2792.94892881
-3453.19157978
-2154.24810661
-1843.65572298
-1528.86385976
-668.502706092
-255.047732041
162.152983757
845394.92655
421190.494355
2275.93810882
-424934.709459
-3667.05011437
-4164.09718911
-4667.86477331
-957.361759059
-745.182317444
-531.08061236
751361.471296
373397.67305
147.124957629
-380495.194526
2137.94038188
-601.198816561
-3377.37356315
-1333.52515348
-1060.74116728
-785.485863942
1594830.08455
794622.490966
4393.57412259
-801484.861605
-2338.96508606
-4167.12570676
-6020.00465165
-1274.41854566
-1311.50842687
-1348.93432802
1418172.71337
706021.650826
2751.19039991
-714446.682851
5939.59304312
499.263014842
-5014.62501472
-1922.54503545
-1774.35535278
-1624.82312905
2513492.5363
1252377.84165
6989.38601044
-1263062.46746
-710.989890058
-4170.83808323
-7677.46643801
-1663.06880021
-2005.71462552
-2351.46468915
109.027810693
831.043494154
595.417948132
563.023698017
552.022382432
508.475240953
442.240228679
325.341628641
253.440505257
39.8350475273
3818960.23089
1902872.28736
10678.1713247
-1918988.53894
-3824074.60253
-4176.11356559
-10032.8068712
-15890.5489178
-21678.5496974
-3776.11309707
3397096.39951
1693163.77842
10479.3846157
-1705528.51917
-3399677.42329
3765.1497403
-9873.56480649
-23514.7215978
-36993.4691282
-4115.75952871
-1377.20113929
-1004.37167828
-636.191441674
-260.719845005
-7289.93133958
-5844.05930357
-4378.63781806
-962.164714326
-255.796965826
456.97020058
-2322.48371259
-3221.83192223
-4109.96516074
-5015.68679368
-3140.08927638
-2682.68244764
-2219.09108011
-1050.32262261
-453.415018189
148.900337676
1056869.34961
526196.016994
2140.23923107
-532293.823375
-5451.20485098
-5971.4752184
-6498.78009442
-1555.45810088
-1199.61446832
-840.547030424
895905.958903
444824.945812
-631.037411092
-454908.732511
2061.27226725
-1232.74965442
-4571.30962203
-2040.71413022
-1617.90119082
-1191.25773014
1994173.43741
993144.932675
4599.36354122
-1003523.14364
-3822.6185325
-6084.3293144
-8376.62039634
-2080.94652897
-2035.56711338
-1989.77657789
1691479.72236
841666.377519
2450.29859574
-853385.430146
6668.1924916
51.476533867
-6654.70318773
-2917.91803696
-2649.30322944
-2378.25487593
3143126.83537
1565533.92609
7613.77398591
-1581159.08462
-1826.2869163
-6222.66659336
-10678.4891535
-2725.09363437
-3060.28325894
-3398.50957155
176.489487814
1573.61707583
1136.5549277
1007.09172333
981.488369555
926.660291075
756.654787629
285.917564291
188.301652231
36.6430144412
4775850.08509
2378928.81147
11897.409881
-2402010.15864
-4785168.68188
-6419.25114768
-13949.5658085
-21481.2289006
-28923.2213105
-5400.39329938
4052537.34295
2019389.33613
11594.9086805
-2035961.43603
-4057435.42217
3862.72844748
-12837.6776408
-29541.0742217
-46045.6030427
-5900.95608276
-2012.20132234
-1581.86821213
-1156.90140316
-723.518645391
-9411.16102378
-7525.69607202
-5614.73799161
-1324.5590377
-405.656586149
521.570765307
-3154.17353553
-4297.02070769
-5425.61644985
-6576.56265275
-4124.90872994
-3520.83961315
-2908.60295568
-1431.74682468
-651.576718411
135.661426509
1268124.60263
631092.71293
2004.68099032
-639541.671349
-7233.51050697
-7776.98009868
-8327.79787271
-2152.93458147
-1653.57565013
-1149.6927205
1040300.64201
516178.192043
-1408.3932999
-529245.149028
1984.68361071
-1863.64595912
-5764.00829719
-2747.17018319
-2174.48377914
-1596.60905833
2393102.91471
1191461.62766
4804.93968169
-1205352.03517
-5304.73433494
-7999.54595087
-10730.7937674
-2886.63863452
-2758.87539252
-2629.95466508
1964503.47864
977170.523336
2149.7186329
-992180.182675
7396.03682671
-395.845865556
-8293.08159967
-3912.25944358
-3523.34431864
-3130.90577347
3772108.58757
1878365.45861
8237.51485176
-1898926.02954
-2940.42805955
-8272.36860838
-13676.4016383
-3786.01779632
-4113.7589477
-4444.46930682
402.795709759
319.644611644
451.781198491
362.625292533
345.236431073
331.578678174
300.706135411
208.652063789
139.021711611
35.8085487722
5731748.22796
2854491.95523
13115.3848303
-2884531.17942
-5745266.69266
-8660.0639638
-17862.2654549
-27066.1147571
-36160.3846164
-7022.9901135
4707298.99378
2345276.79685
12709.276627
-2366051.89543
-4714511.72707
3960.20602504
-15798.7184974
-35561.1811923
-55088.3554136
-7684.30247648
-11449.0610156
-4218.6538654
2921.58931206
10203.2362879
1658714.27337
16616.0586752
-1647684.75439
5214.48439206
4666.87050474
4114.29544795
2635953.49809
1388027.68157
155663.637292
-1101105.87225
9099.82525356
7278.67926204
5432.90979024
6126.43393157
5534.20731889
4936.61536275
683141.612819
342296.748836
5702.25781249
-337558.076147
565831.612266
592863.140229
620260.157998
14558.4262362
7336.70874828
49.5653001325
389891.89009
418859.444245
447465.769813
476638.608731
-424147.613315
-495733.945166
-568288.186585
7306.73940304
7771.2412616
8239.95132688
1298350.49536
649210.391229
8165.13562716
-645575.23859
-402150.173287
1103253.41246
2629011.36611
22834.4890125
9701.42262112
-3550.62425936
-1599476.96271
-439546.70881
705919.087188
1874069.43474
-807881.058904
-941259.412516
-1076441.15766
8352.15282063
9752.61418228
11165.7631808
2052477.51267
1025427.11416
11184.1471419
-1023144.66352
-1588708.49106
1728893.10101
5091351.5567
32979.3401576
12600.1041427
-7963.75984841
-4038058.13711
-1491786.50933
1022732.83107
3587049.15695
-1278263.99221
-1487387.40475
-1699338.34801
9633.62733251
12181.3938915
14752.2422276
3124131.69515
1560050.87833
15474.3213997
-1559690.68842
-3114790.79566
2617960.02683
8590466.56439
14564042.5811
20466498.2317
-14235.0577908
-7503410.33231
-2987074.64691
1472941.83553
6021283.49903
10511687.085
-2263464.0253
-2584508.03956
-2905609.54223
-3222888.06578
19848.8177151
1991.16114124
2071.32318702
2150.48560327
2231.21573451
166580.785543
2785.79443805
-163223.847636
1115.11318791
831.750991682
545.821643833
3130.10172185
2782.00646563
2727.82765665
2514.18602027
74.4672922066
1682.70970274
1361.84200264
1225.14745228
1046.71187586
39.176242948
171043.628446
86569.8318716
3149.43283535
2725.16097222
111597.313713
60531.3798187
8774.99001288
2458.24816272
1379.02024678
290.014944401
251592.491849
180082.795587
109464.833107
3678.42616106
2395.95745756
2172.53418657
1946.09003831
1586.3290251
1426.54715392
1265.31772095
320775.813774
161411.368135
4034.21466949
2782.92706273
62897.667234
111677.469727
161116.817645
3647.88199755
1863.74444416
1396.46309656
237722.755757
214198.025603
190966.651422
4083.62531218
2785.21922351
2690.33331167
2594.16445965
1994.02803487
1892.73332756
1959.41037862
504318.492562
253152.606136
5118.78595004
-247827.041212
3201.32638933
174372.676712
347858.412806
5106.14282735
2457.92249255
-214.289691622
159192.819513
153194.058534
4812.72504835
2403.83788084
3122.26634149
4384.61834276
3859.08231959
2491.11349238
2979.95224459
1989.93786038
765142.299262
383521.73382
6660.01882241
-377664.982319
-757094.341632
263465.865585
613228.048035
963052.861371
1308712.72079
-608.962885032
196560.958322
315443.224357
432843.015454
552567.766076
670767.42857
4227.0274894
4517.48209717
4807.98871579
5095.03661269
3349.18851605
2109.38632461
2054.6091048
1918.38549495
1851.3255801
1466.58439713
1098.81432456
798.404792473
580.161528458
381.488866853
37.7879929028
2541.784229
2043.49631864
1960.84620595
1525.12132072
1194.27102271
1055.23230219
790.616558853
562.536094183
375.186490078
36.8952200887
114469.261662
58318.2299544
2867.40779132
53865.8508949
61415.476258
1721.67311471
-58779.2422489
1121.47290997
720.840631243
316.578779416
236313.773477
153703.78588
72123.9539192
90902.2741042
49518.6432697
57179.0849777
64943.102531
954.362868707
725.612835613
494.790415917
212777.598035
107521.445324
3577.84841821
99934.0620819
114274.137958
2132.45531364
-111525.480572
1528.22877543
997.871713829
48.6538638461
440688.621473
286420.911685
134076.937214
170148.315544
92344.1176346
106973.811819
121801.312213
1291.60995342
1024.40774157
46.8560045944
333284.59101
167835.064163
4448.71112214
-162173.309157
179068.626494
2635.9947833
-176182.159807
2026.83273954
1337.45820216
641.838198777
3117.05884644
3108.40364656
3993.96828559
7603.41289395
4380.3730553
3013.6431829
2500.64951845
1894.11881043
1797.23310944
46.7727050587
504531.370499
253543.890935
5686.2528593
-247079.903122
-496626.251486
3351.55087176
-268062.703982
-539525.560189
-807756.426433
896.389048712
1047220.42843
680291.091493
317937.403764
-51592.2563408
-416414.741905
254751.710832
290541.805464
326338.308924
361708.625385
1526.3809624
1675.96767044
1523.24533952
1473.606277
1169.58221032
891.823655763
693.675137229
575.13484129
440.779177557
321.193708358
37.219949699
497.600818666
803.003755794
1031.9467742
853.272009498
667.475946973
596.034539232
491.371731649
402.656002261
288.777266358
35.3916080098
60415.3570403
31325.2739176
2597.9473325
102728.156077
13469.3054099
-54467.9841036
-123323.844954
-155.747253835
91.9837799168
341.959160777
221715.742026
128499.995617
36446.6598229
174240.185341
94541.9516891
109735.021862
125133.515579
350.551632577
55.9060595406
-241.408888138
109590.844306
56032.3891794
3141.81388134
192756.986749
163361.719599
-102532.185183
-372021.207189
-496.991118494
170.574748095
-1239.10870166
634612.091947
355426.173566
79721.7343094
328814.606249
177913.049782
206611.324727
235697.62535
620.485517814
194.767198122
-1780.49156625
2930.38499348
2758.66926966
2262.9011045
2910.36254027
4584.67642902
2347.71381377
1464.21618266
1168.83349814
716.345256122
49.7873299888
2641.41808394
2395.65281218
2365.67226439
2332.10504846
1733.91742643
1352.22862647
1263.15949123
1018.20391408
630.77811618
48.8961665114
255531.000064
129356.731247
4755.86944566
-122312.560294
-247762.356019
-245174.330321
-1110090.79834
-1975162.1444
-2829934.10017
2334.67558151
1859981.90461
1028884.50813
208150.987624
-628836.158193
-1455161.52227
494115.191295
563823.370478
633544.032099
702434.611544
-215.218126502
6267.662637
4072.71095866
1905.13056928
-305.376103244
-308196.418143
-1614.81330538
309112.041907
-189.252683549
-388.533475537
-589.619674228
-486437.757606
-255042.200582
-26532.1716165
206503.219478
-316.453617009
-222.801577005
-127.883279836
-465.040921981
-574.269587113
-684.487821597
8100.80126831
5200.89837196
2337.15758382
-583.296094196
-32934.0515068
-108849.568134
-185791.52868
-1391.86897271
-516.637688814
366.522851143
207587.446654
104107.213992
1917.39121839
-102296.176229
138116.498169
160599.811567
183387.118947
-233.830139832
-592.250863315
-953.918739575
9724.43834177
6200.15008088
2719.81008242
282593.051386
210869.758943
-203828.922411
-624134.691199
-2457.04340026
-630.101420575
1213.39194504
822295.484713
422210.981187
27115.5754436
482375.326281
260728.54118
303042.697494
345928.978063
-29.0434470717
-608.177136523
-1192.55755264
3048.33265005
1712.8996866
1483.72507663
1392.66713892
1254.60686785
1167.47640057
1088.89685754
865.606657462
516.532523061
48.7757321299
1762.64067703
1693.60413874
1475.24738881
1526.54695187
1342.1151765
1264.68018719
1020.77521238
956.189716073
452.683065024
44.5795352674
14542.9741727
9165.67128155
3855.42394921
-1559.98634811
-6906.4135996
-485703.135104
-1925024.07674
-3364602.75335
-4787042.05443
3726.68086888
2646590.30734
1366260.87092
101897.283467
-1187505.48114
-2460483.46441
725776.423471
828311.269632
930864.476406
1032196.70238
-1900.77596561
7705.50693326
4745.6170701
1822.63735923
-1158.22839605
-467825.894479
-3094.38457414
467920.700192
-627.806260665
-798.817223302
-971.37747895
-739843.101941
-388389.579291
-41318.7207425
312625.452411
-1080.6548955
-831.602710295
-579.183122586
-999.988280642
-1070.01805903
-1140.68228005
-46683.7965874
-22156.9447251
2064.05459565
26764.7212358
-81528.3520857
-165798.789396
-251208.636431
-2686.3544227
-1153.9953404
392.246321002
192792.081026
78562.7223653
-34242.1836234
-149281.053048
183748.425468
213866.192364
244391.177705
-845.803613051
-1271.0106433
-1700.06988438
-94857.1797056
-45984.9280293
2277.88129077
51496.4766239
260620.899748
-309908.405096
-888151.763154
-4509.63993764
-1468.58167269
1600.02740096
1018840.38594
492149.04669
-27974.3936036
-558398.243597
347454.182361
404027.096572
461364.925867
-709.240050327
-1449.03264652
-2195.52747678
1446.06849204
1469.88595671
1430.17545434
1250.03710152
1350.75274578
1487.21581459
1344.14087996
1383.16488113
379.309499992
47.252895485
171.295800778
1362.62222661
1294.18677745
1263.2064584
1394.91916091
1300.51480837
994.787174635
460.085088724
345.336246147
41.6879277559
-237823.34896
-116700.233319
2912.46374079
124893.944228
245321.589714
-737588.554914
-2778434.59085
-4819646.07508
-6836555.24731
5184.40996083
3470338.58117
1719566.52533
-9373.21031906
-1772552.48652
-3513271.88061
968375.586481
1105287.01719
1242222.96422
1377528.57547
-3665.91775102
9141.94883637
5417.86686644
1740.22460846
-2010.24886429
-627299.677124
-4572.5127516
626574.465368
-1065.93209708
-1208.70080318
-1352.7629384
-993001.288834
-521606.898404
-56090.847893
418644.179635
-1844.11081468
-1439.81005291
-1030.04279264
-1534.41388148
-1565.28300553
-1596.43179187
-101414.960601
-49488.1045075
1791.21797691
54086.0648346
-130075.256494
-222692.465564
-316561.939983
-3979.57730376
-1790.73134888
417.944701623
178011.145972
53043.1454109
-70366.4904323
-196220.103439
229335.845929
267080.620103
305335.736506
-1457.18020147
-1949.10839886
-2445.49327496
-199336.794675
-98119.1077244
1836.38353182
103771.371254
310323.516065
-415884.423768
-1151911.32758
-6560.23448683
-2306.24411793
1986.28575421
1215193.58823
562018.898504
-83010.630967
-740814.182733
434095.236188
504913.001099
576688.283884
-1388.77322775
-2289.06803295
-3197.51915999
130.960522988
1449.40610127
1268.64248356
1326.025047
1417.7394433
1330.90870832
1450.17539702
1254.81404496
307.853921444
41.3517983381
113.529131414
1518.10570213
1081.85809642
1186.48912762
1313.87938032
1422.98138917
1192.95730982
1070.15157006
297.541830932
41.4004992311
-489943.528054
-242443.375336
1970.42324317
251224.538691
497303.583899
-989228.299731
-3631012.73593
-6273270.2287
-8884069.45932
6640.71726512
4293283.41686
2072527.5851
-120535.17707
-2357028.86967
-4565033.46571
1210738.1318
1381992.61804
1553277.77032
1722523.63111
-5429.33791556
10576.9020251
6089.41994963
1657.89726946
-2861.38630681
-786608.182693
-6049.1090114
785063.803325
-1503.60386414
-1618.1595837
-1733.75313367
-1245897.10505
-654686.152382
-70847.6653547
524553.030083
-2606.77549557
-2047.38705535
-1480.43519611
-2068.28560882
-2060.03466425
-2051.70896933
-156089.401769
-76790.9385418
1518.66412338
81379.0928588
-178571.847362
-279527.177678
-381847.512007
-5271.45990122
-2426.80745036
443.616448692
163245.529736
27550.0166978
-106453.358361
-243110.506654
274876.020031
320239.896928
366217.132958
-2067.92316514
-2626.50338049
-3190.144116
-303708.127987
-150199.256063
1395.34333685
155992.088691
359974.621074
-521750.609926
-1415397.53416
-8608.70381977
-3143.03841796
2372.14379307
1411343.29197
631816.337883
-137989.829309
-923041.067764
520646.49607
605694.348456
691892.121895
-2067.60214359
-3128.23281487
-4198.47238877
141.309993925
1827.65121836
1307.55778377
1204.26757042
1339.65523032
1250.74661628
1121.06609867
1195.53050092
232.972145165
40.7815676718
185.1951348
1619.3555719
1362.22495433
1314.01283118
1281.57780826
1260.26257563
1204.39265075
1274.81981548
199.897855766
38.5815744488
-741802.412247
-368056.198383
1029.35906716
377424.205355
749024.426396
-1240607.24757
-4482707.27732
-7725387.86039
-10929461.6475
8095.51526669
5115375.36054
2425122.83947
-231581.93664
-2940899.50719
-5615705.01532
1452849.49493
1658411.4439
1864010.20225
2067161.13723
-7190.9304886
-30632.921986
-15719.7825585
-992.611620755
14026.2129566
3294279.67237
14945.3551474
-3308728.41881
6190.91850769
7439.11178525
8698.61320992
5262295.06038
2763848.66188
296558.164894
-2219594.008
7207.97072612
5212.81765277
3190.6883718
7829.9042737
8678.28775252
9534.3572567
3340843.07565
1663623.51626
7319.06933577
-1681786.46493
1111539.04922
1165789.47583
1220773.41547
22098.759746
9358.86882647
-3496.44056486
1955884.32702
1416784.76204
884407.827954
341487.818683
-851455.515781
-999288.252743
-1149119.81709
6516.8284137
9173.64404214
11854.52939
6327007.5307
3151041.86664
14680.8438973
-3183791.97963
-821745.502719
2185108.55415
5232617.89727
36188.5619856
11059.225063
-14297.7739082
-972650.89395
223671.022181
1405074.67238
2609874.57945
-1611986.0324
-1888989.20081
-2169737.69336
5353.81836628
9612.38818437
13909.5389937
9987467.18527
4974328.87679
23704.9546501
-5024960.0299
-3191578.17928
3434596.45661
10150362.7459
53459.9324729
13143.5327077
-27538.1180066
-4562468.26159
-1238855.49765
2043311.44941
5390477.70556
-2544249.24632
-2979590.36295
-3420817.67072
3928.19314686
10150.2035845
16428.5830242
15189173.0102
7565315.68068
36528.690983
-7641356.73292
-15221439.0555
5210184.52852
17138737.0045
29069425.4914
40858069.2581
-46353.3438305
-9663787.67877
-3317182.6574
2950279.50099
9341861.09529
15652024.8945
-4529392.01442
-5198668.16486
-5868064.16062
-6529490.44307
20008.2771727
2213.72932601
2269.18542281
2342.31396976
2540.56346011
329880.80002
3035.56469941
1936.48521003
1386.47512802
1172.50502069
40.5922421998
4579.6620834
280995.055353
32446.9956906
4202.75353363
2145.38519952
1681.74687401
1629.82657067
1401.62264166
1266.33367529
38.6644541618
337964.07054
169674.289442
3483.10043116
2748.80108938
219764.086548
118036.880668
14934.234346
3494.55593055
1695.43480129
-119.985667787
326839.587001
270914.554796
215686.913896
4781.7138412
2348.97917126
2433.87886064
2519.92646779
1692.89688513
1697.38312219
1701.91000282
635359.41483
317947.381572
4493.51129698
2933.24013244
122232.14033
219895.189098
318878.727363
5361.71321279
2158.6011784
2739.43640043
144522.309187
261986.111445
377985.127163
5294.50725648
2529.30526051
3100.05290595
3678.51755676
1950.88264363
2079.16977515
3871.90880458
568790.655506
499701.494507
5732.07945507
3159.32670136
2676.85141741
344753.760721
2810.0501364
7650.48665554
2726.35351162
4293.31637032
6351.13479725
251041.567983
576931.324072
5923.09273328
2750.35014411
3916.65334858
2720.2772237
2267.12325082
2547.1663175
6078.92827906
1517952.0495
757983.654993
7492.14999552
-757861.922961
-1513466.69675
522184.362501
1220907.54535
1919755.84651
2610283.78028
-3903.4027443
-396548.321745
235488.795695
859644.340732
1496160.52429
2124568.58258
5077.08555653
7116.91691756
9157.11354519
11173.0199435
3712.40108896
3100.36870699
4256.52867296
2710.74210132
2371.10002606
2386.85507447
1719.82264672
1139.35089185
855.70103741
480.197453752
38.4257792482
6603.68262154
6700.14520814
3269.13790851
1957.97658126
1586.09268285
1291.6494718
1045.40843
691.453935777
447.493099162
37.7036156387
6219.00723256
4629.25100116
3059.3192049
105771.44809
121244.652051
2285.71306474
-118281.654407
1439.2440908
848.811809984
253.030441646
146869.781528
144323.778478
141809.524367
180109.364566
96673.6008922
113099.800265
129748.096163
1159.96982825
871.438204668
580.292596451
6570.78854411
4959.37649186
3368.05892521
197354.613517
226518.700801
2786.93029213
-223969.888657
1956.09650952
1175.29881122
49.2465665871
267942.764813
266218.996517
264516.723801
337900.593924
180893.965306
212129.876682
243788.12479
1574.9410473
1246.93244097
46.3390934247
253611.219003
5364.04644819
3746.51406624
309617.848558
355564.308947
3401.32560312
2037.91183565
2589.65753891
1575.5086837
55.4767168732
277630.421463
415638.94121
414932.000527
531322.100879
284131.831362
333521.583257
4111.86638488
2083.61544485
1707.21569838
51.3110351803
7614.7846945
5939.10375456
4284.31874033
2596.76272928
930.703289536
4274.41367664
-537625.293528
-1079622.03712
-1615165.86093
786.282843802
627256.134565
627972.546826
628680.025348
629401.514618
630113.813352
506025.587338
582229.50007
658447.058414
733757.183648
1912.1032968
2494.25218042
3150.64707851
2422.60343256
2437.80012964
1736.23845972
1191.75183967
810.613906643
582.595825331
359.993545229
38.3585900219
1467.58976416
1320.92309111
1302.00586322
1076.38356876
914.209943277
792.365520768
631.107517166
494.963956399
327.100025314
36.76127194
-310746.378855
-153062.814736
2654.4179875
204204.301187
27114.38744
-108308.588366
-245562.600777
-524.500913635
39.9069821802
609.428194681
-25082.133317
23372.7871036
71223.4693346
347625.938738
186795.937132
218835.409877
251308.084204
650.785370001
82.2902153716
-491.355284924
-594204.480606
-294084.602888
2292.74693117
383114.259989
326159.158368
-204648.87113
-742633.887597
-1297.79550761
235.803852816
-2521.09178549
385864.677437
270263.301013
156103.486474
655688.643652
351312.246055
411847.147939
473200.534431
1215.74814165
451.772370422
-3608.79647486
2769.13853025
2776.08108319
3446.74733143
3855.70305749
378142.550772
425589.166844
3967.47712212
1970.6832555
1143.15087451
49.7651052837
3442.39691699
3557.10722275
2945.73674276
2570.37569788
2121.71513956
1572.30731172
1494.57030654
1037.19676999
808.936829113
50.9105928021
-1435434.97613
-712600.877402
1219.40057044
729176.017624
1447859.71501
-490561.968366
-2217813.19042
-3945373.70627
-5652366.18446
5267.03679456
1605448.76096
1002970.63262
408005.472823
-198742.245548
-797761.037879
984656.177025
1131720.06414
1278810.28554
1424149.27614
192.011130006
12640.587874
7993.0378697
3403.44332533
-1277.04253541
-613351.838818
-753.973603645
620126.748409
-142.235414083
-821.446633468
-1506.81124313
-972218.949662
-509016.228547
-51589.6963344
414895.609863
534.537229586
558.206705499
582.196213345
-643.771823822
-1092.05239361
-1544.39421154
-617512.439224
-305680.658453
2262.54569875
316304.189031
-63986.9494997
-215344.181646
-368747.895424
-2425.05644753
-742.96887156
954.357765612
-191500.972109
-93686.2381096
2908.73539326
101416.654411
274018.312991
321168.654531
368956.509764
157.985470972
-681.464536253
-1528.51963505
-1175647.97751
-583505.932339
1252.03637235
562896.524629
422593.38104
-405409.794483
-1244608.29425
-4446.98364857
-673.459996727
3134.25031622
499992.093724
274177.467706
51178.7749235
963250.895957
516246.800093
605137.908319
695230.901765
868.113360648
-317.80100545
-1514.45929586
-1859814.12122
-924065.945489
13.3475206401
942392.902692
1019046.68944
-638393.448928
-2318243.62184
-6925.47505631
-588.255569513
5806.37666857
3261.60253056
2897.58337942
3882.02700026
2907.17458533
3274.64720019
4181.67511966
2089.53617324
1631.23397699
1034.36323806
45.077703739
-2832050.22017
-1408019.64839
-1746.8945318
1432375.37425
2848229.38324
-969475.484193
-3843935.92947
-6718911.09592
-9559657.30372
9603.60885349
2552165.06329
1365902.014
194431.795465
-1000237.96046
-2179689.67122
1447885.37118
1663529.09738
1879211.43828
2092325.90241
-1472.73183765
16152.556032
9917.5101519
3760.21598004
-2519.01588527
-930485.288004
-2028.09125329
938982.655617
-656.218101982
-1491.85257528
-2335.0575729
-1478196.27284
-774633.630917
-79844.4925562
628704.096401
-7.06168438791
180.450302393
370.497614586
-1331.47385519
-1884.98838601
-2443.51754386
-938762.519725
-465504.383805
1852.17108249
478464.15193
-159389.654057
-327433.481603
-497749.408089
-4415.34708634
-1562.80836336
1315.57325436
-365777.309244
-216272.228319
-68631.4922044
81933.0884301
365358.910554
428333.583544
492159.728973
-358.082072625
-1481.28011933
-2614.65390482
-1784544.44397
-886592.347025
162.188458948
904477.814853
523580.764582
-615649.684485
-1770283.52166
-7744.86132963
-1625.65491852
4548.98912994
619508.058513
278276.442553
-58699.9776071
-402349.804344
688968.771679
807554.930129
927744.476748
504.064934793
-1123.70994027
-2766.23182452
-2821309.38336
-1402764.68904
-1909.4031441
1426688.11134
1360770.31001
-968946.965437
-3330164.04797
-11826.2013698
-1702.69263129
8512.53117096
1728.38793613
1715.88438863
2050.3794019
2689.22529195
2427.90212962
1954.9549974
2294.66135198
1894.65106696
833.826627466
41.6276652183
-4294606.92881
-2136272.754
-4853.24384318
2168776.4274
4314717.78196
-1471000.99626
-5546836.37483
-9623401.60125
-13651431.9449
14144.9330187
3543580.76283
1745969.27224
-29225.8052538
-1839576.45387
-3626866.33794
1932986.02322
2220447.59918
2507960.65003
2792050.62007
-3216.07597333
19661.098812
11840.1054112
4116.64065859
-3759.77788358
-1247309.42291
-3300.96619964
1257527.56855
-1169.69947983
-2161.60464053
-3162.49607738
-1983680.09396
-1039991.96489
-108071.730625
842304.046064
-548.132352983
-196.937658181
159.005494835
-2018.50514035
-2677.15099287
-3341.76392141
-1259699.27081
-625172.226009
1442.19672274
640465.953044
-254699.308136
-439413.455909
-626625.099871
-6403.69650665
-2381.84822945
1676.43643367
-539883.666959
-338738.65499
-140101.943453
62468.5256333
456610.419591
535393.989861
615242.782633
-873.646272718
-2280.31560689
-3699.72881979
-2392847.02676
-1189383.14812
-926.596477579
1211065.88615
624469.650662
-825684.518222
-2295446.03476
-11039.5224447
-2576.92112249
5962.34808631
738907.454095
282371.419489
-168471.56053
-628242.93532
861522.279884
1009774.52566
1160031.27096
140.371581472
-1928.83283645
-4016.78344406
-3781866.85664
-1880996.53652
-3830.27846507
1910510.96544
1702160.63242
-1299178.07848
-4341097.50334
-16722.1477881
-2816.04273331
11216.0462412
359.752668522
44.0039672
1476.50034141
1562.01704518
1664.22973031
1595.10846969
1741.31604311
1609.48908857
369.961878195
41.6926867058
-5755737.1412
-2863815.56214
-7956.56339467
2904459.23602
5779775.84967
-1972037.34831
-7248075.90605
-12525059.2285
-17739215.6973
18681.8278296
4534029.49077
2125665.83407
-252665.262821
-2678096.30331
-5072631.50924
2417613.53514
2776822.91372
3136096.61486
3491092.86526
-4957.71974836
23166.0053725
13760.7081114
4472.69594208
-4999.25396822
-1563805.20436
-4572.52195077
1575742.34464
-1682.64869057
-2830.66258125
-3989.07703264
-2488640.03656
-1305075.28406
-136269.714259
1055682.62282
-1088.6422612
-573.934497545
-52.2674365414
-2704.82439297
-3468.4926101
-4239.07936516
-1580303.40617
-784674.590014
1032.64725644
802299.857067
-349910.184217
-551277.375258
-755367.226141
-8389.98522097
-3200.03925058
2036.92561789
-713809.582538
-461078.158647
-211498.323422
43024.1357201
547767.356452
642343.439815
738198.274214
-1388.67614709
-3078.52298184
-4783.67917367
-3000519.17068
-1491860.13978
-2014.25300799
1517336.21256
725253.976482
-1035501.6739
-2820064.27455
-14330.769005
-3527.20144341
7374.24225121
858183.105305
286462.15243
-278129.377252
-853901.952852
1033896.95531
1211784.54278
1392077.32539
-222.944843596
-2733.12131109
-5266.03900407
-4741428.8175
-2358732.74917
-5749.16300954
2393832.39025
2043197.14121
-1629066.94321
-5350983.23711
-21613.0200952
-3928.23897011
13916.7594146
152.164698513
4425.32197545
2275.24558202
2183.23070958
2656.24120649
3281.62333902
3209.36228488
2007.63131437
329.825470668
38.1083978142
-7215353.05245
-3590604.352
-11056.666696
3639379.59013
7243315.54546
-2472554.43117
-8947552.28918
-15423709.606
-21822762.9104
23214.0206469
5523451.72729
2504968.88208
-475873.149908
-3515747.11894
-6516898.30358
2901738.78383
3332621.6063
3763581.58569
4189410.62987
-6697.55850072
-49816.7829564
-27220.9112517
-4906.81255357
17849.1896253
4929845.07136
13274.6516196
-4969772.08324
7167.35262332
10211.3530658
13282.9309719
7888636.62267
4139669.6422
437452.692497
-3338082.14374
5316.11619867
3146.95604349
948.466953364
9533.37461582
11822.3681861
14132.0991506
5998544.53848
2984950.28368
8935.88085905
-3026014.85371
1657246.48617
1738715.81143
1821286.67295
29639.0932557
11381.0289047
-7042.44642985
3521876.76396
2414710.07984
1321349.8861
206337.028634
-1278763.41825
-1502842.56032
-1729951.4476
5726.91742436
10576.0468227
15469.1074531
11355664.566
5652873.34206
21196.5521674
-5722008.72066
-1241340.83215
3266963.69584
7836224.42843
49542.6349587
12417.0275048
-25044.9235571
-345824.825189
886888.753173
2104230.25757
3345679.72417
-2416091.0059
-2836718.9891
-3263034.22906
2355.48391193
9472.16218646
16653.3148067
17922456.8579
8923230.63942
36225.7621582
-9026775.39628
-4794447.86751
5140299.81221
15209373.9351
73940.5247882
13686.9612727
-47112.4761647
-5086878.38608
-985924.485962
3063890.06776
7193906.25418
-3810234.50044
-4471793.32115
-5142296.99343
-1777.24103879
8119.01327756
18104.9238207
27254214.3252
13570580.483
57583.0605662
-13723022.7774
-27328087.3153
7802409.0302
25687007.4447
43574808.4016
61249640.2844
-78471.6298703
-11824165.0252
-3647290.66789
4427617.16645
12662438.6916
20792362.7039
-6795320.00354
-7812828.29017
-8830518.77901
-9836092.82036
20167.7366302
2399.10573772
2467.0476586
2534.14233625
2602.56574208
493180.814497
3285.33496076
-493233.958228
1657.83706813
1513.2590497
1367.37121048
64070.3040217
5863.8187683
4472.83561637
3359.66378047
4489.31872152
2704.76182035
2377.78879933
1870.78765317
1438.76693964
39.2276215555
504884.512634
252778.747011
3816.76802697
-250075.598986
327930.859383
175542.381518
21093.4786791
4530.86369838
2011.8493558
-529.986279976
402086.682153
361746.314004
321908.994685
281282.745895
2302.00088495
2695.22353472
3093.76289727
1799.46474515
1968.21909045
2138.50228468
949943.015886
474483.39501
4952.80792446
3083.55320215
181566.613426
328112.908468
476640.637082
7075.54442803
2453.45791263
-2210.50291438
51321.8626176
309774.197288
565003.602905
6505.38920079
2273.39129751
3509.77250023
4762.87065386
1907.73725239
2265.60622275
2626.71734723
1495498.60052
746250.382879
6345.3729601
-748212.552307
2152.37644549
515134.84473
1035053.28287
10194.8304837
2994.78453069
-4270.49104687
14675.6551732
4811.47676756
323676.264592
392814.082916
3469.92632181
4033.0289673
4797.25481032
4060.68555523
2775.5475671
1979.82423457
2270761.79973
1132445.57617
8324.28116863
-1138058.8636
-2269839.05187
780902.859418
1828587.04267
2876458.83164
3911854.83976
-7197.84260356
-989657.601811
155534.367032
1286445.66601
2439753.2825
3578369.73658
5927.14362366
9716.35173794
13506.2383746
17251.0032744
4075.61366187
8167.69090916
5746.8447438
3356.18679652
918.184787416
3037.36806881
2181.75853236
1314.58040961
1049.16965811
552.331304988
50.9917890355
3126.00643454
2689.34481271
2370.34136826
2020.91898926
1855.44223209
1421.12725514
1129.38054459
890.718963326
623.434716724
39.7149588811
-102031.247196
-49059.727952
3251.23061848
56598.1438555
181073.827844
2849.75301477
-177784.066564
1757.01527163
976.782988726
189.482103877
57425.7895782
134943.771076
211495.094814
289562.424055
143828.558515
169020.515552
194553.089794
1365.5767878
1017.26357372
665.794776986
-199636.020947
-97602.6923398
3158.26943222
294775.164953
338763.263644
3441.40527061
-336414.296742
2383.9642436
1352.72590861
312.144954165
95196.9081539
246017.081349
394956.510389
505652.872304
269443.812978
317285.941544
365774.937366
1858.27214118
1469.45714037
1077.11962642
-319280.582319
-157106.971267
3044.31701034
166367.206018
532059.9914
4166.65642294
-530864.256313
3152.48233828
1813.55916524
462.505867422
116265.374884
5544.59975981
180389.105954
3330.73326853
4320.17300814
3755.13200736
5140.99252671
1856.53039938
1783.58881431
53.291982288
-489301.80111
-241665.683426
2882.38462137
252273.42858
498487.658065
5197.27648151
-807187.883073
-1619718.51405
-2422575.29543
676.176638891
207291.840701
575654.00216
939422.646932
1310395.28558
1676642.36861
757299.463844
873917.194677
990555.807904
1105805.74191
2297.82563119
13679.2780532
8880.5225717
4141.60809904
-691.154788857
-465269.545638
1127.34787974
473830.333696
467.619178676
-365.785849695
-1206.74120447
2067.04377064
1594.53662804
1428.96387225
1383.99734043
1298.80707538
945.854433581
744.917885997
589.351793631
369.630502104
37.5335093562
-681908.11475
-337450.903389
2710.8886425
349609.169651
40759.4694701
-162149.192628
-367801.356599
-893.254573435
-12.1698155565
876.897228586
-271880.00866
-81754.4214099
106000.278846
297473.231706
279049.922575
327935.797892
377482.65283
951.019107425
108.674371203
-741.301681709
-1297999.80552
-644201.594954
1443.67998099
573471.533228
488956.597137
-306765.557077
-1113246.568
-2098.59989673
301.032957538
2722.40555501
137117.262927
185100.42846
232485.238639
982562.681056
524711.442327
617082.97115
710703.443511
1811.01076549
708.777542723
-403.441485653
-2053208.97485
-1020218.57171
-109.672571822
1040201.23783
1038359.52783
-484037.229628
-2027018.11747
-3576.11997045
684.958937459
4984.64156804
13162.8293161
10406.0443743
12917.6922516
164489.804341
2864.88900711
4226.51432673
2269.97153637
1464.11821381
1010.23073779
48.3529056511
-3126400.95231
-1554558.48605
-2317.06830477
1580664.59554
3143481.78603
-735949.606411
-3325535.5825
-5915585.26813
-8474798.26876
8199.39800761
1350915.61731
977056.757105
607859.958022
231351.667096
-140360.553492
1475197.16276
1699616.75779
1924076.53899
2145863.94073
599.240386514
19013.513111
11913.3647807
4901.75608138
-2248.70896757
-918507.259493
106.866098087
931141.454912
-95.2181446174
-1254.3597914
-2424.00281204
-1458000.14172
-762990.256512
-76647.2210524
623288.000248
1385.52807618
1339.214988
1292.27570653
-822.502725663
-1609.83520011
-2404.30060149
-1243125.67972
-616562.215278
2187.93381368
633191.674157
-95039.8474927
-321838.795157
-551704.262168
-3458.24392234
-969.300054305
1542.19268008
-590589.390872
-291479.690211
3900.07956813
305129.48505
409920.127812
481737.497495
554525.90058
549.801081777
-770.678209191
-2103.12053052
-2361020.39336
-1173212.01476
-215.737337707
1196010.29921
634317.003137
-606990.666554
-1865081.8973
-6436.92389689
-716.81857288
5055.10868739
177688.702735
126143.954226
75241.9744034
23331.9430179
771765.059007
907233.119145
1044532.82547
1765.27016837
-27.4248743763
-1836.36103909
-3731342.94558
-1855556.93025
-3162.17294264
1885917.00089
1528367.33617
-956531.670202
-3475028.67584
-10088.209027
-407.325144036
9361.26379312
3425.06805309
3608.44337738
155408.731006
311265.11651
374247.754584
8270.32187221
2305.80458637
1741.1165637
646.530862574
47.1679072946
-5678643.41451
-2825204.96805
-7349.2130128
2866310.73485
5703365.18008
-1453247.83328
-5762847.78219
-10073219.4385
-14332272.553
15480.5368381
2457739.81924
1365543.15707
286966.307463
-812970.439787
-1898895.87804
2169994.31888
2498746.92513
2827558.40015
3152455.10244
-1044.68770968
24599.6051307
15089.4032337
5697.79460084
-3879.80337448
-1393144.68153
-961.797932445
1410044.61104
-684.629943299
-2184.88792727
-3698.73766684
-2216549.44374
-1160877.68254
-118370.26437
944782.740391
1066.53152672
1192.50331508
1320.17835176
-1662.95942974
-2699.958713
-3746.35280766
-1830841.24286
-908851.822886
1640.28756933
930163.582625
-237250.956028
-489068.173811
-744290.179746
-6144.33974998
-1971.62138633
2238.90018773
-924346.699514
-511107.179004
-103020.800785
313147.229908
546969.395639
642800.974724
739928.280242
129.639467802
-1691.54959535
-3529.23792525
-3474231.70823
-1727199.76602
-1953.50437287
1757459.15308
786540.629416
-921390.963874
-2652415.28016
-10980.0827216
-1782.72816435
7497.95085891
220175.731087
64403.8384171
-89425.5616106
-246301.365091
1030483.361
1211082.76369
1394124.02763
1717.36991991
-798.387234011
-3336.93617226
-5488710.34319
-2730335.95438
-6358.79772138
2771563.40074
2041510.95996
-1451335.02911
-4991407.33873
-16907.7676546
-1551.18163418
13944.529101
2584.56313666
1880.23634789
3341.31642712
2422.64415151
2859.44541927
1690.24736475
1897.73084639
1757.10612882
1283.09420791
41.8265155424
-8351390.50866
-4155845.27468
-12618.9514271
4212658.91056
8384113.97421
-2204413.43761
-8315238.1588
-14427157.1274
-20466308.6426
23105.4560766
3616822.94449
1772372.01915
-49078.4001886
-1906600.42122
-3740460.79527
2897596.45996
3335608.18117
3773698.33585
4206572.66467
-2766.23419564
30180.2487877
18262.3439559
6493.05670873
-5509.30690286
-1867319.16869
-2029.41964768
1888480.67174
-1273.46686258
-3114.50847788
-4972.22921635
-2974358.89908
-1558377.03137
-160052.613358
1265963.91249
747.846108714
1045.93473655
1348.05378231
-2502.59639922
-3789.0189802
-5087.09605096
-2417983.58102
-1200856.34751
1093.17546858
1226845.84125
-379323.359779
-656134.446254
-936688.25976
-8827.81570954
-2972.96511001
2934.92816572
-1257778.47989
-730520.45539
-209837.396475
321157.154705
683884.993253
803707.359619
925149.828761
-290.112343966
-2611.52281492
-4953.96436461
-4586357.25885
-2280647.18852
-3689.57648698
2318360.40105
938615.785259
-1235484.61268
-3438980.74195
-15518.8104026
-2847.59812704
9938.41041841
262621.319961
2723.94047403
-253932.490093
-515671.687907
1288949.32358
1514636.05023
1743374.25803
1669.51639069
-1568.59763995
-4836.04772813
-7244363.70264
-3604261.76783
-9552.30469056
3656345.99048
2554154.09208
-1945655.78442
-6506307.01043
-23720.674865
-2693.92247049
18523.3241475
2019.69838923
3360.73114518
2191.75497303
2706.75047406
2492.16412865
2524.99440109
2816.29469735
2361.23286688
1178.99401155
40.8259438896
-11021530.7543
-5485187.74895
-17883.5500325
5557693.93335
11062248.1154
-2954846.3969
-10865139.0762
-18776848.2283
-26594361.9353
30722.9383941
4774775.56468
2178804.08304
-384795.348572
-2999163.73695
-5580229.55277
3624488.93849
4171653.2094
4718915.45941
5259662.09942
-4486.10158115
35755.1087199
21431.9962731
7287.4946147
-7137.12162964
-2341002.22603
-3095.93489015
2366420.88596
-1861.69351701
-4043.1655788
-6244.40093161
-3731382.96807
-1955464.41573
-201691.763164
1586812.21555
429.49097317
899.518060259
1375.90032303
-3341.36317711
-4876.95055594
-6426.449761
-3004517.41057
-1492558.24149
546.630389494
1523220.62128
-521248.521073
-823027.572838
-1128886.94028
-11508.5105407
-3973.2710508
3630.23478708
-1590864.69481
-949706.333992
-316543.288483
329158.778094
820658.692873
964446.982702
1110179.41547
-709.429129039
-3530.54258319
-6377.21423134
-5697330.21337
-2833521.0235
-5423.84935283
2878680.33642
1090533.33189
-1549252.73788
-4224731.01494
-20052.8341903
-3911.36446886
12376.3407094
305022.91864
-58892.0330229
-418268.925194
-784762.837941
1547147.41456
1817874.7371
2092262.52888
1621.7124564
-2338.00980732
-6333.60561936
-8998197.52003
-4477281.85307
-12742.5019402
4540211.60015
3066265.92585
-2439464.23051
-8019636.65485
-30526.5212446
-3835.47898132
23097.3737754
1494.40969683
1960.99293059
2136.92141927
2626.98021337
3070.94824161
2762.42063119
2558.58886094
2336.8379908
1504.45328092
41.8754843712
-13688903.6927
-6813152.50561
-23142.6924591
6901334.97491
13737606.6645
-3704501.61477
-13412397.301
-23122031.3517
-32716064.1733
38332.5260271
5931528.09405
2584814.92469
-720164.363175
-4090594.73069
-7418091.59183
4350628.07273
5006831.7687
5663152.96914
6311660.12252
-6204.18651284
