-7516.74026314
-9158.35668746
-10779.5019743
-12432.7520643
7999.65994914
15084.5111002
22265.1556107
7084.36749635
-287.579305768
-7726.31308743
-30043.6361605
-12720.2780619
4387.05585495
21833.1796332
13373.4571321
11655.3583647
9914.02940529
5542.73581357
-509.36569543
-6616.29689739
-3706.75172547
-4573.83848133
-5430.11256994
-6303.34412142
7146.29008052
11406.2882606
15723.8853271
4743.59993021
-692.397102621
-6177.64216076
-18683.7290513
-7177.85558806
4184.53836698
15771.9506616
9304.1546171
7669.57358801
6012.89159944
3028.63217184
-1049.90342682
-5165.38897654
-332.190449243
-513.265213045
-692.081954617
-874.439943434
6390.44819688
8148.43374548
9930.18879015
2670.34865734
-1050.9500084
-4805.96219713
-8622.09704028
-2268.85282552
4005.16573478
10403.4335725
5699.9152467
4139.30707151
2557.59811427
801.854660594
-1528.66541747
-3880.29910378
3804.36853452
4464.21169647
5115.82654158
5780.34582313
5463.93233952
4154.93466248
2828.23819652
128.94387125
-1490.46647356
-3124.54804816
3711.51639256
3748.63443179
3785.28960499
3822.67068914
1281.81537331
-188.116400332
-1677.92293207
-1927.743579
-2115.53495441
-2305.02764686
9682.63656407
11537.4683574
13369.1701941
15237.1466493
17081.328286
-1520.03771862
-7264.00738391
-13009.005605
-18685.6048677
-735.170047004
21238.2302182
12299.8005343
3472.83405212
-5528.93972411
-14416.0463304
-6337.61291294
-7696.82126108
-9056.27299867
-10399.5393382
-66.4839975502
117.313537841
-128.89176283
-372.026856309
-619.976943464
1351.37956287
1066.32658248
777.419437478
129.499125846
-494.029494034
-1123.20704144
-2103.65594904
-504.644832889
1074.42643869
2684.76928886
914.267553028
644.290622105
370.663367887
-1.302071924
-500.652238626
-1004.52632421
399.262500901
268.466813466
139.302162647
7.57956361885
1207.81164983
934.965434466
658.43010058
156.89976997
-324.776374486
-810.81631804
-1092.28347655
-35.1056779682
1008.88899714
2073.55871214
748.247998735
511.800608547
272.156243664
5.96348030182
-347.935386121
-705.040439048
648.988725325
620.412981043
592.193579436
563.415327035
1080.65149829
818.61698908
553.039545041
181.168911909
-174.8664686
-534.127391603
-196.496429494
380.771859247
950.841548907
1532.20077276
601.202107789
394.452310824
184.907076495
12.3986837018
-212.671888187
-439.781512186
955.104742362
1051.83086388
1147.35080002
1244.76239187
924.77776413
675.996314091
423.851122123
210.918182672
8.894061195
-194.960320487
901.56511206
890.557227447
879.686612366
868.600718026
420.952305985
250.606010389
77.9564844805
20.286997547
-46.865019753
-114.625408291
1390.11171394
1664.89838159
1936.25842926
2212.99243137
2486.20131657
473.32482858
240.267573766
7.16858607419
-223.155165259
287.013938467
2461.96835532
1614.98906647
778.571702544
-74.409886064
-916.52595114
46.1928466134
-74.02593575
-194.266245337
-313.074994529
347.438528822
960.690729261
868.644404283
777.745907106
685.047276173
616.906347707
-482.341712966
-1596.45256502
-638.844601606
-516.837216443
-393.724491679
983.032022172
844.885405263
708.461491868
569.335869432
-462.169735532
-572.164439568
-683.646367824
-613.78335944
-499.689613667
-384.562222797
852.877164413
803.423724433
754.586974291
704.783071939
551.754279693
-221.860947133
-1005.93612576
-349.818993072
-284.163229061
-217.912649285
851.143220273
753.99438803
658.057012416
560.219714209
-196.971498268
-278.959141072
-362.05532823
-327.967861829
-270.384998075
-212.280455903
757.385149833
745.656836566
734.074776656
722.26334819
494.048162309
8.85058831923
-482.907279548
-93.8248826565
-78.0805545221
-62.1935888797
734.327424306
673.490915624
613.413044901
552.145405298
37.9183690238
-19.2630195471
-77.2175503047
-74.8169925167
-67.2866242646
-59.6880337962
640.330422284
674.845812729
708.930792457
743.690783593
423.311631323
291.658276938
158.224854513
219.974349466
174.536917493
128.687840005
591.133867959
574.809239772
558.688181495
542.247865342
325.847883768
299.074161677
271.93843554
235.496976318
181.672672664
127.360741689
473.989493662
574.219620961
673.199867543
774.140297061
873.794918507
693.54288708
1069.30736081
1445.13912158
1816.4962942
399.940396841
387.648287886
434.577384613
480.92127034
528.182940141
574.842577269
751.448050785
768.107468055
784.769868478
801.233889235
393.166896327
1766.49436182
1821.73902819
1876.29478749
1931.93095699
-84.8451234195
-1962.0148068
-3864.56545958
-1372.95760932
-538.628824936
303.258654723
3932.20400011
2134.29230316
358.800762913
-1451.85221954
-1777.28493949
-1734.42483445
-1690.98522346
-1198.97780313
-498.769874911
207.781665629
1286.28270034
1314.54760412
1342.46004144
1370.92525049
-75.0748750451
-1327.14919777
-2596.15265607
-833.962771321
-245.359452475
348.576384208
2707.98771149
1507.93901222
322.85505227
-885.698048597
-1100.08022826
-1034.4895078
-968.011943657
-647.022125154
-196.289581422
258.526424383
860.952371609
865.320914232
869.634980647
874.034481881
-66.4212264849
-764.839658337
-1472.70131581
-356.567343379
14.3934202756
388.714944608
1623.68185586
953.168954521
291.017422844
-384.247211477
-500.270341169
-414.546789903
-327.664181546
-158.14709609
71.6215356675
303.471782136
339.579710581
314.655939531
290.042970649
264.942571969
-55.8135282498
-75.5569971027
-95.5674148538
228.627052164
332.800167519
437.917050905
294.532742507
273.128238639
251.990651289
230.43445983
234.980488166
345.382993322
457.278236525
441.119068568
400.028711455
358.56609164
-401.318281407
-467.867971886
-533.587780401
-600.609089485
-666.776661958
903.949942547
1861.41233914
2819.04618571
3765.2786088
507.835833538
-1594.25810278
-693.245410247
196.531554869
1103.92946642
1999.76868376
1425.28321159
1572.72272536
1720.1886407
1865.89885227
436.858005145
2546.3688107
2744.16493261
2939.49451512
3138.69236152
-764.015605765
-3394.07491668
-6059.69492064
-2083.44829735
-559.719222121
977.814247701
6786.4773963
3382.20861088
20.3914318135
-3408.00243194
-3050.0823103
-2859.28596476
-2665.90988642
-1765.34183504
-497.879731548
781.065087139
1705.74209444
1809.2245178
1911.41650394
2015.6322776
-681.733894496
-2396.87143591
-4135.19913101
-1302.52775042
-207.804305469
896.836909409
4505.08258144
2237.62317411
-1.56076489875
-2285.08900794
-1974.128687
-1765.70838614
-1554.47006126
-955.809846779
-124.578410249
714.183660785
961.187002904
981.1344361
1000.83312261
1020.92191756
-608.855807372
-1513.63406722
-2430.64571734
-610.855265989
103.891763566
825.114124065
2484.41860257
1223.84750155
-21.0041391296
-1290.50854668
-1021.14119208
-797.11110223
-570.051930401
-238.795800035
206.059902902
654.945826015
48.5065681115
-33.9437285581
-115.365860956
-198.400459275
-519.521377994
-430.956002387
-341.193145748
237.001327825
485.970815932
737.195871063
7.4756607255
-18.8452583674
-44.8379527029
-71.3454006144
147.037027497
390.201697407
636.654165486
640.12464436
611.358480313
582.331705974
-1248.46036554
-1476.4232257
-1701.54336392
-1931.12173161
-2157.77566437
1107.5865108
2628.02892968
4148.7436097
5651.35292294
612.25940627
-3512.39062505
-1784.77707509
-78.7070562018
1661.14959642
3378.84345719
2077.43567584
2351.44703859
2625.50746775
2896.30498069
479.1432196
3363.06518573
3710.14335831
4052.89342789
4402.43124413
-1475.25325658
-4893.7500275
-8358.46785277
-2827.48494355
-581.805406575
1684.21911624
9775.51587465
4689.04553355
-333.995962695
-5456.51266299
-4382.97506036
-4037.25763551
-3686.8658099
-2358.44685658
-496.947559891
1381.41619863
2145.00634669
2327.25769966
2507.2363582
2690.77927433
-1317.03643938
-3517.10082081
-5746.91198926
-1793.21611755
-168.475984778
1470.9836636
6387.02764063
3001.75951784
-341.293938953
-3750.55248782
-2889.44551636
-2531.45190826
-2168.61791471
-1279.17704167
-49.4813819639
1191.3548436
1066.15423211
1102.41611628
1138.22581076
1174.74467252
-1176.90154414
-2297.78295203
-3433.819653
-877.149443091
197.615788813
1282.11797698
3385.79520478
1507.30618964
-347.757860781
-2239.55918982
-1566.6050631
-1197.73826413
-823.884064694
-323.252348467
346.8458042
1023.0147863
-256.309650271
-399.00259883
-539.916150619
-683.620323256
-1005.12328545
-803.135241902
-598.416144041
245.770996566
646.373446764
1050.60519983
-293.134877871
-324.604341704
-355.681377861
-387.373856776
54.9412989619
437.136525458
824.499364363
848.52630772
832.666225949
816.662457987
-2135.6004305
-2532.59761504
-2924.644201
-3324.45479093
-3719.17247918
1320.83781985
3430.84147395
5541.22296021
7626.47860834
721.613358614
-5521.08815322
-2927.84562309
-366.941112659
2244.67898491
4823.03151844
2760.3796475
3166.93897407
3573.57110204
3975.36193799
523.424938808
4178.96500065
4675.17962252
5165.20639345
5664.93754629
-2185.79720585
-6391.96243885
-10654.99869
-3570.79589789
-603.870049397
2389.93499686
12761.6390116
5994.60784036
-688.037707501
-7503.02489139
-5714.56778117
-5214.08037838
-4706.8259499
-2950.97339656
-496.016297421
1981.18176112
2583.84216508
2844.78562084
3102.475083
3365.26777034
-1951.71934558
-4636.23759644
-7357.05287266
-2283.42589461
-129.186022739
2044.57042706
8267.13715555
3765.15056559
-680.695756214
-5214.58663635
-3803.86959673
-3296.44856684
-2782.1667626
-1602.22884223
25.5424008673
1668.06062026
1171.01908214
1223.57950507
1275.48449374
1328.41739734
-1744.39324076
-3081.16702173
-4436.01514874
-1143.1838917
291.248400872
1738.67609381
4286.29265452
1790.48840793
-674.192885074
-3187.68418188
-2111.53691908
-1597.97467663
-1077.46862528
-407.62652269
487.49439078
1390.72475264
-560.828567912
-763.705411037
-964.052357605
-1168.36693084
-1490.25156389
-1174.95147854
-855.388261365
254.532111861
806.619629815
1363.70884661
-593.452217711
-630.065204682
-666.221623676
-703.094076404
-37.0646045349
484.025575894
1012.16134951
1056.72470772
1053.75812035
1050.76465685
-3021.87522851
-3587.74187077
-4146.55209373
-4716.42887089
-5279.04639461
1533.88113547
4232.87099965
6932.34416401
9599.67786629
830.860653211
-7527.82650983
-4069.79928576
-654.89404169
2827.63923138
6265.81099919
3442.65751369
3981.6355242
4520.71004792
5053.3664433
567.663468096
4994.01922494
5639.21573253
6276.36656868
6926.13539921
-2895.60475429
-7888.62211744
-12949.149425
-4313.33649199
-625.911824637
3094.9194804
15744.6673595
7298.8170751
-1041.71252689
-9547.41613443
-7044.78045224
-6389.68347361
-5725.72901314
-3542.88584779
-495.086000103
2580.32573242
3022.22317829
3361.77718112
3697.09690818
4039.05723302
-2585.74447259
-5754.2145096
-8965.52502171
-2773.12762303
-89.936780434
2617.56273078
10145.2981433
4527.75044228
-1019.74582073
-6677.10347413
-4717.34597687
-4060.65239033
-3395.07973443
-1924.94583505
100.48842978
2144.27234369
1275.77525126
1344.6173213
1412.60092316
1481.93085725
-2311.29679452
-3863.73919981
-5437.17197882
-1408.9426248
384.783973003
2194.76103826
5185.85683746
2073.37713893
-1000.28959528
-4134.82654643
-2655.90401298
-1997.79628801
-1330.79037329
-491.913252341
627.997210533
1758.05362795
-865.031885109
-1128.0302488
-1387.74899395
-1652.61115175
-1974.8770601
-1546.38236845
-1112.09405529
263.284147221
966.69973528
1676.48799582
-893.458311581
-935.209490992
-976.440028601
-1018.48708667
-128.975154009
530.866030975
1199.6288436
1264.70733292
1274.62087726
1284.62423447
-3907.23149994
-4641.79258526
-5367.19361301
-6106.96032245
-6837.30367188
1746.70365506
5034.06930974
8322.02362332
11570.8321197
939.994724974
-9532.48510233
-5210.56943877
-942.548539107
3409.99530352
7707.09519732
4124.22827374
4795.48773075
5466.86738822
6130.25371524
611.856149002
-5783.40196169
-6442.23839425
-7092.85906401
-7756.36448177
7547.20497379
10805.9560718
14108.7683236
5340.63111857
463.995289701
-4456.82096886
-21413.2657073
-8173.09145411
4901.97636927
18235.9799471
9691.39795253
8430.19097978
7151.93139006
4329.09830311
322.054533036
-3721.29149986
-3031.94171889
-3331.11817489
-3626.56386756
-3927.86050146
6267.20694061
8170.24409528
10099.0119701
3775.89185163
208.113829465
-3391.98687817
-13374.0010599
-4561.52328927
4141.06191381
13015.9911916
6885.47851106
5784.37366871
4668.38092966
2719.1133694
-18.3147163721
-2780.54283916
-594.934075273
-575.554552025
-556.416693565
-536.899833184
5133.49439693
5835.7563446
6547.51348558
2389.97992948
-18.5240353152
-2448.84811213
-6253.50951494
-1362.70577185
3467.1091104
8392.57257952
4400.23557719
3440.9354789
2468.66480759
1293.12671383
-319.784622991
-1947.30831111
2392.36561691
2802.23311471
3206.98951972
3619.76163115
3743.78224661
2974.12619862
2194.06373038
691.120153938
-296.338192143
-1292.74252795
2474.83495947
2558.42537855
2640.9734159
2725.15621634
1353.80875503
568.33382688
-227.76140656
-454.856928489
-689.328379492
-925.924050924
6637.47570579
7602.24716745
8554.98782281
9526.59634363
10485.8282371
-1092.40085094
-3992.41750071
-6892.95344793
-9758.95611425
350.144354829
14878.2718442
8130.55911858
1466.99111318
-5328.54072081
-12037.509126
-3513.7843102
-4059.52497404
-4605.36336205
-5144.70309232
525.51673987
106.203725202
-19.5923238293
-143.819682287
-270.507211905
1204.61828581
1010.55657681
813.870984453
353.005172747
-106.28198743
-569.73011119
-1441.70216777
-214.107305945
998.179312871
2234.47378805
909.781277688
717.397507327
522.412540796
253.969927869
-119.851475354
-497.059555542
342.650592665
286.212248598
230.477696892
173.639390437
1086.70506628
902.253198174
715.307380129
356.132716413
-6.06573809379
-371.545570155
-691.234352326
128.038628605
937.095185312
1762.17411932
783.931983522
617.823275178
449.468632393
247.777708299
-31.2531172264
-312.811853836
552.07496099
557.067727034
561.998232736
1070.72050233
982.267643266
806.327348524
628.008187728
358.902826517
82.6972256044
-196.010690953
-26.5342872188
431.082170634
882.992100903
807.000400481
672.465465832
529.628955275
384.861170664
242.293170964
47.2197142585
-149.621032325
808.788702808
889.084119955
968.378244416
1049.2426922
854.24757635
688.740823148
520.996274462
362.298445354
191.50343917
19.1610964555
788.259340977
802.554899574
816.672190982
831.069058111
535.829089308
421.519788942
305.664927255
235.570189716
143.412217369
50.4193295269
1173.59244118
1360.89688884
1545.86562943
1734.4974501
1920.72642466
521.644181823
368.926713505
216.181898519
65.255636966
324.931531194
1946.12397052
1330.43719859
722.428108464
102.378140641
-509.773453282
267.890973627
193.122897147
118.341432167
44.450302416
334.687212159
756.861846336
689.953789622
623.880083737
556.497868779
503.916786091
-71.596723432
-654.891676958
-198.006134182
-169.283750433
-140.301153024
764.669650584
665.166782557
566.904726244
466.696709876
-60.373688524
-134.678501879
-209.98798104
-196.232600615
-168.671336721
-140.860378463
715.46093172
685.839242661
656.586939324
626.755329834
514.385662351
99.3170505036
-321.36365056
-21.6674576467
-29.7273688416
-37.8602997066
709.902768801
646.121113009
583.134821483
518.901163355
109.859556491
47.0451704097
-16.6185208914
-25.2447491339
-32.6824957006
-40.1876253671
678.791550204
682.194929639
685.555868558
630.95531233
523.65809561
250.697821704
-25.9531128931
134.518227285
93.8797119966
52.8730275177
661.394959222
629.252091409
597.510048695
500.726587618
260.637573504
208.000423008
154.651572383
126.201633606
87.7647634889
48.9796702321
633.841985765
677.727707225
721.066168909
765.262895914
535.024304121
436.261347691
336.163030053
325.971647523
245.398069153
164.094525405
601.933773287
608.5739359
615.131294955
621.8185145
445.46223952
405.300410064
364.595557687
311.845586643
235.409790883
158.28151645
569.96628893
671.379549058
771.528174672
873.660121543
974.491082452
699.95688462
850.749127925
1001.56837315
1150.59199045
322.146127667
517.436298536
579.189188597
640.172013324
702.362528439
763.760842979
685.67407588
662.937010487
640.195873634
617.725488837
313.605192656
1378.53229568
1367.88869408
1357.37781935
1346.65878958
-165.567543758
-1105.53867632
-2058.21903744
-724.469165456
-229.478702349
269.99618242
2872.74471366
1505.2680584
154.843987505
-1222.32358334
-987.306979901
-948.79340849
-909.759100042
-626.378016603
-215.3162093
199.469658587
1071.66208172
1067.66233055
1063.71245672
1059.68436046
-32.4361622815
-667.847239786
-1311.84962859
-382.636138961
-52.3348429382
280.958854751
2048.61739542
1141.12234395
244.94385562
-668.982353496
-534.182060751
-498.304021962
-461.940880833
-286.103698376
-34.048193491
220.290836533
799.862749345
801.747551427
803.60884982
210.782237722
85.4802041689
-280.177681715
-650.779580756
-79.8697440648
104.564003969
290.668650245
1318.67605641
818.593282573
324.74659595
208.097674397
-132.842846647
-99.2991367513
-65.3018866762
15.2821263401
126.503477654
238.732451285
466.68937418
475.787499599
484.772170393
493.934771623
230.022846915
195.030163663
159.56434885
291.26325613
296.891622758
302.570980205
423.909253759
423.23507831
422.569309903
421.890356765
359.121351287
389.803625765
420.900751322
384.722814701
323.308751961
261.338301626
-6.76752737026
12.58111016
31.6884680511
51.1742238365
70.4117644894
870.325522884
1311.1057225
1751.96485133
2187.57518739
319.484817516
-847.601465802
-138.589738274
561.580534994
1275.61682567
1980.55751777
1084.84439355
1111.82028953
1138.801016
1165.4605146
293.462404743
1980.19860679
2024.00898025
2067.27303353
2111.39387856
-813.509178274
-2106.21040093
-3416.39007024
-1233.99164685
-287.736698534
667.090952697
4912.9860474
2318.33651954
-243.957443201
-2856.99450949
-1884.41337228
-1736.7116909
-1587.01295412
-1042.68219504
-260.460141179
528.848541184
1416.40137591
1437.19909882
1457.73747185
1478.68258227
-561.662330908
-1410.32568481
-2270.46370656
-731.989554645
-74.2148527687
589.519032854
3344.25480566
1620.19540415
-82.3647869142
-1818.64210386
-1157.49967935
-1026.10494475
-892.933638874
-538.568717218
-35.3699457996
472.387611372
917.038114275
917.45320385
917.863117213
918.281148409
-338.597980385
-793.970650532
-1255.50035587
-287.359130125
114.904496338
520.812475278
1954.80713441
1001.84184481
60.7601372255
-898.958544581
-513.661837049
-396.710398164
-278.177673944
-92.0682082885
163.995655822
422.379359253
304.915406464
280.345332591
256.081650244
231.337455292
-65.1642603879
-38.4386730322
-11.3517324536
257.671712836
346.728214598
436.591533733
251.613214818
243.860062388
236.203592623
228.395495821
275.558743839
374.805497652
475.394154034
455.254996206
408.37929652
361.078921171
-564.943178321
-625.018484461
-684.344644922
-744.845687559
-804.576050603
1035.21203184
1756.64894293
2478.21503962
3191.19029476
316.909143117
-2168.71498671
-833.271944209
485.517976608
1830.42492166
3158.20005723
1471.17019171
1546.25938327
1621.36202083
1695.57049933
273.967772319
2610.27271161
2711.10811532
2810.68609046
2912.23608581
-1492.04350504
-3154.12903866
-4838.68741661
-1767.57133283
-348.745357516
1082.93463099
7049.55777869
3169.79416866
-661.588362227
-4568.84674629
-2823.87682016
-2561.83169064
-2296.24348268
-1478.64225749
-307.735552719
873.779112779
1777.41760397
1824.1836186
1870.36645589
1917.46388788
-1115.87601762
-2187.86039626
-3274.33893756
-1097.83776085
-97.127931585
912.647940711
4701.06599214
2121.88799352
-425.127371654
-3022.58326641
-1810.24736243
-1578.82609236
-1344.27580511
-802.953921791
-36.7541049046
736.387185228
1039.7459372
1038.62192151
1037.51192241
1036.37994113
-782.699100184
-1332.02245585
-1888.77314183
-504.645168529
125.733217097
761.822586467
2620.97326691
1193.7425241
-215.690494289
-1653.03561279
-912.461271301
-708.163991028
-501.104433555
-204.48711017
203.258034588
614.697192253
135.503248908
75.6753250652
16.5934620159
-43.6584451963
-374.288685266
-282.930786966
-190.337650295
222.494138191
398.917850965
576.939894168
71.1821843664
56.0158196601
41.0385811905
25.7647367992
188.050711377
359.099229958
532.460473519
529.117368591
497.466463643
465.528813769
-1149.47320288
-1292.72246988
-1434.18540275
-1578.4498363
-1720.87658821
1207.88368988
2223.22857452
3238.75527399
4242.19128767
314.211857743
-3552.20514346
-1560.75370771
405.864109504
2411.42839148
4391.4452218
1875.73643873
2001.21060462
2126.70723881
2250.7097317
253.552696975
3239.73227729
3397.53709222
3553.37406375
3712.29719623
-2169.91602727
-4201.02559499
-6259.59753346
-2300.63059495
-409.694512054
1498.37271854
9184.04561707
4020.42135348
-1078.81194734
-6279.02933788
-3762.42396779
-3386.14691434
-3004.78226734
-1914.17710881
-354.964854458
1218.37325833
2138.08171693
2210.79069526
2282.59298463
2355.81723067
-1669.5491552
-2964.63674372
-4277.23504464
-1463.32913912
-120.018662262
1235.46168665
6056.55382065
2623.09125991
-767.555644882
-4225.35017188
-2462.35839182
-2131.00814658
-1795.17775737
-1067.08125978
-38.1369139779
1000.12926862
1162.33407776
1159.67245795
1157.04402883
1154.36354688
-1226.36706852
-1869.54947545
-2521.42826883
-721.719278249
136.551376125
1002.59762983
3286.48965811
1385.45603418
-491.871491274
-2406.37719628
-1310.87173882
-1019.31380943
-723.813762835
-316.796364924
242.482119018
806.827449164
-33.7436734759
-128.795058749
-222.661142788
-318.386130018
-683.111607418
-527.184436925
-369.148995253
187.35087379
451.056584471
717.151366637
-109.072863719
-131.645210269
-153.936077173
-176.66838748
100.628029369
343.408281282
589.471133698
602.907699737
586.466740111
569.876831765
-1733.43310945
-1959.77521406
-2183.29480772
-2411.24093403
-2636.28341737
1380.38693361
2689.35313036
3998.55371983
5292.16719281
311.51720315
-4934.34592105
-2287.52592606
326.287932339
2991.86518292
5623.48754781
2279.90809439
2455.71809193
2631.55957124
2805.30751222
233.157533356
3868.53947719
4083.2546608
4295.29232245
4511.5291311
-2847.086009
-5246.83715792
-7679.0350329
-2833.13739963
-470.580499481
1913.3802501
11316.321293
4870.16695656
-1495.603126
-7987.43951287
-4699.99841428
-4209.60782577
-3712.58672929
-2349.26057604
-402.145208208
1562.61026986
2498.37204112
2596.9970961
2694.3922858
2793.71626832
-2222.64847133
-3740.60804773
-5279.09175996
-1828.44172568
-142.885669208
1557.94087156
7410.63683476
3123.77508411
-1109.62902878
-5426.87054144
-3113.79357968
-2682.6179247
-2245.61239924
-1330.93485876
-39.5182899214
1263.59801228
1284.79516917
1280.5975388
1276.45225334
1272.22487557
-1669.57522368
-2406.51940727
-3153.42771821
-938.568414474
147.358323319
1243.12313629
3951.31631459
1576.97085424
-767.76625696
-3158.93802388
-1708.86929761
-1330.14115518
-946.292278333
-428.989223458
281.66555199
998.758584146
-202.815189996
-333.053531446
-461.667786448
-592.82908974
-991.614468497
-771.184944778
-547.775021873
152.244031527
503.141281901
857.217525301
-289.141097227
-319.111750132
-348.708665697
-378.891712039
13.2959513784
327.733594553
646.422708583
676.621555302
675.374777558
674.116704491
-2316.78780565
-2626.13663127
-2931.62784299
-3243.16893518
-3550.74152779
1552.71139666
3154.99459924
4757.56471795
6341.05491314
308.825341271
-6315.05426139
-3013.54492476
246.794227151
3571.70041532
6854.25299713
2683.66087049
2909.7545321
3135.88867963
3359.33051299
212.783507087
-4050.06366023
-3726.12010105
-3406.21615369
-3079.97689923
7094.74999845
6527.40104352
5952.38103647
3596.89474079
1215.56988517
-1187.32885028
-12782.8952542
-3625.90484631
5416.89688359
14638.7802611
6009.33877299
5205.02359486
4389.83337484
3115.46079266
1153.4747615
-826.286102331
-2357.13171231
-2088.39786845
-1823.01516519
-1552.3768815
5388.1238007
4934.19992999
4474.13861312
2808.18377304
1108.62476155
-606.331595581
-8064.27306844
-1945.19099048
4097.58546063
10260.0317216
4466.80240502
3899.17374941
3323.87025988
2409.59456696
1013.27399407
-395.696701782
-857.677701302
-637.843891005
-420.751432512
-199.359722934
3876.54059697
3523.07894373
3164.83818101
2109.61120161
1013.90193777
-91.7340271292
-3884.92198961
-456.558718173
2929.05248601
6381.71158651
3100.55590768
2742.56388629
2379.73150091
1784.39876706
889.096171491
-14.317518439
980.362699295
1140.25453296
1298.15249786
1459.17743918
2023.6321537
1793.31773476
1559.88926423
1253.29643663
897.790089274
539.062992263
1238.15352638
1368.2163253
1496.6572268
1627.64174354
1425.80213675
1324.78405409
1222.40011895
1018.02972202
736.878195424
453.179545014
3592.31484751
3667.02597754
3740.80545155
3816.04603797
3890.32818827
-664.763983251
-720.827617504
-776.901290906
-832.307360821
1435.45875666
8518.31347016
3961.31770287
-538.851825759
-5128.14171751
-9658.97192153
-689.95570746
-422.228686991
-154.453725431
110.133153603
1117.51747729
127.975131166
89.7071151711
84.3874917355
1064.35249455
1057.85700874
954.786571137
783.613733825
576.511219648
281.465519173
37.0033048924
104.854769392
76.4302209995
921.932187052
980.630181574
905.295002349
790.504392549
668.544065889
509.241927663
260.949287917
36.1787496869
286.03868443
303.95768373
321.653231137
982.243550466
965.598482721
869.540961881
772.184659679
555.365662856
312.644898298
67.725177729
-290.185228099
291.182935178
865.301373486
889.094656449
819.61596831
723.84594181
626.781021122
489.591936295
285.429151668
79.416731376
455.161196655
493.722473025
531.802886036
909.518485705
883.883788247
794.037707968
702.976830415
536.636741126
340.260919809
44.8248552161
143.427855057
481.392482022
815.142652899
808.020334196
743.728823875
664.805599726
584.815264834
472.187658227
307.111316704
44.5252067102
601.959099149
726.337376032
789.405688815
820.371632128
783.717388569
701.485332204
614.510489703
513.678708037
374.112817145
49.3281720691
636.282331008
714.552571701
753.657769599
708.638906918
650.705872632
592.433567495
530.028226957
450.853381885
333.689454491
49.3307425721
957.073168419
1056.89539609
1155.47282961
1256.00246883
1355.25153275
569.963535066
497.585853244
425.195210965
353.666439191
362.849123922
1430.27958571
1045.88533072
666.284514383
279.166167346
-103.020955425
489.58910064
460.271730043
430.949109671
401.975599361
321.935895495
666.612734592
511.26317496
470.014260368
446.049958963
390.927224474
339.148266102
292.40760523
242.832333242
178.269715577
37.4751450213
651.405768623
485.448159852
425.34796062
381.33508759
341.422358484
302.807435811
264.15378745
221.31815821
162.346940225
36.4489915794
578.044699028
568.254760889
558.586904356
536.733639854
477.017045008
420.49504814
363.208824636
306.484077779
224.708491378
142.192049872
568.662317329
538.247837988
508.212630551
460.79985619
416.690611249
373.049481891
328.818286447
277.478363561
205.020006674
131.905205168
600.197950575
618.733022712
637.03696046
617.0534715
553.26802891
492.545055088
431.001053762
362.861337226
265.839978515
45.5730773793
588.462494139
585.013267194
581.60705249
531.18293695
483.356777983
435.263865563
386.52069507
327.22025973
242.816151242
44.8257962506
127.843202527
680.609601721
733.201545362
715.510039324
646.736976919
580.864418444
513.494537919
431.96894558
316.259220813
50.2355232824
559.629311433
642.338632028
671.574408415
617.45897143
565.076595271
511.52665845
456.247525229
388.194196968
289.146909101
49.6488050007
665.943084198
768.539477155
869.856481801
973.179946024
1075.1872464
706.37088216
632.19089504
557.997624727
484.687686699
244.351858494
647.224309185
723.800992581
799.422756309
876.542116738
952.679108689
619.900100974
557.766552918
495.621878791
434.217088439
234.043488985
990.570229554
914.038359965
838.460851212
761.386622173
-246.289964096
-249.062545838
-251.872615301
-75.9807215907
79.6714202377
236.733710117
374.059828242
359.335358299
309.313172223
282.088529069
261.725499167
237.463199209
210.50058189
177.731862678
132.919180501
36.6852159385
857.041463091
820.777056981
784.964872005
111.071779464
10.2025504821
-8.54528180621
-27.5466011191
68.6904934
140.689766599
213.341325295
1389.24707935
774.305675675
167.032658969
51.5861504312
31.7161067553
37.8814638738
44.1301819914
74.8147284022
128.19319444
182.055248683
738.773127082
738.174188623
737.582718992
337.618156863
237.381634823
204.484294908
171.142154299
196.827855249
194.734587662
46.2879652648
1013.67025697
684.017610625
358.475769056
266.679008462
234.584647874
215.9485164
197.060408194
188.71134877
181.385419641
45.1129941332
593.79903778
636.919059668
679.501370138
722.926971277
515.859222079
465.617324429
414.696112555
353.899460096
260.983077997
167.224909505
580.628438092
602.866019514
584.457679167
535.217140946
491.500357891
445.784448584
396.734509624
336.35190966
250.62850805
50.15198725
387.783226666
493.030192206
596.964716503
702.957537158
807.600190937
836.701103221
760.799105864
684.88351696
609.871765968
131.133801494
-100.94482882
416.0659337
926.629515119
1447.30418491
1961.34635177
744.405575511
650.917853697
557.413391312
465.022176935
150.06680434
1414.02840288
1303.85302788
1195.05155194
1084.0953956
-863.002750783
-818.345885174
-773.08521984
-384.534996342
-15.7541749471
356.367657694
3039.4946985
1254.4644282
-508.306318215
-2305.98658704
-718.744434258
-614.137417039
-508.11602182
-320.022555046
-23.0405508101
276.631995229
1127.06065738
1065.17367985
1004.05843975
941.732886935
-441.590767321
-423.779933709
-405.728282111
-161.451358874
59.3745999313
282.201156298
2183.42702989
1002.76763419
-163.16880893
-1352.19519978
-340.870671706
-286.501503359
-231.397216492
-121.327587657
53.8385186494
230.591561958
872.889225646
853.7719716
834.893111816
67.1745237036
-68.3401533974
-74.3072338398
-80.3549944081
36.1370057397
125.917229109
216.51082649
1425.19566626
779.836188067
142.524413581
10.6862986704
-6.18248201726
3.69030590092
13.6965825124
54.6593834582
121.931408742
189.81289249
561.324244816
594.634393741
627.529161444
661.075369859
389.192857218
354.078656322
318.48968084
278.342097847
207.485613263
135.987196403
523.555136344
487.489543366
453.422150292
424.246285434
389.0012465
350.551249911
310.923260448
263.520453756
197.083842944
47.703599867
118.574008899
226.386256783
332.854074074
441.430356495
548.623563166
962.837552868
885.268956193
807.686469538
731.027666593
21.5588799641
-825.039348378
118.233186674
1049.74300942
1999.70024689
2937.55665727
864.904707575
741.071727945
617.216573907
494.83601798
68.7923250373
1857.48023749
1712.07287234
1568.47875302
1422.0409275
-1508.8337535
-1414.50804982
-1318.90698045
-707.657722119
-115.685308457
481.650145736
4323.59968274
1650.54280378
-989.180761759
-3681.1808296
-1264.77857996
-1086.40574577
-905.621155468
-598.837658404
-118.523545546
366.142026931
1409.82886125
1321.10953755
1233.49655357
1144.14850142
-914.71559586
-858.619971717
-801.765885867
-402.45940416
-25.7798783916
354.312217822
3015.10434365
1242.0164692
-508.960804355
-2294.61404499
-731.049208505
-626.20027646
-519.933695516
-326.730801911
-24.0268278453
281.419526851
1013.33764229
974.827726733
936.798034057
898.015209749
-388.496656233
-366.261959683
-343.726630666
-132.140893968
53.8506453803
241.527195957
1856.15132904
880.17885857
-83.623127797
-1066.51203577
-258.317479502
-218.589717931
-178.324802416
-85.7218718736
59.6702649757
206.379598209
527.316148087
550.353248961
573.103074651
596.303432863
256.545914922
237.27366797
217.740843451
199.217279816
151.462255165
103.274588508
393.299956357
372.32497117
347.611470616
328.910911782
300.836875194
268.362466849
237.871079859
202.201912186
152.196632584
45.4374476159
-163.345975259
-52.8473247162
56.2733954952
167.555118342
277.419302762
1094.9295599
1015.61567509
936.287587778
857.903966996
-93.189643129
-1583.3221337
-193.66179233
1178.66933167
2578.17779805
3959.85892516
991.09322996
835.482235172
679.843375581
526.057525418
-16.3195448588
2300.49955392
2119.89456192
1941.54173405
1759.65684617
-2154.03484868
-2010.08875113
-1864.19637695
-1030.46529201
-215.518974711
606.810440225
5606.45222258
2046.2348666
-1469.58618719
-5055.03378437
-1810.2801544
-1558.2134503
-1302.73858478
-877.380821059
-213.913411494
455.564755541
1692.32126879
1576.79576968
1462.71088625
1346.366691
-1387.37896483
-1293.035891
-1197.41721663
-643.232383639
-110.851301785
426.352946239
3845.97048575
1481.03195424
-854.415533551
-3236.11370742
-1120.84718692
-965.567726321
-808.188752148
-531.933677323
-101.816228823
332.197916981
1153.64907339
1095.76541083
1038.60356392
980.309696418
-708.340896269
-657.931929168
-606.841388918
-300.254664796
-18.1456486218
266.519165851
2286.68666169
980.423660427
-309.550097474
-1625.07021068
-510.20655857
-440.652942224
-370.158900393
-225.966207157
-2.53015274309
222.930145686
493.34122096
506.115293539
518.730072028
531.594670803
124.028349057
120.582604691
117.090270859
120.16963572
95.4935391267
70.5938866666
298.30065877
283.921451207
263.030472425
248.660376141
224.564283859
198.323815445
178.563602506
154.269318399
118.327998923
44.443766459
-444.990990385
-331.808557352
-220.037521712
-106.052997177
6.47955987112
1226.89273175
1145.83526107
1064.76327566
984.65651933
-207.826246912
-2340.86533227
-505.252566363
1307.46990637
3156.09113447
4981.16409643
1117.1586751
929.800659655
742.409094564
557.248581138
-101.348401383
2743.05972944
2527.29358907
2314.21807622
2096.92286299
-2798.56726371
-2605.0521984
-2408.92064083
-1352.93830727
-315.249174325
731.841019802
6887.97522653
2441.51683802
-1949.4937251
-6427.46289132
-2355.21637632
-2029.53217792
-1699.44444544
-1155.63530429
-309.204416313
544.894807304
1974.52090395
1832.21701108
1691.68766343
1548.37530362
-1859.55247007
-1727.00158585
-1592.6584982
-883.755828343
-195.834557983
498.319012345
4675.97552625
1719.79972595
-1199.51223683
-4176.63760875
-1510.24118249
-1304.58345906
-1096.14506404
-736.923882472
-179.525009623
382.923680882
1293.81508708
1216.57775629
1140.30358352
1062.51889388
-1027.85365285
-949.299614733
-869.683457593
-468.194204148
-90.0673263651
291.485234311
2716.77579172
1080.56456955
-535.242918637
-2183.04950134
-761.834582248
-662.486022351
-561.794183377
-366.065194576
-64.6661065541
239.463540337
459.401505117
461.923185905
464.413421056
466.952972274
-8.35187689242
4.01247889353
16.5440115408
41.2039158331
39.582828521
37.9470547864
236.611330236
220.232162153
204.773803516
191.471061839
175.275253001
157.716633956
143.886922864
125.626729056
97.7979080584
41.5460737234
-726.344111357
-610.480677279
-496.062072974
-379.377547907
-264.179383706
1358.71913826
1275.91988873
1193.10581259
1111.27770655
-322.344042433
-3097.62342045
-816.52041075
1436.13699341
3733.40552712
6001.41079695
1243.09346723
1024.02133344
804.909971045
588.407310752
-186.289134828
-2316.72535878
-1010.00180784
280.426756632
1596.4106833
6642.2950231
2248.84601519
-2204.00625063
1853.15836301
1967.14448064
2082.16326829
-4152.52480109
921.281761481
5931.81739791
11041.5805751
2327.27959345
1979.85620993
1627.73535962
1901.8232822
1984.89498997
2068.7192952
-1682.32170574
-845.677562007
-19.4664628103
823.10673846
4509.04066079
1698.15576471
-1150.73474385
1840.47569446
2009.13569364
2179.32368701
-2754.54507702
671.141308309
4054.10900746
7504.07225152
2048.12629898
2013.97383011
1979.3595901
2100.07576452
2044.86270452
1989.14943559
-1120.42132733
-700.133229985
-285.08617146
138.180387316
2619.58679702
1210.40154285
-217.837123557
1829.24247374
2046.32791086
2265.38005787
-1516.33446427
449.5883355
2390.99586163
4370.85059349
1800.87623817
2044.19229369
2290.79819423
2275.67082029
2097.97696597
1918.67327423
-431.640218316
-521.724048796
-610.684523997
-701.406752795
303.482060788
612.509270896
925.714798092
1815.47271931
2091.91837069
2370.86851248
1.47209329541
178.007272056
352.341037711
530.127270747
1497.79551847
2081.2342813
2672.56164446
2490.91637253
2163.08477034
1832.28314095
547.153989231
-268.19521237
-1073.37691971
-1894.50426769
-2705.17186057
-237.127115565
2550.7622657
5339.15086612
8094.34139261
2520.7731585
2158.35509615
-207.923712838
-2544.6947647
-4927.74271421
-7280.4347171
2133.87289528
3215.06760006
4296.45591119
5364.96939953
1709.51821471
83.9840999241
199.006554172
312.594665758
428.432251211
911.095731675
899.016565464
886.774078404
800.017266549
669.213025776
537.223749302
191.717445659
132.032082078
141.578379662
144.553315816
140.868517667
137.10452712
1243.66400922
1146.33741852
908.539947016
33.7040023801
229.426776194
321.703118862
412.828765382
805.221462693
844.491899165
836.828725588
829.061939228
754.598609299
631.35553469
506.995925613
110.863896128
454.327241751
793.50756166
857.642571516
855.299953097
829.868608441
804.093409851
731.406164292
602.111420562
471.645316588
358.247432319
430.377219016
501.607539336
748.31646908
785.499933228
781.748067412
777.945473102
714.370655734
597.824614014
43.4319534851
313.389997333
531.702793409
747.293204895
809.040267912
814.992181918
799.982244178
784.769359004
702.08214549
567.00291915
42.3419352046
516.156623699
563.590632109
610.433133214
658.203292862
713.187200789
714.229841261
715.28657914
665.058970719
556.72219512
447.403930341
563.024830488
721.987277465
797.063794709
858.696171536
74.4669839007
761.955591869
675.826329419
570.851193358
417.732806062
47.5108421441
740.553895658
752.893903345
765.080029778
777.507487566
789.776640842
618.282888309
626.244992984
634.20852341
642.077241415
400.76671665
914.435200908
761.333462845
610.140920302
455.95419405
303.731542433
711.287227653
727.42056294
743.556787175
759.500896307
309.184578831
127.463325348
98.0893622041
861.095757485
972.210567742
991.851512484
952.03683292
800.971656613
606.951414548
339.67327329
36.1997469763
108.934382428
83.4636130113
887.733450646
952.879617451
923.370464038
832.060934427
724.19421532
582.988549216
345.198704608
35.2675383524
440.628466335
450.670279117
460.586869389
463.71655088
439.648427666
741.673045777
1047.78129983
634.635613204
479.144351597
322.244399451
427.421865857
430.374562967
433.290439619
425.603483391
723.521666007
699.053793373
674.255093786
580.201476256
442.722509048
303.998035704
521.604350946
555.271115785
588.518052363
603.151630669
582.877962211
734.392288473
887.955220417
591.204447167
437.800245034
44.522150766
515.530029055
540.774442979
565.704056285
561.639286282
706.075982463
662.527308118
618.389817758
528.238885853
397.867538996
43.5906031163
620.865112726
683.491496217
745.336921815
808.407120557
758.449649717
725.467489197
692.039381135
537.966243637
387.120372473
234.907896207
615.607081891
689.326958016
735.577500399
702.7738759
643.031545981
585.737944011
522.843537962
443.438616606
327.094230544
48.5352917691
761.919879467
865.699405252
968.18478893
1072.69977051
1175.88341034
712.7848797
413.632662155
114.426876301
-181.216617052
166.55758932
777.012319834
868.412796565
958.673499293
1050.72170504
1141.5973744
554.126126069
452.59609535
351.047883947
250.708688041
154.481785314
663.318660959
548.733217562
528.56146817
525.915237034
468.643903343
401.733931734
338.154637222
271.315254577
194.035155184
36.6851107658
691.14238191
523.783186169
484.909597634
452.967063515
409.523057643
359.180736623
308.814114509
250.695380119
177.046947865
35.6663107105
642.420844465
573.891783411
506.217287289
137.426130326
52.8412632457
650.756676174
1256.75642635
520.017125761
333.714376136
145.723795839
729.876763283
407.489007406
89.1214623184
12.8123026966
597.614274262
574.066949709
550.201244815
435.73315518
290.434582372
143.819660834
677.683504818
674.600825818
671.556588165
464.454076004
389.283065476
689.146271531
993.063889355
473.525454563
284.905171355
45.5637783296
708.664457521
549.441938676
392.204942162
325.260342527
602.012142396
531.196169552
459.422703064
362.140571201
236.267361628
44.7836412366
589.377367972
688.480273896
741.013573095
738.279242492
671.102498092
600.256758491
527.684730328
441.973122684
324.012865181
49.4907068833
555.242880418
656.157722542
692.380735606
645.239576079
589.896247659
532.938605892
473.522757949
402.480684729
297.651027423
48.4931879652
782.333980703
973.479274251
1162.24096496
1354.74085048
1544.78861738
803.076683559
210.492489227
-382.197817414
-967.83165545
-57.2172145275
645.711808163
970.721605673
1291.67849524
1618.99154415
1942.13518578
403.966757471
190.015417864
-23.97423338
-235.416160731
6.67120393736
847.858198966
583.697075516
322.830070343
56.7969126328
-912.496323291
469.518630579
1870.21963056
464.921654163
256.22834864
45.6443626904
1166.00334961
190.592336857
-772.65519323
-1754.97866459
446.92450376
508.43685682
570.780910478
402.63708495
214.379039559
24.4154492735
837.719938842
693.148260882
550.379407656
404.783191602
-321.519203733
562.765817391
1459.00714234
409.086836897
192.964052631
-25.1167202576
1022.59925411
385.339864227
-243.972830945
-885.748295698
475.758335941
453.101938034
430.13920589
295.913541904
143.046983099
-11.2044874551
828.740337017
790.09073935
751.923106418
330.21953717
201.91767359
645.356182852
1094.79036706
359.633141604
136.929961881
-87.7908222972
895.584198108
557.830531327
224.288689936
96.4876105097
501.296873015
404.091009966
305.570838969
201.386975205
79.8671616622
-42.7535742719
598.163488175
648.379512772
660.41389562
614.085735125
564.673744437
509.403669898
450.519852615
380.59329535
280.874613642
49.0669153135
587.114077749
600.622790585
581.084955419
538.400296193
497.445064773
451.301518056
400.606241332
339.221012332
251.952598617
48.1331884709
802.091196118
1077.79099803
1350.05279307
1627.70640055
1901.82317693
890.4630739
13.8889694522
-862.842100544
-1729.13496158
-273.791383189
518.636289959
1069.73831756
1613.96804223
2168.97557213
2716.91325732
258.639223443
-64.1159273771
-386.928873014
-705.898463376
-136.383122244
1104.68776338
713.037629351
326.271415591
-68.1542308176
-1525.62400196
325.112939025
2200.87345571
352.255888595
117.374740603
-119.634339515
1597.64158678
131.291438896
-1316.77316129
-2793.5149129
294.319660244
389.020199103
485.001171747
280.966940684
70.6884616257
-141.495058917
1042.24011853
818.035456492
596.626651258
370.83311496
-713.555174103
470.620452831
1670.80716583
292.918952533
45.5681748018
-204.023505066
1329.14269517
362.144944879
-592.794237056
-1566.64482358
348.148945423
326.425539439
304.408414083
149.49231797
-11.299550786
-173.548131525
986.929347385
911.03353196
836.084145705
759.650478364
5.70578771773
599.498536488
1201.3198805
240.363380593
-18.0319263362
-278.768194553
1091.32939117
566.615193036
48.444238695
-479.988458746
395.826312297
270.984555166
144.454828723
33.043366423
-83.9175046363
-201.937995836
576.786630241
553.885879044
523.557065594
491.585132103
456.448417293
412.904421457
364.824909834
308.206301615
228.785795388
47.1145839663
543.335577292
507.706300446
471.062600737
443.173899304
411.074091986
373.215656129
330.922478053
280.062195709
208.31237896
46.1739713052
822.781252362
1187.02782044
1546.73219374
1913.56007298
2275.71519373
981.975429922
-191.997224341
-1366.18009844
-2526.38335368
-500.591144001
385.560876063
1173.43012305
1951.47455383
2744.92720462
3528.27262853
106.450021192
-330.246134279
-767.020487647
-1198.59468087
-286.191786692
1361.26683056
842.252031623
329.709404344
-192.98350389
-2138.15367009
180.848092729
2531.20477956
239.700010932
-21.3434373684
-284.751838091
2028.85882809
72.0483797242
-1860.36042703
-3831.03823087
141.863658981
269.720013736
399.305097789
159.415466691
-72.8619685306
-307.243747249
1246.56082065
942.800844096
642.828787878
336.916151331
-1105.20877445
378.564961721
1882.40061138
176.864371847
-101.683941308
-382.755794172
1635.38715084
338.972648562
-941.27542222
-2246.87724295
220.664017989
199.87269394
178.800253078
3.21390513257
-165.495543668
-335.733434658
1144.96406901
1031.85836371
920.163099008
806.255845955
-190.314724023
553.685617115
1307.74549099
121.209948656
-172.842673369
-469.55929813
1286.88366528
575.391286676
-127.228703674
-843.763225082
290.458621682
138.007924979
-16.5040379508
-135.136049391
-247.542424505
-360.967157791
483.058712081
453.303315134
417.618444605
392.929399671
362.483424079
325.804822566
286.997048136
242.490773349
181.099515022
45.5516088966
436.97659785
408.982326821
378.32185895
355.659045541
327.296928693
295.559624831
262.07673217
222.238720714
166.212350937
44.9811409126
843.451128679
1296.15809936
1743.2197643
2199.13493968
2649.24253711
1073.39852989
-397.682608223
-1869.02716852
-3322.85415415
-727.169696973
252.615256505
1277.02079334
2288.6518804
3320.31708601
4338.84064505
-45.5907441984
-596.116772618
-1146.74138211
-1690.81034994
-435.854336123
1617.57998169
971.332517346
333.143829998
-317.683405119
-2750.04851843
36.7327611166
2861.19375124
127.260785086
-159.917849169
-449.698210497
2459.62916005
12.8667194822
-2403.38432421
-4867.48626976
-10.4343383649
150.54346992
313.697838408
37.9899674634
-216.263624418
-472.820655254
1450.66976677
1067.43692607
688.983041052
303.034338912
-1496.45646881
286.604876027
2093.77476355
60.9300689982
-248.783446757
-561.302846873
1941.31421774
315.824367787
-1289.39544487
-2926.40467606
93.3112146937
73.4510065793
53.3222711501
-142.912906181
-319.531729324
-497.75065052
1302.83500499
1152.55797379
1004.1549137
852.812912197
-386.132082011
507.920177805
1414.06080302
2.18000617735
-327.492976049
-660.152667663
1482.23526884
584.158284858
-302.719580314
-1207.16097879
185.200133117
5.1691104774
-177.296088421
-303.141165694
-410.997765098
-519.831503471
380.49053011
361.285189342
336.669741777
315.564013029
285.151962701
252.340707272
223.429041261
190.495878825
143.77366523
44.6992170573
346.13963238
327.469278168
305.740662004
286.851228167
256.425669839
227.959581557
203.660559533
174.425405261
132.149186432
44.3218235001
864.099582936
1405.17527671
1939.50369704
2484.41383936
3022.38276038
1164.72687986
-603.154821773
-2371.35309278
-4118.49950003
-953.513426137
119.807420494
1380.50410326
2625.47975967
3895.11063892
5148.56859677
-197.473936019
-861.711865213
-1526.06873754
-2182.51589149
-585.361776743
-583.387057323
1706.11648537
3967.06966695
6272.79826583
6189.84004776
-2029.70901313
-10360.3935377
109.421985233
2718.71907611
5351.65538686
4477.84565203
5468.46836928
6446.73791223
7444.38088908
-1354.77958609
-1245.31117499
-1134.3626556
688.18577175
2816.31521844
4963.72469272
-1007.51169916
397.042744435
1784.08223957
3198.59035842
3629.95752087
-1537.88840058
-6775.60810082
872.767615877
2909.64662572
4964.97896959
2555.1829144
3287.4736071
4010.63255428
4748.11278149
-370.549807055
128.773910806
634.848920316
1790.55696209
3076.45141496
4373.99557297
-1383.16495336
-762.422568964
-149.420910407
475.720497566
1362.63299706
-1102.27585803
-3600.51242813
1548.87374588
3078.75388395
4622.49414287
852.253061065
1355.73538917
1852.93923725
2359.98960048
501.196568666
1345.82070108
2201.86488755
2766.94287353
3306.85776045
3851.66406691
-1843.64313593
-2183.70263055
-2519.52154586
-2861.99094477
-1416.66803212
-568.299192966
291.540331949
2377.649002
3286.04665211
4202.67403269
-1235.20933979
-1012.20178119
-791.975151381
-567.38720205
1569.78890019
2837.68450851
4122.72316998
3963.80302303
3589.29134525
3211.38673689
-2498.00686905
-4203.41640228
-5887.55929097
-7605.05457335
-9300.67190941
190.509752121
5822.3521489
11455.2030231
17020.990146
3606.08756033
-4201.60327786
-4377.16512855
-4550.53770364
-4727.34371091
-4901.89751267
4957.70149802
6852.3638871
8747.36554781
10619.8056455
2301.51895213
401.429010916
308.305993172
540.80183978
674.585577703
764.334454609
843.246559791
926.698913137
1023.52331345
1056.96053238
36.1323560945
518.564039063
657.505274888
769.437935415
844.402098629
896.32245167
936.718162993
977.437841884
1019.78592725
1022.55081446
31.0877033997
172.814867959
339.448553994
504.004299628
628.19937492
723.385315609
804.116489295
885.939218778
953.831555742
950.066171082
946.266673498
511.913020355
617.471548324
721.713749834
826.190486582
890.983937885
935.891275073
981.40579858
973.220392289
918.793689456
863.8739018
261.333667984
367.031965007
471.412192636
587.114452455
687.116078208
769.458426856
852.914115788
892.104570343
855.388308218
42.0390517542
483.352139608
582.013104796
679.443756891
810.060201627
886.25553996
935.158888629
984.723453173
931.976632752
826.894521596
40.1586636989
350.783318325
400.843888185
431.460577613
536.752289433
642.657013008
726.974350317
783.037977835
816.439233402
739.331573095
45.4398765279
306.314357486
538.547915955
627.628926832
790.287594262
880.459439279
934.261124601
933.758373207
881.419766223
714.243928735
45.3813378106
524.034622898
448.892410596
374.687229949
299.0125063
224.301748932
666.602241552
754.904132723
843.221835855
930.48804364
438.684309378
398.590816103
476.781594971
553.997326222
632.742220755
710.484040291
932.985354667
994.569395836
1056.16446468
1117.02619325
296.433262168
206.236996782
153.881945637
162.28261363
166.529736821
164.948101241
1160.63824517
1192.45105871
1124.50926809
873.376647597
35.5509911576
164.921295424
126.010914441
142.234429372
162.694259761
1145.0144525
1177.77931119
1166.02602673
1056.41967586
824.383494117
33.6166300271
303.212233643
333.085797345
362.586834421
390.699461906
402.279810324
1062.85104341
1732.35377503
962.78714863
733.580211816
502.29674903
286.181414385
322.501287946
358.368248686
390.407110592
1030.35272077
1025.05810485
1019.69190113
882.924588952
680.425011422
476.09086624
443.010751316
491.809208858
539.999144265
589.249789839
612.487895511
976.239521857
1344.90938707
819.547557108
609.760511553
43.4712241526
442.597563971
496.535618764
549.801060079
592.095635613
928.795186943
889.790750672
850.258940445
729.257511976
552.91892675
42.355409982
472.381435711
686.373390713
757.472298267
832.634062788
870.162322515
870.07055995
787.102279795
643.963541694
457.981524133
48.0313583013
591.839074441
709.868024284
784.460635335
839.326730801
804.305306774
723.979155223
639.47775989
540.891417618
396.621145538
47.3868287439
857.896674735
962.859333349
1066.51309606
1172.21959499
1276.57957429
719.19887724
195.07442927
-329.143872124
-847.120920803
88.763320147
906.800330484
1013.02460055
1117.92424228
1224.90129334
1330.51564011
488.352151163
347.425637781
206.473889103
67.2002876429
74.9200816425
129.643859767
106.398106222
851.500610966
950.73963937
981.434276482
968.546070696
844.084620556
663.983892141
395.204480631
35.5113352439
110.258463886
760.511496337
843.314090791
911.113872225
913.835151954
848.702267466
761.109492773
635.923092914
421.709433134
34.4102178575
427.800225839
327.006509842
227.469702574
163.780481188
95.4799760093
1310.05863415
2541.05945383
971.343758121
526.738985673
78.1062663831
70.5064472141
40.6723391356
11.2102656678
-25.961545038
1163.51244177
1110.25243554
1056.27230764
796.651581958
452.675970303
105.584072984
616.593882554
611.027463014
605.530457337
591.289995144
541.18449613
1173.80824815
1814.98562441
750.223053877
375.075755048
44.8395913943
403.658658075
414.866266728
425.934115267
383.841676591
969.439636918
846.443822703
721.784997933
535.569793631
291.149303614
44.45428834
611.067639528
709.939779544
773.547348266
793.612507548
753.395438263
672.263699092
586.378402111
492.450347745
357.527485958
48.7456283466
572.53541366
684.235406513
753.898127422
764.58833096
702.643082463
632.211745423
558.845387984
473.071097498
347.289241714
47.1092892912
1176.88473474
1453.9283563
1727.51721341
2006.5241638
2281.97704383
769.452263896
-339.81412741
-1449.27915179
-2545.53507687
-245.568230549
1392.36844515
1525.37727765
1656.72747537
1790.67890339
1922.92401979
63.5279394313
-270.887017969
-605.361858072
-935.854498396
-136.724396465
281.687995055
-136.45887685
-549.391411249
-970.501570331
-961.9898958
1757.38314633
4513.52448096
1314.37830467
528.210872227
-265.078932313
-707.487999291
-873.279754483
-1037.00406824
-1203.97074214
1612.59344178
1631.01113068
1649.67784278
1125.29672495
451.798629928
-227.801096682
548.379220307
321.122841911
96.7003755609
-132.166503732
-201.447640146
1549.31156849
3323.74256679
979.625032668
326.553505331
-332.434596813
-138.228521661
-232.087905734
-324.77685296
-419.30139162
1292.38734359
1192.70537943
1091.67562827
713.154671464
232.255447548
-253.000536869
784.591448388
726.4095071
668.953101021
593.264550636
472.175500577
1365.01959954
2269.93572853
683.129277468
147.942694652
-392.092471085
365.972729954
335.824874586
306.052966291
182.288922349
1008.77622805
804.491714032
597.445095426
348.114566952
37.8029145821
-275.320041034
1074.14192152
1223.21251604
1370.42418384
1520.55119899
1297.90709243
1139.11331503
978.172507428
319.682867869
-70.999589406
-465.221478256
568.728972661
667.928366259
702.626796152
664.872972633
606.31718441
547.11151408
484.728596478
408.292003382
301.580276301
47.150992032
1485.60838334
1929.19573927
2367.25151206
2813.9824446
3255.0227907
818.088594932
-857.491017289
-2533.37067063
-4189.29758975
-569.141646342
1862.3119283
2021.24344844
2178.19307504
2338.25089737
2496.26985736
-347.626260689
-869.303582699
-1391.07431993
-1906.63294473
-341.558569526
351.895289263
-285.997613635
-915.935921842
-1558.34938913
-1542.41425043
2064.73392787
5720.65389187
1412.16949931
350.434789662
-720.918824765
-1128.31650917
-1387.95992599
-1644.36556082
-1905.8489962
1853.41790045
1864.44614397
1875.62349896
1160.77153977
259.900468798
-649.132144765
674.651375815
314.961375437
-40.2432510564
-402.482271498
-512.394752345
1799.86087738
4143.38021752
988.297309227
116.916227995
-762.359227954
-356.81895332
-517.72657944
-676.627669758
-838.675602161
1427.34709935
1279.05135534
1128.75052368
625.71543785
1.4277262733
-628.515789902
960.521052475
847.239337187
735.370257354
621.285746979
399.908231669
1565.25903266
2746.36639167
612.867655155
-89.9144980526
-799.063585063
326.507453294
253.051527502
180.511605187
106.535118277
1049.9701041
760.558828263
467.234459862
151.80860472
-227.505274248
-610.25558988
1310.94194645
1499.70909675
1686.12229992
1876.22718898
1518.2151153
1277.68257784
1033.89783094
152.663563066
-343.448936434
-844.05602281
580.919357282
605.436115078
588.150232841
551.514161497
512.950327351
465.574297011
412.260030352
346.465160255
255.838474586
46.0209064397
1808.90847998
2426.90296561
3037.19099199
3659.56502762
4274.01108471
869.021299945
-1399.61012377
-3668.64778465
-5910.67067435
-907.992644872
2354.44388582
2540.52203843
2724.27977599
2911.67661119
3096.68633189
-778.193187577
-1495.97450373
-2213.88435087
-2923.24688715
-556.064028526
422.034107193
-435.390498675
-1282.12292536
-2145.62385395
-2122.2724915
2371.78493659
6926.60593608
1509.86531387
172.832099974
-1176.31411641
-1548.73456639
-1902.13810715
-2251.13466687
-2607.04267736
2094.00747237
2097.65347777
2101.34878035
1196.21175444
68.1894744329
-1070.05225004
800.800372504
308.805918514
-177.053310497
-672.534388338
-823.038584071
2050.16581444
4962.2184394
996.961127332
-92.5165808309
-1191.86453458
-575.196184061
-803.086657113
-1028.13531089
-1257.64077848
1562.17522289
1365.3131142
1165.7892583
538.361487588
-229.174858514
-1003.6647863
1136.27906464
967.951316596
801.722634096
632.201995492
327.711448224
1765.3031634
3222.33237091
542.674562109
-327.539698116
-1205.63776211
287.080668863
170.358912924
55.0926901262
-62.4562394826
1091.12380193
716.668792181
337.150824491
-44.305891624
-492.554696266
-944.864461269
1547.51100983
1775.93599812
2001.51250166
2231.55627244
1738.30826201
1416.11668792
1089.56880308
-14.1928404215
-615.632551561
-1222.52107328
548.266385666
516.312042045
479.305290094
453.967007133
425.729765026
386.990246674
341.776360833
287.18618044
212.41698505
44.8258191113
2131.89324774
2924.12475607
3706.47705031
4504.32287653
5292.00551435
919.904328037
-1941.20047751
-4802.81761269
-7630.36482763
-1246.51314703
2846.09584528
3059.29415303
3269.83385443
3484.54303755
3696.51719367
-1208.34016349
-2122.03420489
-3035.89185879
-3938.86928103
-770.360270862
492.100233933
-584.628554383
-1647.93041623
-2732.28967323
-2701.52977314
2678.51772063
8131.30814332
1607.45987745
-4.58652401347
-1631.2374408
-1968.71690643
-2415.78339906
-2857.27492332
-3307.5096482
2334.34769959
2330.61911776
2326.84012226
1231.61523922
-123.322832522
-1490.53611781
926.8186296
302.656841046
-313.721581322
-942.306625791
-1133.36046755
2300.2113379
5780.2080253
1005.61596634
-301.732335531
-1620.92470609
-793.347090765
-1088.15099038
-1379.27865292
-1676.17174337
1696.86361188
1451.48547222
1202.78960634
451.09807011
-459.538449025
-1378.42498192
1311.85492291
1088.53819128
868.00624388
643.106930511
255.589488824
1965.13997034
3697.80506364
472.554216503
-564.918625733
-1611.79056964
247.694745968
87.7520001686
-70.1962419913
-231.272456243
1132.23484848
672.824243305
207.202006535
-240.217136811
-757.329423641
-1279.12654728
1783.83489534
2051.87662061
2316.57583606
2586.5170963
1958.17330632
1554.40732624
1145.18207837
-180.876315555
-887.534078238
-1600.59388624
467.397959133
438.016775479
400.547172782
376.121741215
347.810633402
315.715985554
279.324419307
235.542819672
174.831977178
44.2240476247
2454.54327723
3420.8312307
4375.06946706
5348.20522664
6308.94490447
970.734621454
-2482.22953228
-5935.81199815
-9348.27670662
-1584.68280984
3337.23826144
3577.52861727
3814.82252593
4056.81575072
4295.72639658
-1638.04133927
-2747.44506387
-3857.04744613
-4953.43909373
-984.434418658
1149.95124413
4422.23477858
7653.71257727
10949.1858484
5737.38507241
-6308.26404146
-18516.7808248
-1634.31439255
3470.29367158
8621.14750544
13108.2161052
10015.6549771
6961.65842655
3847.18120306
-5036.83876564
-4470.47855991
-3896.46067082
-525.451738704
3647.7354469
7858.73009025
-332.701692584
1639.76305088
3587.63094194
5574.07397838
2750.87438096
-4773.93256586
-12400.4814578
-94.9404627073
3810.15755781
7750.63425218
7864.91090582
5903.80590589
3967.15610111
1992.15331146
-2789.22591309
-1756.42600849
-709.661749467
1481.03815965
4108.04012541
6758.84171035
-1645.90857939
-824.711907944
-13.7556493542
813.260607816
105.679197109
-3414.9532589
-6983.1877327
1268.50501801
4111.17985704
6979.60822787
3220.8405864
2261.88244285
1314.88261286
349.128607467
-798.483100843
647.449108474
2112.93158088
3258.21492676
4515.73855494
5784.65485958
-3255.64605354
-3845.68121231
-4428.35856772
-5022.57513674
-3136.81812504
-1749.10765683
-342.634134193
2939.82528469
4480.17493352
6034.4795529
-2471.89077288
-2202.41083443
-1936.29134047
-1664.90167485
1641.78228192
3594.13473573
5572.88469549
5436.68967354
5015.49792017
4590.49033283
-5543.16772733
-8138.63759219
-10701.7416622
-13315.604879
-15896.1719583
618.146619807
9093.9420321
17571.2551802
25947.6388995
4691.40196216
-10561.5616519
-8546.40654425
-6556.38064258
-4526.94470761
-2523.36030824
7781.53010077
10489.6601741
13198.2751844
15874.6418914
2893.51968955
61.7644746463
417.605432172
769.009013802
1127.37171433
617.573177543
787.476554118
959.677172354
1247.02936035
1444.70803898
1644.17760979
574.123398453
608.994307508
685.736598565
739.353227351
780.90191685
811.999735695
839.983251047
870.768785237
897.749142566
498.267307193
116.202959723
357.193989125
595.179833873
837.878697711
602.278732053
771.404253002
942.816498327
1153.06450218
1268.77680747
1385.53742138
912.962144581
780.615854897
649.919938008
516.635748056
926.667922672
1041.9139417
1158.71818731
1215.03462029
1235.47595835
1256.10248701
164.419903649
303.686710998
441.216845935
425.912435829
588.732223189
757.168786299
927.882758475
1069.83848495
1112.95200242
1156.45611165
653.314281884
632.323416183
611.594308887
811.080135342
957.518898003
1070.33553308
1184.67754734
1161.87112001
1086.78612404
1011.02088712
223.52454459
238.097144262
252.488022012
267.163893526
572.126825228
739.718859373
909.576883818
967.819496085
921.94095107
875.646764227
359.704144066
366.681384072
362.423551813
405.564624359
535.275539102
671.581827581
748.049129982
815.365628437
797.690012786
42.3893767306
307.515350137
144.890917846
-15.7055698791
-179.482474967
-341.173142977
714.921594795
883.563272463
1052.2351483
1218.89884586
476.601902106
-117.253568702
192.229727096
497.853732141
809.53024746
1117.23653815
1154.68348168
1261.71822873
1368.77214218
1474.5514902
283.681945504
-58.453685366
-24.8086690245
8.416790261
42.3002392017
51.9585396245
1571.3832347
3111.3518753
1565.34773551
1220.93011361
873.392201594
510.570926438
193.877901345
223.215406058
933.118557852
986.516530719
1039.03961798
1081.63613466
1089.86457832
1007.91469836
31.6389276781
165.79600095
215.501315573
264.586799454
314.644361413
364.911192981
1384.02904105
2416.92625022
1290.93868406
988.016072035
682.349098608
144.940962913
214.628012925
283.446057754
353.62695994
1337.18377552
1351.06241634
1365.12870846
1185.64770165
918.127513796
648.183696775
364.417151687
428.347301931
491.480236167
575.347949008
642.097828811
1218.08675524
1801.86355373
1047.89066705
781.720778071
513.139493107
369.665098887
452.296794549
533.898063874
622.551984945
1151.51439142
1117.05419323
1082.12806313
930.276138099
707.970314503
483.650486345
607.888239687
689.255285209
769.607674719
851.5513452
981.874995313
1014.6736307
1047.91573222
749.960839751
528.842675793
305.721267008
464.233292843
690.993358592
756.803252143
852.969591376
896.313675912
884.370182195
810.706834238
690.071329819
504.888382051
46.6762530567
953.873470004
1060.01926145
1164.84140319
1271.73941947
1377.27573823
725.612874779
-23.4838036152
-772.71462055
-1513.02522455
10.9690509736
1036.58834113
1157.63640453
1277.17498526
1399.08088163
1519.43390582
422.578176258
242.255180213
61.8998942593
-116.308112755
-4.64162202856
-173.315968841
-447.512642365
-718.290053199
-994.429880053
-488.457225111
2320.3658456
5167.16665112
1869.48461
1007.121788
136.946293207
150.696593388
123.685497681
976.732214032
1075.71740341
1135.96570096
1158.15953621
1124.64552046
1011.0536775
795.142237841
33.2631944154
213.179607214
80.1212362727
-51.2778821411
-185.279199666
138.118688773
1969.36059213
3825.3624813
1422.67039048
719.76359521
10.4887369269
-588.863868855
-326.144329134
-66.7009309828
197.880426907
1729.41060928
1646.43792138
1562.34337046
1157.57000874
614.917358235
67.3484851347
555.50426029
547.454100209
539.50432651
718.125914285
693.085926784
1658.47022478
2636.90735947
1026.92065319
465.246338741
-101.516527207
98.6528586285
280.290594779
459.663288373
442.423010656
1336.86713144
1161.69147585
984.147292803
708.999016061
346.031245601
-20.224872118
975.128028578
1120.31373987
1263.68896937
1409.90357024
1373.36834757
1277.37880673
1180.09140367
541.808071994
153.257443714
-238.813302597
596.186704654
703.719919077
780.384327486
821.691558892
788.248934637
711.638958497
623.313842815
522.883898359
384.141848922
47.0029950617
1571.43548878
1934.37743834
2292.79346186
2658.30747712
3019.16547028
735.827844233
-890.120744047
-2516.36048616
-4123.23849829
-433.919246571
2139.02508213
2080.03294962
2021.77645549
1962.36626263
1903.7128538
-276.910878608
-731.789453802
-1186.74948276
-1636.29283606
-280.119996868
-284.482208857
-856.614829215
-1421.61289284
-1997.80005329
-1011.48346831
3045.24766209
7156.82933136
2163.83495517
800.193395814
-575.802227317
-2580.97934819
-1937.15184582
-1301.35294326
-652.962819695
2778.2623798
2753.58540454
2728.57477507
1847.95636494
689.218220297
-480.017642637
259.038501773
-50.9025770597
-356.978656534
-669.116199065
-81.376076558
2535.85731959
5188.47799124
1550.16322844
460.142958031
-639.752473369
-1299.05629744
-849.515675696
-405.580874976
47.1455124593
2109.01635123
1932.30882082
1753.21205065
1130.39580103
321.463911997
-494.796586282
740.442559759
662.728274849
585.983095624
507.718071824
742.433327564
2084.68301624
3445.08108999
1006.62541333
158.955427424
-696.394119872
-163.638738199
113.819217845
387.817242646
667.241463796
1516.25558308
1204.8924181
889.319351882
494.842158699
-4.26133249792
-507.886507797
1330.55075987
1537.50157719
1741.87169504
1950.28911356
1752.26421004
1531.63064439
1308.01392072
340.35325288
-210.242190741
-765.825815586
565.880645386
682.54394104
748.703670395
758.819559886
696.956401108
627.806160191
551.909811537
467.722600363
342.919212065
46.2878419593
2169.12557056
2780.60048052
3384.45023106
4000.25848866
4608.22240447
745.714115964
-1728.87100403
-4203.89924071
-6649.46021792
-864.491909495
3205.98756663
2972.74857932
2742.41810785
2507.5262226
2275.6264574
-953.89174482
-1674.49123802
-2395.21976686
-3107.36742609
-546.734016808
-400.897184852
-1285.03285662
-2158.14325928
-3048.54454745
-1559.20449889
3804.35491671
9240.43432804
2472.08311002
583.494838721
-1322.20331002
-3854.27460513
-2907.21129087
-1971.95796036
-1018.18307951
3412.51614065
3339.87208884
3266.24582618
2040.57613886
449.11247597
-1156.76923061
307.062633097
-188.112705618
-677.113153371
-1175.79765796
-311.234330588
3129.10130193
6615.95326922
1683.67566592
188.264281189
-1320.69495084
-2042.78060181
-1397.59810376
-760.461102459
-110.706380746
2506.54525328
2231.67717124
1953.09263328
1101.93855773
14.1550033326
-1083.48344828
934.112757566
783.445142414
634.656369002
482.921015594
794.11067562
2531.01952883
4291.41290283
985.371929716
-161.797069769
-1319.35897557
-438.314484578
-60.5121380326
312.578971679
693.058695301
1704.11389589
1250.13310136
790.014091001
270.573843016
-371.09304386
-1018.57318392
1702.75484563
1974.38702065
2242.63191256
2516.18906704
2149.04971549
1797.88703278
1441.97632469
129.38670469
-590.904532233
-1317.72132847
545.052179743
658.393667025
691.956187555
659.175164758
609.748256974
550.787566974
487.79763859
410.29317869
301.375583568
45.5443533162
2795.0357076
3666.77811077
4527.64979024
5405.56998226
6272.30697568
756.067169967
-2607.22302321
-5971.11547087
-9294.95799502
-1315.39414574
4323.32689558
3907.6139538
3497.08499815
3078.42601776
2665.10003525
-1662.83639635
-2661.70287318
-3660.7482141
-4647.89909344
-825.936270359
-517.198616172
-1713.03302897
-2893.95525506
-4098.26420401
-2106.39131291
4562.72178045
11322.0070926
2780.03061681
367.007637317
-2067.87639472
-5126.32796088
-3876.32459403
-2641.90890672
-1383.04712385
4046.15128575
3925.58694181
3803.39246292
2233.00804219
209.240917396
-1832.86075283
355.039924361
-325.189007068
-996.935408871
-1681.98492801
-540.868393694
3721.76666716
8042.03626741
1817.05788282
-83.3492203539
-2000.97327499
-2785.77951896
-1945.14596279
-1114.99519956
-268.404314018
2903.6864278
2530.75353446
2152.77826353
1073.50907004
-292.854173359
-1671.59613794
1127.59406026
904.044269478
683.282169184
458.148145029
845.737620471
2976.92070968
5136.91925082
964.139175562
-482.236722863
-1941.71622609
-712.722327551
-234.673460827
237.414083926
718.850746117
1891.78898219
1295.32965938
690.805686933
46.5242661425
-737.566968028
-1528.76176475
2074.59590427
2410.8463504
2742.90371648
3081.53707327
2545.44821848
2063.88372954
1575.80806919
-81.3740784921
-971.195596905
-1869.07855325
569.608986205
598.241113079
576.475382046
546.335348162
516.163293266
471.655425784
416.255832529
348.992529514
256.11092297
44.6410961353
3420.33536681
4552.09141277
5669.73433631
6809.51081339
7934.76849159
766.410126179
-3484.7183468
-7736.60805686
-11937.8755011
-1765.8565971
5439.57643406
4841.56751273
4251.01582846
3648.7689891
3054.19374229
-2371.08958279
-3647.95163716
-4925.04233547
-6186.92821211
-1104.8662056
-633.37951382
-2140.58962611
-3629.00466245
-5146.89594134
-2653.01102785
5320.30268015
13401.4225354
3087.65896981
150.744801142
-2812.7766711
-6397.06297291
-4844.43351759
-3311.16552243
-1747.53302664
4679.12973755
4510.69476561
4339.98240611
2425.24051097
-30.3820406272
-2508.25158037
402.967492427
-462.123243973
-1316.4262037
-2187.64759049
-770.264466292
4313.81779978
9466.64128706
1950.30186368
-354.681224306
-2680.54656531
-3528.00839927
-2492.12634854
-1469.16186097
-425.938810685
3300.41600907
2829.51993786
2352.25694154
1045.1090464
-599.545168726
-2259.09931333
1320.87484082
1024.51840878
731.857574059
433.400948826
897.311059659
3422.35976288
5981.54932425
942.928426828
-802.344275417
-2563.42847161
-986.845776905
-408.65428452
162.327096332
744.616066303
2079.26956385
1340.47937613
591.700101491
-177.293107929
-1103.66108219
-2038.42159109
2446.05159046
2846.85333796
3242.65704357
3646.29915832
2941.43589792
2329.60474991
1709.50111178
-291.916431249
-1351.09253162
-2419.86435676
551.009772033
526.425685704
489.088780828
467.13991896
439.496176735
401.163716641
351.808900449
293.38120748
215.173613863
43.8889570372
4044.98697152
5436.48718469
6810.63523708
8211.99661391
9595.50704856
776.742363052
-4361.30424278
-9500.27090352
-14578.0539132
-2215.85219354
6554.66910238
5774.55313128
5004.16529218
4218.52086253
3442.8841964
-3078.60874252
-4633.17826252
-6188.02615471
-7724.36229598
-1383.50706057
