272.476008214
267.402806149
262.392867472
257.283713076
241.017266224
223.862814381
206.476419405
168.97320207
123.411871724
77.4377733915
358.185199109
351.516186656
344.930337522
338.214063687
316.830894789
294.280392859
271.424988498
222.124877798
162.231919557
101.796354338
301.751951695
296.133663926
290.585436822
284.927333856
266.913153022
247.915556287
228.661095495
187.128378175
136.671751026
85.7580063988
396.022316192
388.648818446
381.367269028
373.941517414
350.299524122
325.366885845
300.097136579
245.589177912
179.369389643
112.549675769
327.682073065
321.580995099
315.555998247
309.411683689
289.849509901
269.219413405
248.310380032
203.208677012
148.41621555
93.1273556338
429.535191323
421.537720888
413.63997979
405.585833572
379.943167246
352.900636776
325.492467736
266.371843728
194.548291719
122.07404618
359.46738313
352.774497828
346.165073542
339.424757678
317.965044139
295.333818903
272.396599787
222.920011069
162.812655935
102.16075147
470.61548987
461.853149689
453.200076854
444.375640476
416.280536237
386.651686304
356.622228509
291.847369566
213.154687813
133.749080877
404.635981644
397.102106969
389.66218054
382.074915451
374.584299117
332.443763559
306.624385754
280.80038455
255.283839451
114.997682396
528.992756227
519.143495879
509.417056892
499.497997655
489.705290234
434.613704054
400.859256976
367.098765588
333.74022079
150.339919656
272.476008214
267.402806149
262.392867472
257.283713076
241.017266224
223.862814381
206.476419405
168.97320207
123.411871724
77.4377733915
358.185199109
351.516186656
344.930337522
338.214063687
316.830894789
294.280392859
271.424988498
222.124877798
162.231919557
101.796354338
301.751951695
296.133663926
290.585436822
284.927333856
266.913153022
247.915556287
228.661095495
187.128378175
136.671751026
85.7580063988
396.022316192
388.648818446
381.367269028
373.941517414
350.299524122
325.366885845
300.097136579
245.589177912
179.369389643
112.549675769
327.682073065
321.580995099
315.555998247
309.411683689
289.849509901
269.219413405
248.310380032
203.208677012
148.41621555
93.1273556338
429.535191323
421.537720888
413.63997979
405.585833572
379.943167246
352.900636776
325.492467736
266.371843728
194.548291719
122.07404618
359.46738313
352.774497828
346.165073542
339.424757678
317.965044139
295.333818903
272.396599787
222.920011069
162.812655935
102.16075147
470.61548987
461.853149689
453.200076854
444.375640476
416.280536237
386.651686304
356.622228509
291.847369566
213.154687813
133.749080877
404.635981644
397.102106969
389.66218054
382.074915451
374.584299117
332.443763559
306.624385754
280.80038455
255.283839451
114.997682396
528.992756227
519.143495879
509.417056892
499.497997655
489.705290234
434.613704054
400.859256976
367.098765588
333.74022079
150.339919656
272.476008214
267.402806149
262.392867472
257.283713076
241.017266224
223.862814381
206.476419405
168.97320207
123.411871724
77.4377733915
358.185199109
351.516186656
344.930337522
338.214063687
316.830894789
294.280392859
271.424988498
222.124877798
162.231919557
101.796354338
301.751951695
296.133663926
290.585436822
284.927333856
266.913153022
247.915556287
228.661095495
187.128378175
136.671751026
85.7580063988
396.022316192
388.648818446
381.367269028
373.941517414
350.299524122
325.366885845
300.097136579
245.589177912
179.369389643
112.549675769
327.682073065
321.580995099
315.555998247
309.411683689
289.849509901
269.219413405
248.310380032
203.208677012
148.41621555
93.1273556338
429.535191323
421.537720888
413.63997979
405.585833572
379.943167246
352.900636776
325.492467736
266.371843728
194.548291719
122.07404618
359.46738313
352.774497828
346.165073542
339.424757678
317.965044139
295.333818903
272.396599787
222.920011069
162.812655935
102.16075147
470.61548987
461.853149689
453.200076854
444.375640476
416.280536237
386.651686304
356.622228509
291.847369566
213.154687813
133.749080877
404.635981644
397.102106969
389.66218054
382.074915451
374.584299117
332.443763559
306.624385754
280.80038455
255.283839451
114.997682396
528.992756227
519.143495879
509.417056892
499.497997655
489.705290234
434.613704054
400.859256976
367.098765588
333.74022079
150.339919656
272.476008214
267.402806149
262.392867472
257.283713076
241.017266224
223.862814381
206.476419405
168.97320207
123.411871724
77.4377733915
358.185199109
351.516186656
344.930337522
338.214063687
316.830894789
294.280392859
271.424988498
222.124877798
162.231919557
101.796354338
301.751951695
296.133663926
290.585436822
284.927333856
266.913153022
247.915556287
228.661095495
187.128378175
136.671751026
85.7580063988
396.022316192
388.648818446
381.367269028
373.941517414
350.299524122
325.366885845
300.097136579
245.589177912
179.369389643
112.549675769
327.682073065
321.580995099
315.555998247
309.411683689
289.849509901
269.219413405
248.310380032
203.208677012
148.41621555
93.1273556338
429.535191323
421.537720888
413.63997979
405.585833572
379.943167246
352.900636776
325.492467736
266.371843728
194.548291719
122.07404618
359.46738313
352.774497828
346.165073542
339.424757678
317.965044139
295.333818903
272.396599787
222.920011069
162.812655935
102.16075147
470.61548987
461.853149689
453.200076854
444.375640476
416.280536237
386.651686304
356.622228509
291.847369566
213.154687813
133.749080877
404.635981644
397.102106969
389.66218054
382.074915451
374.584299117
332.443763559
306.624385754
280.80038455
255.283839451
114.997682396
528.992756227
519.143495879
509.417056892
499.497997655
489.705290234
434.613704054
400.859256976
367.098765588
333.74022079
150.339919656
272.476008214
267.402806149
262.392867472
257.283713076
241.017266224
223.862814381
206.476419405
168.97320207
123.411871724
77.4377733915
358.185199109
351.516186656
344.930337522
338.214063687
316.830894789
294.280392859
271.424988498
222.124877798
162.231919557
101.796354338
301.751951695
296.133663926
290.585436822
284.927333856
266.913153022
247.915556287
228.661095495
187.128378175
136.671751026
85.7580063988
396.022316192
388.648818446
381.367269028
373.941517414
350.299524122
325.366885845
300.097136579
245.589177912
179.369389643
112.549675769
327.682073065
321.580995099
315.555998247
309.411683689
289.849509901
269.219413405
248.310380032
203.208677012
148.41621555
93.1273556338
429.535191323
421.537720888
413.63997979
405.585833572
379.943167246
352.900636776
325.492467736
266.371843728
194.548291719
122.07404618
359.46738313
352.774497828
346.165073542
339.424757678
317.965044139
295.333818903
272.396599787
222.920011069
162.812655935
102.16075147
470.61548987
461.853149689
453.200076854
444.375640476
416.280536237
386.651686304
356.622228509
291.847369566
213.154687813
133.749080877
404.635981644
397.102106969
389.66218054
382.074915451
374.584299117
332.443763559
306.624385754
280.80038455
255.283839451
114.997682396
528.992756227
519.143495879
509.417056892
499.497997655
489.705290234
434.613704054
400.859256976
367.098765588
333.74022079
150.339919656
272.476008214
267.402806149
262.392867472
257.283713076
241.017266224
223.862814381
206.476419405
168.97320207
123.411871724
77.4377733915
358.185199109
351.516186656
344.930337522
338.214063687
316.830894789
294.280392859
271.424988498
222.124877798
162.231919557
101.796354338
301.751951695
296.133663926
290.585436822
284.927333856
266.913153022
247.915556287
228.661095495
187.128378175
136.671751026
85.7580063988
396.022316192
388.648818446
381.367269028
373.941517414
350.299524122
325.366885845
300.097136579
245.589177912
179.369389643
112.549675769
327.682073065
321.580995099
315.555998247
309.411683689
289.849509901
269.219413405
248.310380032
203.208677012
148.41621555
93.1273556338
429.535191323
421.537720888
413.63997979
405.585833572
379.943167246
352.900636776
325.492467736
266.371843728
194.548291719
122.07404618
359.46738313
352.774497828
346.165073542
339.424757678
317.965044139
295.333818903
272.396599787
222.920011069
162.812655935
102.16075147
470.61548987
461.853149689
453.200076854
444.375640476
416.280536237
386.651686304
356.622228509
291.847369566
213.154687813
133.749080877
404.635981644
397.102106969
389.66218054
382.074915451
374.584299117
332.443763559
306.624385754
280.80038455
255.283839451
114.997682396
528.992756227
519.143495879
509.417056892
499.497997655
489.705290234
434.613704054
400.859256976
367.098765588
333.74022079
150.339919656
272.476008214
267.402806149
262.392867472
257.283713076
241.017266224
223.862814381
206.476419405
168.97320207
123.411871724
77.4377733915
358.185199109
351.516186656
344.930337522
338.214063687
316.830894789
294.280392859
271.424988498
222.124877798
162.231919557
101.796354338
301.751951695
296.133663926
290.585436822
284.927333856
266.913153022
247.915556287
228.661095495
187.128378175
136.671751026
85.7580063988
396.022316192
388.648818446
381.367269028
373.941517414
350.299524122
325.366885845
300.097136579
245.589177912
179.369389643
112.549675769
327.682073065
321.580995099
315.555998247
309.411683689
289.849509901
269.219413405
248.310380032
203.208677012
148.41621555
93.1273556338
429.535191323
421.537720888
413.63997979
405.585833572
379.943167246
352.900636776
325.492467736
266.371843728
194.548291719
122.07404618
359.46738313
352.774497828
346.165073542
339.424757678
317.965044139
295.333818903
272.396599787
222.920011069
162.812655935
102.16075147
470.61548987
461.853149689
453.200076854
444.375640476
416.280536237
386.651686304
356.622228509
291.847369566
213.154687813
133.749080877
404.635981644
397.102106969
389.66218054
382.074915451
374.584299117
332.443763559
306.624385754
280.80038455
255.283839451
114.997682396
528.992756227
519.143495879
509.417056892
499.497997655
489.705290234
434.613704054
400.859256976
367.098765588
333.74022079
150.339919656
272.476008214
267.402806149
262.392867472
257.283713076
241.017266224
223.862814381
206.476419405
168.97320207
123.411871724
77.4377733915
358.185199109
351.516186656
344.930337522
338.214063687
316.830894789
294.280392859
271.424988498
222.124877798
162.231919557
101.796354338
301.751951695
296.133663926
290.585436822
284.927333856
266.913153022
247.915556287
228.661095495
187.128378175
136.671751026
85.7580063988
396.022316192
388.648818446
381.367269028
373.941517414
350.299524122
325.366885845
300.097136579
245.589177912
179.369389643
112.549675769
327.682073065
321.580995099
315.555998247
309.411683689
289.849509901
269.219413405
248.310380032
203.208677012
148.41621555
93.1273556338
429.535191323
421.537720888
413.63997979
405.585833572
379.943167246
352.900636776
325.492467736
266.371843728
194.548291719
122.07404618
359.46738313
352.774497828
346.165073542
339.424757678
317.965044139
295.333818903
272.396599787
222.920011069
162.812655935
102.16075147
470.61548987
461.853149689
453.200076854
444.375640476
416.280536237
386.651686304
356.622228509
291.847369566
213.154687813
133.749080877
404.635981644
397.102106969
389.66218054
382.074915451
374.584299117
332.443763559
306.624385754
280.80038455
255.283839451
114.997682396
528.992756227
519.143495879
509.417056892
499.497997655
489.705290234
434.613704054
400.859256976
367.098765588
333.74022079
150.339919656
272.476008214
267.402806149
262.392867472
257.283713076
241.017266224
223.862814381
206.476419405
168.97320207
123.411871724
77.4377733915
358.185199109
351.516186656
344.930337522
338.214063687
316.830894789
294.280392859
271.424988498
222.124877798
162.231919557
101.796354338
301.751951695
296.133663926
290.585436822
284.927333856
266.913153022
247.915556287
228.661095495
187.128378175
136.671751026
85.7580063988
396.022316192
388.648818446
381.367269028
373.941517414
350.299524122
325.366885845
300.097136579
245.589177912
179.369389643
112.549675769
327.682073065
321.580995099
315.555998247
309.411683689
289.849509901
269.219413405
248.310380032
203.208677012
148.41621555
93.1273556338
429.535191323
421.537720888
413.63997979
405.585833572
379.943167246
352.900636776
325.492467736
266.371843728
194.548291719
122.07404618
359.46738313
352.774497828
346.165073542
339.424757678
317.965044139
295.333818903
272.396599787
222.920011069
162.812655935
102.16075147
470.61548987
461.853149689
453.200076854
444.375640476
416.280536237
386.651686304
356.622228509
291.847369566
213.154687813
133.749080877
404.635981644
397.102106969
389.66218054
382.074915451
374.584299117
332.443763559
306.624385754
280.80038455
255.283839451
114.997682396
528.992756227
519.143495879
509.417056892
499.497997655
489.705290234
434.613704054
400.859256976
367.098765588
333.74022079
150.339919656
272.476008214
267.402806149
262.392867472
257.283713076
241.017266224
223.862814381
206.476419405
168.97320207
123.411871724
77.4377733915
358.185199109
351.516186656
344.930337522
338.214063687
316.830894789
294.280392859
271.424988498
222.124877798
162.231919557
101.796354338
301.751951695
296.133663926
290.585436822
284.927333856
266.913153022
247.915556287
228.661095495
187.128378175
136.671751026
85.7580063988
396.022316192
388.648818446
381.367269028
373.941517414
350.299524122
325.366885845
300.097136579
245.589177912
179.369389643
112.549675769
327.682073065
321.580995099
315.555998247
305.036278342
289.849509901
269.219413405
248.310380032
203.208677012
148.41621555
93.1273556338
429.535191323
421.537720888
413.63997979
399.850424995
379.943167246
352.900636776
325.492467736
266.371843728
194.548291719
122.07404618
359.46738313
352.774497828
346.165073542
339.424757678
317.965044139
295.333818903
272.396599787
222.920011069
162.812655935
102.16075147
470.61548987
461.853149689
453.200076854
444.375640476
416.280536237
386.651686304
356.622228509
291.847369566
213.154687813
133.749080877
404.635981644
397.102106969
389.66218054
382.074915451
374.584299117
332.443763559
306.624385754
280.80038455
255.283839451
114.997682396
528.992756227
519.143495879
509.417056892
499.497997655
489.705290234
434.613704054
400.859256976
367.098765588
333.74022079
150.339919656
272.476008214
267.402806149
262.392867472
257.283713076
241.017266224
223.862814381
206.476419405
168.97320207
123.411871724
77.4377733915
358.185199109
351.516186656
344.930337522
338.214063687
316.830894789
294.280392859
271.424988498
222.124877798
162.231919557
101.796354338
301.751951695
296.133663926
290.585436822
284.927333856
266.913153022
247.915556287
228.661095495
187.128378175
136.671751026
85.7580063988
396.022316192
388.648818446
381.367269028
373.941517414
350.299524122
325.366885845
300.097136579
245.589177912
179.369389643
112.549675769
327.682073065
321.580995099
315.555998247
305.036278342
289.849509901
269.219413405
248.310380032
203.208677012
148.41621555
93.1273556338
429.535191323
421.537720888
413.63997979
399.850424995
379.943167246
352.900636776
325.492467736
266.371843728
194.548291719
122.07404618
359.46738313
352.774497828
346.165073542
339.424757678
317.965044139
295.333818903
272.396599787
222.920011069
162.812655935
102.16075147
470.61548987
461.853149689
453.200076854
444.375640476
416.280536237
386.651686304
356.622228509
291.847369566
213.154687813
133.749080877
404.635981644
397.102106969
389.66218054
382.074915451
374.584299117
332.443763559
306.624385754
280.80038455
255.283839451
114.997682396
528.992756227
519.143495879
509.417056892
499.497997655
489.705290234
434.613704054
400.859256976
367.098765588
333.74022079
150.339919656
272.476008214
267.402806149
262.392867472
257.283713076
241.017266224
223.862814381
206.476419405
168.97320207
123.411871724
77.4377733915
358.185199109
351.516186656
344.930337522
338.214063687
316.830894789
294.280392859
271.424988498
222.124877798
162.231919557
101.796354338
301.751951695
296.133663926
290.585436822
284.927333856
266.913153022
247.915556287
228.661095495
187.128378175
136.671751026
85.7580063988
396.022316192
388.648818446
381.367269028
373.941517414
350.299524122
325.366885845
300.097136579
245.589177912
179.369389643
112.549675769
327.682073065
321.580995099
315.555998247
305.036278342
289.849509901
269.219413405
248.310380032
203.208677012
148.41621555
93.1273556338
429.535191323
421.537720888
413.63997979
399.850424995
379.943167246
352.900636776
325.492467736
266.371843728
194.548291719
122.07404618
359.46738313
352.774497828
346.165073542
339.424757678
317.965044139
295.333818903
272.396599787
222.920011069
162.812655935
102.16075147
470.61548987
461.853149689
453.200076854
444.375640476
416.280536237
386.651686304
356.622228509
291.847369566
213.154687813
133.749080877
404.635981644
397.102106969
389.66218054
382.074915451
374.584299117
332.443763559
306.624385754
280.80038455
255.283839451
114.997682396
528.992756227
519.143495879
509.417056892
499.497997655
489.705290234
434.613704054
400.859256976
367.098765588
333.74022079
150.339919656
272.476008214
267.402806149
262.392867472
257.283713076
241.017266224
223.862814381
206.476419405
168.97320207
123.411871724
77.4377733915
358.185199109
351.516186656
344.930337522
338.214063687
316.830894789
294.280392859
271.424988498
222.124877798
162.231919557
101.796354338
301.751951695
296.133663926
290.585436822
284.927333856
266.913153022
247.915556287
228.661095495
187.128378175
136.671751026
85.7580063988
396.022316192
388.648818446
381.367269028
373.941517414
350.299524122
325.366885845
300.097136579
245.589177912
179.369389643
112.549675769
327.682073065
321.580995099
315.555998247
309.411683689
289.849509901
269.219413405
248.310380032
203.208677012
148.41621555
93.1273556338
429.535191323
421.537720888
413.63997979
405.585833572
379.943167246
352.900636776
325.492467736
266.371843728
194.548291719
122.07404618
359.46738313
352.774497828
346.165073542
339.424757678
317.965044139
295.333818903
272.396599787
222.920011069
162.812655935
102.16075147
470.61548987
461.853149689
453.200076854
444.375640476
416.280536237
386.651686304
356.622228509
291.847369566
213.154687813
133.749080877
404.635981644
397.102106969
389.66218054
382.074915451
374.584299117
332.443763559
306.624385754
280.80038455
255.283839451
114.997682396
528.992756227
519.143495879
509.417056892
499.497997655
489.705290234
434.613704054
400.859256976
367.098765588
333.74022079
150.339919656
272.476008214
267.402806149
262.392867472
257.283713076
241.017266224
223.862814381
206.476419405
168.97320207
123.411871724
77.4377733915
358.185199109
351.516186656
344.930337522
338.214063687
316.830894789
294.280392859
271.424988498
222.124877798
162.231919557
101.796354338
301.751951695
296.133663926
290.585436822
284.927333856
266.913153022
247.915556287
228.661095495
187.128378175
136.671751026
85.7580063988
396.022316192
388.648818446
381.367269028
373.941517414
350.299524122
325.366885845
300.097136579
245.589177912
179.369389643
112.549675769
327.682073065
321.580995099
315.555998247
309.411683689
289.849509901
269.219413405
248.310380032
203.208677012
148.41621555
93.1273556338
429.535191323
421.537720888
413.63997979
405.585833572
379.943167246
352.900636776
325.492467736
266.371843728
194.548291719
122.07404618
359.46738313
352.774497828
346.165073542
339.424757678
317.965044139
295.333818903
272.396599787
222.920011069
162.812655935
102.16075147
470.61548987
461.853149689
453.200076854
444.375640476
416.280536237
386.651686304
356.622228509
291.847369566
213.154687813
133.749080877
404.635981644
397.102106969
389.66218054
382.074915451
374.584299117
332.443763559
306.624385754
280.80038455
255.283839451
114.997682396
528.992756227
519.143495879
509.417056892
499.497997655
489.705290234
434.613704054
400.859256976
367.098765588
333.74022079
150.339919656
272.476008214
267.402806149
262.392867472
257.283713076
241.017266224
223.862814381
206.476419405
168.97320207
123.411871724
77.4377733915
358.185199109
351.516186656
344.930337522
338.214063687
316.830894789
294.280392859
271.424988498
222.124877798
162.231919557
101.796354338
301.751951695
296.133663926
290.585436822
284.927333856
266.913153022
247.915556287
228.661095495
187.128378175
136.671751026
85.7580063988
396.022316192
388.648818446
381.367269028
373.941517414
350.299524122
325.366885845
300.097136579
245.589177912
179.369389643
112.549675769
327.682073065
321.580995099
315.555998247
309.411683689
289.849509901
269.219413405
248.310380032
203.208677012
148.41621555
93.1273556338
429.535191323
421.537720888
413.63997979
405.585833572
379.943167246
352.900636776
325.492467736
266.371843728
194.548291719
122.07404618
359.46738313
352.774497828
346.165073542
339.424757678
317.965044139
295.333818903
272.396599787
222.920011069
162.812655935
102.16075147
470.61548987
461.853149689
453.200076854
444.375640476
416.280536237
386.651686304
356.622228509
291.847369566
213.154687813
133.749080877
404.635981644
397.102106969
389.66218054
382.074915451
374.584299117
332.443763559
306.624385754
280.80038455
255.283839451
114.997682396
528.992756227
519.143495879
509.417056892
499.497997655
489.705290234
434.613704054
400.859256976
367.098765588
333.74022079
150.339919656
272.476008214
267.402806149
262.392867472
257.283713076
241.017266224
223.862814381
206.476419405
168.97320207
123.411871724
77.4377733915
358.185199109
351.516186656
344.930337522
338.214063687
316.830894789
294.280392859
271.424988498
222.124877798
162.231919557
101.796354338
301.751951695
296.133663926
290.585436822
284.927333856
266.913153022
247.915556287
228.661095495
187.128378175
136.671751026
85.7580063988
396.022316192
388.648818446
381.367269028
373.941517414
350.299524122
325.366885845
300.097136579
245.589177912
179.369389643
112.549675769
327.682073065
321.580995099
315.555998247
309.411683689
289.849509901
269.219413405
248.310380032
203.208677012
148.41621555
93.1273556338
429.535191323
421.537720888
413.63997979
405.585833572
379.943167246
352.900636776
325.492467736
266.371843728
194.548291719
122.07404618
359.46738313
352.774497828
346.165073542
339.424757678
317.965044139
295.333818903
272.396599787
222.920011069
162.812655935
102.16075147
470.61548987
461.853149689
453.200076854
444.375640476
416.280536237
386.651686304
356.622228509
291.847369566
213.154687813
133.749080877
404.635981644
397.102106969
389.66218054
382.074915451
374.584299117
332.443763559
306.624385754
280.80038455
255.283839451
114.997682396
528.992756227
519.143495879
509.417056892
499.497997655
489.705290234
434.613704054
400.859256976
367.098765588
333.74022079
150.339919656
272.476008214
267.402806149
262.392867472
257.283713076
241.017266224
223.862814381
206.476419405
168.97320207
123.411871724
77.4377733915
358.185199109
351.516186656
344.930337522
338.214063687
316.830894789
294.280392859
271.424988498
222.124877798
162.231919557
101.796354338
301.751951695
296.133663926
290.585436822
284.927333856
266.913153022
247.915556287
228.661095495
187.128378175
136.671751026
85.7580063988
396.022316192
388.648818446
381.367269028
373.941517414
350.299524122
325.366885845
300.097136579
245.589177912
179.369389643
112.549675769
327.682073065
321.580995099
315.555998247
309.411683689
289.849509901
269.219413405
248.310380032
203.208677012
148.41621555
93.1273556338
429.535191323
421.537720888
413.63997979
405.585833572
379.943167246
352.900636776
325.492467736
266.371843728
194.548291719
122.07404618
359.46738313
352.774497828
346.165073542
339.424757678
317.965044139
295.333818903
272.396599787
222.920011069
162.812655935
102.16075147
470.61548987
461.853149689
453.200076854
444.375640476
416.280536237
386.651686304
356.622228509
291.847369566
213.154687813
133.749080877
404.635981644
397.102106969
389.66218054
382.074915451
374.584299117
332.443763559
306.624385754
280.80038455
255.283839451
114.997682396
528.992756227
519.143495879
509.417056892
499.497997655
489.705290234
434.613704054
400.859256976
367.098765588
333.74022079
150.339919656
269.079765227
267.402806149
262.392867472
253.645451843
241.017266224
223.862814381
200.59310128
168.97320207
123.411871724
0.0
353.720644674
351.516186656
344.930337522
333.431362514
316.830894789
294.280392859
263.691032442
222.124877798
162.231919557
0.0
301.751951695
296.133663926
290.585436822
280.898162865
266.913153022
247.915556287
228.661095495
187.128378175
136.671751026
85.7580063988
396.022316192
388.648818446
381.367269028
368.653592618
350.299524122
325.366885845
300.097136579
245.589177912
179.369389643
112.549675769
327.682073065
321.580995099
315.555998247
305.036278342
289.849509901
269.219413405
248.310380032
203.208677012
148.41621555
0.0
429.535191323
421.537720888
413.63997979
399.850424995
379.943167246
352.900636776
325.492467736
266.371843728
194.548291719
0.0
354.986847073
352.774497828
346.165073542
334.624936024
317.965044139
295.333818903
264.634958738
222.920011069
162.812655935
0.0
464.749562195
461.853149689
453.200076854
438.091703393
416.280536237
386.651686304
346.460670949
291.847369566
213.154687813
0.0
404.635981644
397.102106969
389.66218054
382.074915451
374.584299117
332.443763559
306.624385754
280.80038455
255.283839451
114.997682396
528.992756227
519.143495879
509.417056892
499.497997655
489.705290234
434.613704054
400.859256976
367.098765588
333.74022079
150.339919656
269.079765227
267.402806149
262.392867472
253.645451843
241.017266224
223.862814381
200.59310128
168.97320207
123.411871724
0.0
353.720644674
351.516186656
344.930337522
333.431362514
316.830894789
294.280392859
263.691032442
222.124877798
162.231919557
0.0
301.751951695
296.133663926
290.585436822
280.898162865
266.913153022
247.915556287
228.661095495
187.128378175
136.671751026
85.7580063988
396.022316192
388.648818446
381.367269028
368.653592618
350.299524122
325.366885845
300.097136579
245.589177912
179.369389643
112.549675769
327.682073065
321.580995099
315.555998247
305.036278342
289.849509901
269.219413405
248.310380032
203.208677012
148.41621555
0.0
429.535191323
421.537720888
413.63997979
399.850424995
379.943167246
352.900636776
325.492467736
266.371843728
194.548291719
0.0
354.986847073
352.774497828
346.165073542
334.624936024
317.965044139
295.333818903
264.634958738
222.920011069
162.812655935
0.0
464.749562195
461.853149689
453.200076854
438.091703393
416.280536237
386.651686304
346.460670949
291.847369566
213.154687813
0.0
404.635981644
397.102106969
389.66218054
382.074915451
374.584299117
332.443763559
306.624385754
280.80038455
255.283839451
114.997682396
528.992756227
519.143495879
509.417056892
499.497997655
489.705290234
434.613704054
400.859256976
367.098765588
333.74022079
150.339919656
272.476008214
267.402806149
262.392867472
257.283713076
241.017266224
223.862814381
206.476419405
168.97320207
123.411871724
77.4377733915
353.720644674
351.516186656
344.930337522
333.431362514
316.830894789
294.280392859
263.691032442
222.124877798
162.231919557
0.0
301.751951695
296.133663926
290.585436822
280.898162865
266.913153022
247.915556287
228.661095495
187.128378175
136.671751026
85.7580063988
396.022316192
388.648818446
381.367269028
368.653592618
350.299524122
325.366885845
300.097136579
245.589177912
179.369389643
112.549675769
327.682073065
321.580995099
315.555998247
305.036278342
289.849509901
269.219413405
248.310380032
203.208677012
148.41621555
0.0
429.535191323
421.537720888
413.63997979
399.850424995
379.943167246
352.900636776
325.492467736
266.371843728
194.548291719
0.0
359.46738313
352.774497828
346.165073542
339.424757678
317.965044139
295.333818903
272.396599787
222.920011069
162.812655935
102.16075147
464.749562195
461.853149689
453.200076854
438.091703393
416.280536237
386.651686304
346.460670949
291.847369566
213.154687813
0.0
404.635981644
397.102106969
389.66218054
382.074915451
374.584299117
332.443763559
306.624385754
280.80038455
255.283839451
114.997682396
528.992756227
519.143495879
509.417056892
499.497997655
489.705290234
434.613704054
400.859256976
367.098765588
333.74022079
150.339919656
272.476008214
267.402806149
262.392867472
257.283713076
241.017266224
223.862814381
206.476419405
168.97320207
123.411871724
77.4377733915
358.185199109
351.516186656
344.930337522
338.214063687
316.830894789
294.280392859
271.424988498
222.124877798
162.231919557
101.796354338
301.751951695
296.133663926
290.585436822
284.927333856
266.913153022
247.915556287
228.661095495
187.128378175
136.671751026
85.7580063988
396.022316192
388.648818446
381.367269028
373.941517414
350.299524122
325.366885845
300.097136579
245.589177912
179.369389643
112.549675769
327.682073065
321.580995099
315.555998247
305.036278342
289.849509901
269.219413405
248.310380032
203.208677012
148.41621555
93.1273556338
429.535191323
421.537720888
413.63997979
399.850424995
379.943167246
352.900636776
325.492467736
266.371843728
194.548291719
122.07404618
359.46738313
352.774497828
346.165073542
339.424757678
317.965044139
295.333818903
272.396599787
222.920011069
162.812655935
102.16075147
464.749562195
461.853149689
453.200076854
438.091703393
416.280536237
386.651686304
346.460670949
291.847369566
213.154687813
0.0
404.635981644
397.102106969
389.66218054
382.074915451
374.584299117
332.443763559
306.624385754
280.80038455
255.283839451
114.997682396
528.992756227
519.143495879
509.417056892
499.497997655
489.705290234
434.613704054
400.859256976
367.098765588
333.74022079
150.339919656
272.476008214
267.402806149
262.392867472
257.283713076
241.017266224
223.862814381
206.476419405
168.97320207
123.411871724
77.4377733915
358.185199109
351.516186656
344.930337522
338.214063687
316.830894789
294.280392859
271.424988498
222.124877798
162.231919557
101.796354338
301.751951695
296.133663926
290.585436822
284.927333856
266.913153022
247.915556287
228.661095495
187.128378175
136.671751026
85.7580063988
396.022316192
388.648818446
381.367269028
373.941517414
350.299524122
325.366885845
300.097136579
245.589177912
179.369389643
112.549675769
327.682073065
321.580995099
315.555998247
309.411683689
289.849509901
269.219413405
248.310380032
203.208677012
148.41621555
93.1273556338
429.535191323
421.537720888
413.63997979
405.585833572
379.943167246
352.900636776
325.492467736
266.371843728
194.548291719
122.07404618
359.46738313
352.774497828
346.165073542
339.424757678
317.965044139
295.333818903
272.396599787
222.920011069
162.812655935
102.16075147
464.749562195
461.853149689
453.200076854
438.091703393
416.280536237
386.651686304
346.460670949
291.847369566
213.154687813
0.0
404.635981644
397.102106969
389.66218054
382.074915451
374.584299117
332.443763559
306.624385754
280.80038455
255.283839451
114.997682396
528.992756227
519.143495879
509.417056892
499.497997655
489.705290234
434.613704054
400.859256976
367.098765588
333.74022079
150.339919656
272.476008214
267.402806149
262.392867472
257.283713076
241.017266224
223.862814381
206.476419405
168.97320207
123.411871724
77.4377733915
358.185199109
351.516186656
344.930337522
338.214063687
316.830894789
294.280392859
271.424988498
222.124877798
162.231919557
101.796354338
301.751951695
296.133663926
290.585436822
284.927333856
266.913153022
247.915556287
228.661095495
187.128378175
136.671751026
85.7580063988
396.022316192
388.648818446
381.367269028
373.941517414
350.299524122
325.366885845
300.097136579
245.589177912
179.369389643
112.549675769
327.682073065
321.580995099
315.555998247
309.411683689
289.849509901
269.219413405
248.310380032
203.208677012
148.41621555
93.1273556338
429.535191323
421.537720888
413.63997979
405.585833572
379.943167246
352.900636776
325.492467736
266.371843728
194.548291719
122.07404618
359.46738313
352.774497828
346.165073542
339.424757678
317.965044139
295.333818903
272.396599787
222.920011069
162.812655935
102.16075147
464.749562195
461.853149689
453.200076854
438.091703393
416.280536237
386.651686304
346.460670949
291.847369566
213.154687813
0.0
404.635981644
397.102106969
389.66218054
382.074915451
374.584299117
332.443763559
306.624385754
280.80038455
255.283839451
114.997682396
528.992756227
519.143495879
509.417056892
499.497997655
489.705290234
434.613704054
400.859256976
367.098765588
333.74022079
150.339919656
272.476008214
267.402806149
262.392867472
257.283713076
241.017266224
223.862814381
206.476419405
168.97320207
123.411871724
77.4377733915
358.185199109
351.516186656
344.930337522
338.214063687
316.830894789
294.280392859
271.424988498
222.124877798
162.231919557
101.796354338
301.751951695
296.133663926
290.585436822
284.927333856
266.913153022
247.915556287
228.661095495
187.128378175
136.671751026
85.7580063988
396.022316192
388.648818446
381.367269028
373.941517414
350.299524122
325.366885845
300.097136579
245.589177912
179.369389643
112.549675769
327.682073065
321.580995099
315.555998247
309.411683689
289.849509901
269.219413405
248.310380032
203.208677012
148.41621555
93.1273556338
429.535191323
421.537720888
413.63997979
405.585833572
379.943167246
352.900636776
325.492467736
266.371843728
194.548291719
122.07404618
359.46738313
352.774497828
346.165073542
339.424757678
317.965044139
295.333818903
272.396599787
222.920011069
162.812655935
102.16075147
464.749562195
461.853149689
453.200076854
438.091703393
416.280536237
386.651686304
346.460670949
291.847369566
213.154687813
0.0
404.635981644
397.102106969
389.66218054
382.074915451
374.584299117
332.443763559
306.624385754
280.80038455
255.283839451
114.997682396
528.992756227
519.143495879
509.417056892
499.497997655
489.705290234
434.613704054
400.859256976
367.098765588
333.74022079
150.339919656
272.476008214
267.402806149
262.392867472
257.283713076
241.017266224
223.862814381
206.476419405
168.97320207
123.411871724
77.4377733915
358.185199109
351.516186656
344.930337522
338.214063687
316.830894789
294.280392859
271.424988498
222.124877798
162.231919557
101.796354338
301.751951695
296.133663926
290.585436822
284.927333856
266.913153022
247.915556287
228.661095495
187.128378175
136.671751026
85.7580063988
396.022316192
388.648818446
381.367269028
373.941517414
350.299524122
325.366885845
300.097136579
245.589177912
179.369389643
112.549675769
327.682073065
321.580995099
315.555998247
309.411683689
289.849509901
269.219413405
248.310380032
203.208677012
148.41621555
93.1273556338
429.535191323
421.537720888
413.63997979
405.585833572
379.943167246
352.900636776
325.492467736
266.371843728
194.548291719
122.07404618
359.46738313
352.774497828
346.165073542
339.424757678
317.965044139
295.333818903
272.396599787
222.920011069
162.812655935
102.16075147
470.61548987
461.853149689
453.200076854
444.375640476
416.280536237
386.651686304
356.622228509
291.847369566
213.154687813
133.749080877
404.635981644
397.102106969
389.66218054
382.074915451
374.584299117
332.443763559
306.624385754
280.80038455
255.283839451
114.997682396
528.992756227
519.143495879
509.417056892
499.497997655
489.705290234
434.613704054
400.859256976
367.098765588
333.74022079
150.339919656
272.476008214
267.402806149
262.392867472
257.283713076
241.017266224
223.862814381
206.476419405
168.97320207
123.411871724
77.4377733915
353.720644674
351.516186656
344.930337522
333.431362514
316.830894789
294.280392859
263.691032442
222.124877798
162.231919557
0.0
301.751951695
296.133663926
290.585436822
280.898162865
266.913153022
247.915556287
228.661095495
187.128378175
136.671751026
85.7580063988
396.022316192
388.648818446
381.367269028
368.653592618
350.299524122
325.366885845
300.097136579
245.589177912
179.369389643
112.549675769
327.682073065
321.580995099
315.555998247
305.036278342
289.849509901
269.219413405
248.310380032
203.208677012
148.41621555
0.0
429.535191323
421.537720888
413.63997979
399.850424995
379.943167246
352.900636776
325.492467736
266.371843728
194.548291719
0.0
359.46738313
352.774497828
346.165073542
339.424757678
317.965044139
295.333818903
272.396599787
222.920011069
162.812655935
102.16075147
464.749562195
461.853149689
453.200076854
438.091703393
416.280536237
386.651686304
346.460670949
291.847369566
213.154687813
0.0
404.635981644
397.102106969
389.66218054
382.074915451
374.584299117
332.443763559
306.624385754
280.80038455
255.283839451
114.997682396
528.992756227
519.143495879
509.417056892
499.497997655
489.705290234
434.613704054
400.859256976
367.098765588
333.74022079
150.339919656
269.079765227
267.402806149
262.392867472
253.645451843
241.017266224
223.862814381
200.59310128
168.97320207
123.411871724
0.0
353.720644674
351.516186656
344.930337522
333.431362514
316.830894789
294.280392859
263.691032442
222.124877798
162.231919557
0.0
301.751951695
296.133663926
290.585436822
280.898162865
266.913153022
247.915556287
228.661095495
187.128378175
136.671751026
85.7580063988
396.022316192
388.648818446
381.367269028
368.653592618
350.299524122
325.366885845
300.097136579
245.589177912
179.369389643
112.549675769
327.682073065
321.580995099
315.555998247
305.036278342
289.849509901
269.219413405
248.310380032
203.208677012
148.41621555
0.0
429.535191323
421.537720888
413.63997979
399.850424995
379.943167246
352.900636776
325.492467736
266.371843728
194.548291719
0.0
359.46738313
352.774497828
346.165073542
339.424757678
317.965044139
295.333818903
272.396599787
222.920011069
162.812655935
102.16075147
464.749562195
461.853149689
453.200076854
438.091703393
416.280536237
386.651686304
346.460670949
291.847369566
213.154687813
0.0
404.635981644
397.102106969
389.66218054
382.074915451
374.584299117
332.443763559
306.624385754
280.80038455
255.283839451
114.997682396
528.992756227
519.143495879
509.417056892
499.497997655
489.705290234
434.613704054
400.859256976
367.098765588
333.74022079
150.339919656
269.079765227
267.402806149
262.392867472
253.645451843
241.017266224
223.862814381
200.59310128
168.97320207
123.411871724
0.0
353.720644674
351.516186656
344.930337522
333.431362514
316.830894789
294.280392859
263.691032442
222.124877798
162.231919557
0.0
301.751951695
296.133663926
290.585436822
280.898162865
266.913153022
247.915556287
228.661095495
187.128378175
136.671751026
85.7580063988
396.022316192
388.648818446
381.367269028
368.653592618
350.299524122
325.366885845
300.097136579
245.589177912
179.369389643
112.549675769
327.682073065
321.580995099
315.555998247
305.036278342
289.849509901
269.219413405
248.310380032
203.208677012
148.41621555
0.0
429.535191323
421.537720888
413.63997979
399.850424995
379.943167246
352.900636776
325.492467736
266.371843728
194.548291719
0.0
354.986847073
352.774497828
346.165073542
334.624936024
317.965044139
295.333818903
264.634958738
222.920011069
162.812655935
0.0
464.749562195
461.853149689
453.200076854
438.091703393
416.280536237
386.651686304
346.460670949
291.847369566
213.154687813
0.0
404.635981644
397.102106969
389.66218054
382.074915451
374.584299117
332.443763559
306.624385754
280.80038455
255.283839451
114.997682396
528.992756227
519.143495879
509.417056892
499.497997655
489.705290234
434.613704054
400.859256976
367.098765588
333.74022079
150.339919656
272.476008214
267.402806149
262.392867472
257.283713076
241.017266224
223.862814381
206.476419405
168.97320207
123.411871724
77.4377733915
358.185199109
351.516186656
344.930337522
338.214063687
316.830894789
294.280392859
271.424988498
222.124877798
162.231919557
101.796354338
301.751951695
296.133663926
290.585436822
284.927333856
266.913153022
247.915556287
228.661095495
187.128378175
136.671751026
85.7580063988
396.022316192
388.648818446
381.367269028
373.941517414
350.299524122
325.366885845
300.097136579
245.589177912
179.369389643
112.549675769
327.682073065
321.580995099
315.555998247
305.036278342
289.849509901
269.219413405
248.310380032
203.208677012
148.41621555
93.1273556338
429.535191323
421.537720888
413.63997979
399.850424995
379.943167246
352.900636776
325.492467736
266.371843728
194.548291719
122.07404618
354.986847073
352.774497828
346.165073542
334.624936024
317.965044139
295.333818903
264.634958738
222.920011069
162.812655935
0.0
464.749562195
461.853149689
453.200076854
438.091703393
416.280536237
386.651686304
346.460670949
291.847369566
213.154687813
0.0
404.635981644
397.102106969
389.66218054
382.074915451
374.584299117
332.443763559
306.624385754
280.80038455
255.283839451
114.997682396
528.992756227
519.143495879
509.417056892
499.497997655
489.705290234
434.613704054
400.859256976
367.098765588
333.74022079
150.339919656
272.476008214
267.402806149
262.392867472
257.283713076
241.017266224
223.862814381
206.476419405
168.97320207
123.411871724
77.4377733915
358.185199109
351.516186656
344.930337522
338.214063687
316.830894789
294.280392859
271.424988498
222.124877798
162.231919557
101.796354338
301.751951695
296.133663926
290.585436822
284.927333856
266.913153022
247.915556287
228.661095495
187.128378175
136.671751026
85.7580063988
396.022316192
388.648818446
381.367269028
373.941517414
350.299524122
325.366885845
300.097136579
245.589177912
179.369389643
112.549675769
327.682073065
321.580995099
315.555998247
309.411683689
289.849509901
269.219413405
248.310380032
203.208677012
148.41621555
93.1273556338
429.535191323
421.537720888
413.63997979
405.585833572
379.943167246
352.900636776
325.492467736
266.371843728
194.548291719
122.07404618
354.986847073
352.774497828
346.165073542
334.624936024
317.965044139
295.333818903
264.634958738
222.920011069
162.812655935
0.0
464.749562195
461.853149689
453.200076854
438.091703393
416.280536237
386.651686304
346.460670949
291.847369566
213.154687813
0.0
404.635981644
397.102106969
389.66218054
382.074915451
374.584299117
332.443763559
306.624385754
280.80038455
255.283839451
114.997682396
528.992756227
519.143495879
509.417056892
499.497997655
489.705290234
434.613704054
400.859256976
367.098765588
333.74022079
150.339919656
272.476008214
267.402806149
262.392867472
257.283713076
241.017266224
223.862814381
206.476419405
168.97320207
123.411871724
77.4377733915
358.185199109
351.516186656
344.930337522
338.214063687
316.830894789
294.280392859
271.424988498
222.124877798
162.231919557
101.796354338
301.751951695
296.133663926
290.585436822
284.927333856
266.913153022
247.915556287
228.661095495
187.128378175
136.671751026
85.7580063988
396.022316192
388.648818446
381.367269028
373.941517414
350.299524122
325.366885845
300.097136579
245.589177912
179.369389643
112.549675769
327.682073065
321.580995099
315.555998247
309.411683689
289.849509901
269.219413405
248.310380032
203.208677012
148.41621555
93.1273556338
429.535191323
421.537720888
413.63997979
405.585833572
379.943167246
352.900636776
325.492467736
266.371843728
194.548291719
122.07404618
354.986847073
352.774497828
346.165073542
334.624936024
317.965044139
295.333818903
264.634958738
222.920011069
162.812655935
0.0
464.749562195
461.853149689
453.200076854
438.091703393
416.280536237
386.651686304
346.460670949
291.847369566
213.154687813
0.0
404.635981644
397.102106969
389.66218054
382.074915451
374.584299117
332.443763559
306.624385754
280.80038455
255.283839451
114.997682396
528.992756227
519.143495879
509.417056892
499.497997655
489.705290234
434.613704054
400.859256976
367.098765588
333.74022079
150.339919656
272.476008214
267.402806149
262.392867472
257.283713076
241.017266224
223.862814381
206.476419405
168.97320207
123.411871724
77.4377733915
358.185199109
351.516186656
344.930337522
338.214063687
316.830894789
294.280392859
271.424988498
222.124877798
162.231919557
101.796354338
301.751951695
296.133663926
290.585436822
284.927333856
266.913153022
247.915556287
228.661095495
187.128378175
136.671751026
85.7580063988
396.022316192
388.648818446
381.367269028
373.941517414
350.299524122
325.366885845
300.097136579
245.589177912
179.369389643
112.549675769
327.682073065
321.580995099
315.555998247
309.411683689
289.849509901
269.219413405
248.310380032
203.208677012
148.41621555
93.1273556338
429.535191323
421.537720888
413.63997979
405.585833572
379.943167246
352.900636776
325.492467736
266.371843728
194.548291719
122.07404618
354.986847073
352.774497828
346.165073542
334.624936024
317.965044139
295.333818903
264.634958738
222.920011069
162.812655935
0.0
464.749562195
461.853149689
453.200076854
438.091703393
416.280536237
386.651686304
346.460670949
291.847369566
213.154687813
0.0
404.635981644
397.102106969
389.66218054
382.074915451
374.584299117
332.443763559
306.624385754
280.80038455
255.283839451
114.997682396
528.992756227
519.143495879
509.417056892
499.497997655
489.705290234
434.613704054
400.859256976
367.098765588
333.74022079
150.339919656
272.476008214
267.402806149
262.392867472
257.283713076
241.017266224
223.862814381
206.476419405
168.97320207
123.411871724
77.4377733915
358.185199109
351.516186656
344.930337522
338.214063687
316.830894789
294.280392859
271.424988498
222.124877798
162.231919557
101.796354338
301.751951695
296.133663926
290.585436822
284.927333856
266.913153022
247.915556287
228.661095495
187.128378175
136.671751026
85.7580063988
396.022316192
388.648818446
381.367269028
373.941517414
350.299524122
325.366885845
300.097136579
245.589177912
179.369389643
112.549675769
327.682073065
321.580995099
315.555998247
309.411683689
289.849509901
269.219413405
248.310380032
203.208677012
148.41621555
93.1273556338
429.535191323
421.537720888
413.63997979
405.585833572
379.943167246
352.900636776
325.492467736
266.371843728
194.548291719
122.07404618
359.46738313
352.774497828
346.165073542
339.424757678
317.965044139
295.333818903
272.396599787
222.920011069
162.812655935
102.16075147
470.61548987
461.853149689
453.200076854
444.375640476
416.280536237
386.651686304
356.622228509
291.847369566
213.154687813
133.749080877
404.635981644
397.102106969
389.66218054
382.074915451
374.584299117
332.443763559
306.624385754
280.80038455
255.283839451
114.997682396
528.992756227
519.143495879
509.417056892
499.497997655
489.705290234
434.613704054
400.859256976
367.098765588
333.74022079
150.339919656
269.079765227
267.402806149
262.392867472
253.645451843
241.017266224
223.862814381
200.59310128
168.97320207
123.411871724
0.0
353.720644674
351.516186656
344.930337522
333.431362514
316.830894789
294.280392859
263.691032442
222.124877798
162.231919557
0.0
301.751951695
296.133663926
290.585436822
280.898162865
266.913153022
247.915556287
228.661095495
187.128378175
136.671751026
85.7580063988
396.022316192
388.648818446
381.367269028
368.653592618
350.299524122
325.366885845
300.097136579
245.589177912
179.369389643
112.549675769
327.682073065
321.580995099
315.555998247
305.036278342
289.849509901
269.219413405
248.310380032
203.208677012
148.41621555
0.0
429.535191323
421.537720888
413.63997979
399.850424995
379.943167246
352.900636776
325.492467736
266.371843728
194.548291719
0.0
354.986847073
352.774497828
346.165073542
334.624936024
317.965044139
295.333818903
264.634958738
222.920011069
162.812655935
0.0
464.749562195
461.853149689
453.200076854
438.091703393
416.280536237
386.651686304
346.460670949
291.847369566
213.154687813
0.0
404.635981644
397.102106969
389.66218054
382.074915451
374.584299117
332.443763559
306.624385754
280.80038455
255.283839451
114.997682396
528.992756227
519.143495879
509.417056892
499.497997655
489.705290234
434.613704054
400.859256976
367.098765588
333.74022079
150.339919656
269.079765227
267.402806149
262.392867472
253.645451843
241.017266224
223.862814381
200.59310128
168.97320207
123.411871724
0.0
353.720644674
351.516186656
344.930337522
333.431362514
316.830894789
294.280392859
263.691032442
222.124877798
162.231919557
0.0
301.751951695
296.133663926
290.585436822
280.898162865
266.913153022
247.915556287
228.661095495
187.128378175
136.671751026
85.7580063988
396.022316192
388.648818446
381.367269028
368.653592618
350.299524122
325.366885845
300.097136579
245.589177912
179.369389643
112.549675769
327.682073065
321.580995099
315.555998247
305.036278342
289.849509901
269.219413405
248.310380032
203.208677012
148.41621555
0.0
429.535191323
421.537720888
413.63997979
399.850424995
379.943167246
352.900636776
325.492467736
266.371843728
194.548291719
0.0
354.986847073
352.774497828
346.165073542
334.624936024
317.965044139
295.333818903
264.634958738
222.920011069
162.812655935
0.0
464.749562195
461.853149689
453.200076854
438.091703393
416.280536237
386.651686304
346.460670949
291.847369566
213.154687813
0.0
404.635981644
397.102106969
389.66218054
382.074915451
374.584299117
332.443763559
306.624385754
280.80038455
255.283839451
114.997682396
528.992756227
519.143495879
509.417056892
499.497997655
489.705290234
434.613704054
400.859256976
367.098765588
333.74022079
150.339919656
269.079765227
267.402806149
262.392867472
253.645451843
241.017266224
223.862814381
200.59310128
168.97320207
123.411871724
0.0
353.720644674
351.516186656
344.930337522
333.431362514
316.830894789
294.280392859
263.691032442
222.124877798
162.231919557
0.0
301.751951695
296.133663926
290.585436822
280.898162865
266.913153022
247.915556287
228.661095495
187.128378175
136.671751026
85.7580063988
396.022316192
388.648818446
381.367269028
368.653592618
350.299524122
325.366885845
300.097136579
245.589177912
179.369389643
112.549675769
327.682073065
321.580995099
315.555998247
305.036278342
289.849509901
269.219413405
248.310380032
203.208677012
148.41621555
0.0
429.535191323
421.537720888
413.63997979
399.850424995
379.943167246
352.900636776
325.492467736
266.371843728
194.548291719
0.0
354.986847073
352.774497828
346.165073542
334.624936024
317.965044139
295.333818903
264.634958738
222.920011069
162.812655935
0.0
464.749562195
461.853149689
453.200076854
438.091703393
416.280536237
386.651686304
346.460670949
291.847369566
213.154687813
0.0
404.635981644
397.102106969
389.66218054
382.074915451
374.584299117
332.443763559
306.624385754
280.80038455
255.283839451
114.997682396
528.992756227
519.143495879
509.417056892
499.497997655
489.705290234
434.613704054
400.859256976
367.098765588
333.74022079
150.339919656
272.476008214
267.402806149
262.392867472
257.283713076
241.017266224
223.862814381
206.476419405
168.97320207
123.411871724
77.4377733915
358.185199109
351.516186656
344.930337522
338.214063687
316.830894789
294.280392859
271.424988498
222.124877798
162.231919557
101.796354338
301.751951695
296.133663926
290.585436822
284.927333856
266.913153022
247.915556287
228.661095495
187.128378175
136.671751026
85.7580063988
396.022316192
388.648818446
381.367269028
373.941517414
350.299524122
325.366885845
300.097136579
245.589177912
179.369389643
112.549675769
327.682073065
321.580995099
315.555998247
305.036278342
289.849509901
269.219413405
248.310380032
203.208677012
148.41621555
93.1273556338
429.535191323
421.537720888
413.63997979
399.850424995
379.943167246
352.900636776
325.492467736
266.371843728
194.548291719
122.07404618
359.46738313
352.774497828
346.165073542
339.424757678
317.965044139
295.333818903
272.396599787
222.920011069
162.812655935
102.16075147
464.749562195
461.853149689
453.200076854
438.091703393
416.280536237
386.651686304
346.460670949
291.847369566
213.154687813
0.0
404.635981644
397.102106969
389.66218054
382.074915451
374.584299117
332.443763559
306.624385754
280.80038455
255.283839451
114.997682396
528.992756227
519.143495879
509.417056892
499.497997655
489.705290234
434.613704054
400.859256976
367.098765588
333.74022079
150.339919656
272.476008214
267.402806149
262.392867472
257.283713076
241.017266224
223.862814381
206.476419405
168.97320207
123.411871724
77.4377733915
358.185199109
351.516186656
344.930337522
338.214063687
316.830894789
294.280392859
271.424988498
222.124877798
162.231919557
101.796354338
301.751951695
296.133663926
290.585436822
284.927333856
266.913153022
247.915556287
228.661095495
187.128378175
136.671751026
85.7580063988
396.022316192
388.648818446
381.367269028
373.941517414
350.299524122
325.366885845
300.097136579
245.589177912
179.369389643
112.549675769
327.682073065
321.580995099
315.555998247
309.411683689
289.849509901
269.219413405
248.310380032
203.208677012
148.41621555
93.1273556338
429.535191323
421.537720888
413.63997979
405.585833572
379.943167246
352.900636776
325.492467736
266.371843728
194.548291719
122.07404618
359.46738313
352.774497828
346.165073542
339.424757678
317.965044139
295.333818903
272.396599787
222.920011069
162.812655935
102.16075147
464.749562195
461.853149689
453.200076854
438.091703393
416.280536237
386.651686304
346.460670949
291.847369566
213.154687813
0.0
404.635981644
397.102106969
389.66218054
382.074915451
374.584299117
332.443763559
306.624385754
280.80038455
255.283839451
114.997682396
528.992756227
519.143495879
509.417056892
499.497997655
489.705290234
434.613704054
400.859256976
367.098765588
333.74022079
150.339919656
272.476008214
267.402806149
262.392867472
257.283713076
241.017266224
223.862814381
206.476419405
168.97320207
123.411871724
77.4377733915
358.185199109
351.516186656
344.930337522
338.214063687
316.830894789
294.280392859
271.424988498
222.124877798
162.231919557
101.796354338
301.751951695
296.133663926
290.585436822
284.927333856
266.913153022
247.915556287
228.661095495
187.128378175
136.671751026
85.7580063988
396.022316192
388.648818446
381.367269028
373.941517414
350.299524122
325.366885845
300.097136579
245.589177912
179.369389643
112.549675769
327.682073065
321.580995099
315.555998247
309.411683689
289.849509901
269.219413405
248.310380032
203.208677012
148.41621555
93.1273556338
429.535191323
421.537720888
413.63997979
405.585833572
379.943167246
352.900636776
325.492467736
266.371843728
194.548291719
122.07404618
359.46738313
352.774497828
346.165073542
339.424757678
317.965044139
295.333818903
272.396599787
222.920011069
162.812655935
102.16075147
464.749562195
461.853149689
453.200076854
438.091703393
416.280536237
386.651686304
346.460670949
291.847369566
213.154687813
0.0
404.635981644
397.102106969
389.66218054
382.074915451
374.584299117
332.443763559
306.624385754
280.80038455
255.283839451
114.997682396
528.992756227
519.143495879
509.417056892
499.497997655
489.705290234
434.613704054
400.859256976
367.098765588
333.74022079
150.339919656
272.476008214
267.402806149
262.392867472
257.283713076
241.017266224
223.862814381
206.476419405
168.97320207
123.411871724
77.4377733915
358.185199109
351.516186656
344.930337522
338.214063687
316.830894789
294.280392859
271.424988498
222.124877798
162.231919557
101.796354338
301.751951695
296.133663926
290.585436822
284.927333856
266.913153022
247.915556287
228.661095495
187.128378175
136.671751026
85.7580063988
396.022316192
388.648818446
381.367269028
373.941517414
350.299524122
325.366885845
300.097136579
245.589177912
179.369389643
112.549675769
327.682073065
321.580995099
315.555998247
309.411683689
289.849509901
269.219413405
248.310380032
203.208677012
148.41621555
93.1273556338
429.535191323
421.537720888
413.63997979
405.585833572
379.943167246
352.900636776
325.492467736
266.371843728
194.548291719
122.07404618
359.46738313
352.774497828
346.165073542
339.424757678
317.965044139
295.333818903
272.396599787
222.920011069
162.812655935
102.16075147
464.749562195
461.853149689
453.200076854
438.091703393
416.280536237
386.651686304
346.460670949
291.847369566
213.154687813
0.0
404.635981644
397.102106969
389.66218054
382.074915451
374.584299117
332.443763559
306.624385754
280.80038455
255.283839451
114.997682396
528.992756227
519.143495879
509.417056892
499.497997655
489.705290234
434.613704054
400.859256976
367.098765588
333.74022079
150.339919656
272.476008214
267.402806149
262.392867472
257.283713076
241.017266224
223.862814381
206.476419405
168.97320207
123.411871724
77.4377733915
358.185199109
351.516186656
344.930337522
338.214063687
316.830894789
294.280392859
271.424988498
222.124877798
162.231919557
101.796354338
301.751951695
296.133663926
290.585436822
284.927333856
266.913153022
247.915556287
228.661095495
187.128378175
136.671751026
85.7580063988
396.022316192
388.648818446
381.367269028
373.941517414
350.299524122
325.366885845
300.097136579
245.589177912
179.369389643
112.549675769
327.682073065
321.580995099
315.555998247
309.411683689
289.849509901
269.219413405
248.310380032
203.208677012
148.41621555
93.1273556338
429.535191323
421.537720888
413.63997979
405.585833572
379.943167246
352.900636776
325.492467736
266.371843728
194.548291719
122.07404618
359.46738313
352.774497828
346.165073542
339.424757678
317.965044139
295.333818903
272.396599787
222.920011069
162.812655935
102.16075147
470.61548987
461.853149689
453.200076854
444.375640476
416.280536237
386.651686304
356.622228509
291.847369566
213.154687813
133.749080877
404.635981644
397.102106969
389.66218054
382.074915451
374.584299117
332.443763559
306.624385754
280.80038455
255.283839451
114.997682396
528.992756227
519.143495879
509.417056892
499.497997655
489.705290234
434.613704054
400.859256976
367.098765588
333.74022079
150.339919656
272.476008214
267.402806149
262.392867472
257.283713076
241.017266224
223.862814381
206.476419405
168.97320207
123.411871724
77.4377733915
353.720644674
351.516186656
344.930337522
333.431362514
316.830894789
294.280392859
263.691032442
222.124877798
162.231919557
0.0
301.751951695
296.133663926
290.585436822
284.927333856
266.913153022
247.915556287
228.661095495
187.128378175
136.671751026
85.7580063988
396.022316192
388.648818446
381.367269028
373.941517414
350.299524122
325.366885845
300.097136579
245.589177912
179.369389643
112.549675769
327.682073065
321.580995099
315.555998247
305.036278342
289.849509901
269.219413405
248.310380032
203.208677012
148.41621555
93.1273556338
429.535191323
421.537720888
413.63997979
399.850424995
379.943167246
352.900636776
325.492467736
266.371843728
194.548291719
122.07404618
359.46738313
352.774497828
346.165073542
339.424757678
317.965044139
295.333818903
272.396599787
222.920011069
162.812655935
102.16075147
464.749562195
461.853149689
453.200076854
438.091703393
416.280536237
386.651686304
346.460670949
291.847369566
213.154687813
0.0
404.635981644
397.102106969
389.66218054
382.074915451
374.584299117
332.443763559
306.624385754
280.80038455
255.283839451
114.997682396
528.992756227
519.143495879
509.417056892
499.497997655
489.705290234
434.613704054
400.859256976
367.098765588
333.74022079
150.339919656
272.476008214
267.402806149
262.392867472
257.283713076
241.017266224
223.862814381
206.476419405
168.97320207
123.411871724
77.4377733915
353.720644674
351.516186656
344.930337522
333.431362514
316.830894789
294.280392859
263.691032442
222.124877798
162.231919557
0.0
301.751951695
296.133663926
290.585436822
284.927333856
266.913153022
247.915556287
228.661095495
187.128378175
136.671751026
85.7580063988
396.022316192
388.648818446
381.367269028
373.941517414
350.299524122
325.366885845
300.097136579
245.589177912
179.369389643
112.549675769
327.682073065
321.580995099
315.555998247
305.036278342
289.849509901
269.219413405
248.310380032
203.208677012
148.41621555
93.1273556338
429.535191323
421.537720888
413.63997979
399.850424995
379.943167246
352.900636776
325.492467736
266.371843728
194.548291719
122.07404618
359.46738313
352.774497828
346.165073542
339.424757678
317.965044139
295.333818903
272.396599787
222.920011069
162.812655935
102.16075147
464.749562195
461.853149689
453.200076854
438.091703393
416.280536237
386.651686304
346.460670949
291.847369566
213.154687813
0.0
404.635981644
397.102106969
389.66218054
382.074915451
374.584299117
332.443763559
306.624385754
280.80038455
255.283839451
114.997682396
528.992756227
519.143495879
509.417056892
499.497997655
489.705290234
434.613704054
400.859256976
367.098765588
333.74022079
150.339919656
272.476008214
267.402806149
262.392867472
257.283713076
241.017266224
223.862814381
206.476419405
168.97320207
123.411871724
77.4377733915
353.720644674
351.516186656
344.930337522
333.431362514
316.830894789
294.280392859
263.691032442
222.124877798
162.231919557
0.0
301.751951695
296.133663926
290.585436822
284.927333856
266.913153022
247.915556287
228.661095495
187.128378175
136.671751026
85.7580063988
396.022316192
388.648818446
381.367269028
373.941517414
350.299524122
325.366885845
300.097136579
245.589177912
179.369389643
112.549675769
327.682073065
321.580995099
315.555998247
305.036278342
289.849509901
269.219413405
248.310380032
203.208677012
148.41621555
93.1273556338
429.535191323
421.537720888
413.63997979
399.850424995
379.943167246
352.900636776
325.492467736
266.371843728
194.548291719
122.07404618
359.46738313
352.774497828
346.165073542
339.424757678
317.965044139
295.333818903
272.396599787
222.920011069
162.812655935
102.16075147
464.749562195
461.853149689
453.200076854
438.091703393
416.280536237
386.651686304
346.460670949
291.847369566
213.154687813
0.0
404.635981644
397.102106969
389.66218054
382.074915451
374.584299117
332.443763559
306.624385754
280.80038455
255.283839451
114.997682396
528.992756227
519.143495879
509.417056892
499.497997655
489.705290234
434.613704054
400.859256976
367.098765588
333.74022079
150.339919656
272.476008214
267.402806149
262.392867472
257.283713076
241.017266224
223.862814381
206.476419405
168.97320207
123.411871724
77.4377733915
358.185199109
351.516186656
344.930337522
338.214063687
316.830894789
294.280392859
271.424988498
222.124877798
162.231919557
101.796354338
301.751951695
296.133663926
290.585436822
284.927333856
266.913153022
247.915556287
228.661095495
187.128378175
136.671751026
85.7580063988
396.022316192
388.648818446
381.367269028
373.941517414
350.299524122
325.366885845
300.097136579
245.589177912
179.369389643
112.549675769
327.682073065
321.580995099
315.555998247
309.411683689
289.849509901
269.219413405
248.310380032
203.208677012
148.41621555
93.1273556338
429.535191323
421.537720888
413.63997979
405.585833572
379.943167246
352.900636776
325.492467736
266.371843728
194.548291719
122.07404618
359.46738313
352.774497828
346.165073542
339.424757678
317.965044139
295.333818903
272.396599787
222.920011069
162.812655935
102.16075147
464.749562195
461.853149689
453.200076854
438.091703393
416.280536237
386.651686304
346.460670949
291.847369566
213.154687813
0.0
404.635981644
397.102106969
389.66218054
382.074915451
374.584299117
332.443763559
306.624385754
280.80038455
255.283839451
114.997682396
528.992756227
519.143495879
509.417056892
499.497997655
489.705290234
434.613704054
400.859256976
367.098765588
333.74022079
150.339919656
272.476008214
267.402806149
262.392867472
257.283713076
241.017266224
223.862814381
206.476419405
168.97320207
123.411871724
77.4377733915
358.185199109
351.516186656
344.930337522
338.214063687
316.830894789
294.280392859
271.424988498
222.124877798
162.231919557
101.796354338
301.751951695
296.133663926
290.585436822
284.927333856
266.913153022
247.915556287
228.661095495
187.128378175
136.671751026
85.7580063988
396.022316192
388.648818446
381.367269028
373.941517414
350.299524122
325.366885845
300.097136579
245.589177912
179.369389643
112.549675769
327.682073065
321.580995099
315.555998247
309.411683689
289.849509901
269.219413405
248.310380032
203.208677012
148.41621555
93.1273556338
429.535191323
421.537720888
413.63997979
405.585833572
379.943167246
352.900636776
325.492467736
266.371843728
194.548291719
122.07404618
359.46738313
352.774497828
346.165073542
339.424757678
317.965044139
295.333818903
272.396599787
222.920011069
162.812655935
102.16075147
464.749562195
461.853149689
453.200076854
438.091703393
416.280536237
386.651686304
346.460670949
291.847369566
213.154687813
0.0
404.635981644
397.102106969
389.66218054
382.074915451
374.584299117
332.443763559
306.624385754
280.80038455
255.283839451
114.997682396
528.992756227
519.143495879
509.417056892
499.497997655
489.705290234
434.613704054
400.859256976
367.098765588
333.74022079
150.339919656
272.476008214
267.402806149
262.392867472
257.283713076
241.017266224
223.862814381
206.476419405
168.97320207
123.411871724
77.4377733915
358.185199109
351.516186656
344.930337522
338.214063687
316.830894789
294.280392859
271.424988498
222.124877798
162.231919557
101.796354338
301.751951695
296.133663926
290.585436822
284.927333856
266.913153022
247.915556287
228.661095495
187.128378175
136.671751026
85.7580063988
396.022316192
388.648818446
381.367269028
373.941517414
350.299524122
325.366885845
300.097136579
245.589177912
179.369389643
112.549675769
327.682073065
321.580995099
315.555998247
309.411683689
289.849509901
269.219413405
248.310380032
203.208677012
148.41621555
93.1273556338
429.535191323
421.537720888
413.63997979
405.585833572
379.943167246
352.900636776
325.492467736
266.371843728
194.548291719
122.07404618
359.46738313
352.774497828
346.165073542
339.424757678
317.965044139
295.333818903
272.396599787
222.920011069
162.812655935
102.16075147
464.749562195
461.853149689
453.200076854
438.091703393
416.280536237
386.651686304
346.460670949
291.847369566
213.154687813
0.0
404.635981644
397.102106969
389.66218054
382.074915451
374.584299117
332.443763559
306.624385754
280.80038455
255.283839451
114.997682396
528.992756227
519.143495879
509.417056892
499.497997655
489.705290234
434.613704054
400.859256976
367.098765588
333.74022079
150.339919656
272.476008214
267.402806149
262.392867472
257.283713076
241.017266224
223.862814381
206.476419405
168.97320207
123.411871724
77.4377733915
358.185199109
351.516186656
344.930337522
338.214063687
316.830894789
294.280392859
271.424988498
222.124877798
162.231919557
101.796354338
301.751951695
296.133663926
290.585436822
284.927333856
266.913153022
247.915556287
228.661095495
187.128378175
136.671751026
85.7580063988
396.022316192
388.648818446
381.367269028
373.941517414
350.299524122
325.366885845
300.097136579
245.589177912
179.369389643
112.549675769
327.682073065
321.580995099
315.555998247
309.411683689
289.849509901
269.219413405
248.310380032
203.208677012
148.41621555
93.1273556338
429.535191323
421.537720888
413.63997979
405.585833572
379.943167246
352.900636776
325.492467736
266.371843728
194.548291719
122.07404618
359.46738313
352.774497828
346.165073542
339.424757678
317.965044139
295.333818903
272.396599787
222.920011069
162.812655935
102.16075147
464.749562195
461.853149689
453.200076854
438.091703393
416.280536237
386.651686304
346.460670949
291.847369566
213.154687813
0.0
404.635981644
397.102106969
389.66218054
382.074915451
374.584299117
332.443763559
306.624385754
280.80038455
255.283839451
114.997682396
528.992756227
519.143495879
509.417056892
499.497997655
489.705290234
434.613704054
400.859256976
367.098765588
333.74022079
150.339919656
