33.4627405312
44.7188539102
55.8346023168
67.1704845491
57.1480147968
59.2027655169
61.2852982567
65.8170943031
70.7051140944
75.6374174497
36.8171529196
48.9741758383
60.9795993436
73.2227756035
61.9530911255
62.9447629002
63.9498429411
66.3567181792
67.6281297884
68.9110598937
23.4011946914
31.2975971385
39.0955305781
47.0478925689
37.6907816782
38.7509592133
39.8254712722
43.2432837729
47.1507580454
51.0936325197
22.5053699487
29.9456889212
37.2932262974
44.7862726804
34.6089191669
35.1432819753
35.6848698344
38.434910311
39.5027985532
40.5803614488
14.4895398047
19.4101982835
24.2694956096
29.2250253864
20.4572323447
20.6365022015
20.8181959431
23.2493373033
26.2883284021
29.3548515818
9.82921931742
13.0918862232
16.3138673136
19.5996558057
10.3897954321
10.5191131561
10.6501793685
13.7041661992
14.5917908878
15.4874571118
3.56557575002
4.83854807412
6.09564629326
7.3776398078
-0.667763612593
-1.56831607092
-2.48104478299
-1.25937127227
0.715027548923
2.70731365786
-5.70928790805
-7.56761385828
-9.40276627941
-11.2742616537
-19.2981626944
-19.665351848
-20.0375057188
-16.6109394862
-15.9442830247
-15.2715869141
-11.9579521171
-15.8685338023
-19.7303501036
-23.6686449617
-27.5567726931
-33.1225315107
-35.5904921305
-38.0588946808
-40.4979088558
-35.1602402341
-27.7903244916
-36.9258508161
-45.9474561221
-55.1477233064
-64.230794855
-62.5590652749
-63.6463213691
-64.7337721551
-65.8082759395
-58.981807372
1.61243812231
0.29551164292
-1.00499261836
-2.33125177871
-1.90202413362
-2.38634495205
-2.87721420986
-3.46011838975
-3.98176426059
-4.50813604076
1.11052880892
-0.21144408851
-1.51693183844
-2.84827317935
-2.31368684887
-2.67303575777
-3.03724337697
-3.35887433674
-3.65572105329
-3.95525708599
0.265762186287
-0.861010204171
-1.97373161893
-3.10848912276
-2.8733190459
-3.29939861452
-3.73123915008
-4.23844510652
-4.64790051133
-5.06106542335
-0.469151949078
-1.65049178661
-2.81710018637
-4.00681184114
-3.63902401207
-3.93809329913
-4.24120626348
-4.43869687026
-4.66048197602
-4.88427636884
-0.927007928475
-1.88535812588
-2.83175759087
-3.79689934178
-3.73360882535
-4.10810328699
-4.48766124
-4.92782019852
-5.23790690485
-5.5508028765
-1.8682977633
-2.92507689063
-3.96867786596
-5.03294608444
-4.8128940709
-5.05857283575
-5.30757339153
-5.39511111423
-5.55041307901
-5.70712201937
-2.38911323044
-3.14101041701
-3.88353136292
-4.6407570296
-4.78815758726
-5.09941869196
-5.41488831795
-5.77286063387
-5.96114054851
-6.15112620617
-3.58337972913
-4.48747153428
-5.38028921514
-6.2907880601
-6.25183156238
-6.43206388065
-6.61473309688
-6.56748986491
-6.64129636655
-6.71577152647
-4.46684181745
-4.92535840966
-5.37815724952
-5.83992321757
-6.29580707859
-6.50813005692
-6.73252679715
-6.95696371945
-7.17872853445
-7.0042172536
-6.02060147003
-6.7077165542
-7.38626323765
-8.07824770972
-8.76141748558
-8.38386694446
-8.47227583606
-8.56070055879
-8.64807251202
-8.14911556288
-1.90624530484
-4.61218675843
-7.28438482434
-10.0095025104
-8.42561661602
-9.19044305818
-9.96561062011
-11.1135647229
-12.2328470202
-13.362269581
-2.83418433335
-5.64525829438
-8.42127785379
-11.2522730912
-9.41360206072
-9.9222058818
-10.4376864696
-11.0607509736
-11.5308520759
-12.0052121119
-2.29014016875
-4.41375382475
-6.51088578479
-8.64954888284
-7.3546651607
-7.94493997532
-8.54319581965
-9.48402081113
-10.3703919047
-11.2647931768
-3.00727759733
-5.14110094913
-7.24831528894
-9.39726043599
-7.86449107542
-8.25563432976
-8.65206618164
-9.17518725312
-9.5394498832
-9.90701259146
-2.63016133393
-4.23799894064
-5.82578663547
-7.44501852701
-6.40610815742
-6.84178010193
-7.28334271067
-8.04071048927
-8.72078880251
-9.40702836157
-3.16058877399
-4.6945615862
-6.20940558865
-7.75424922705
-6.49242134558
-6.77952809795
-7.07051678372
-7.50511652927
-7.77563651251
-8.0486073019
-3.04696147189
-4.02255746979
-4.98598767824
-5.96849744568
-5.24336086307
-5.48951961197
-5.73900664159
-6.27149138505
-6.69869467719
-7.12976826551
-3.34851860345
-4.14719075422
-4.93590337539
-5.74023548706
-4.81052941868
-4.97010755573
-5.13184332821
-5.45793306133
-5.61354270328
-5.77056210825
-3.63925640479
-3.71640380069
-3.79258916007
-3.87028327748
-3.94698770499
-3.56788628413
-3.5444238066
-3.5209571277
-3.49776983905
-3.89366181321
-3.61557678216
-3.36934799299
-3.12618970391
-2.8782159618
-2.63340098017
-2.39882573258
-2.37688631248
-2.35494296376
-2.33326086876
-2.53333999095
-5.26816677515
-9.30124076597
-13.2840218803
-17.345677112
-14.6585745062
-15.691409679
-16.7382096831
-18.4260399944
-20.1163332323
-21.8219398715
-6.6031553368
-10.836988958
-15.0180262081
-19.2818637962
-16.1972067476
-16.848415979
-17.5084301265
-18.4194989153
-19.0551356935
-19.6965310945
-4.73217372515
-7.80821806226
-10.845903788
-13.9437471707
-11.6363614347
-12.3835163819
-13.140773515
-14.4958992454
-15.837938809
-17.1921367307
-5.43232642251
-8.4761989001
-11.482113953
-14.5475574834
-11.9017080449
-12.3808232507
-12.8664165114
-13.7006607837
-14.2010533777
-14.7059793346
-4.25743702371
-6.48582652468
-8.68642776337
-10.9306092228
-8.95954414275
-9.45366803312
-9.95447290894
-11.0149174391
-12.0485037484
-13.0914539489
-4.395306527
-6.38521342022
-8.35030595551
-10.3543147492
-8.09712347966
-8.42381254843
-8.75491873799
-9.52111843856
-9.90172332657
-10.2857763473
-3.67550171228
-4.86483044637
-6.03932812028
-7.23708528663
-5.67828423654
-5.86224102488
-6.04868506926
-6.74790748296
-7.4033898031
-8.06481053889
-3.12412084864
-3.82206992875
-4.51131550704
-5.21421075248
-3.43343917387
-3.57328330053
-3.7150182416
-4.39780846708
-4.63157681227
-4.86746300801
-2.84854100656
-2.5613097035
-2.2776602064
-1.98839337733
-1.70281131189
-0.75863422371
-0.498354981302
-0.238029131455
0.0191973237072
-0.921685693128
-1.31769909517
-0.179708125088
0.944091972378
2.09014755869
3.22160436104
3.31957405175
3.44694562169
3.57433999968
3.70021764217
2.83224542148
-8.52190819294
-13.8394101936
-19.0906023591
-24.4457879742
-20.6909680114
-21.9831879185
-23.2928797645
-25.5032141247
-27.7461442887
-30.0093945303
-10.2508482305
-15.8616598909
-21.4025041124
-27.0530779888
-22.7625283135
-23.5517541921
-24.3516510922
-25.5414567518
-26.3373025918
-27.1403584866
-7.09562742156
-11.0934550847
-15.0414293969
-19.0675885202
-15.7802811032
-16.6792680876
-17.5904101591
-19.3465052415
-21.1295507557
-22.9287499708
-7.77934192313
-11.7039799269
-15.5796772629
-19.5321280527
-15.8090152745
-16.3732716664
-16.9451572964
-18.0805134339
-18.7126555961
-19.3505247211
-5.83235016692
-8.66132341682
-11.455019059
-14.3040404325
-11.430815556
-11.981510523
-12.5396513657
-13.8934202307
-15.2691393407
-16.6573219324
-5.59029347948
-8.02146338738
-10.422316339
-12.8707152521
-9.65018944001
-10.0151871437
-10.3851199343
-11.4722493524
-11.9593968284
-12.4509576717
-4.28381675799
-5.68000072717
-7.05877412862
-8.46485245391
-6.09921262713
-6.22296899227
-6.34839865127
-7.20899344334
-8.08540921917
-8.96976498211
-2.90694377436
-3.50741085508
-4.10039004522
-4.70511246425
-2.10066099772
-2.22140611581
-2.34378381309
-3.37179660726
-3.68120866159
-3.99342386916
-2.08326928215
-1.44338427347
-0.811478701249
-0.167059010687
0.469151877474
1.96022160404
2.44969731136
2.93926066765
3.42299536703
1.95465805255
0.90623738555
2.90729537504
4.88339995121
6.89863886583
8.88820709055
8.85396692382
9.08337804338
9.31283024292
9.53955062412
8.02517679758
-11.9292756544
-18.5918501871
-25.1713416821
-31.8811319731
-27.0081821674
-28.5720337103
-30.1570298884
-32.9145384293
-35.7361983812
-38.5834214781
-14.0707676646
-21.1235716542
-28.088426402
-35.1912115945
-29.6378328338
-30.571591843
-31.5179760875
-32.9996792342
-33.9632984386
-34.9356476593
-9.57067205108
-14.533805222
-19.4350475762
-24.4333530511
-20.1198567574
-21.1778445584
-22.2501372762
-24.4261335578
-26.6710072056
-28.9362185382
-10.2371722242
-15.0841612724
-19.8707078339
-24.7520461059
-19.9008067867
-20.5542243228
-21.2164766331
-22.6671616921
-23.4372740043
-24.2143632354
-7.48162314524
-10.9395368244
-14.3543299395
-17.836748863
-14.0187685371
-14.6287055953
-15.2468895339
-16.9078321003
-18.6418378787
-20.3915530771
-6.84170197694
-9.73496921993
-12.592157102
-15.5059281017
-11.2765837164
-11.6816988048
-12.0922914021
-13.5155032977
-14.1142237911
-14.71836846
-4.92085351874
-6.53365943379
-8.12635348161
-9.75058889049
-6.54001523483
-6.60072880188
-6.66226326925
-7.69184966841
-8.79963031669
-9.9174470281
-2.67951264161
-3.17789509109
-3.67006265657
-4.17197699979
-0.70495543673
-0.805699782803
-0.907806280197
-2.29734139483
-2.68596869097
-3.07811679973
-1.28186510213
-0.272675773442
0.723928853265
1.74027001782
2.74366473782
4.80744874672
5.53694247531
6.26656683219
6.98750440728
4.96680893631
3.23517746647
6.14005235517
9.00870313435
11.9341640398
14.8223595872
14.6496672485
14.9859357351
15.3222644364
15.6545888662
13.4632934543
-15.3333197597
-23.3396549156
-31.2461501911
-39.3092239522
-33.319234865
-35.1544531094
-37.0144851031
-40.3186341415
-43.7184594204
-47.149085798
-17.8869613623
-26.3803512423
-34.7678276159
-43.3214077185
-36.5064315655
-37.5845827357
-38.6773114491
-40.4506273824
-41.5818563143
-42.7233337417
-12.0433026601
-17.9707998337
-23.8243804653
-29.7938841144
-24.4551998315
-25.6720333687
-26.9053195553
-29.500807488
-32.2070588279
-34.9378277557
-12.6926052946
-18.4610457775
-24.1575531729
-29.9668729422
-23.9886073936
-24.731099111
-25.4836299632
-27.2493363894
-28.1572842832
-29.0734578329
-9.12928751468
-13.2155281897
-17.2508129938
-21.3660116867
-16.6041973732
-17.2733187412
-17.951487213
-19.9193038806
-22.0112468746
-24.122142061
-8.09188992033
-11.4468037944
-14.7598815234
-18.1385707117
-12.9013916986
-13.3465850434
-13.79779779
-15.556764367
-16.2669490557
-16.9835677422
-5.55726894935
-7.38648552931
-9.19289157724
-11.0350712914
-6.98038790825
-6.97812016565
-6.97582176119
-8.17423494245
-9.51315480278
-10.8642047579
-2.45230333252
-2.8487007184
-3.24015498526
-3.63936152593
0.689388830882
0.608625749195
0.526770680289
-1.22393414609
-1.69169942192
-2.16370246978
-0.481242567047
0.896890882795
2.25783885687
3.64573874395
5.01595916516
7.65189886281
8.62117651248
9.59062772784
10.5485368242
7.97602193607
5.56184602912
9.3696562844
13.1299827268
16.9647778433
20.7507242424
20.4397147702
20.8827364013
21.3258373629
21.763662841
18.8961060752
-18.7338359468
-28.0825390655
-37.3146628276
-46.729617529
-39.6237468491
-41.730050553
-43.8648333178
-47.7150563209
-51.692447722
-55.7058727469
-21.699199994
-31.6316827551
-41.4403063633
-51.4431777863
-43.3679117482
-44.5903054329
-45.8292269451
-47.8938534403
-49.1925183907
-50.5029487419
-14.5133706588
-21.4042323775
-28.2091642924
-35.1488595756
-28.7860497982
-30.1615644454
-31.5556772488
-34.5702220754
-37.7373729402
-40.9332169638
-15.1454935781
-21.8344305124
-28.4399556671
-35.1762951826
-28.0721714438
-28.9036450268
-29.7463608571
-31.8267621654
-32.8724027894
-33.9275165119
-10.7752442608
-15.4891607397
-20.1442941613
-24.8916168168
-19.186946696
-19.9151910358
-20.6532818734
-22.9276546008
-25.3771638478
-27.8488646988
-9.34078218111
-13.1568642403
-16.9253593362
-20.7684848765
-14.5245157455
-15.00974581
-15.5015366078
-17.5959098933
-18.4174432567
-19.2464193939
-6.19302480521
-8.23842776416
-10.2583243232
-12.3182224673
-7.42030418371
-7.35512040467
-7.28905528415
-8.65612027708
-10.225939799
-11.8099812771
-2.22532950094
-2.51984751955
-2.81069286607
-3.10729804957
2.08228801366
2.02148548797
1.95986085917
-0.151639366187
-0.69846060387
-1.25023582994
0.318550210626
2.06524541153
3.79015913107
5.54923266083
7.28589860866
10.4934010185
11.7022140795
12.9112435991
14.1058786217
10.9821162167
7.88610325509
12.5959130835
17.2469910652
21.9901779676
26.6729447981
26.223761543
26.7734256806
27.3231882449
27.8664054309
24.3232881821
27.4992584624
36.3447232163
45.0798840515
53.9880340819
46.0711059716
47.6176430182
49.185090593
52.7127465987
56.510817264
60.3432969769
30.3897393962
39.8586922074
49.2095661351
58.7456227042
49.7452448052
50.4275146268
51.1190093308
53.0467837959
54.1490443574
55.2612909722
19.9849965835
26.2844343523
32.5053174389
38.8493975198
31.4808415155
32.3035407707
33.1373636366
35.827869753
38.8517937409
41.9031133077
19.6875491707
25.6339771183
31.5062524551
37.4948210353
29.3041298548
29.6219069617
29.9439806919
32.1731831824
33.1228936315
34.081208089
13.3295074909
17.373892787
21.3678441536
25.4408908505
18.5580358544
18.7396216372
18.923662618
20.8726931182
23.2109443347
25.5703792006
10.2084663996
13.0349437537
15.8261746242
18.6726824142
11.1991423273
11.1940830297
11.188955326
13.6851369247
14.4997315599
15.3217061067
5.17116602242
6.45129344898
7.71545754566
9.00465686883
2.71717730207
2.11288205421
1.50041620818
2.54054111428
4.03829022389
5.54960835969
-1.41105441655
-2.40903262866
-3.39456594264
-4.39961654064
-10.9940681903
-11.3948624353
-11.8010757677
-8.97762945563
-8.32866065678
-7.67381245226
-6.42226659063
-9.07029508407
-11.6853023708
-14.3520966841
-16.9849206085
-21.5145899848
-23.2589339532
-25.0035902761
-26.7274750217
-22.90096073
-17.9230050501
-24.3557359089
-30.7082499061
-37.186567687
-43.5823628024
-43.4949428329
-44.4711199534
-45.447471875
-46.412199519
-40.351654615
2.2719912558
1.21019582515
0.161641100365
-0.907678970537
-0.601788895455
-1.00402148217
-1.41169260386
-1.88815293171
-2.31205735316
-2.7398021843
1.87751782679
0.80451990713
-0.2550976104
-1.33569955915
-0.942546003337
-1.24266349378
-1.54683883415
-1.79686752025
-2.0268007877
-2.2588171614
0.995326685567
0.0900987764669
-0.803840840997
-1.71548384115
-1.57656853968
-1.93381157101
-2.29588483933
-2.71184932906
-3.05200133511
-3.39523498643
0.408656322219
-0.544976879738
-1.48671817073
-2.44710949819
-2.20646475464
-2.46138689935
-2.71975581354
-2.86985844798
-3.03957910158
-3.21083735848
-0.135433362357
-0.901987180942
-1.65898198906
-2.09980203077
-2.43994479599
-2.75733993541
-3.0790265336
-3.44140899529
-3.70738029055
-3.97576118261
-0.892335296114
-1.74024546239
-2.57758209559
-3.03225984121
-3.32593564866
-3.54082763
-3.75862513814
-3.82022184112
-3.93661132244
-4.05405524733
-1.52152632433
-2.11809254809
-2.7072195254
-3.30801344321
-3.49827698115
-3.76682631758
-4.03900667497
-4.335707941
-4.51074804239
-4.68737393922
-2.48709921536
-3.20541340242
-3.91477013252
-4.63817480659
-4.69819029293
-4.86401304177
-5.03207785862
-4.9851834198
-5.03619920607
-5.08767717559
-3.49123737555
-3.84624228035
-4.19682023493
-4.55434095786
-4.90730747953
-5.2013595975
-5.40318898113
-5.60505450576
-5.80451665425
-5.69861311966
-4.75334267955
-5.2874941593
-5.81498471132
-6.35292156969
-6.88400603444
-6.74432915322
-6.84172119825
-6.93913068298
-7.03538042719
-6.5565083368
-0.515007934737
-2.67131455
-4.8007317845
-6.97231952746
-5.75800812244
-6.37553233572
-7.00140601431
-7.92022376791
-8.81055370637
-9.70894968884
-1.27238889056
-3.51001585676
-5.71973936847
-7.97322375642
-6.54231354047
-6.95096092521
-7.3651335786
-7.85575652208
-8.23286479239
-8.6133895174
-1.10256977706
-2.80373793794
-4.48369234467
-6.19691619732
-5.22860799012
-5.71620593348
-6.2103966258
-6.96955053014
-7.68135107804
-8.39960026289
-1.721192239
-3.43711430407
-5.13163863218
-6.85972094571
-5.68761873581
-6.00581021277
-6.32830391568
-6.74126187262
-7.03465242481
-7.33070098163
-1.62298169454
-2.92102722441
-4.20288598368
-4.43396737178
-4.75971073007
-5.13223112007
-5.50978831026
-6.1275256624
-6.68120017865
-7.23989077134
-2.11870377618
-3.3725443574
-4.61074940861
-4.76511360216
-4.9306033374
-5.1686767246
-5.40996907139
-5.75413804025
-5.97337861352
-6.19460542138
-2.26090598048
-3.06480118845
-3.85867173472
-4.6682639179
-4.18493344355
-4.41639102622
-4.65097811703
-5.0953661471
-5.4552087536
-5.8183113946
-2.60597598306
-3.2933941002
-3.97224003778
-4.66452969032
-4.00264897805
-4.14251309394
-4.28426829451
-4.54411527798
-4.67246232871
-4.80197215397
-3.16742996577
-3.26911155842
-3.36952517041
-3.4719273514
-3.5730251041
-3.39914457705
-3.4305636319
-3.46198831286
-3.49303885699
-3.79817228028
-3.29841543493
-3.1809174189
-3.06488461607
-2.94655392524
-2.82973056461
-2.68428056616
-2.68458824316
-2.68489597526
-2.68520004355
-2.82296698449
-3.17784265983
-6.37989855242
-9.54202445569
-12.7667724017
-10.6845110272
-11.507735343
-12.3420903687
-13.6835579452
-15.0195335328
-16.3676125411
-4.28196313667
-7.6323333995
-10.9409241765
-14.3150375543
-11.892604097
-12.4049462271
-12.9242156691
-13.6447140806
-14.1624405145
-14.6848573492
-3.10700220362
-5.56865043524
-7.99960164255
-10.4786948705
-8.71794429816
-9.33008967144
-9.95051178342
-11.0375655643
-12.1044572246
-13.1810145096
-3.7561532563
-6.2004032169
-8.61417311152
-11.0757447719
-9.01368274613
-9.39232482369
-9.77608647199
-10.4401892024
-10.8517399972
-11.2670192825
-3.04425779954
-4.8501163886
-6.63345572234
-6.66414258864
-6.97612805244
-7.40131779089
-7.83225646501
-8.69397231265
-9.52253249446
-10.3585991102
-3.29043593368
-4.93212219802
-6.55333645398
-6.42076645769
-6.46378097818
-6.72400300923
-6.98774346884
-7.6018957389
-7.91940525322
-8.23979128064
-2.96734530423
-3.96933271852
-4.9588252395
-5.96791345176
-4.84099846091
-5.03701677603
-5.23568542953
-5.82118058482
-6.35759250271
-6.89886410459
-2.719556635
-3.37745514262
-4.02714958345
-4.68971042946
-3.33809494005
-3.45315691409
-3.56977462626
-4.12269729975
-4.32493040581
-4.52899566539
-2.85804860035
-2.7176927663
-2.57908718494
-2.43773668928
-2.29818675666
-1.67722059701
-1.54582132649
-1.41439852668
-1.28454042407
-1.98239857023
-1.90830710528
-1.16819143231
-0.437305083219
0.308055577654
1.04392162117
1.19488753689
1.28733899213
1.37980700237
1.47117410443
0.74424020891
-5.75499257552
-9.96914758057
-14.130751609
-18.3747711242
-15.4524887113
-16.474794103
-17.5109219541
-19.2614393094
-21.0287205414
-22.812012656
-7.19469517427
-11.6220028325
-15.994101477
-20.4527841971
-17.0707327758
-17.6834329572
-18.3044173789
-19.2473943157
-19.9012140961
-20.5609572301
-5.04693591803
-8.24459346023
-11.402375861
-14.6226942868
-12.0950005936
-12.8276857043
-13.5702773559
-14.9746798371
-16.3852364728
-17.8085722047
-5.72563321116
-8.87477490117
-11.9846464478
-15.1561052035
-12.2327205268
-12.669868023
-13.1129261341
-14.0200922908
-14.5460011628
-15.0766745652
-4.4198000214
-6.71713123936
-8.98581448423
-11.2994262309
-9.12122540364
-9.597389694
-10.0799921404
-11.1778357331
-12.2724362978
-13.3769535191
-4.42446404383
-6.44151587633
-8.43341485053
-10.4647609519
-7.94762396341
-8.22928193831
-8.5147481744
-9.39019621148
-9.80281256468
-10.219167062
-3.65105279327
-4.84475819442
-6.02357795786
-7.22574280746
-5.47595259014
-5.63767200398
-5.80157800519
-6.5236397346
-7.23093930904
-7.94464674337
-2.82948248387
-3.45881126523
-4.08029224742
-4.71408090169
-2.69492495023
-2.78598286682
-2.87827196576
-3.71483972721
-3.98858137995
-4.26480302591
-2.55862252171
-2.18401755161
-1.8140839467
-1.43682425841
-1.06437021197
-0.0107047602802
0.278273660594
0.567303827985
0.852892852034
-0.2250529041
-0.562929740785
0.779768971605
2.1057240833
3.45793811709
4.79292726162
4.9492316032
5.13145738336
5.31371579415
5.49380426772
4.19666165704
-8.45382313351
-13.7278637105
-18.9361364212
-24.2475526139
-20.4455874035
-21.6763735233
-22.9238009437
-25.1026814439
-27.3216325015
-29.5606863952
-10.2449524303
-15.8000452957
-21.2858655418
-26.88032576
-22.4933478229
-23.2111444809
-23.9386463751
-25.1146062048
-25.9109450058
-26.7144983275
-7.07846398594
-11.0468816637
-14.9658127363
-18.9623534541
-15.6315052691
-16.4904214246
-17.3609508749
-19.097685738
-20.8681335587
-22.6546209503
-7.78810255108
-11.6754175728
-15.5142573484
-19.4291206588
-15.6037458121
-16.1021610717
-16.6073153399
-17.7690212105
-18.414687599
-19.0662034745
-5.86028874095
-8.67229756506
-11.4492403297
-14.2811770553
-11.36760395
-11.8971495658
-12.4338550996
-13.7789752555
-15.1521773523
-16.5378201276
-5.61203551518
-8.02217587529
-10.4022615199
-12.8294818548
-9.50152688828
-9.80563290935
-10.1138507087
-11.2629316441
-11.7751453244
-12.2919994619
-4.36704166644
-5.76151705707
-7.13860318612
-8.54296082464
-6.14088620399
-6.26668728717
-6.39418931058
-7.25926563187
-8.14552135732
-9.039806216
-2.94459850342
-3.54400863323
-4.13594405277
-4.73960203058
-2.02138756231
-2.08730806512
-2.15411987056
-3.28772507883
-3.63635156839
-3.98813647877
-2.24505898162
-1.62514475624
-1.01296092946
-0.388653549419
0.227701224584
1.73449595085
2.18849365278
2.64257265075
3.09124546245
1.61526618476
0.845969881711
2.81970271074
4.76882287421
6.75654298278
8.71894294387
8.88083776615
9.15707658371
9.43336486654
9.70636370871
7.81208986574
-11.1500214027
-17.4829137983
-23.736834329
-30.1146061201
-25.4338161057
-26.8728796132
-28.331400513
-30.9382263566
-33.6084067062
-36.3027778544
-13.2922346356
-19.9740127293
-26.572468315
-33.3015982573
-27.9106739536
-28.733464583
-29.5673800585
-30.9760955426
-31.9148143591
-32.862037604
-9.10801061465
-13.8464366715
-18.525774034
-23.2977799598
-19.1645606351
-20.1495847168
-21.1479271823
-23.2166702888
-25.3466582769
-27.4959431302
-9.84856027343
-14.4733286537
-19.0404256633
-23.6979684531
-18.9714831873
-19.5311064533
-20.0982963133
-21.514293634
-22.2796007341
-23.0518412198
-7.29937248813
-10.6255569305
-13.910263487
-17.2600196463
-13.6117915039
-14.19466638
-14.7854222322
-16.3775777715
-18.029109668
-19.6956038031
-6.79844869554
-9.60129418663
-12.369187886
-15.1918963408
-11.0539142229
-11.3804463956
-11.7113935676
-13.133840515
-13.7455543806
-14.3628101367
-5.082332204
-6.67738176424
-8.25254088095
-9.85889410081
-6.80517127868
-6.89508906392
-6.98622261594
-7.99417404067
-9.05921137328
-10.1338975312
-3.05960224522
-3.62912290448
-4.19154157845
-4.76509826759
-1.3485071052
-1.38931471187
-1.43067407292
-2.86102701426
-3.28446530216
-3.71173977675
-1.93180127393
-1.06681705423
-0.212619282932
0.65849483231
1.51851244671
3.47799449052
4.09685052291
4.71581737202
5.32741490855
3.453790329
2.25349534208
4.85764681227
7.42932422706
10.0519305732
12.6411294094
12.8086092597
13.1787694196
13.548995863
13.9148144541
11.4239917874
-13.8434253582
-21.2340721888
-28.5325568402
-35.9755790692
-30.4168750562
-32.0640000947
-33.7333956987
-36.7677233673
-39.8886653593
-43.0378818756
-16.3363586672
-24.1436543037
-31.8535921045
-39.7162158102
-33.3223856203
-34.2500614063
-35.1902801771
-36.8315100899
-37.9124613606
-39.0032056306
-11.135453841
-16.6430902477
-22.0820458224
-27.6287132717
-22.6939543768
-23.8049556878
-24.9309787042
-27.331385964
-29.8205414955
-32.332247811
-11.9068825574
-17.2683400067
-22.5629394917
-27.9623920551
-22.3357302723
-22.9564981092
-23.5856592681
-25.2556844937
-26.1405083109
-27.0333482889
-8.73696478291
-12.576791957
-16.3687360638
-20.2357749938
-15.8536532037
-16.4898020702
-17.1345522234
-18.9734871211
-20.903060359
-22.8501147823
-7.98363228882
-11.1787759151
-14.3340757488
-17.5518624433
-12.6046926784
-12.9536277604
-13.3072807487
-15.0028103942
-15.7139213241
-16.4314746434
-5.79688142141
-7.59229727815
-9.36532410159
-11.1734635565
-7.46876789477
-7.52283957118
-7.57764234375
-8.72832079755
-9.97195444979
-11.2268549407
-3.17448679825
-3.71414896412
-4.2470814834
-4.79056808054
-0.676324014845
-0.692044752131
-0.707978047479
-2.43477117541
-2.93294372742
-3.43562952959
-1.61886822347
-0.509067997621
0.586892897295
1.70455795964
2.80798588464
5.21968608527
6.00322959054
6.78691340264
7.56126681039
5.29040904471
3.65956205676
6.89347880835
10.0870682622
13.343902856
16.559250959
16.7323100491
17.1962942121
17.6603614594
18.1189036021
15.032150369
21.5357763936
27.9705925224
34.3251657861
40.8055836147
34.9941971464
36.0325205196
37.0848829293
39.6083988943
42.3165204337
45.0491765042
23.9623258728
30.7432085765
37.4395329267
44.2684698049
37.5373984849
37.9102663535
38.2881757205
39.7368494125
40.6699589264
41.6115220508
16.5687984757
21.2712715662
25.9151042997
30.6509024708
25.2709013528
25.8561223282
26.449256001
28.412455733
30.5528294364
32.7125940956
16.8697283927
21.3222653155
25.7192786128
30.2033693901
23.9993405427
24.1005319481
24.2030915494
25.9114560537
26.7429887097
27.5820547292
12.169475177
15.3375872906
18.4661926975
21.6567563147
16.6588393641
16.8427410729
17.029129293
18.4960489331
20.1335602674
21.7859068194
10.5877134819
12.9780012843
15.3384819349
17.7457090227
12.0084892225
11.8690529033
11.7277312835
13.6661076502
14.4076722321
15.1559551015
6.77675629482
8.06403882383
9.33526879806
10.6316739299
6.10211821673
5.79408017934
5.48187719934
6.34045350083
7.36155289886
8.39190306152
2.88717907495
2.74954860096
2.61363439413
2.47502857237
-2.68997368617
-3.12437302262
-3.56464581653
-1.34431942505
-0.713038288903
-0.0760379904426
-0.886581064145
-2.27205636582
-3.64025463802
-5.03554840654
-6.4130685238
-9.90664845888
-10.9273757759
-11.9482858715
-12.9570411875
-10.641681226
-8.05568560854
-11.7856210017
-15.4690436901
-19.2254120676
-22.9339307499
-24.430820391
-25.2959185377
-26.1611715949
-27.0161230985
-21.721501858
3.33022018569
2.12488000739
1.32827481909
1.00067509205
0.698446342707
0.378301987715
0.0569532832342
-0.316187473664
-0.642350445721
-1.33137391312
3.14050787919
1.82048390277
1.00673661764
0.691748661928
0.428594842195
0.187708770204
-0.0221291338408
-0.234860703755
-0.39788052211
-0.872085325809
1.72489118485
1.04120775711
0.36604993694
0.0171848189639
-0.279818033458
-0.568224527493
-0.860530528572
-1.18525355161
-1.45610215888
-1.72940454952
1.28646459352
0.56053802713
-0.156336155093
-0.510750664411
-0.773905497218
-0.984680499584
-1.1983053636
-1.3010200257
-1.41867622713
-1.53739834812
0.656141203761
0.0813837639962
-0.48620638725
-0.853906565769
-1.14628076663
-1.40657658382
-1.67039182721
-1.95499779207
-2.17685367626
-2.67232648926
0.0836271710742
-0.555414034151
-1.18648632523
-1.57582149631
-1.83897722641
-2.02308242425
-2.20967688475
-2.245332568
-2.32280956586
-2.64747908621
-0.0544225316429
-1.09517467917
-1.53090768787
-1.92169600512
-2.20839637504
-2.43423394319
-2.6720001821
-2.89855524812
-3.06035553626
-3.44439009371
-0.50368954971
-1.92335527056
-2.44925104991
-2.88139219348
-3.14454902349
-3.29596220288
-3.33246416991
-3.40287697469
-3.4311020456
-3.66967549371
-2.51563293365
-2.76712615104
-3.01548322033
-3.26875869815
-3.51880788047
-3.89458913808
-4.07385116511
-4.25314529207
-4.43030477406
-4.39300898573
-3.48608388907
-3.8672717644
-4.24370618498
-4.62759542966
-5.0065945833
-5.10479136198
-5.21116656043
-5.31756080718
-5.42268834236
-4.96390111073
0.950954990298
-0.73044234158
-2.31707874467
-2.67816249031
-3.09039962885
-3.56062161325
-4.06632521879
-4.72688281292
-5.38826039257
-6.69464580711
0.40147608503
-1.37477341915
-3.01820088316
-3.33653148556
-3.67102502021
-3.97971596863
-4.32439492321
-4.65076207057
-4.93487750887
-5.7905186396
0.0850006146399
-1.19372205114
-2.45649890456
-2.75505910927
-3.10255081954
-3.48747189164
-3.87759743195
-4.45508024915
-4.99231025133
-5.53440734901
-0.435106880668
-1.73312765901
-3.01496197542
-3.26479650601
-3.5107463962
-3.75598609578
-4.00454164973
-4.30733649213
-4.52985496642
-4.7543893718
-0.615802055144
-1.60405550817
-2.5799853319
-2.82316754321
-3.11331330272
-3.42268213821
-3.73623390986
-4.21434083553
-4.6416115548
-5.48498499001
-1.07681877837
-2.05052712861
-3.01209322856
-3.20125980983
-3.36878532922
-3.55782535125
-3.74942135906
-4.00315955122
-4.17112071453
-4.72941656383
-0.578354755553
-2.10704490712
-2.73135579121
-2.90665530094
-3.12650602404
-3.34326244046
-3.59386867756
-3.91924090915
-4.21172283002
-4.78851361046
-0.735534372561
-2.43959744617
-3.00857670016
-3.12337611774
-3.19476853743
-3.31491863215
-3.42419634399
-3.63029749462
-3.73138195415
-4.11847900506
-2.69560352676
-2.82181931615
-2.94646118076
-3.07357142532
-3.19906250321
-3.23040286997
-3.3167034572
-3.40301949801
-3.48830787493
-3.70268274734
-2.98125408769
-2.99248684482
-3.00357952822
-3.01489188867
-3.02606014904
-2.96973539975
-2.99229017384
-3.01484898676
-3.03713921833
-3.11259397803
-1.08751854451
-3.45855633888
-5.80002703105
-8.1878676915
-6.71044754825
-7.32406100704
-7.94597105434
-8.94107589595
-9.92273383323
-10.9132852108
-4.93678693891
-6.68044449604
-10.1277014745
-10.45122069
-10.779881911
-11.1356602575
-11.5203456253
-12.0128687001
-12.5313488453
-14.1537306804
-1.48183068209
-3.32908280823
-5.15329949709
-5.40379593833
-5.79952716167
-6.27666296093
-6.76025005185
-7.57923188322
-8.37097564014
-9.16989228849
-2.07998009009
-3.92460753369
-5.7462322701
-5.89614599702
-6.12565744734
-6.40382639671
-6.68575643261
-7.17971762111
-7.50242661662
-7.8280592305
-1.83107857537
-3.21440625251
-4.58048368131
-4.70469536399
-4.99271196213
-5.34896754866
-5.71004002107
-6.37302718622
-6.99656124054
-8.17233586941
-2.18556534037
-3.47903097581
-4.75636695246
-4.75428271684
-4.83043847669
-5.02419347004
-5.22056819968
-5.68267303924
-5.93708717988
-6.71860099909
-2.25918889617
-3.07383499067
-3.87832235873
-4.69874161689
-4.00371268528
-4.21179252717
-4.4226857898
-4.89445368669
-5.31179520233
-5.73291767028
-1.92296645845
-4.29769517489
-5.35285993743
-5.47063491461
-5.73884810487
-5.97257603798
-6.24460904988
-6.54949503087
-6.85928931503
-7.51398649839
-2.86755619415
-2.8740758291
-2.88051416348
-2.88708000122
-2.89356220144
-2.59580697032
-2.59328767168
-2.59076792191
-2.58827817185
-3.04311144733
-2.49891511539
-2.15667473953
-1.81870213882
-1.47403640339
-1.13376111871
-0.929798977966
-0.872267637434
-0.814725994933
-0.757869433307
-1.34376500366
-2.9880769581
-6.09888496757
-9.17090085885
-12.3037542741
-10.2140094112
-10.9664002874
-11.7289641437
-13.0196644941
-14.311296794
-15.6146307817
-4.13854211806
-7.38234577405
-10.5856988415
-13.8524904054
-11.3789372381
-11.8151117223
-12.2571836655
-12.9533318797
-13.4651256003
-13.9815559736
-2.9982444145
-5.39573183577
-7.76332232509
-10.1778000534
-8.40972008399
-8.97610332098
-9.55014455274
-10.6028544327
-11.6409221899
-12.6883944385
-3.67192449918
-6.04556987546
-8.38961563269
-10.7800823542
-8.6564257791
-8.96646437946
-9.2806949718
-9.95967114757
-10.3793467294
-10.8028244093
-3.00724987588
-4.77293906189
-6.51660990947
-6.52567930227
-6.81163525129
-7.21326886499
-7.62033291502
-8.46225123542
-9.27573325481
-10.0965851059
-3.25863460818
-4.86156836527
-6.44451336204
-6.25733238648
-6.24505848682
-6.44337673293
-6.64437641448
-7.30814307058
-7.64622830095
-7.98737645242
-3.01828882854
-4.00951566166
-4.98838178709
-5.98663316102
-4.85269255314
-5.0523750157
-5.2547573591
-5.83828602585
-6.3764693989
-6.91952850463
-7.46478200226
-10.7614860776
-12.3635385873
-11.9182282267
-12.2028961846
-12.6829667763
-13.276411704
-13.965353358
-14.6557727607
-16.2442935962
-3.03397576127
-2.92465082974
-2.81668919214
-2.70658950613
-2.59789230141
-1.9816311246
-1.89314999017
-1.80465301168
-1.71720966296
-2.40476386075
-2.03209686712
-1.34775743183
-0.671951784608
0.017237368349
0.697647432684
1.04449628259
1.17953672334
1.31460134538
1.44805791132
0.368146516492
-4.97837061257
-8.86387723396
-12.7009311602
-16.6139732547
-13.8829926396
-14.7807133364
-15.690571999
-17.2908244586
-18.9070666218
-20.5379513124
-6.41913719607
-10.4765189372
-14.4833046815
-18.5694399255
-15.3488628119
-15.8506971188
-16.3593166626
-17.2295331754
-17.8585915729
-18.4933489956
-4.5862559208
-7.55995810534
-10.4965778964
-13.4913538571
-11.1431537807
-11.8029982908
-12.4717644735
-13.7692379181
-15.0652599119
-16.3730233624
-5.33903287799
-8.26667387311
-11.1578068629
-14.1061952116
-11.3066848375
-11.6500978207
-11.9981540467
-12.8708807289
-13.3921011936
-13.9180437136
-4.23895433665
-6.4050583057
-8.54415071991
-10.7256052477
-8.71643936281
-9.16559353619
-9.62082066527
-10.6501184108
-11.6625168259
-12.6840871782
-4.38236905342
-6.30938253065
-8.21236593778
-10.1530356079
-7.72647006014
-7.92956701389
-8.13541001538
-9.0103599905
-9.43606685764
-9.86563046392
-3.81322981415
-4.98937468034
-6.15085289063
-7.33533275879
-5.74175717315
-5.93264577245
-6.1261153519
-6.82668159534
-7.49141239796
-8.1621654039
-20.8186268258
-22.0490712812
-22.2067404797
-19.1290429999
-18.4726302869
-19.0560187027
-19.7368106096
-20.7823866262
-21.8675893413
-24.5787052044
-3.20825286112
-2.97761373903
-2.74985071218
-2.51757711666
-2.28826228865
-1.33845684502
-1.15995516974
-0.981421530698
-0.805013482376
-1.73627656679
-1.54323770305
-0.500646933679
0.528942614075
1.57892192577
2.61552630056
3.11200828383
3.32821743227
3.54446529665
3.75813855123
2.1608862772
-6.96672304561
-11.6261726811
-16.2275184669
-20.9199882881
-17.5483973463
-18.5913061171
-19.6483159229
-21.5578185718
-23.498353992
-25.4564699108
-8.6975079088
-13.5676742163
-18.3771090141
-23.2817887961
-19.3149163418
-19.8823464303
-20.4574486679
-21.5015637028
-22.2477724038
-23.0007414663
-6.17271856923
-9.72207350929
-13.2271676027
-16.8016758051
-13.8739214386
-14.6271360649
-15.3905348092
-16.9325330895
-18.4862577258
-20.0540585048
-7.00451525226
-10.4856115298
-13.9232981537
-17.429063964
-13.954358981
-14.3311137956
-14.7129626635
-15.7792508787
-16.4019171851
-17.0302246068
-5.46945746158
-8.03558567141
-10.5697139801
-13.154027606
-10.6193856346
-11.1160140188
-11.6193572513
-12.8358516624
-14.0469724614
-15.2690655452
-5.50500747074
-7.75578457883
-9.97849424871
-12.2452219698
-9.20643674722
-9.41430774773
-9.62498934524
-10.710916663
-11.2241597056
-11.7420525312
-4.60739545865
-5.96827799917
-7.31219018467
-8.68271691017
-6.6299546491
-6.81205796218
-6.9966234707
-7.8141131389
-8.60526794379
-9.40359030443
-59.2513796133
-38.3459384291
-29.3464196887
-22.471349296
-19.6091020378
-20.1748416902
-20.6745626288
-21.3610094717
-22.2470881183
-24.6996500271
-3.38235998081
-3.03052499125
-2.68307742274
-2.32874907933
-1.97893427175
-0.695909881766
-0.42747546666
-0.158992983792
0.106292992924
-1.06844127806
-1.05485534495
0.345637340133
1.72866572733
3.13908330315
4.53153457634
5.17750374916
5.47480243786
5.77215436296
6.06596606731
3.95187749952
-8.95301476952
-14.3856053121
-19.7504508528
-25.2215406094
-21.2100032633
-22.3979496365
-23.6019580795
-25.8203904138
-28.0848829967
-30.3698910043
-10.9735173403
-16.6556258523
-22.2668778458
-27.9892538342
-23.2768594923
-23.9098173797
-24.5513334091
-25.7691667394
-26.6324043304
-27.5034625193
-7.7575370232
-11.8819481179
-15.9549273524
-20.1085669678
-16.6018589555
-17.4483469301
-18.3062801597
-20.0925498527
-21.9037100509
-23.7312786581
-8.66827153679
-12.7022495011
-16.6859233162
-20.7484889275
-16.5992891008
-17.0093511916
-17.424957679
-18.6846068219
-19.4086138325
-20.1391800659
-6.69868530504
-9.66442317443
-12.5931779662
-15.5799331709
-12.5203597114
-13.0644131045
-13.6158225735
-15.0193196415
-16.4289568703
-17.8513648658
-6.62648239653
-9.20068758999
-11.7427921614
-14.3352400102
-10.6848696112
-10.8975097107
-11.1130248896
-12.409710895
-13.0103993915
-13.6165298929
-5.4007380376
-6.94616679213
-8.47232388004
-10.0287046457
-7.51723160584
-7.69055873769
-7.86622940335
-8.80052131802
-9.71796910056
-10.6437286043
-161.005851477
-68.0577033119
-39.2951893058
-30.1465906165
-24.8013191813
-23.7375364219
-23.172708962
-22.8222151109
-22.7651817919
-24.0747406756
-3.55628665757
-3.08338140677
-2.61637333648
-2.14011674155
-1.66992683938
-0.054028847932
0.304245101587
0.662583206168
1.01665499906
-0.40129812733
-0.566979141578
1.19104453316
2.92714545922
4.69762774446
6.44555711979
7.24085855508
7.61916274363
7.997534674
8.37140177339
5.74101255596
15.5722943248
19.5964618285
23.5704475207
27.6231331476
23.9172883213
24.447398021
24.9846752657
26.5040511899
28.1222236033
29.7550560314
17.5349123494
21.6277249455
25.6694997182
29.7913169056
25.3295521646
25.3930180802
25.4573421102
26.4269150291
27.1908734955
27.9617531293
13.1526003679
16.25810878
19.3248911605
22.4524074218
19.0609611901
19.4087038856
19.7611483654
20.9970417131
22.2538651319
23.5220748835
14.0519076148
17.0105535126
19.9323047706
22.9119177449
18.6945512306
18.5791569345
18.4622024069
19.649728925
20.363083788
21.0829013694
11.0094428632
13.3012817942
15.5645412415
17.8726217789
14.7596428739
14.9458605086
15.134595968
16.1194047479
17.0561762
18.0014344382
10.9669605641
12.9210588149
14.8507892455
16.8187356312
12.8178361177
12.5440227768
12.2665072411
13.6470783757
14.3156129042
14.9902040964
8.38234656722
9.67678419869
10.9550800505
12.2586909909
9.4870591314
9.47527830447
9.4633381905
10.1403658874
10.6848155738
11.2341977633
7.18541256645
7.90812983058
8.6218347309
9.34967368539
5.61412081794
5.14611639005
4.67178413461
6.28899060553
6.90258407898
7.52173647137
4.64910446234
4.52618235244
4.40479309477
4.28099987106
4.15878356085
1.70129306705
1.40418240149
1.10701853319
0.81339264668
1.61759827802
1.811633833
0.784493905515
-0.229837474054
-1.26425644817
-2.28549869742
-5.36669794906
-6.12071712197
-6.87487131487
-7.62004667798
-3.09134910102
3.59109752279
3.03956418962
2.49490853782
1.93946664581
1.99868158087
1.7606254576
1.51935060816
1.25577798438
1.02735646171
0.796865528626
4.2230252781
3.22676736406
2.74576600934
2.53612270643
2.37661481404
2.28863470158
2.19027094441
2.05690879193
1.97473501295
1.67439480558
2.45445568412
1.99231673774
1.53594071488
1.25310426701
1.01693247276
0.79736251602
0.574823782184
0.341342225852
0.139797017342
-0.0635741126067
2.16427286481
1.666052934
1.17404586054
0.880952609572
0.658653760207
0.492025900187
0.323145086343
0.267818396573
0.202226647315
0.136040662241
1.44771576988
1.06475470893
0.68656921456
0.391988899229
0.147383262728
-0.0558132322342
-0.261757120821
-0.468586588843
-0.646327061959
-0.99100066603
1.05958963826
0.62941739409
0.204609445137
-0.119383151418
-0.352018804168
-0.505337218503
-0.660728631362
-0.670443294887
-0.709007809289
-0.93526759046
0.213647487901
-0.0722568102505
-0.354595850344
-0.64252627041
-0.918515768929
-1.1016415688
-1.28724338902
-1.46140255524
-1.60996303013
-1.75986940532
0.261155201522
-0.480317495919
-0.792579711329
-1.17220202372
-1.39517364292
-1.48056194955
-1.55094902999
-1.6119023379
-1.66073733043
-1.73313442032
-1.54002849175
-1.68801002172
-1.83414620573
-1.98317643845
-2.13030828141
-2.58781867867
-2.7445133491
-2.90123607838
-3.05609289387
-3.0874048518
-2.21882509859
-2.44704936951
-2.67242765865
-2.90226928964
-3.12918313217
-3.46525357074
-3.58061192262
-3.69599093137
-3.80999625754
-3.37129388466
3.13606528712
1.87426768154
1.06877664662
0.825993713824
0.579513404786
0.36349973634
0.0805972986385
-0.27568448535
-0.540404894063
-1.16574817757
3.04317848279
1.65860739447
0.830381210617
0.648282577281
0.462995798084
0.320042585942
0.159721056575
0.00595121034468
-0.146023648518
-0.576587169528
1.27257100634
0.416293835671
-0.429305464452
-0.697646505087
-0.976493648958
-1.2587378498
-1.54479823811
-1.94060996816
-2.30326942462
-2.66921443513
0.850978477662
-0.0291410139513
-0.898285318658
-1.134334242
-1.33387405659
-1.50616197879
-1.68077938378
-1.87341111163
-2.02505750803
-2.17807776198
0.39137758425
-0.28708379194
-0.957084680112
-1.21236771464
-1.46691587537
-1.71313315635
-1.96267950946
-2.30115600866
-2.60202293094
-3.18954763415
-0.034933780565
-0.728509899806
-1.41343704852
-1.6374060175
-1.80696732103
-1.9469739779
-2.08887364673
-2.25218106219
-2.36886281554
-2.72136897538
-0.688794997661
-1.14928862579
-1.6040398477
-2.06779686234
-2.06807860453
-2.27013385471
-2.47492106789
-2.7431156712
-2.96823690644
-3.19539765277
-0.464130256431
-1.898266143
-2.43127205199
-2.74996170834
-2.90989864236
-2.99640602663
-3.08892354676
-3.13497663024
-3.2049065021
-3.45884325289
-2.22377708774
-2.37452707388
-2.5233971911
-2.67521549924
-2.82509990233
-3.06166116289
-3.2028432825
-3.34405068317
-3.48357689287
-3.6071932144
-2.66409274046
-2.80405627073
-2.94227444037
-3.08322985211
-3.22238973348
-3.25519023333
-3.29999210452
-3.34480199825
-3.38907839312
-3.40222097157
1.30481612739
-0.320028681988
-1.8742989765
-2.08810396096
-2.24815247842
-2.48439866159
-2.78024996908
-3.18673745573
-3.64267789258
-4.63587263587
0.955579187334
-0.877135322243
-2.43227452311
-2.47567654251
-2.5761899732
-2.66796039935
-2.77988883208
-2.98575638451
-3.20830651377
-3.79292214418
0.143340839439
-1.08951518122
-2.30699735164
-2.56148877442
-2.88111002518
-3.22323625043
-3.56998832028
-4.12089820213
-4.6374940557
-5.15877006739
-0.403806923872
-1.64881185049
-2.87829142867
-3.05983742391
-3.23763214855
-3.41532796974
-3.59542639323
-3.91924603981
-4.15311323607
-4.38909917845
-0.617899351202
-1.57869611643
-2.52751164027
-2.74524813935
-3.00929587183
-3.29661730644
-3.58782357714
-4.0520820598
-4.47058998662
-5.29014645431
-1.08069474705
-2.02593975361
-2.95939745093
-3.08779897599
-3.19709597521
-3.32438393084
-3.45339293052
-3.76345033957
-3.95476910653
-4.42789720345
-0.556038308219
-2.12208976968
-2.8129805393
-2.91867637053
-3.12165206736
-3.31248564598
-3.58846803323
-3.89615792137
-4.2078786841
-4.8057042222
-0.53148809813
-2.2857599206
-3.00564634397
-3.16936531291
-3.23203677258
-3.33189660206
-3.41539683893
-3.55027700284
-3.67754098408
-4.09458599009
-2.87706378794
-3.0304588919
-3.18194114202
-3.33642331317
-3.48893764621
-3.51439334362
-3.64075401687
-3.76713731714
-3.89201591963
-4.10382432443
-3.0895231255
-3.14515804675
-3.20009919441
-3.25612838442
-3.31144385858
-3.05448549282
-3.03187426699
-3.00925899224
-2.98691297104
-3.43177021624
-0.221161340678
-2.22862235457
-4.21105010871
-6.23273742412
-4.97553011118
-5.4580064719
-5.94700633333
-6.77788967887
-7.59387304669
-8.41724890742
-1.08238906186
-3.14268871564
-5.17729620603
-7.25219661364
-5.68714170044
-5.94679048742
-6.20994995219
-6.65926944357
-7.02903710452
-7.40215471709
-0.949552910964
-2.54687021131
-4.12426878916
-5.73290581995
-4.72443957439
-5.1245209377
-5.53001174957
-6.23102902828
-6.89660790701
-7.56821667229
-1.61821578721
-3.21636484974
-4.79458481759
-6.40405950501
-5.08013103139
-5.26306073597
-5.44846380951
-5.89925000438
-6.2126922961
-6.52897425344
-1.59469973036
-2.82874688443
-4.0474053347
-4.22880347234
-4.50204509894
-4.82914803598
-5.16067368967
-5.74666673776
-6.27903021186
-6.8162166926
-2.09280517253
-3.28162085422
-4.45561187355
-4.49152112798
-4.54249301023
-4.65747152754
-4.77400465457
-5.22608992967
-5.48964403721
-5.75558584278
-1.55582334723
-3.60019032742
-4.74914543594
-4.79999300626
-4.89378508386
-5.02742414041
-5.3002997476
-5.67692321039
-6.14669243016
-6.96195432725
-2.0698823062
-4.49524315453
-5.52574350957
-5.5091085793
-5.53630881024
-5.57510295538
-5.68492235475
-5.95039976066
-6.19330699725
-6.92158690527
-3.50932900083
-3.66528410788
-3.81929443759
-3.97635475385
-4.13141439085
-3.95255748893
-4.06457364094
-4.17660985135
-4.28731217796
-4.58447481741
-3.50126399346
-3.47528383527
-3.44962765252
-3.42346338039
-3.39763239625
-2.86023903802
-2.77238393668
-2.68451310338
-2.59768844508
-3.46036862405
-1.50291809164
-3.99989075742
-6.46572589929
-8.98039389553
-7.3203978757
-7.88505314941
-8.45734305431
-9.47896747321
-10.4925007422
-11.5152162296
-2.5933219618
-5.15299257864
-7.68074382123
-10.258554091
-8.20437780104
-8.49024975665
-8.77998695015
-9.34446014597
-9.80623814007
-10.2721996637
-2.09404785566
-4.073034547
-6.02734305654
-8.02035426004
-6.65480229234
-7.11557515701
-7.58257807221
-8.44079009817
-9.26238626501
-10.0914257745
-2.8899632049
-4.85793017346
-6.80135637737
-8.78326976446
-7.00962386291
-7.19803456972
-7.38899275341
-7.97274024722
-8.36951478824
-8.76988395276
-2.61761993235
-4.13781904635
-5.63906111011
-7.17003344004
-6.06527477566
-6.43403750661
-6.80778623093
-7.52126156599
-8.17285629952
-8.83035422867
-3.15270259165
-4.59658918601
-6.02247035566
-7.47658936096
-5.951413232
-6.05350111843
-6.15696932202
-6.7577883369
-7.09698839092
-7.4392614659
-4.80288023023
-7.25358739981
-8.65776109227
-8.07890959961
-7.80585069284
-7.70414877757
-7.90491413467
-8.30412435396
-8.84547095348
-9.88763229629
-5.87376623691
-8.57288957157
-9.58925785008
-8.78290027391
-8.47058976254
-8.31912791681
-8.43943693075
-8.70968852446
-9.01072114984
-10.0220840402
-4.17144674062
-4.33008272183
-4.4867404949
-4.64650068389
-4.80422580189
-4.41140964089
-4.50840399227
-4.60541571214
-4.7012724272
-5.08781931835
-3.93244528782
-3.8209965781
-3.71093764606
-3.59869913125
-3.48789034275
-2.65682119849
-2.50064171917
-2.34443427325
-2.19008660625
-3.49031731134
-2.78342468855
-5.76943156384
-8.71820260483
-11.725370456
-9.66297858695
-10.3097326209
-10.9652313328
-12.1774107869
-13.3883012779
-14.6101619671
-4.10278118204
-7.16133570336
-10.1817497132
-13.2619793349
-10.7191587299
-11.0312282775
-11.3475172773
-12.0270318631
-12.5807304486
-13.1394453286
-3.2374265238
-5.59771034711
-7.92856117141
-10.3055716505
-8.58328224215
-9.10468741307
-9.63314243613
-10.6483958903
-11.6258571747
-12.6121738793
-4.16047023108
-6.49789440591
-8.80617064407
-11.1601594749
-8.93723477472
-9.13112113789
-9.32762901359
-10.0442081233
-10.524233636
-11.0086079937
-3.63954243503
-5.44561441228
-7.22916447324
-9.04803556557
-7.62697976532
-8.03736165755
-8.45329227046
-9.29412555339
-10.0648352548
-10.8425272873
-4.21156624594
-5.91027497102
-7.58780061137
-9.29854759889
-7.35895927156
-7.4481690999
-7.53858512284
-8.28799281092
-8.70276503057
-9.1212949257
-11.479866513
-12.5226003605
-12.5656386606
-10.5560890674
-9.45181869398
-9.18071416986
-9.2381686036
-9.56755709294
-9.97862925155
-11.034477215
-14.2664522069
-14.849123652
-13.6922897432
-11.0480445936
-10.0451513693
-9.7996583508
-9.77071413438
-9.98483958233
-10.2852267944
-11.3712306934
-4.83291868769
-4.99423292828
-5.15353556254
-5.31599299097
-5.4763809902
-4.86981425406
-4.95180145623
-5.03380333961
-5.1148289227
-5.59067288513
-4.36320603199
-4.166372132
-3.97199277241
-3.77376396692
-3.57806025668
-2.45360176137
-2.22916454386
-2.00468713703
-1.78288231952
-3.52023678834
-4.06260418087
-7.53713843539
-10.9683448654
-14.4675021495
-12.0031314704
-12.7318991782
-13.4705204604
-14.8730574602
-16.281100634
-17.701900133
-5.61067601343
-9.1675974008
-12.6801635871
-16.2622918581
-13.2313333643
-13.569573353
-13.9123866411
-14.706823389
-15.3523473003
-16.0037194079
-4.37962020542
-7.12080598804
-9.82780888232
-12.5884206639
-10.5097635341
-11.0917381725
-11.6815816151
-12.8537137413
-13.9868786062
-15.1303095053
-5.42966051614
-8.13615899538
-10.8089071408
-13.5345857999
-10.8628479293
-11.0622042739
-11.26425609
-12.1135291502
-12.6767193541
-13.2450118429
-4.66040582716
-6.75205439181
-8.81761986871
-10.924091348
-9.18706621912
-9.63902413894
-10.0970929235
-11.0651521618
-11.9548533815
-12.8526149494
-5.26933250424
-7.22259926486
-9.15150857404
-11.118617577
-8.76504654409
-8.84139166105
-8.9187690305
-9.81661139592
-10.3068774589
-10.8015851424
-27.7695842061
-20.3074851909
-15.3224531112
-11.3895657768
-9.35060233885
-9.18815844375
-9.30267322423
-9.65351947522
-10.0907657912
-11.1916721964
-35.267184145
-22.4913415512
-15.6788307321
-11.3209152995
-9.68398694476
-9.680805199
-9.79983057625
-10.1252102807
-10.5375937057
-11.68002393
-5.49370509167
-5.65769481592
-5.81963957026
-5.98479144274
-6.14783956341
-5.32774378114
-5.39473938737
-5.4617469903
-5.52795681227
-6.09300529937
-4.79352033991
-4.51138974204
-4.23277734376
-3.9486473671
-3.66813671938
-2.2505929389
-1.95796872485
-1.66529211145
-1.37610005535
-3.55012525709
9.60881225595
11.2223311346
12.8157292553
14.4406826804
12.8403794961
12.8622755224
12.884467602
13.3997034855
13.927926773
14.4609355586
11.107498826
12.5122413146
13.8994665098
15.3141640063
13.1217058443
12.8757698069
12.6265084999
13.1169806457
13.7117880645
14.3119842079
9.73640226007
11.2449459939
12.7346780213
14.2539123727
12.8510210273
12.9612854431
13.0730407297
13.5816276932
13.9549008273
14.3315556714
11.2340868368
12.6988417098
14.1453309283
15.6204660998
13.3897619186
13.0577819209
12.7213132644
13.3880017963
13.9831788663
14.5837480097
9.84941054943
11.2649762978
12.6628897855
14.0884872431
12.8604463836
13.0489799443
13.2400626429
13.7427605628
13.9787921326
14.216962057
11.3462076463
12.8641163455
14.3630965561
15.8917622397
13.6271830129
13.2189926504
12.8052831986
13.6280491012
14.2235535764
14.8244530912
9.98793683962
11.2895295736
12.5748913029
13.8857080519
12.8720000461
13.1564764296
13.4447991817
13.9402782739
14.0080782488
14.0764924652
11.483646058
13.0667110602
14.6300350677
16.2243187984
13.918215322
13.4166058027
12.9082140857
13.9223006361
14.5182064469
15.1195109332
10.1847899888
11.3244210707
12.4498408276
13.5975481486
14.7306356455
13.309234593
13.7357405788
14.1623229378
14.5838264809
13.876877782
11.6789532745
13.3546088127
15.009368742
16.6968991713
18.3629333551
13.6974244929
13.0544842938
12.4114289652
11.7760297425
15.538803656
4.54241178364
3.95424837186
3.66154225654
3.44998749824
3.29891681903
3.14294892748
2.98354044926
2.82774344242
2.69706336915
2.45579110237
4.57288937731
3.85241189405
3.53040507372
3.32897924332
3.17087653326
3.04845329818
2.95551026965
2.88915292923
2.85996000907
2.69503701047
3.1840201834
2.94342571838
2.70583149281
2.48902371505
2.31368297899
2.16294955953
2.01017809294
1.86793800331
1.73569619357
1.60225632431
3.04208113611
2.77156784087
2.50442787618
2.27265588355
2.09121301763
1.96873229996
1.84459553628
1.83665681885
1.82312952176
1.8094796726
2.239290336
2.04812565387
1.85934481637
1.63788436423
1.44104729209
1.29495011935
1.14687758557
1.01782461438
0.884199552338
0.690325157204
2.03555210545
1.81424882233
1.5957052155
1.33705519348
1.13493961808
1.01240798725
0.888219622026
0.904445978229
0.904793947285
0.776943905288
1.25193866054
0.950661058669
0.821715987182
0.594552256765
0.371364837182
0.230950805582
0.0982354382471
-0.0242498623652
-0.159570524008
-0.326155235468
1.02638880388
0.640760993159
0.481787115317
0.190189831445
-0.0372664846034
-0.159860525108
-0.220554155786
-0.238264084469
-0.220907724652
-0.327412731029
-0.564424049853
-0.608893892411
-0.652809191139
-0.69759417874
-0.741808682355
-1.28104821925
-1.41517553308
-1.54932686469
-1.68188101368
-1.78180071786
-0.951566308115
-1.02682697461
-1.10114913232
-1.17694314961
-1.25177168103
-1.82571577951
-1.9500572848
-2.07442105556
-2.19730417271
-1.77868665859
4.11038415977
3.15130207527
2.650227335
2.44514317913
2.24481735832
2.06919983168
1.88293827991
1.65979909707
1.45632623503
1.10870784562
3.9773209137
2.89571145608
2.38487608747
2.20383152689
2.0715520203
1.96277394454
1.89476681163
1.75922683246
1.66109705817
1.46214090088
2.46014139803
2.02630972248
1.59788797566
1.3597660991
1.14956352162
0.969996192045
0.788000955743
0.573860312828
0.38577140209
0.195978478752
2.13706383599
1.67484563111
1.2183913381
0.996128022012
0.842998283023
0.743662138205
0.642982882173
0.560514268874
0.479739950366
0.398233847852
1.39855722364
1.02988792429
0.665815971673
0.398432113928
0.179481551976
-0.00358417448904
-0.189125109052
-0.387971181787
-0.562434307086
-0.894110278286
1.00695121724
0.593507328993
0.185219131524
-0.0735522251663
-0.245149312851
-0.336122604549
-0.428325934402
-0.501202573159
-0.566604916547
-0.713321386916
0.526187971312
-0.191532344451
-0.476723904182
-0.779977287249
-1.00965118501
-1.19700526895
-1.3924066999
-1.56699043325
-1.72475098285
-2.04724798599
0.141903253954
-0.732004138117
-1.08125002493
-1.38477317332
-1.57900765618
-1.65972970857
-1.73656853105
-1.80266192791
-1.84922120502
-1.96586027989
-1.75195064873
-1.92723483161
-2.10033320145
-2.27685957316
-2.45113730144
-2.89291945582
-3.0889831078
-3.28508186832
-3.47884591082
-3.51170368146
-2.34693139323
-2.61562569664
-2.88096935252
-3.15156781554
-3.41871931791
-3.54064506692
-3.6076940352
-3.67475500975
-3.7410175679
-3.69184796511
3.15391054657
1.87446028557
1.0142920815
0.836993138654
0.646656622654
0.481555740528
0.290831750762
0.00626600165082
-0.314471550363
-0.909910886987
2.9607363107
1.49625236708
0.632838358715
0.538201857092
0.458092042636
0.388492314291
0.332460627266
0.258697493677
0.153016751957
-0.213919308936
1.76851236097
1.15005244579
0.539304793816
0.280818389483
0.037307111307
-0.169809539922
-0.379726588705
-0.662564521051
-0.904012471266
-1.14764784629
1.27236624234
0.626983832717
-0.0103505872434
-0.223528850801
-0.349606849757
-0.426829542763
-0.505096353851
-0.658774458508
-0.803799855523
-0.950139126401
0.595279872969
0.0570140196542
-0.47453959924
-0.785800914698
-1.02587978152
-1.24426706421
-1.46560713321
-1.73113693337
-1.9446187327
-2.40795703921
0.0241758462728
-0.572848531408
-1.1624279494
-1.42131523514
-1.56375347372
-1.62457439164
-1.68621766136
-1.84422763991
-1.97245103318
-2.13719340782
-0.205748069442
-1.47441703828
-1.99430029188
-2.26314134585
-2.48079407696
-2.6625403478
-2.93420912136
-3.17377842099
-3.48175984418
-3.96117166611
-0.0399157229318
-1.27459798696
-1.76987809952
-1.91995274583
-2.0241276256
-2.07241026159
-2.15940857677
-2.24854497372
-2.36706590184
-2.62734426934
-2.88657138174
-3.18684195469
-3.48336812056
-3.78576662511
-4.08431309099
-4.43297971693
-4.68822036205
-4.94350671237
-5.19575366741
-5.16453720153
-3.68013113561
-4.13364135397
-4.58149625001
-5.03822036546
-5.48912659846
-5.17917200768
-5.19148089655
-5.20379198954
-5.21595650878
-5.51977542881
2.54575427674
1.64164025844
0.748800641425
-0.161720574106
0.262949188883
0.0503873436306
-0.165048522942
-0.536114863614
-0.876449299353
-1.21986703311
1.97376399434
1.09696834277
0.231106429447
-0.65190282191
0.0046538372296
-0.0784692525151
-0.162716238845
-0.365207007489
-0.59294860874
-0.822753460592
1.09913859257
0.301991413145
-0.485215253235
-1.28801158652
-1.03915906478
-1.27293855441
-1.5098789464
-1.85920362387
-2.15229362411
-2.44803890611
0.435492924757
-0.387159824016
-1.19955400249
-2.02803665579
-1.50383628369
-1.55965709248
-1.61623264723
-1.83882886119
-2.04603786277
-2.25512409755
-0.182149584842
-0.88455470697
-1.57820075993
-1.9319276424
-2.19245494659
-2.44502720696
-2.70101446432
-3.03108224009
-3.2823271689
-3.53584827933
-0.926975736877
-1.70167334317
-2.46671038506
-2.72570986947
-2.83992753364
-2.87156632216
-2.90363289466
-3.14403678876
-3.33305977348
-3.52379523315
-1.75276089909
-2.33903059614
-2.91798944556
-3.50841386813
-3.60617247914
-3.88178103913
-4.16111606694
-4.46757860837
-4.66752957863
-4.86929202716
-0.404249208656
-2.10534766459
-2.85741502196
-2.94404223807
-2.99066011671
-2.98604955794
-3.03099509335
-3.1154796017
-3.23152664036
-3.64776750405
-3.98468224038
-4.40591738602
-4.82189968304
-5.24612000157
-5.6649364803
-5.92348385325
-6.2359972917
-6.54856669102
-6.85741469296
-6.76418577406
-4.97043111979
-5.60281023871
-6.22730352043
-6.86416412913
-7.49291222518
-6.76497435863
-6.7243045967
-6.68362755215
-6.64343480148
-7.28888376459
1.97253442929
0.864095719129
-0.230520638345
-1.34681453633
-0.757803111791
-0.989392962439
-1.22411410962
-1.66711048785
-2.07793486252
-2.49248114672
1.23249327247
0.170533779888
-0.878182960965
-1.94766825646
-1.05989279012
-1.12980239453
-1.20065723769
-1.45938711654
-1.75388470722
-2.05105033188
0.398160209484
-0.586110988665
-1.55810821667
-2.54935466303
-2.16645080399
-2.42815202321
-2.69339167089
-3.11234227828
-3.45951261814
-3.80982818667
-0.440893531814
-1.44918647381
-2.44490589187
-3.4603443173
-2.71256288832
-2.7459713187
-2.77983146017
-3.07459976558
-3.34692838289
-3.62172419188
-0.996285528057
-1.870579787
-2.73397150032
-3.61446163239
-3.4141101885
-3.70248147703
-3.99475179659
-4.39240472123
-4.68319577312
-4.97662127919
-1.92303612989
-2.88379584137
-3.83257477353
-4.80014311405
-4.17635640387
-4.17743522297
-4.17852862865
-4.50521668331
-4.7579099242
-5.01289246788
-2.70560610956
-3.44508992689
-4.17535229964
-4.92007662709
-4.94349911146
-5.26456274301
-5.58996743454
-5.96151352227
-6.18319447923
-6.4068837797
-1.70085265252
-3.89017345021
-4.84899329488
-4.65123319037
-4.4288788439
-4.26121770737
-4.2188983115
-4.33161394166
-4.49840743368
-4.96340475261
-5.13464062012
-5.68255170462
-6.22363027762
-6.77542425113
-7.32018931513
-7.48436243676
-7.85685281479
-8.22940989358
-8.59753137203
-8.4393620699
-6.32165287258
-7.14134622252
-7.9508179062
-8.77632018826
-9.59130698606
-8.4256506808
-8.3295008706
-8.23333384314
-8.13831176372
-9.14152089988
1.39987366851
0.0873095534057
-1.20888674275
-2.53075262399
-1.77755982759
-2.02815912478
-2.28214674277
-2.79700300203
-3.27824856367
-3.76385402349
0.49194554472
-0.75499719038
-1.98639041236
-3.24216987366
-2.12340111806
-2.18011012482
-2.23758588676
-2.55250002333
-2.91368849336
-3.27814919089
-0.302134478376
-1.47334718492
-2.62995474013
-3.80946749583
-3.2926430457
-3.5822387612
-3.87575006306
-4.36425869113
-4.76545662366
-5.1702892539
-1.31642520991
-2.51017728203
-3.68904313447
-4.89125498579
-3.92011056842
-3.93112848019
-3.94229536371
-4.30916536794
-4.64655008694
-4.98699138067
-1.80962740847
-2.85564315314
-3.88861496638
-4.94204352519
-4.63457389602
-4.95870929632
-5.28722728961
-5.75239944433
-6.08269804823
-6.41598902941
-2.91812502115
-4.06476536321
-5.19710697404
-6.35187322796
-5.51148179589
-5.48203045208
-5.45218090044
-5.86506895889
-6.18137035554
-6.5005373202
-3.65752196795
-4.55007046904
-5.4314887921
-6.33036252891
-6.27952138996
-6.64599575872
-7.01742518021
-7.45399133536
-7.6973810848
-7.94297585099
-4.85329275278
-6.97579410884
-7.45029982043
-6.30673546546
-5.65984038808
-5.25390368225
-5.12798668105
-5.2371352257
-5.35341836295
-5.93683450195
-6.28347739457
-6.9579408653
-7.62399370234
-8.30323690261
-8.97382770865
-9.04371862635
-9.4761274458
-9.90861369542
-10.3359508383
-10.1129044922
-7.67155671902
-8.67838160414
-9.67265127214
-10.686611237
-11.6876550897
-10.0847072719
-9.93313152557
-9.78152863703
-9.63173070634
-10.9923510762
0.827806407771
-0.688671558692
-2.18623887804
-3.71346368973
-2.79625967745
-3.06584871998
-3.3390828412
-3.9257245066
-4.47731827137
-5.03390926178
-0.247834686568
-1.67956894935
-3.09344932834
-4.53532988198
-3.18580723631
-3.2293293264
-3.27343987307
-3.64448003853
-4.07229027015
-4.50397629658
-1.00170338763
-2.35966385821
-3.70069041228
-5.06827435996
-4.41766811272
-4.73512941493
-5.0568830705
-5.61487762999
-6.07004716152
-6.52934035252
-2.19104949548
-3.57006848971
-4.93189096533
-6.32068267239
-5.12640675786
-5.11505735632
-5.10355450098
-5.54245147852
-5.9448248757
-6.35084361984
-2.62212634928
-3.8396856092
-5.04206177118
-6.26824952503
-5.85377272681
-6.21363517332
-6.5783632736
-7.11098468213
-7.4807498928
-7.85386503289
-3.91218261195
-5.24451093973
-6.56022498666
-7.90199514389
-6.84522347696
-6.78527361139
-6.72451317141
-7.2235118968
-7.60335552633
-7.98664039187
-4.60845127
-5.6539058201
-6.68632343692
-7.73918682414
-7.61415902796
-8.0259970707
-8.44340352255
-8.94492235896
-9.2099984021
-9.47747593141
-10.6672265545
-10.5767985443
-9.05797651086
-6.81381042894
-5.8582504234
-5.48608465973
-5.37183318187
-5.46279362853
-5.6020717582
-6.25104550775
-7.43112352577
-8.23200822507
-9.02290580404
-9.82946614392
-10.6257522874
-10.6014587143
-11.0937238763
-11.5860771868
-12.0725686236
-11.7847124714
-9.02006153825
-10.2138240172
-11.3927001467
-12.5949224787
-13.7818305586
-11.7420444329
-11.5351001933
-11.3281188969
-11.1236018841
-12.8412630701
3.64533018715
2.84820044072
2.06101098995
1.2582322132
1.76347067096
1.27715302374
0.784259938276
0.295355781131
-0.266370057371
-0.833184914159
4.68008530263
3.39675768368
2.12943330135
0.837011106945
0.913859524035
0.358521533558
-0.204325110329
-0.192953737639
0.232702633547
0.662215286407
6.32020415225
6.23178320773
6.14446488212
6.05541732369
6.64108086463
6.51386700052
6.38493309414
6.16621367322
5.65593652282
5.14103645931
8.41626605877
8.3871299069
8.35835708605
8.32901445461
8.08497260648
7.53640690726
6.98042412191
7.12627466767
7.60327394453
8.08459464988
8.68937823562
9.22867080137
9.76123832948
10.3043527073
10.9612498933
11.1520993799
11.3455293179
11.3661163776
10.9014080653
10.4324896758
11.7254547285
12.807173876
13.8754038668
14.9647888482
14.4365299081
13.893962524
13.3440591562
13.6090198266
14.1314942485
14.6587020861
11.593527112
12.9022749484
14.1947025553
15.5127251129
16.2569409607
16.8376745547
17.4262601728
17.7401906605
17.3313409238
16.918787167
15.7818795495
18.2252922898
20.6382354044
23.0989639114
22.2223098261
21.6870952154
21.1446440369
21.5556106667
22.1338288147
22.717285395
15.7204755153
18.1226597889
20.4948885603
22.9140964262
25.3024877301
24.9171761189
26.0672987562
27.2176273425
28.354260315
26.1361572861
21.5462727161
25.9247237199
30.248574958
34.6580547907
39.0113654076
32.7615469348
32.2296857095
31.6977292453
31.172106163
34.1689564129
4.91020378978
4.8689325541
4.82817597527
4.78661226215
4.59915205719
4.52527239736
4.45039382017
4.39970890046
4.36677027659
4.33353324155
4.64614503409
4.222674271
3.97992455732
3.74769454107
3.59768023618
3.46736987197
3.37845979067
3.34522585757
3.33277758605
3.23126774925
3.91358468268
3.89453469902
3.87572227075
3.85653728531
3.61043348521
3.52853660305
3.4455324037
3.39453378077
3.33159536979
3.26808676122
3.91988940741
3.87708274773
3.83480989182
3.7916998736
3.52377227506
3.44543869973
3.36604598622
3.40549524113
3.4440323962
3.48291868296
3.03086490212
3.03149659881
3.03212041818
2.88377982923
2.73471132145
2.64571347094
2.55551229196
2.50423581761
2.41472616663
2.32440559293
3.01151457264
2.99908025057
2.98680098587
2.79349353837
2.62189804032
2.530153193
2.43716787541
2.47933525134
2.51859570386
2.55821184085
1.94882130013
1.97357892759
1.99802782471
2.02296090238
1.66124544329
1.56354317997
1.46451989693
1.41290283051
1.29082198212
1.16763512857
1.28378872433
1.05310886267
0.970793531273
0.782592351629
0.644084106042
0.564146047579
0.480609164208
0.48035260093
0.405552665828
0.335790106234
0.411180392045
0.470222236902
0.528527823457
0.587988080967
0.646690916703
0.025722240167
-0.0858377170612
-0.197417651003
-0.307669133489
-0.476196583932
0.315692482365
0.393395420285
0.470129394019
0.548382990416
0.625639770112
-0.186177988271
-0.319502646984
-0.452851179752
-0.58461208788
-0.18607943252
5.04994154566
5.09217428369
5.13388037483
5.17641240419
4.91242585191
4.88411055414
4.85541240889
4.85314005207
4.87861954883
4.90432987996
4.42479618888
3.64975633385
3.31145732421
3.12383788937
2.95619791566
2.86267587203
2.75514571719
2.63666293474
2.54621582317
2.38022156016
3.64771178973
3.63632560929
3.62508141577
3.61361454473
3.2756206922
3.19873023389
3.12080014959
3.08833059382
3.0748122288
3.06117139263
3.42314919432
3.37883227617
3.33506799487
3.2904370154
3.01987062263
2.9934862552
2.96674514813
2.99443964937
2.98453740876
2.97454545768
2.40573686304
2.34685964053
2.28871662346
2.0092319425
1.82587897932
1.70596480737
1.58442929135
1.52521364508
1.47715431677
1.42865958958
2.04883621505
1.91552455779
1.78387531157
1.49030156716
1.31666869533
1.2747287688
1.23222177793
1.24977591587
1.23565298244
1.22140210072
0.883315985162
0.766223936883
0.650592039332
0.532670193228
0.048776234505
-0.123876683195
-0.298864018748
-0.3908651953
-0.481265059265
-0.572483910945
0.586434439751
-0.0300402528828
-0.285286033836
-0.599528357208
-0.821076325981
-0.930621931704
-0.959513292444
-0.970484328384
-0.971547831744
-1.02967905505
-1.28012420971
-1.47994258935
-1.67726921179
-1.87850364708
-2.07717470055
-2.72417774874
-2.9751229331
-3.22611305348
-3.47411492876
-3.41621414853
-2.029770046
-2.42719512256
-2.81966426467
-3.21990577898
-3.61504890235
-3.8260999005
-3.91539596588
-4.00470802125
-4.09295674269
-3.98147495865
5.18345380145
5.30547030175
5.42596524287
5.54884643919
5.21174288861
5.2269620009
5.24238688883
5.28637025178
5.36766526537
5.44969678027
3.8130496583
2.68124273033
2.13674150293
1.99002785256
1.90222531257
1.79933273587
1.72074184825
1.61668142217
1.58684912753
1.37287122826
3.3936838825
3.38962007281
3.38560693927
3.38151433052
2.9557242478
2.88361717058
2.81053514287
2.79576916003
2.82946911317
2.86347437482
2.94853940856
2.90277951592
2.85759025418
2.81150607429
2.53841844903
2.56166888421
2.58523368553
2.60169712279
2.54551352503
2.48882092565
1.80845909714
1.69272415574
1.57843244179
1.17364630995
0.957536308788
0.808083178018
0.656609310726
0.589808193052
0.581352521216
0.572820244273
1.12904643959
0.880242690795
0.634541552123
0.24516850571
0.0695890277624
0.0752351475507
0.0809576077972
0.0749950597506
0.00986704017147
-0.0558510140116
-0.134719672007
-0.387341807117
-0.636813716404
-0.891226112267
-1.49185535838
-1.73611978061
-1.98368687061
-2.11427299228
-2.17440330118
-2.23507836736
0.18664995198
-0.781420367812
-1.20661098485
-1.4923165966
-1.62329711442
-1.64987368684
-1.75115754203
-1.81896439918
-1.85853816933
-2.11067241741
-2.89607897553
-3.34322501749
-3.78479509911
-4.23510993706
-4.67968853576
-5.35156609023
-5.73568670724
-6.1198761076
-6.49949141519
-6.22525007863
-4.27073914572
-5.12212466119
-5.96289330561
-6.8203123465
-7.66680933833
-7.30385852254
-7.35108752611
-7.39832498685
-7.44500004652
-7.60778064139
5.31266989416
5.51190287144
5.70865139156
5.90929627591
5.50142848895
5.55878115916
5.61690928744
5.70565995165
5.84097444798
5.97751484119
5.02991705055
5.33662540117
5.63950906492
5.94839096982
5.6964493749
5.78985198239
5.8845174745
5.92885542859
5.84313988704
5.75664779591
3.1478300961
3.1508530376
3.15383828269
3.15688264691
2.64612144483
2.57864382887
2.51025385677
2.51262178054
2.59202065878
2.67213886007
2.48920163673
2.4420452017
2.39547681261
2.34798619344
2.07245846402
2.14374655102
2.21599851505
2.22159228199
2.12061657056
2.01872605833
1.23040056068
1.05963747049
0.891003814833
0.719030575513
0.117135205756
-0.0609063779536
-0.241355238974
-0.315497742431
-0.285624125937
-0.25547986606
0.238853698772
-0.121725832113
-0.47780889657
-0.840943751367
-1.13736205705
-1.08566111677
-1.03326113474
-1.06198364785
-1.17647550975
-1.29200462352
-1.11999693436
-1.50378806339
-1.8827932748
-2.26930422169
-2.98291244214
-3.29648405084
-3.61429542085
-3.78222489963
-3.8130596685
-3.84417378842
0.0155239206129
-1.22656040701
-1.77990806334
-1.93221613644
-1.99587673303
-1.99085128986
-2.059290367
-2.09843349321
-2.1404183711
-2.40911488703
-4.46003547994
-5.14655066416
-5.82450492849
-6.51588524929
-7.19845856974
-7.89441021757
-8.40742094247
-8.92052353069
-9.42751720795
-8.94389673071
-6.43959824613
-7.73033664215
-9.00497938834
-10.3048648779
-11.5881920541
-10.6697096792
-10.6762252567
-10.6827420009
-10.6891811579
-11.1173989051
5.44798695022
5.72808219568
6.0046846226
6.28676482288
5.80479165211
5.90626722453
6.00911483508
6.14474649751
6.33663101714
6.53025393611
5.05830850674
5.49406013842
5.92437789931
6.36321757806
6.08459222079
6.2306449676
6.37867247477
6.42568591289
6.29846872563
6.17009899998
2.89036827462
2.90081256967
2.91112662321
2.92164493399
2.32190068437
2.2592711106
2.19579473044
2.21610554161
2.34336102873
2.47176940121
2.00817614128
1.95955722584
1.91154459363
1.86258112985
1.58449808627
1.70609193231
1.82932983307
1.82354071606
1.67565802246
1.52643556901
0.625048876239
0.396659472357
0.171118109473
-0.0588898247335
-0.762945601349
-0.97092544745
-1.18171736225
-1.26354787647
-1.19353524673
-1.1228883297
-0.693369668132
-1.17100249673
-1.6426791914
-2.12369686713
-2.40129957573
-2.30136932751
-2.20008793529
-2.25264502971
-2.41883145748
-2.58652346985
-2.15179425726
-2.67294755016
-3.18760200415
-3.71244856124
-4.54437008062
-4.93052122829
-5.32189347587
-5.52892948573
-5.52908551986
-5.5292429676
-0.224196466919
-1.92863855901
-2.71544787546
-2.74444047802
-2.63762200866
-2.52870407837
-2.50065230053
-2.53078102409
-2.60660960582
-2.90132617523
-6.09783449961
-7.03502068742
-7.96052006034
-8.90434781837
-9.83615282837
-10.5573152326
-11.2053016373
-11.853404075
-12.4937903169
-11.7909048215
-8.71086045734
-10.4616958669
-12.1906981663
-13.9539412453
-15.6947236294
-14.1944801631
-14.158360022
-14.122233413
-14.0865369212
-14.7927244884
5.58317202557
5.94405067066
6.30042911933
6.66386520807
6.10785893177
6.25341437136
6.4009378473
6.58340478283
6.83180415051
7.08245392015
5.08667227148
5.6513413226
6.20896888852
6.77763958755
6.4723564938
6.67100802791
6.87234550381
6.92203181643
6.75335346186
6.58314694681
2.63315756705
2.65101597727
2.66865169115
2.68663665882
1.99799615076
1.94020989067
1.88164231
1.91987850808
2.0949439274
2.27159537154
1.52761981127
1.47753984184
1.42808437514
1.3776495033
1.09701363787
1.26886417752
1.44303828616
1.42587738742
1.23113346212
1.03462523237
0.0202876180782
-0.265671894009
-0.548065459515
-0.836051484802
-1.64216802671
-1.88005693509
-2.12116230875
-2.21067333528
-2.10056084164
-1.9894507715
-1.62468379635
-2.21925575541
-2.80641333671
-3.40519885703
-3.66400432023
-3.51589180426
-3.36577667804
-3.44214510685
-3.65997568051
-3.8797797147
-3.1825852226
-3.84096670397
-4.49113809582
-5.15418533827
-6.10430476038
-6.56296465699
-7.02782603496
-7.27393043358
-7.2434376553
-7.21266862427
-1.59689346859
-3.61413188098
-4.39126224975
-3.93136111441
-3.45618263486
-3.12520214676
-2.9776080497
-2.98302283554
-3.03109018124
-3.3789490196
-7.73403610145
-8.92164880233
-10.0944518421
-11.2904808143
-12.4712744271
-13.2176229986
-14.0004534354
-14.7834240512
-15.557072754
-14.6351360993
-10.9799074061
-13.1903910763
-15.3733097719
-17.5994585071
-19.7972499227
-17.7158127824
-17.6370985073
-17.558370137
-17.4805790932
-18.4644653641
5.71821699642
6.15979531801
6.59586710934
7.04057477009
6.41061211544
6.60020173827
6.79235477796
7.02160844698
7.32646409127
7.63408160949
5.1150066403
5.80845950209
6.4932649304
7.19163209411
6.85971889168
7.11091470023
7.36550689493
7.41786331191
7.20776675998
6.99576681476
2.37621343015
2.40147827163
2.42642805776
2.45187194393
1.67442730865
1.62147934268
1.56781547408
1.62395848136
1.84678428315
2.07162880029
1.04756152517
0.996022015966
0.945125210117
0.89322045517
0.610034413612
0.832089561314
1.05714708806
1.02862619319
0.787069602712
0.543324603188
-0.583846871398
-0.927316826591
-1.26650367365
-1.61240770209
-2.52047923451
-2.78824620771
-3.05963362365
-3.15681720247
-3.00664640405
-2.85511511642
-2.55503271966
-3.2664226146
-3.96894139927
-4.68537271074
-4.92540040982
-4.72915556172
-4.53025731232
-4.63041239768
-4.89983359373
-5.17169564135
-4.2123078862
-5.00777533409
-5.79332321537
-6.59442791334
-7.66262273902
-8.19371623721
-8.73199058215
-9.01712287943
-8.95601305287
-8.89434959497
-4.02048823953
-5.5605619824
-5.61752266779
-4.40718690885
-3.75129493257
-3.390493312
-3.28169865521
-3.27564113669
-3.39164266098
-3.7787052186
-9.36854195987
-10.8063216342
-12.2261720378
-13.6741408451
-15.1036650115
-15.8751736476
-16.7927083653
-17.7104073832
-18.6171804349
-17.4764196434
-13.2466027366
-15.9162582924
-18.5526229497
-21.2411975902
-23.8955243977
-21.2334959269
-21.1122316618
-20.9909456823
-20.8711037128
-22.1324008832
