-1.26839845315
-1.15840113211
-1.04977548976
-0.938998649188
-0.933169547583
-0.922845739212
-0.912382343959
-0.963427001627
-1.0066476764
-1.05025991372
-1.20232391488
-1.09731716315
-0.993619857165
-0.887868952646
-0.953583558715
-0.998105803973
-1.04323002877
-1.15360038895
-1.24831453129
-1.34388674704
-2.19327133759
-2.09392851602
-1.99582451036
-1.89577767465
-1.89999885315
-1.89712016103
-1.89420254649
-1.94704493766
-1.99238591925
-2.03813767255
-2.14196079182
-2.04806404749
-1.95533820589
-1.86077604222
-1.93312505559
-1.98199724698
-2.03153023298
-2.14124095256
-2.23573022381
-2.33107553123
-3.01244446381
-2.92253848462
-2.83375364289
-2.74321052577
-2.75633338093
-2.76004893464
-2.76381472587
-2.8182493953
-2.86546836292
-2.91311511609
-2.97421059711
-2.89015414505
-2.8071458862
-2.72249375013
-2.80071895281
-2.85344395365
-2.90688184242
-3.0160083089
-3.11029840862
-3.20544274008
-4.01659216691
-3.93825393001
-3.86089257954
-3.78199918198
-3.80603376983
-3.81783259261
-3.82979094575
-3.88617744014
-3.93569845517
-3.98566811139
-3.99438777779
-3.92239361948
-3.85129723625
-3.77879287595
-3.86422114942
-3.92166894891
-3.9798934927
-4.08830377796
-4.18234973192
-4.27724770576
-5.44353890291
-5.38163903662
-5.32051106847
-5.25817253555
-5.19662808869
-5.32099884341
-5.34459925822
-5.36820389908
-5.39152750716
-5.50982236787
-5.44411324507
-5.38926024104
-5.33509126
-5.27984952843
-5.22531148184
-5.43967288955
-5.50469952205
-5.56973779867
-5.63400174079
-5.80033897279
-0.888439606903
-0.91145750681
-0.934188370972
-0.957369392146
-1.00013027661
-1.04120898593
-1.08284311519
-1.1373460036
-1.18935176444
-1.24182867731
-0.816896517883
-0.862314271341
-0.907165660416
-0.952905276491
-1.04501466019
-1.12845394625
-1.21302140415
-1.31178516179
-1.4043409485
-1.49773525475
-1.84774552376
-1.87058999344
-1.89314959006
-1.91615595196
-1.95870048925
-1.99957460414
-2.04100137267
-2.095501687
-2.14746729227
-2.19990368577
-1.79071869573
-1.83558218513
-1.87988622188
-1.92506764598
-2.01582081147
-2.09814985999
-2.18159206897
-2.27918236082
-2.37057037536
-2.46278632988
-2.69741647869
-2.72010733874
-2.74251524126
-2.76536690493
-2.80771982045
-2.84841272312
-2.8896558293
-2.94415386373
-2.99608390263
-3.04848440755
-2.65324691039
-2.69761948019
-2.74143871917
-2.78612574468
-2.87567768832
-2.95702338359
-3.03946894352
-3.13601987996
-3.22637358201
-3.31754585357
-3.738948617
-3.76145118136
-3.78367313627
-3.80633516987
-3.84845319417
-3.88892396575
-3.92994193742
-3.98443717714
-4.03632361856
-4.08868013102
-3.71053956062
-3.75431035802
-3.79753532876
-3.84161631727
-3.92969579543
-4.00983608994
-4.09105995105
-4.1863368389
-4.27542267403
-4.36531559228
-5.21902060301
-5.2412555893
-5.26321330287
-5.28560586214
-5.30771317859
-5.36754520527
-5.40824324896
-5.44894858033
-5.48916928104
-5.56685300122
-5.21300806358
-5.25592371072
-5.29830419502
-5.34152397306
-5.38419320521
-5.50593835686
-5.58542611963
-5.66492811604
-5.74348357539
-5.85425153677
-0.846463399641
-0.884176244905
-0.921418806839
-0.959398912242
-1.00752780786
-1.05428524465
-1.10167488272
-1.15655982148
-1.20953612057
-1.26299236439
-0.774316168825
-0.836352169942
-0.897614575299
-0.960090207797
-1.05511557218
-1.14285424431
-1.23177921972
-1.3292607302
-1.42157807113
-1.51473177137
-1.80957332875
-1.84591652102
-1.88180650968
-1.91840725575
-1.9651855917
-2.01089332716
-2.05721907102
-2.11190254552
-2.16460001051
-2.2177748941
-1.75191499061
-1.81210810949
-1.87155061356
-1.93217030384
-2.02495668033
-2.11098189748
-2.1981702505
-2.29442153001
-2.38546693114
-2.47733716831
-2.66261355167
-2.69774362272
-2.73243561791
-2.76781464571
-2.81339677166
-2.85817477166
-2.90355820923
-2.95806324396
-3.0105137416
-3.06343942042
-2.61778823277
-2.67634908453
-2.73417967602
-2.79315553177
-2.88395880468
-2.96846639028
-3.05411659206
-3.14927823841
-3.2391970643
-3.32993051989
-3.70827576042
-3.74191877964
-3.77514226671
-3.80902370438
-3.8531395084
-3.89677783267
-3.9410061851
-3.9952924872
-4.04744025068
-4.10006045268
-3.67918123928
-3.73574124747
-3.79159594613
-3.8485567789
-3.93692915067
-4.01957641372
-4.10334113976
-4.19716710677
-4.28570496946
-4.37504495086
-5.1942167939
-5.22574663421
-5.25688329395
-5.28863657722
-5.31998537808
-5.37268744568
-5.41527436134
-5.45786890291
-5.49995632121
-5.57315349852
-5.18747656433
-5.24119326849
-5.29424011945
-5.34833749851
-5.40174576969
-5.51325907861
-5.5943444444
-5.67544432992
-5.75557865418
-5.86020756328
-0.806357287409
-0.858110398962
-0.909218143519
-0.961338014558
-1.0145957694
-1.06677893891
-1.11966767033
-1.1749176386
-1.22882123719
-1.28321318148
-0.733632830106
-0.811546714176
-0.888489003538
-0.966955040999
-1.06476647531
-1.15661299022
-1.24970135003
-1.34595773914
-1.43804725736
-1.53097107091
-1.77310175504
-1.82234228412
-1.87096877839
-1.92055826101
-1.97138177433
-2.02170778623
-2.07271424966
-2.1275727243
-2.18096944371
-2.23484991669
-1.7148400414
-1.78967983469
-1.86358636751
-1.93895652899
-2.03368553425
-2.12324225088
-2.21400985233
-2.30898177424
-2.39969982585
-2.49123974783
-2.62936114065
-2.67637623955
-2.72280505499
-2.77015333644
-2.81882080727
-2.86750190815
-2.91684121992
-2.97135294307
-3.02430071234
-3.07772816787
-2.5839092857
-2.65602631285
-2.72724403275
-2.79987213263
-2.89187098646
-2.97939959603
-3.06811166865
-3.16194591962
-3.25144924366
-3.3417634331
-3.67896941979
-3.72325657201
-3.76699145857
-3.81159246116
-3.85761704119
-3.90428179953
-3.95157750605
-4.00566417897
-4.05806162227
-4.11093376609
-3.64921997225
-3.71799941512
-3.78592117078
-3.85518803387
-3.94384025046
-4.02888279331
-4.11507518543
-4.20751487202
-4.29552917516
-4.38434085376
-5.17051802699
-5.2109286234
-5.25083529523
-5.29153226997
-5.331710835
-5.37760059254
-5.42199222844
-5.46639181343
-5.5102627846
-5.57917330041
-5.16308252682
-5.22711908677
-5.29035710377
-5.35484747248
-5.41851634443
-5.52025365261
-5.60286544612
-5.68549203269
-5.76713488136
-5.865898241
-0.767541711367
-0.832883300921
-0.897410073663
-0.963214720357
-1.02143629778
-1.07887061055
-1.13708148526
-1.1926847371
-1.2474857965
-1.30278333226
-0.694258601596
-0.787539449423
-0.879657074814
-0.973598977306
-1.07410683126
-1.16992900663
-1.26704678128
-1.36211747102
-1.45398649742
-1.54668782158
-1.73780376518
-1.79952662003
-1.86047978408
-1.92264005113
-1.97737857594
-2.03217425719
-2.08771082378
-2.1427386674
-2.19681214059
-2.25137549847
-1.67895809149
-1.76797325786
-1.85587839532
-1.94552438669
-2.04213351074
-2.13510809011
-2.22933976678
-2.32307349832
-2.41347473386
-2.50469496955
-2.59717872713
-2.65569641695
-2.71348438474
-2.77241677267
-2.82407030802
-2.87652891564
-2.92969680933
-2.98421500568
-3.03764404534
-3.0915571314
-2.55112049683
-2.6363574882
-2.7205315649
-2.80637260643
-2.89952856971
-2.98998099262
-3.08165641108
-3.17420597965
-3.26330717186
-3.35321558633
-3.65060609984
-3.70519487769
-3.75910292747
-3.81407856037
-3.86195049574
-3.91154430342
-3.96180866259
-4.01570213001
-4.06834121892
-4.12145719757
-3.62022280014
-3.70082848022
-3.78042899859
-3.86160590804
-3.95052896458
-4.03788971183
-4.12643165248
-4.21752966643
-4.30503725714
-4.3933376327
-5.14758184
-5.19658742716
-5.24498190926
-5.29433478499
-5.34305898966
-5.38235564395
-5.42849392774
-5.47464047337
-5.52023760618
-5.58499939686
-5.1394734417
-5.21349778467
-5.28659903593
-5.36114796823
-5.4347472749
-5.52702315491
-5.61111225869
-5.69521642005
-5.77831925176
-5.87140580385
-0.726893450236
-0.806465100464
-0.885044483457
-0.965180035191
-1.02859980305
-1.09153319285
-1.15531749689
-1.21129071266
-1.26703160667
-1.32327749157
-0.65302531111
-0.762398676924
-0.870408144831
-0.980556608378
-1.08388819397
-1.18387374137
-1.28521118048
-1.37904018782
-1.47067831184
-1.56314664173
-1.70083917376
-1.77563370984
-1.84949554983
-1.92482013338
-1.98365851772
-2.04313490463
-2.10341546411
-2.1586206735
-2.21340285352
-2.26868133886
-1.64138196823
-1.74524180073
-1.84780648969
-1.95240234709
-2.05098036011
-2.14753417728
-2.24539348616
-2.33783056593
-2.42790002688
-2.51878548222
-2.56347681459
-2.63404019244
-2.70372363719
-2.77478707749
-2.82956766499
-2.88598213507
-2.94315937793
-2.99768435311
-3.05161738645
-3.10603903217
-2.51678357882
-2.6157599961
-2.71350216656
-2.81318000138
-2.90754770727
-3.00106199194
-3.0958406712
-3.18704490083
-3.27572497449
-3.36520845523
-3.62090360013
-3.68628039691
-3.75084193783
-3.81668204124
-3.8664885552
-3.91914970787
-3.9725228852
-4.02621402488
-4.07910616875
-4.13247749494
-3.58985652083
-3.68284681623
-3.77467751241
-3.86832680341
-3.95753348766
-4.04732189378
-4.13832431737
-4.22801731134
-4.3149942651
-4.40275919633
-5.12356271643
-5.18156910852
-5.23885215452
-5.29726962131
-5.35494294969
-5.38733520606
-5.43530260605
-5.48327859542
-5.53068339093
-5.59110057361
-5.11474964895
-5.19923335009
-5.28266353019
-5.36774594313
-5.45174455196
-5.53411228061
-5.61974844613
-5.70539994628
-5.79003169443
-5.87717340737
-0.686284835153
-0.780072666846
-0.872690953959
-0.967143433167
-1.03575632144
-1.10418342477
-1.17353572214
-1.22987854099
-1.28655835295
-1.34375166202
-0.611832237277
-0.737282425332
-0.861168235739
-0.987507453364
-1.09366001648
-1.1978048752
-1.30335786314
-1.39594639916
-1.487353846
-1.57958940887
-1.66391063554
-1.75176410347
-1.83852202899
-1.9269980893
-1.98993233439
-2.05408486167
-2.11910478701
-2.17448718918
-2.22997738481
-2.28597030009
-1.60384249462
-1.72253251459
-1.83974245695
-1.95927359911
-2.05981858076
-2.15994814474
-2.26143154764
-2.35257324032
-2.44231125027
-2.53286225179
-2.52980777303
-2.6124050902
-2.69397240974
-2.77715507045
-2.83505966015
-2.89542613436
-2.95660881589
-3.01114056329
-3.06557709874
-3.1205068081
-2.48248015112
-2.59518259364
-2.7064796243
-2.81998075677
-2.91555902341
-3.01213218347
-3.11001109677
-3.19987129964
-3.28813066548
-3.37718962695
-3.59123007059
-3.66738436425
-3.74258900549
-3.81928298283
-3.8710221885
-3.92674769443
-3.98322665775
-4.03671566704
-4.08986061905
-4.14348704372
-3.55951985909
-3.66488269055
-3.7689316359
-3.87504114358
-3.96453117892
-4.05674487611
-4.15020538281
-4.23849472719
-4.32494156154
-4.4121715707
-5.09956701976
-5.16656543791
-5.2327283784
-5.30020159516
-5.36681531877
-5.39230991137
-5.44210464355
-5.49190829233
-5.54111898745
-5.5971957996
-5.09004997042
-5.18498282825
-5.27873186291
-5.37433748273
-5.46872525082
-5.54119449196
-5.62837621033
-5.71557354007
-5.80173271343
-5.88293538549
-0.645718306442
-0.75370758609
-0.860350227538
-0.969104796296
-1.04290542289
-1.11682054611
-1.1917350662
-1.24844710508
-1.30606486189
-1.36420461324
-0.570681855544
-0.712192203979
-0.851937902798
-0.994451094563
-1.10342171156
-1.21172157094
-1.32148573875
-1.41283508906
-1.5040120978
-1.59601513488
-1.6270203697
-1.72791923533
-1.82755988101
-1.92917378801
-1.99619964895
-2.06502347029
-2.13477784965
-2.19033726095
-2.24653473841
-2.30324134322
-1.56634192655
-1.69984676413
-1.83168678169
-1.96613772983
-2.06864764156
-2.17234924648
-2.27745298743
-2.36730063555
-2.45670753801
-2.54692443234
-2.49617362573
-2.59079241037
-2.68423128836
-2.77952060925
-2.84054596345
-2.90486034598
-2.97004431499
-3.02458282759
-3.07952234332
-3.13495958977
-2.44821227516
-2.57462651741
-2.69946436014
-2.82677446393
-2.9235620367
-3.02319090196
-3.12416683626
-3.2126844053
-3.30052349934
-3.38915838151
-3.56158729441
-3.64850791526
-3.73434462641
-3.82188122883
-3.87555112317
-3.93433780651
-3.99391933702
-4.0472064254
-4.10060392354
-4.15448518232
-3.52921463797
-3.64693718271
-3.76319171437
-3.88174852508
-3.97152161784
-4.06615809254
-4.16207413483
-4.24896128435
-4.33487854871
-4.42157419017
-5.075596192
-5.15157731695
-5.22661094891
-5.30313053034
-5.37867538344
-5.39727946095
-5.44889963149
-5.5005290455
-5.55154376861
-5.60328470857
-5.06537589039
-5.17074707552
-5.27480427037
-5.38092219093
-5.48568835105
-5.54826936338
-5.63699503279
-5.72573659004
-5.81342160561
-5.88869139196
-1.19889209369
-1.1156961258
-1.03353762079
-0.949752066889
-0.948556686192
-0.944770717765
-0.940933559748
-0.989422222525
-1.03179755393
-1.0745567894
-1.1332132764
-1.05775311835
-0.983233956765
-0.907239034172
-0.971250258244
-1.01954119997
-1.06848507729
-1.17511980613
-1.2681251273
-1.36197304062
-2.13038225577
-2.05542856616
-1.98140955731
-1.90592469236
-1.91315317973
-1.91570198398
-1.91828525028
-1.96880530089
-2.0132992701
-2.05819633741
-2.07917584772
-2.01237297937
-1.94640315015
-1.879126869
-1.949009993
-2.00112546016
-2.05394557384
-2.16003748485
-2.25284082476
-2.34648492695
-2.95541639932
-2.88776301334
-2.82095327252
-2.75282044636
-2.76751007401
-2.77566967691
-2.78393960475
-2.83625888459
-2.88262936156
-2.92941993707
-2.91702841088
-2.85789342771
-2.79949586429
-2.73994180843
-2.81502575807
-2.87052866205
-2.92678201364
-3.03239314314
-3.12501758537
-3.21848116913
-3.96674857529
-3.90804394859
-3.85007137503
-3.79095072544
-3.81478626699
-3.82982362309
-3.84506429733
-3.89958908395
-3.94825979625
-3.99737144633
-3.94407348831
-3.89433784826
-3.84522241711
-3.79513431482
-3.8765934701
-3.93624871598
-3.99671055276
-4.10173233717
-4.19413748547
-4.28737978858
-5.40390482536
-5.35791685657
-5.31250236282
-5.26618849046
-5.22046457747
-5.32783186239
-5.35297833416
-5.37812930883
-5.40298084033
-5.51498674897
-5.40355859834
-5.36717991956
-5.33125488691
-5.29461840284
-5.2584486048
-5.45069300314
-5.51713531887
-5.58358953222
-5.64925255317
-5.80634098463
-0.893039507784
-0.914270021333
-0.935235788042
-0.956616756162
-0.999278973314
-1.0399781441
-1.08122760312
-1.13591545006
-1.18800359721
-1.24056364277
-0.821816205484
-0.865149627134
-0.907942676248
-0.951583189452
-1.04389929466
-1.12710495808
-1.21143563456
-1.31049694607
-1.40319375691
-1.49673036491
-1.85214761261
-1.87325194552
-1.89409310508
-1.91534699836
-1.95784434718
-1.9983806598
-2.03946505868
-2.09415842653
-2.14621056717
-2.19873428001
-1.79541594213
-1.83825510465
-1.8805600581
-1.9237028095
-2.01472171138
-2.09685147588
-2.18009170634
-2.27795758168
-2.36948176626
-2.46183512446
-2.70164336259
-2.72263593551
-2.74336672874
-2.77211660837
-2.80685939261
-2.84725145943
-2.88818966218
-2.94288791998
-2.99490816914
-3.04739970158
-2.65774713744
-2.70014852759
-2.74202116774
-2.80219214435
-2.87459299477
-2.95576982021
-3.03804422706
-3.13485128751
-3.22533686025
-3.31664219721
-3.74296073354
-3.76381631035
-3.78441181581
-3.80541519013
-3.84758751281
-3.8878027622
-3.9285617568
-3.98326600872
-4.03524716509
-4.08769925059
-3.71479828009
-3.75666304604
-3.79800575374
-3.8401672033
-3.9286287615
-4.00863746811
-4.08972796213
-4.18523712045
-4.27444955612
-4.36447022186
-5.22272752383
-5.24338842195
-5.26379167639
-5.28459899238
-5.30514125882
-5.36648092929
-5.40698525967
-5.44749684303
-5.48752610247
-5.56601966235
-5.21692358805
-5.25802578277
-5.2986154286
-5.3400089028
-5.38087509509
-5.50481780986
-5.58422590145
-5.66364821242
-5.74212493504
-5.85348899374
-0.859250239119
-0.892017337936
-0.924375827426
-0.957375137293
-1.00488255186
-1.05049624809
-1.09672668124
-1.15209938719
-1.20526056415
-1.25890336074
-0.787414406134
-0.843871627829
-0.899624821756
-0.956482139618
-1.05192524546
-1.13898813609
-1.22722819283
-1.325452826
-1.41811555396
-1.5116177703
-1.82140945461
-1.8531258617
-1.88444676171
-1.91638793391
-1.96278163375
-2.00751464173
-2.05285247894
-2.10800689679
-2.16089403147
-2.21426030307
-1.76406737707
-1.81901931617
-1.87328599854
-1.92862736629
-2.02198125735
-2.10742687139
-2.19402778456
-2.29098488312
-2.38236775216
-2.47457851456
-2.6736076169
-2.70439341132
-2.73479530351
-2.77131250668
-2.81120653486
-2.85515950465
-2.89970675689
-2.95466783387
-3.00731224538
-3.06043359484
-2.62910286562
-2.68272155441
-2.73567161225
-2.80399045313
-2.88117372502
-2.96518689408
-3.05033599438
-3.14617041942
-3.23641969914
-3.32748660233
-3.71823762228
-3.7478826657
-3.77715803216
-3.80701316152
-3.85121125234
-3.89420804631
-3.93778619439
-3.99251027286
-4.04485715276
-4.09767827508
-3.68946894836
-3.74145333033
-3.79278946133
-3.84514224173
-3.93437739506
-4.01663466384
-4.10000412255
-4.19446236715
-4.28332208575
-4.37298683896
-5.20271184046
-5.23073581665
-5.25841033078
-5.28663290487
-5.31449597173
-5.37075071077
-5.41295171082
-5.45516026769
-5.49686629676
-5.57165755753
-5.19630496066
-5.24596690662
-5.29500956265
-5.3450234486
-5.39440024336
-5.51079728402
-5.59163777836
-5.67249274857
-5.75238507345
-5.85869770153
-0.826966326642
-0.870756040741
-0.913999692286
-0.958099731552
-1.01023648363
-1.06054575678
-1.11153525513
-1.16756230873
-1.2217487106
-1.27642602026
-0.754545252018
-0.82354159127
-0.89167753858
-0.961162835136
-1.05959362965
-1.15034190294
-1.24231717194
-1.33974240189
-1.4323725654
-1.52584192227
-1.79204072182
-1.83389642129
-1.87523017558
-1.91738249441
-1.96749895773
-2.01624169278
-2.06564347208
-2.12123839956
-2.17492332819
-2.22909462146
-1.73411543167
-1.80064050727
-1.86633600786
-1.93333252763
-2.02891738103
-2.11753111917
-2.20734299224
-2.30343180121
-2.39467965051
-2.48675416993
-2.6468209004
-2.68696361549
-2.7266057465
-2.77054422878
-2.81536000622
-2.8627152361
-2.91071074994
-2.96592293716
-3.01916370377
-3.07288681109
-2.60173473364
-2.66607097572
-2.72960493779
-2.8057086449
-2.88746127511
-2.97418442497
-3.06208014737
-3.15698526918
-3.24700878303
-3.337847875
-3.69461595802
-3.7326588858
-3.77022741408
-3.80853994119
-3.85467354954
-3.90032796662
-3.9465996712
-4.00134269292
-4.05403900287
-4.10721272096
-3.66526807154
-3.72692122738
-3.78780556158
-3.84989563568
-3.93986991947
-4.02427557402
-4.10982246655
-4.20327661702
-4.29179933257
-4.3811240296
-5.18358788201
-5.2186469015
-5.25326873117
-5.28857620389
-5.32343391993
-5.37483026788
-5.41865234877
-5.46248227674
-5.50579037315
-5.5770442771
-5.17660492014
-5.2344452692
-5.29156434275
-5.34981458981
-5.40732282855
-5.51651036478
-5.59871944644
-5.68094324905
-5.76218810924
-5.86367435456
-0.795721247279
-0.850178890473
-0.903957440864
-0.958801009785
-1.01541813636
-1.07027189195
-1.1258673181
-1.18252766371
-1.23770630077
-1.29338483489
-0.722733762946
-0.803865735496
-0.88398598342
-0.965692915034
-1.06701526024
-1.1613303278
-1.25692061724
-1.3535721672
-1.44617081412
-1.53960836887
-1.76361701737
-1.81528574663
-1.86631016115
-1.91834505191
-1.97206448746
-2.02468792442
-2.07802287609
-2.13404413847
-2.18850118961
-2.24345160051
-1.70512728123
-1.78285309246
-1.85960965428
-1.93788628608
-2.03563031383
-2.12731023204
-2.2202297426
-2.31547820185
-2.40659537606
-2.49853803654
-2.62089612802
-2.67009467637
-2.71867971341
-2.76822691779
-2.81937982701
-2.8700278389
-2.92136065603
-2.97681587325
-3.03063380543
-3.08493930721
-2.57524725457
-2.64995618006
-2.72373347703
-2.79897184329
-2.89354650416
-2.98289243293
-3.0734463965
-3.16745211825
-3.25725713092
-3.34787574219
-3.67175439269
-3.71792497734
-3.76351980972
-3.81001759209
-3.85802443678
-3.90625095987
-3.95512954757
-4.00989090299
-4.06292539903
-4.11644036703
-3.64184593157
-3.71285673906
-3.78298203396
-3.85449607471
-3.9451857052
-4.03167061467
-4.11932487546
-4.21180724158
-4.30000379818
-4.38899938138
-5.16507929511
-5.20694698398
-5.24829257817
-5.29045697136
-5.33208426245
-5.37877855284
-5.42416955134
-5.46956867788
-5.51442729024
-5.58225766257
-5.15753878836
-5.22329437552
-5.28822998328
-5.35445156147
-5.41982959025
-5.52203960978
-5.60557324031
-5.68912182897
-5.77167570253
-5.86849086864
-0.763000925323
-0.828630185991
-0.893441042558
-0.959535399009
-1.02084444185
-1.08045724851
-1.14087607225
-1.19819961088
-1.25441733172
-1.3111443633
-0.689420288135
-0.783260880305
-0.875931269965
-0.970436883548
-1.07478730459
-1.17283757331
-1.27221356709
-1.36805490761
-1.46062054988
-1.55402480097
-1.7338512821
-1.79579636529
-1.85696898648
-1.91935305674
-1.97684557958
-2.03353294656
-2.09098677612
-2.14745450287
-2.20272013243
-2.25848644717
-1.67477044955
-1.76422584136
-1.85256571458
-1.94265505114
-2.04266019908
-2.13755106765
-2.23372494342
-2.32809337566
-2.41907370495
-2.51087828075
-2.59374731239
-2.65242926696
-2.7103794511
-2.76947726788
-2.82358944443
-2.87768570769
-2.93251339955
-2.98822312148
-3.04264547021
-3.09756086432
-2.54750916395
-2.63308052115
-2.7175847941
-2.803762571
-2.89991904849
-2.9920115912
-3.08534930532
-3.17841316166
-3.26798935659
-3.35837707712
-3.64781341403
-3.70249540448
-3.7564955045
-3.81156501056
-3.86153353683
-3.91245360842
-3.96406216375
-4.01884271849
-4.07223136813
-4.12610369824
-3.61731791064
-3.69812819315
-3.77793076254
-3.85931372438
-3.95075247679
-4.03941481362
-4.12927594249
-4.22074064126
-4.30859563924
-4.39724656944
-5.14569682162
-5.19469465254
-5.24308147512
-5.29242653964
-5.3411430326
-5.38291325684
-5.42994724972
-5.47698966484
-5.52347200107
-5.58771719907
-5.1375724454
-5.2116169902
-5.28473819137
-5.35930746866
-5.43292686116
-5.52782991917
-5.61275063741
-5.69768656215
-5.78161125442
-5.87353479538
-0.730312516944
-0.807102498914
-0.88293490136
-0.960269071951
-1.02626545482
-1.09063267084
-1.15587018769
-1.21385627251
-1.27111206365
-1.32888657006
-0.656139305428
-0.762676121941
-0.867884412628
-0.975176225061
-1.08255176852
-1.1843335953
-1.28749160105
-1.38252352236
-1.47505619217
-1.56842717209
-1.70411457867
-1.77632599281
-1.84763692267
-1.92036007843
-1.98162200849
-2.04236934175
-2.10393803188
-2.16085178754
-2.21692520689
-2.27350662968
-1.64444322624
-1.74561675823
-1.84552864515
-1.94741916501
-2.04968322777
-2.14778191492
-2.24720698178
-2.34069624534
-2.43153986318
-2.52320648896
-2.56662497619
-2.6347810874
-2.7020872844
-2.77072639845
-2.82779495602
-2.88533610741
-2.94365526529
-2.99961924371
-3.05464541948
-3.11017011106
-2.51979812752
-2.6162213218
-2.71144210825
-2.8085486261
-2.90628537739
-3.00112185516
-3.09724060472
-3.18936351427
-3.27871111464
-3.36886816963
-3.62389578606
-3.68708088077
-3.74947805039
-3.81311091977
-3.86503921429
-3.91865020726
-3.97298606755
-4.02778580289
-4.08152826071
-4.13575760437
-3.59281381297
-3.68341401264
-3.77288441784
-3.86412667519
-3.95631381887
-4.04715145932
-4.1392173038
-4.2296653278
-4.31717910031
-4.40548571366
-5.12633325272
-5.18245427134
-5.23787545469
-5.2943941869
-5.35019296734
-5.38704392809
-5.43571931286
-5.48440341378
-5.5325078902
-5.59317141064
-5.1176255765
-5.19995099434
-5.28124980517
-5.36415863968
-5.44601135773
-5.53361458102
-5.61992103407
-5.70624294177
-5.79153711571
-5.87857380256
-0.697657986513
-0.785597122923
-0.872439648625
-0.961001984521
-1.0316808495
-1.10079754746
-1.17084876339
-1.22949670773
-1.28778949333
-1.34661038896
-0.622892814809
-0.74211269742
-0.859845894976
-0.979910654766
-1.09030818543
-1.19581770292
-1.302753801
-1.39697714197
-1.4894768735
-1.58281461672
-1.67440869406
-1.75687579923
-1.83831453052
-1.92136605644
-1.98639348715
-2.05119657899
-2.11687586508
-2.1742351874
-2.23111555935
-2.28851124542
-1.61414743376
-1.72702696138
-1.83849886887
-1.9521783414
-2.05669897786
-2.15800215904
-2.26067504748
-2.35328605353
-2.4439931016
-2.53552192035
-2.53953074933
-2.61715119824
-2.69380371162
-2.77197423443
-2.83199610907
-2.89297857834
-2.95478558372
-3.01100355511
-3.06663293212
-3.1227662897
-2.49211581054
-2.59937959517
-2.70530578861
-2.81332972098
-2.9126451083
-3.01022267732
-3.10911958008
-3.20030251805
-3.28942176077
-3.37934838927
-3.6000029461
-3.67168233252
-3.7424678691
-3.81465522681
-3.86854125851
-3.924840384
-3.9819007227
-4.03671961876
-4.09081551808
-4.14540150528
-3.56833511111
-3.66871508176
-3.76784330313
-3.8689346379
-3.96186939723
-4.05488008683
-4.14914836198
-4.23858076489
-4.32575366556
-4.41371631892
-5.10698975203
-5.17022657596
-5.23267482973
-5.29635979492
-5.35923352281
-5.39117031835
-5.44148539388
-5.49180947919
-5.54153441462
-5.59861996952
-5.09769938034
-5.18829708901
-5.27776503429
-5.36900478298
-5.45908229366
-5.5393932477
-5.62708399941
-5.71479045364
-5.80145268995
-5.88360758736
-1.12938573423
-1.0729911195
-1.01729975181
-0.960505484589
-0.9639438248
-0.966695696318
-0.969484775536
-1.01541744342
-1.05694743146
-1.09885366508
-1.06410263792
-1.01818907354
-0.972848056364
-0.926609115697
-0.988916957774
-1.04097659596
-1.0937401258
-1.19663922331
-1.28793572331
-1.3800593342
-2.06749317395
-2.01692861631
-1.96699460427
-1.91607171008
-1.92630750631
-1.93428380693
-1.94236795408
-1.99056566412
-2.03421262094
-2.07825500226
-2.01639090361
-1.97668191126
-1.93746809441
-1.89747769579
-1.96489493042
-2.02025367335
-2.0763609147
-2.17883401713
-2.26995142571
-2.36189432268
-2.89838833484
-2.85298754205
-2.80815290215
-2.76243036695
-2.77868676708
-2.79129041919
-2.80406448364
-2.85426837388
-2.89979036019
-2.94572475805
-2.85984622465
-2.82563271037
-2.79184584239
-2.75738986673
-2.82933256333
-2.88761337046
-2.94668218487
-3.04877797737
-3.13973676212
-3.23151959819
-3.91690498367
-3.87783396716
-3.83925017053
-3.79990226891
-3.82353876416
-3.84181465356
-3.86033764892
-3.91300072777
-3.96082113734
-4.00907478127
-3.89375919883
-3.86628207703
-3.83914759797
-3.81147575369
-3.88896579078
-3.95082848305
-4.01352761282
-4.11516089638
-4.20592523901
-4.29751187139
-5.36427074781
-5.33419467653
-5.30449365717
-5.27420444538
-5.24430106624
-5.33466488136
-5.36135741009
-5.38805471857
-5.4144341735
-5.52015113007
-5.3630039516
-5.34509959808
-5.32741851381
-5.30938727726
-5.29158572775
-5.46171311674
-5.52957111569
-5.59744126577
-5.66450336555
-5.81234299647
-0.909439700727
-0.917082535856
-0.936283205111
-0.964036566548
-0.998427670022
-1.03874730226
-1.08462554617
-1.13448489652
-1.18665542997
-1.24117154638
-0.852584343403
-0.867984982927
-0.90871969208
-0.96908488433
-1.04278392912
-1.12575596991
-1.21596030206
-1.30920873035
-1.40204656532
-1.49475349062
-1.85654970145
-1.8759138976
-1.8950366201
-1.92271433397
-1.95698820512
-1.99718671547
-2.0379287447
-2.09281516606
-2.14495384207
-2.19756487426
-1.80011318853
-1.84092802417
-1.88123389432
-1.94087869065
-2.01362261129
-2.09555309177
-2.17859134371
-2.27673280254
-2.36839315716
-2.46088391904
-2.70587024649
-2.72516453229
-2.74421821623
-2.77182892798
-2.80599896477
-2.84609019574
-2.88672349507
-2.94162197623
-2.99373243564
-3.04818970109
-2.6622473645
-2.70267757499
-2.7426036163
-2.80161034768
-2.87350830121
-2.95451625684
-3.03661951059
-3.13368269506
-3.2243001385
-3.31478345402
-3.75882682621
-3.76618143933
-3.78515049536
-3.81267907547
-3.84672183145
-3.88668155865
-3.93232931334
-3.9820948403
-4.03417071163
-4.0885940932
-3.74414056127
-3.75901573405
-3.79847617873
-3.85670076597
-3.92756172757
-4.00743884628
-4.09430573073
-4.18413740201
-4.27347643821
-4.36267949356
-5.22643444466
-5.2455212546
-5.26437004991
-5.28359212261
-5.30256933904
-5.36541665331
-5.40572727037
-5.44604510573
-5.48588292389
-5.56518632348
-5.22083911253
-5.26012785483
-5.29892666218
-5.33849383255
-5.37755698498
-5.50369726286
-5.58302568327
-5.66236830879
-5.74076629469
-5.8527264507
-0.887714147803
-0.899858430968
-0.927332848014
-0.962387492444
-1.00223729585
-1.04670725154
-1.0956843016
-1.14763895291
-1.20098500772
-1.25547951576
-0.830810797903
-0.851391085715
-0.901635068213
-0.969822451028
-1.04873491875
-1.13512202786
-1.22739125348
-1.32164492181
-1.41465303679
-1.50663735816
-1.83324558046
-1.86033520239
-1.88708701375
-1.9213363643
-1.96037767581
-2.00413595629
-2.04848588685
-2.10411124807
-2.15718805242
-2.21074571204
-1.77621976353
-1.82593052284
-1.87502138351
-1.94169847009
-2.01900583437
-2.1038718453
-2.18988531862
-2.28754823624
-2.37926857318
-2.4718198608
-2.68460168212
-2.71104319993
-2.73715498911
-2.77069107937
-2.80901629805
-2.85214423765
-2.89585530455
-2.95127242378
-3.00411074916
-3.05845140258
-2.64041749847
-2.6890940243
-2.73716354849
-2.80250294412
-2.87838864535
-2.96190739789
-3.04655539671
-3.14306260044
-3.23364233397
-3.32348172932
-3.74290738084
-3.75384655176
-3.77917379762
-3.81183556882
-3.84928299629
-3.89163825995
-3.9389599227
-3.98972805852
-4.04227405483
-4.0965261253
-3.72792760272
-3.74716541318
-3.79398297653
-3.85768262196
-3.93182563946
-4.01369291396
-4.1015875777
-4.19175762753
-4.28093920205
-4.36954363999
-5.21120688703
-5.23572499909
-5.25993736761
-5.28462923252
-5.30900656539
-5.36881397586
-5.41062906031
-5.45245163248
-5.4937762723
-5.57016161654
-5.205133357
-5.25074054475
-5.29577900585
-5.34170939868
-5.38705471703
-5.50833548944
-5.58893111232
-5.66954116723
-5.74919149272
-5.85718783977
-0.847575365876
-0.88340168252
-0.918781241052
-0.954861448546
-1.00587719786
-1.05431257465
-1.10340283993
-1.16020697885
-1.21467618401
-1.26963885904
-0.791017886424
-0.828355225202
-0.897316183344
-0.979107499937
-1.06689999281
-1.15903541485
-1.25456416125
-1.35106743632
-1.44486764393
-1.53578292051
-1.8109796886
-1.84545055846
-1.87949157277
-1.92001978498
-1.96361614113
-2.01077559933
-2.05857269449
-2.11490407482
-2.16887721267
-2.22333932623
-1.75339082193
-1.81160117985
-1.8690856482
-1.94248172728
-2.02414922782
-2.11181998746
-2.20067613215
-2.29788182819
-2.38965947516
-2.48226859203
-2.66428066016
-2.69755099143
-2.73040643801
-2.76960392342
-2.81189920518
-2.85792856406
-2.90458027996
-2.96049293125
-3.01402669521
-3.06825593183
-2.61956018158
-2.67611563859
-2.73196584283
-2.80335577422
-2.88305156377
-2.96896925392
-3.05604862608
-3.15202461875
-3.2425683224
-3.33179248506
-3.71026249626
-3.74206119959
-3.77346336959
-3.80548742123
-3.85173005788
-3.89637413371
-3.94162183634
-3.99702120687
-4.05001638347
-4.10349167583
-3.68777503907
-3.71854930218
-3.78351123803
-3.8610369298
-3.94387816528
-4.03109152215
-4.12196241911
-4.21331590814
-4.30237420154
-4.38964968242
-5.19665773704
-5.22636517961
-5.25570216711
-5.28562013782
-5.31515700487
-5.37205994323
-5.41531246909
-5.45857274006
-5.5013179617
-5.57491525378
-5.19012731346
-5.24177145163
-5.29277158173
-5.34478170713
-5.39612931267
-5.51276707694
-5.59457344677
-5.67639446542
-5.75724133713
-5.86145046812
-0.823900783191
-0.867474480025
-0.910504808064
-0.954387299214
-1.00939997494
-1.06167317335
-1.11465315094
-1.17237059032
-1.22792680504
-1.28398633752
-0.751208924297
-0.820192021569
-0.888314892027
-0.957786852761
-1.05992368923
-1.15273164898
-1.2467944532
-1.34502686338
-1.43835513082
-1.53252891617
-1.78943026956
-1.83104487323
-1.87214053822
-1.91405005268
-1.96675039899
-2.01720159166
-2.06833492841
-2.12534960953
-2.18019023863
-2.23552770256
-1.73129647098
-1.79773292707
-1.86334091324
-1.93024818547
-2.02912711692
-2.11951237397
-2.21111971842
-2.30788290537
-2.39971601826
-2.49238110354
-2.64461352891
-2.68449293579
-2.72387504208
-2.76855175001
-2.814689346
-2.86352676216
-2.91302450274
-2.96941674083
-3.02362356552
-3.07832148303
-2.59937401232
-2.66355487193
-2.72693538916
-2.80418116192
-2.8875644386
-2.97580387324
-3.06523638191
-3.16069825685
-3.25120708999
-3.34253589806
-3.69290268554
-3.73065507699
-3.76793669197
-3.80595662381
-3.85409837782
-3.90095761633
-3.94845043256
-4.00407967598
-4.05750957914
-4.1114235365
-3.59023929895
-3.65129900663
-3.76262014954
-3.87537990926
-3.98091923608
-4.08248546761
-4.18183836034
-4.27715347195
-4.36694246462
-4.45185243834
-5.18257675022
-5.2173065408
-5.25160324707
-5.28657915773
-5.32110953524
-5.37520146172
-5.41984517494
-5.46449688238
-5.5086169743
-5.57951592828
-5.17560413502
-5.23309096638
-5.28986093063
-5.34775515471
-5.40491190559
-5.51705606464
-5.60003422194
-5.68302723789
-5.7650321533
-5.86557593342
-0.799108400409
-0.850795271519
-0.901837601658
-0.953890762827
-1.01308908064
-1.06938130417
-1.1264346476
-1.18510850911
-1.24180305676
-1.29901123503
-0.725815265159
-0.804123083686
-0.881454395099
-0.960317158719
-1.06568641521
-1.16180140526
-1.25921595369
-1.35706962739
-1.45056278791
-1.54490296022
-1.76686339044
-1.81595902074
-1.86444242313
-1.9138859801
-1.97003264144
-2.02393098848
-2.07855808812
-2.13628833223
-2.19203741134
-2.24829155549
-1.70815893088
-1.78320988199
-1.85732493947
-1.93290775519
-2.03434003805
-2.12756795802
-2.22205640068
-2.3183561854
-2.41024738302
-2.50297107927
-2.62401781018
-2.67081834147
-2.717035265
-2.76416745826
-2.81761122387
-2.8693892803
-2.92186742116
-2.97876188985
-3.03367355397
-3.08908269647
-2.57823474909
-2.6504010462
-2.72166742163
-2.79434514063
-2.8922903897
-2.98296119047
-3.07485793945
-3.16978142249
-3.2602537387
-3.35154569901
-3.67472322792
-3.71871041206
-3.76214907116
-3.80644797988
-3.85657851845
-3.90575750898
-3.9556014423
-4.0114714121
-4.06535656751
-4.11972990154
-3.38259237919
-3.53737785259
-3.76045497938
-3.9462774117
-4.09982751337
-4.23328428775
-4.35337892619
-4.460890738
-4.5563236473
-4.64137426958
-5.16783092682
-5.20782019656
-5.24731079571
-5.28758345796
-5.32734311552
-5.37849130763
-5.4245918934
-5.47070073426
-5.51626061121
-5.58433382453
-5.16039524185
-5.2240006303
-5.28681285256
-5.3508689942
-5.41410917037
-5.52154755773
-5.60575282868
-5.68997317802
-5.7731908144
-5.86989618339
-0.774340198735
-0.834132330983
-0.893178848762
-0.953394710734
-1.01677458819
-1.07708191691
-1.13820465325
-1.19783400404
-1.25566577436
-1.31402147809
-0.70044637358
-0.788069818549
-0.874600589518
-0.962844996757
-1.07144352056
-1.1708623154
-1.27162533895
-1.36910064556
-1.46275853834
-1.55726493531
-1.74431852179
-1.80088788214
-1.85675181634
-1.91372206755
-1.97331168258
-2.03065382182
-2.08877127674
-2.14721638591
-2.20387302898
-2.26104295927
-1.68504395785
-1.76870100188
-1.85131483336
-1.9355647309
-2.03954787478
-2.13561568511
-2.23298241592
-2.32881925036
-2.42076847609
-2.51355072614
-2.60344217936
-2.6571570846
-2.71020215905
-2.76429772645
-2.8205302519
-2.87524608046
-2.93070171469
-2.98809792413
-3.04371374021
-3.09983341402
-2.55711610392
-2.63726004997
-2.71640459219
-2.79711649543
-2.89701173138
-2.99011152685
-3.08447011266
-3.17885572891
-3.26929156381
-3.3605467123
-3.65656150154
-3.70677739728
-3.75636709528
-3.8069388567
-3.85905624009
-3.91055272008
-3.96274547734
-4.01885593873
-4.07319590237
-4.12802816501
-2.95807284222
-3.4191533159
-3.85273138747
-4.13470531068
-4.34668013627
-4.52088377173
-4.6713151289
-4.80167096234
-4.91439805428
-5.01334284406
-5.15309948568
-5.19834310478
-5.24302253097
-5.28858677865
-5.3335706159
-5.38177794481
-5.42933398216
-5.47689853524
-5.52389679295
-5.58914702168
-5.14520118258
-5.21491916043
-5.28376774742
-5.35397979662
-5.42329746465
-5.52603467008
-5.61146585782
-5.69691234347
-5.781341518
-5.87421221963
-0.749597666583
-0.817486659756
-0.884529069713
-0.952899172745
-1.02045627612
-1.08477454881
-1.14996246057
-1.21054631039
-1.26951412477
-1.32901616469
-0.675103774074
-0.77203319086
-0.867753887154
-0.965370214968
-1.0771946593
-1.1799138349
-1.28402186324
-1.38111919489
-1.4749416492
-1.56961409857
-1.72179701843
-1.78583236312
-1.84906918002
-1.91355832488
-1.97658732535
-2.03736968769
-2.09897388051
-2.15813311386
-2.2156963803
-2.27378114762
-1.66195294096
-1.75420715863
-1.84531095606
-1.93821895296
-2.04475031416
-2.14365507161
-2.24389710753
-2.33927147152
-2.43127866519
-2.52411940836
-2.58288787292
-2.64350998611
-2.70337613487
-2.76442785962
-2.82344625468
-2.88109681069
-2.93952685245
-2.99742428264
-3.05374352091
-3.11057298964
-2.53601934591
-2.62413267294
-2.71114721708
-2.79988497804
-2.9017281799
-2.99725445269
-3.0940723239
-3.18792063081
-3.2783200222
-3.36953839703
-3.63841859779
-3.69485674977
-3.75059111178
-3.80742922479
-3.86153139385
-3.91534296148
-3.96988210838
-4.02623281212
-4.08102711262
-4.13631782824
-2.38128745101
-3.26902265219
-3.93075341252
-4.26288403832
-4.50223308141
-4.69689304895
-4.8659451575
-5.01378527336
-5.14295060574
-5.25831959743
-5.13838331206
-5.18887583497
-5.23873871055
-5.28958905951
-5.33979166217
-5.38506117575
-5.43407115628
-5.48308991288
-5.53152506062
-5.59395523047
-5.13002287029
-5.20584710251
-5.2807257982
-5.35708737504
-5.43247623627
-5.53051713202
-5.61717296603
-5.70384431724
-5.78948377428
-5.87852378276
-1.05987937477
-1.03028611319
-1.00106188284
-0.97125890229
-0.979330963409
-0.988620674871
-0.998035991325
-1.04141266432
-1.08209730899
-1.12315054076
-0.994991999447
-0.978625028743
-0.962462155964
-0.945979197223
-1.0065836573
-1.06241199195
-1.11899517432
-1.21815864049
-1.30774631932
-1.39814562778
-2.00460409212
-1.97842866645
-1.95257965122
-1.9262187278
-1.9394618329
-1.95286562988
-1.96645065787
-2.01232602735
-2.05512597178
-2.09831366712
-1.95360595951
-1.94099084314
-1.92853303866
-1.91582852257
-1.98077986784
-2.03938188653
-2.09877625556
-2.19763054942
-2.28706202666
-2.37730371841
-2.84136027035
-2.81821207077
-2.79535253178
-2.77204028753
-2.78986346016
-2.80691116146
-2.82418936253
-2.87227786317
-2.91695135883
-2.96202957903
-2.80266403842
-2.79337199304
-2.78419582048
-2.77483792503
-2.8436393686
-2.90469807887
-2.96658235609
-3.06516281161
-3.15445593887
-3.24455802725
-3.86706139205
-3.84762398574
-3.82842896602
-3.80885381237
-3.83229126132
-3.85380568404
-3.8756110005
-3.92641237159
-3.97338247843
-4.02077811622
-3.84344490935
-3.83822630581
-3.83307277884
-3.82781719255
-3.90133811146
-3.96540825012
-4.03034467287
-4.12858945558
-4.21771299255
-4.30764395421
-5.32463667026
-5.31047249648
-5.29648495152
-5.2822204003
-5.26813755502
-5.34149790034
-5.36973648603
-5.39798012832
-5.42588750667
-5.52531551116
-5.32244930487
-5.3230192766
-5.32358214072
-5.32415615167
-5.32472285071
-5.47273323033
-5.54200691251
-5.61129299932
-5.67975417794
-5.81834500831
-0.902239309547
-0.919895050379
-0.937330622181
-0.955111484194
-0.997576366729
-1.03751646043
-1.07799657898
-1.13305434298
-1.18530726273
-1.23803357368
-0.857994709313
-0.871701868043
-0.909554316871
-0.968270066525
-1.04121665687
-1.12395772961
-1.21414993592
-1.30754853465
-1.40059965003
-1.49348904461
-1.86095179029
-1.87857584968
-1.89598013512
-1.92247781342
-1.95613206305
-1.99599277113
-2.03639243071
-2.09147190559
-2.14369711697
-2.19639546851
-1.80481043493
-1.84360094369
-1.88190773054
-1.94033419169
-2.0125235112
-2.09425470765
-2.17709098108
-2.27550802341
-2.36730454806
-2.45993271363
-2.71009713038
-2.72769312907
-2.74506970372
-2.77154124759
-2.80513853694
-2.84492893205
-2.88525732796
-2.94035603247
-2.99255670214
-3.04716553371
-2.66674759155
-2.70520662238
-2.74318606486
-2.80102855101
-2.87242360766
-2.95326269346
-3.03519479412
-3.13251410261
-3.22326341675
-3.31388857808
-3.75098496662
-3.76854656832
-3.7858891749
-3.80357523064
-3.84585615009
-3.8855603551
-3.92580139555
-3.98092367188
-4.03309425816
-4.08573748973
-3.74879479351
-3.76208627808
-3.79897974248
-3.85582640648
-3.92618120729
-4.00591977122
-4.09282487125
-4.18280624383
-4.27227413896
-4.3616375213
-5.23014136548
-5.24765408724
-5.26494842344
-5.28258525284
-5.29999741927
-5.36435237734
-5.40446928108
-5.44459336843
-5.48423974532
-5.5643529846
-5.224754637
-5.26222992688
-5.29923789577
-5.33697876229
-5.37423887487
-5.50257671586
-5.58182546509
-5.66108840517
-5.73940765434
-5.85196390766
-0.901766234488
-0.910169933689
-0.930775302062
-0.961188603611
-0.998614936208
-1.04182192762
-1.09024472568
-1.14216395125
-1.19577343936
-1.25073847665
-0.844794144639
-0.861058064148
-0.903749451484
-0.967511846756
-1.04456071281
-1.13029241061
-1.22247985893
-1.3170223861
-1.41048310789
-1.5029251507
-1.84508170632
-1.86754454307
-1.88972726578
-1.92072505112
-1.95797371786
-2.00075727086
-2.04411929477
-2.10021559934
-2.15348207338
-2.20723112101
-1.78837214999
-1.83284172952
-1.87675676849
-1.94018989758
-2.0160304114
-2.10031681921
-2.18574285268
-2.28411158935
-2.37616939419
-2.46906120705
-2.69559574734
-2.71769298854
-2.73951467471
-2.77006965207
-2.80682606125
-2.84912897064
-2.89200385222
-2.94787701369
-3.00090925293
-3.05558652484
-2.65173213132
-2.69546649418
-2.73865548473
-2.80101543511
-2.87560356569
-2.95862790169
-3.04277479903
-3.13995478146
-3.23086496881
-3.3210671572
-3.73816134601
-3.75981043782
-3.78118956307
-3.8029920758
-3.84735474023
-3.88906847359
-3.93134621296
-3.98694584418
-4.0396909569
-4.0929139199
-3.73928034442
-3.75460088144
-3.79528331974
-3.85564359009
-3.92855833078
-4.01004849623
-4.098021385
-4.18849398342
-4.2780666255
-4.36709323459
-5.21970193359
-5.24071418153
-5.26146440444
-5.28262556017
-5.30351715904
-5.36687724094
-5.4083064098
-5.44974299726
-5.49068624785
-5.56866567555
-5.21396175333
-5.25551418288
-5.29654844905
-5.33839534877
-5.3797091907
-5.50587369485
-5.58622444628
-5.66658958588
-5.74599791199
-5.85567797802
-0.872922538909
-0.887217256876
-0.917887936891
-0.958620221518
-1.00500689245
-1.05573831002
-1.11054946415
-1.16800497461
-1.22623218326
-1.28355080662
-0.81316613999
-0.834560804082
-0.88769417385
-0.961227795515
-1.04498692041
-1.13621085258
-1.23269132724
-1.330443217
-1.42581971575
-1.51854098066
-1.82991865538
-1.85700469563
-1.88375296996
-1.91905037668
-1.95973332453
-2.00530950589
-2.05150191691
-2.10856975008
-2.16283109716
-2.217584031
-1.77266621219
-1.82256185243
-1.87183528855
-1.94005203197
-2.0193810746
-2.10610885575
-2.19400927206
-2.29233185516
-2.38463929982
-2.47778301413
-2.68174041991
-2.70813836737
-2.73420712952
-2.76866361805
-2.80843840413
-2.85314189201
-2.89844980998
-2.95506292534
-3.00888968664
-3.06363234977
-2.63738562952
-2.68616030146
-2.73432674787
-2.80100290354
-2.87864185242
-2.96375408286
-3.05001710479
-3.14706396831
-3.23812786177
-3.32792592122
-3.73144268439
-3.74361887787
-3.77101075435
-3.80779324822
-3.84996854348
-3.89667288457
-3.94776711745
-4.00144478643
-4.05600569995
-4.1109800447
-3.71577519735
-3.73669150482
-3.78665614796
-3.85576256733
-3.93527816485
-4.02143450627
-4.11237997424
-4.20436073271
-4.29432324635
-4.38251756053
-5.20972759206
-5.23408345772
-5.25813560305
-5.28266407175
-5.3068800898
-5.36928961857
-5.41197258942
-5.45466320338
-5.49684555025
-5.57278623047
-5.20364970677
-5.24909763407
-5.29397882071
-5.33974882445
-5.3849357968
-5.50902378911
-5.59042744709
-5.67184568178
-5.75229456501
-5.85922658167
-0.852080319104
-0.884770069577
-0.917052175265
-0.949973588642
-1.00338181352
-1.05307445475
-1.10343898378
-1.16221351693
-1.21814730931
-1.27458784015
-0.779684085647
-0.836518307641
-0.892643800633
-0.949880790489
-1.05283211821
-1.14413297015
-1.23666828916
-1.33648155957
-1.43053944752
-1.52544946347
-1.81524352175
-1.84680399984
-1.8779709153
-1.90975505346
-1.96143631051
-2.0097152589
-2.05864698072
-2.1166550806
-2.17187928765
-2.22760380461
-1.75746566072
-1.81261276167
-1.8670721722
-1.92261008486
-2.02262392001
-2.1117145159
-2.20200969425
-2.3002876089
-2.39283666046
-2.48622417053
-2.6683309298
-2.69889119521
-2.72907037075
-2.76730282746
-2.80999886498
-2.85702568542
-2.90468834944
-2.96201760841
-3.01661332561
-3.07170365884
-2.62350077007
-2.6771535638
-2.7301373013
-2.80099077522
-2.88158237304
-2.96871531355
-3.05702636733
-3.15394439545
-3.24515704905
-3.33719605393
-3.67920629711
-3.70248746562
-3.74791495351
-3.80370771621
-3.86239409268
-3.92285958275
-3.98498940994
-4.04692312739
-4.10701114936
-4.16405468969
-3.65968584683
-3.69462184317
-3.76755957473
-3.8594047007
-3.95666586006
-4.05548299635
-4.15485605165
-4.25161989907
-4.34348705331
-4.4306679493
-5.20007420532
-5.22766609761
-5.25491391597
-5.28270134411
-5.31013480803
-5.3716243706
-5.41552079855
-5.45942508689
-5.50280665835
-5.57677419399
-5.19366948168
-5.24288755724
-5.29149187798
-5.34105874794
-5.38999422094
-5.5120725195
-5.59449520356
-5.67693264681
-5.75838860407
-5.86266099821
-0.835215875496
-0.872960357046
-0.910234160759
-0.948246126645
-1.00533371943
-1.05830535983
-1.11199322295
-1.17201740733
-1.2291887818
-1.28687810676
-0.762210242183
-0.824985287067
-0.886977520233
-0.950197433889
-1.05658552584
-1.1507652372
-1.2462183403
-1.34608434717
-1.44050502595
-1.53578111946
-1.79987549878
-1.83612167619
-1.87191585977
-1.90841890346
-1.9632197033
-2.0143290304
-2.06612940013
-2.12512216159
-2.18135469025
-2.23809666381
-1.74154741221
-1.80219392262
-1.86208416437
-1.92316045923
-2.02601987702
-2.11758484839
-2.21038785795
-2.30861899513
-2.4014210611
-2.4950638778
-2.65428830797
-2.68920741599
-2.7236910789
-2.75885764865
-2.8116330033
-2.86109285291
-2.91122144278
-2.96930065822
-3.02470163772
-3.08060452862
-2.60896033423
-2.66772157125
-2.72575004917
-2.78492771025
-2.88466173092
-2.97391078973
-3.06436657357
-3.16114968332
-3.2525181208
-3.3447143209
-3.577654801
-3.62619121375
-3.71441384752
-3.81594621054
-3.91474495275
-4.00857383809
-4.0979046871
-4.18106232845
-4.25670688749
-4.32336139
-3.54890880732
-3.61743546979
-3.74651830754
-3.89178744168
-4.03016769741
-4.15882786293
-4.27898303433
-4.38899516461
-4.48810912096
-4.57703504201
-5.18996503202
-5.22094574059
-5.25154011631
-5.28274037629
-5.31354319843
-5.37406935842
-5.41923653707
-5.46441180368
-5.50904922135
-5.58095045
-5.1832180383
-5.23638427041
-5.28888751375
-5.34243051973
-5.39529147958
-5.5152651963
-5.59875501996
-5.68225979389
-5.76477037439
-5.8662575714
-0.818367880526
-0.861162163051
-0.903422796163
-0.946520349518
-1.00728372157
-1.06353116298
-1.1205391188
-1.18181173556
-1.24021948507
-1.29915638613
-0.744753441732
-0.813463515158
-0.881316766407
-0.950513768453
-1.0603352726
-1.1573910355
-1.25575907686
-1.35567776876
-1.4504608845
-1.54610269853
-1.78452246492
-1.82544977147
-1.86586671001
-1.90708405667
-1.96500135668
-2.0189383019
-2.07360452161
-2.13358098427
-2.19082085106
-2.24857928886
-1.72564468947
-1.79178524552
-1.85710102156
-1.9237102968
-2.02941252179
-2.12344945529
-2.21875785005
-2.31694225539
-2.40999708899
-2.50389496331
-2.64025938252
-2.67953308179
-2.71831703371
-2.75786905444
-2.81326554777
-2.86515605351
-2.91774816409
-2.97657660455
-3.03278206095
-3.08949671698
-2.59443408032
-2.65829877813
-2.72136707613
-2.78568436477
-2.88773808536
-2.97910119854
-3.0716996206
-3.16834794355
-3.25987201297
-3.35222525498
-3.38961677737
-3.52110270781
-3.71495364993
-3.90102960544
-4.06601871586
-4.21185404023
-4.3431695048
-4.46005386539
-4.56343945173
-4.6539768035
-3.33990899554
-3.51833637532
-3.7742491201
-4.00644179066
-4.20421986301
-4.37463698728
-4.5253493324
-4.65789384024
-4.77373279903
-4.87582234059
-5.17986571864
-5.21423193822
-5.24816960726
-5.28277937039
-5.31694826447
-5.37651196153
-5.42294865147
-5.4693936567
-5.5152856957
-5.58512263272
-5.17277678867
-5.22988732652
-5.28628568968
-5.34380095357
-5.40058357156
-5.51845475914
-5.60301068157
-5.68758174518
-5.77114592028
-5.86985063669
-0.801537346654
-0.849376196588
-0.8966184908
-0.944796360969
-1.00923170274
-1.06875155016
-1.12907615776
-1.19159591305
-1.25123875621
-1.31142194041
-0.727314733339
-0.801953684301
-0.875661879331
-0.950829775171
-1.06408113317
-1.16400996688
-1.26528992549
-1.36526124781
-1.4604064249
-1.55641358041
-1.7691853428
-1.81478892702
-1.85982382953
-1.90575059331
-1.96678116356
-2.02354279639
-2.08107189594
-2.14203104031
-2.20027720124
-2.25905104981
-1.70975844816
-1.78138735588
-1.85212304324
-1.92425956452
-2.03280165046
-2.12930798417
-2.22711916758
-2.3252568895
-2.41856422878
-2.51271689637
-2.62624499652
-2.66986877398
-2.71294855813
-2.7568814848
-2.81489640029
-2.86921504305
-2.92426812118
-2.98384501016
-3.0408541097
-3.09837968957
-2.57992288129
-2.64888575071
-2.71698864556
-2.78644023509
-2.8908112515
-2.98428622805
-3.07902506772
-3.17553874357
-3.26721828364
-3.35972840479
-3.03036398808
-3.4023328956
-3.79027216208
-4.06422186403
-4.2791718435
-4.45850993046
-4.61537720882
-4.75329359306
-4.87527402861
-4.98390550401
-2.93491088638
-3.42363816228
-3.87282312811
-4.17633265316
-4.4112482535
-4.60606179881
-4.7752634492
-4.9231638181
-5.05229264913
-5.16723328787
-5.1697768721
-5.20752509397
-5.24480259137
-5.28281832409
-5.32034980153
-5.37895203315
-5.42665691867
-5.47437034657
-5.52151570663
-5.58929049143
-5.16234636024
-5.223397116
-5.28368656211
-5.3451699671
-5.40587017888
-5.52164101635
-5.60726193265
-5.69289818084
-5.77751485862
-5.87343997817
-0.990373015309
-0.987581106886
-0.984824013869
-0.98201231999
-0.994718102017
-1.01054565342
-1.02658720711
-1.06740788522
-1.10724718652
-1.14744741645
-0.925881360971
-0.939060983941
-0.952076255563
-0.965349278748
-1.02425035683
-1.08384738794
-1.14425022283
-1.23967805768
-1.32755691533
-1.41623192136
-1.9417150103
-1.9399287166
-1.93816469817
-1.93636574551
-1.95261615948
-1.97144745283
-1.99053336167
-2.03408639057
-2.07603932262
-2.11837233197
-1.89082101541
-1.90529977502
-1.91959798292
-1.93417934936
-1.99666480525
-2.05851009971
-2.12119159642
-2.2164270817
-2.30417262761
-2.39271311414
-2.78433220587
-2.78343659948
-2.78255216141
-2.78165020812
-2.80104015324
-2.82253190373
-2.84431424142
-2.89028735246
-2.93411235746
-2.97833440001
-2.74548185219
-2.7611112757
-2.77654579857
-2.79228598333
-2.85794617386
-2.92178278727
-2.98648252732
-3.08154764584
-3.16917511562
-3.2575964563
-3.81721780043
-3.81741400431
-3.81760776151
-3.81780535584
-3.84104375848
-3.86579671452
-3.89088435208
-3.93982401541
-3.98594381951
-4.03248145116
-3.79313061987
-3.81017053459
-3.8269979597
-3.84415863142
-3.91371043214
-3.97998801719
-4.04716173293
-4.14201801479
-4.2295007461
-4.31777603703
-5.28500259271
-5.28675031644
-5.28847624587
-5.29023635522
-5.29197404379
-5.34833091932
-5.37811556197
-5.40790553807
-5.43734083985
-5.53047989226
-5.28189465814
-5.30093895512
-5.31974576762
-5.33892502608
-5.35785997366
-5.48375334392
-5.55444270933
-5.62514473287
-5.69500499032
-5.82434702016
-0.917160422631
-0.922707564902
-0.93837803925
-0.963679047667
-0.996725063437
-1.03628561859
-1.08181302227
-1.13162378944
-1.1839590955
-1.23874924895
-0.860638979592
-0.873655694513
-0.910273723744
-0.968080107062
-1.04055319805
-1.12305799357
-1.21319427645
-1.30663229891
-1.39975218214
-1.49274789299
-1.86535387914
-1.88123780177
-1.89692365013
-1.92224129287
-1.95527592099
-1.9947988268
-2.03485611672
-2.09012864512
-2.14244039187
-2.19522606275
-1.80950768134
-1.84627386321
-1.88258156676
-1.93978969274
-2.01142441111
-2.09295632354
-2.17559061845
-2.27428324427
-2.36621593895
-2.45898150821
-2.71432401428
-2.73022172585
-2.7459211912
-2.7712535672
-2.8042781091
-2.84376766835
-2.88379116084
-2.93909008872
-2.99138096865
-3.04614136633
-2.67124781861
-2.70773566978
-2.74376851343
-2.80044675434
-2.8713389141
-2.95200913008
-3.03377007766
-3.13134551016
-3.22222669499
-3.31299370213
-3.76539904672
-3.7709116973
-3.78662785445
-3.81197829057
-3.84499046873
-3.88443915155
-3.92994296452
-3.97975250346
-4.0320178047
-4.08676107028
-3.75106480139
-3.76372111008
-3.7994170287
-3.85544573307
-3.92542765971
-4.00504160262
-4.09192172565
-4.18193796512
-4.27153020239
-4.36101401648
-5.23384828631
-5.24978691989
-5.26552679696
-5.28157838307
-5.29742549949
-5.36328810136
-5.40321129178
-5.44314163114
-5.48259656675
-5.56351964573
-5.22867016148
-5.26433199893
-5.29954912935
-5.33546369204
-5.37092076475
-5.50145616886
-5.58062524691
-5.65980850154
-5.738049014
-5.85120136463
-0.908778387212
-0.915540617031
-0.933246889189
-0.961187704447
-0.99694678384
-1.03912925843
-1.08699647433
-1.13871808434
-1.19243389487
-1.247695539
-0.85196498162
-0.866430001488
-0.905655561127
-0.96675774328
-1.04235426532
-1.12738981141
-1.21938614713
-1.31402911342
-1.40772800245
-1.50048940355
-1.85691783218
-1.87475388376
-1.89236751781
-1.92011373795
-1.95556975992
-1.99737858543
-2.03975270269
-2.09631995061
-2.14977609433
-2.20371652998
-1.80052453646
-1.83975293619
-1.87849215346
-1.93868132508
-2.01305498842
-2.09676179312
-2.18160038674
-2.28067494246
-2.37307021521
-2.46630255329
-2.70658981256
-2.72434277715
-2.74187436031
-2.76944822476
-2.80463582444
-2.84611370363
-2.88815239988
-2.9444816036
-2.99770775671
-3.05272164709
-2.66304676418
-2.70183896407
-2.74014742096
-2.7995279261
-2.87281848603
-2.95534840549
-3.03899420136
-3.13684696247
-3.22808760365
-3.31865258508
-3.75938060242
-3.76577432388
-3.78320532853
-3.81056791827
-3.84542648418
-3.88649868723
-3.93332861187
-3.98416362984
-4.03710785898
-4.09197910326
-3.74489928209
-3.75858957889
-3.79637000693
-3.85475924348
-3.92672212825
-4.0078094142
-4.09575470137
-4.18634814829
-4.27617343464
-4.36547381081
-5.22819698015
-5.24570336397
-5.26299144126
-5.28062188782
-5.2980277527
-5.36494050603
-5.40598375929
-5.44703436205
-5.4875962234
-5.56716973456
-5.22279014967
-5.260287821
-5.29731789225
-5.33508129885
-5.37236366437
-5.50341190026
-5.58351778024
-5.66363800453
-5.74280433126
-5.85416811627
-0.888587933902
-0.898885316293
-0.922083467194
-0.957120334134
-1.00023690808
-1.04927827681
-1.10345338203
-1.16067367109
-1.21904927598
-1.27677063421
-0.829561362251
-0.846678374792
-0.891796633136
-0.960732194258
-1.04309322439
-1.13323270828
-1.22891651345
-1.32629642594
-1.42163050795
-1.514665985
-1.84885762217
-1.86855883279
-1.88801436716
-1.91808096838
-1.95585050794
-1.99984341244
-2.04443113933
-2.10223542534
-2.15678498164
-2.21182873577
-1.79194160245
-1.83352252501
-1.87458492889
-1.93762233665
-2.01461292138
-2.10039772404
-2.18734241197
-2.28678188213
-2.37961912447
-2.47329743623
-2.69920017967
-2.71872574331
-2.73800782103
-2.76772331269
-2.80497760309
-2.84835521996
-2.89231934
-2.94963291943
-3.00375267807
-3.05900876771
-2.65521107746
-2.69620496433
-2.73668765291
-2.79865003286
-2.87423214108
-2.9585389118
-3.0439855835
-3.14210331788
-3.23368740114
-3.32405935738
-3.74467117564
-3.75346772908
-3.77501762118
-3.80718311433
-3.84661486137
-3.89176879341
-3.94209896044
-3.9956503252
-4.05047712996
-4.10597520128
-3.7297347936
-3.74645631737
-3.78946136378
-3.85367813667
-3.93068922602
-4.01574054157
-4.1064660492
-4.19873254772
-4.28922678409
-4.37805665407
-5.22279744709
-5.24180173582
-5.26056903899
-5.27970800568
-5.29860317474
-5.36651929391
-5.40863270974
-5.4507536667
-5.4923731388
-5.57065720715
-5.21717210009
-5.2564238165
-5.29518605969
-5.33471594178
-5.37374228092
-5.50528050127
-5.58628144741
-5.66729689815
-5.7473477929
-5.85700269523
-0.880259855016
-0.902065659129
-0.923599542466
-0.94555987807
-0.997363652101
-1.04447573615
-1.09222481662
-1.15205644355
-1.20836781357
-1.26518934278
-0.808159246997
-0.852844593714
-0.89697270924
-0.941974728216
-1.04574054719
-1.13553429133
-1.22654212512
-1.32793625575
-1.42272376422
-1.51837001077
-1.84105677394
-1.86256312644
-1.88380129237
-1.90546005424
-1.95612222203
-2.00222892613
-2.04895903304
-2.10796055166
-2.16356833667
-2.21967990665
-1.78363485046
-1.82749259627
-1.87080343116
-1.91497198425
-2.0161207231
-2.10391665783
-2.19289967007
-2.29269231243
-2.38595730265
-2.48006723753
-2.69204833069
-2.71328945464
-2.73426569942
-2.76605390491
-2.80530838397
-2.85052460868
-2.89635219615
-2.95461847599
-3.0096030857
-3.06508583466
-2.64762752781
-2.69075225567
-2.73333921343
-2.79780038851
-2.87560030748
-2.96162675386
-3.04881635274
-3.14719053405
-3.23910700812
-3.3318562098
-3.73519927124
-3.75611527629
-3.77677045646
-3.79783468725
-3.8462462599
-3.89037092923
-3.93509220254
-3.99245722194
-4.04667793935
-4.10138987543
-3.69317424401
-3.71791811897
-3.77390963086
-3.85328775709
-3.94403705652
-4.03997843898
-4.13863679227
-4.23594894456
-4.3290092206
-4.41751744651
-5.21757166043
-5.23802565443
-5.25822458488
-5.27882353048
-5.29916008082
-5.36804727949
-5.41119642215
-5.4543532914
-5.49699634241
-5.5740324597
-5.21173482835
-5.2526841481
-5.29312282532
-5.33436234118
-5.37507653628
-5.50708897436
-5.58895618519
-5.67083805573
-5.75174505484
-5.85974606299
-0.871323350582
-0.895125442574
-0.918630719859
-0.942601490463
-0.997578358227
-1.04722941549
-1.09755179831
-1.15892630556
-1.21657450685
-1.27474497849
-0.798605219207
-0.845847490448
-0.892500645367
-0.94007770906
-1.04748463646
-1.13972906914
-1.23322072691
-1.33509906696
-1.43044726398
-1.5266592787
-1.83288760712
-1.85628433163
-1.87938929642
-1.90295182682
-1.95640676516
-2.00472707233
-2.05370071214
-2.11395599096
-2.17067196915
-2.22790177212
-1.77493589354
-1.82117796325
-1.86684338926
-1.91341316328
-2.01769971598
-2.10760173876
-2.19871931521
-2.29888180486
-2.39259473917
-2.48715667633
-2.68455880576
-2.70759649051
-2.7303468928
-2.75354783903
-2.80565478274
-2.85279642553
-2.90057546439
-2.95983942659
-3.01572972148
-3.07212636077
-2.63968591937
-2.6850420963
-2.72983267671
-2.77551027988
-2.87703307213
-2.964860389
-3.0538752077
-3.15251794415
-3.24478250291
-3.33788294279
-3.72854285571
-3.7511404272
-3.7734562045
-3.79621391851
-3.8466684817
-3.89236531009
-3.93867999941
-3.99672879931
-4.05160696627
-4.10698230814
-3.62433645649
-3.66488154313
-3.75082041378
-3.86790176491
-3.99263316632
-4.11558273063
-4.23436785978
-4.34532781319
-4.44655739044
-4.53784343058
-5.21209913722
-5.23407128461
-5.2557694369
-5.27789729461
-5.29974328134
-5.36964740921
-5.41388118075
-5.4581228731
-5.50183783149
-5.57756707546
-5.20604083475
-5.24876791051
-5.29096217494
-5.33399204526
-5.37647378878
-5.50898283486
-5.59175721123
-5.67454640977
-5.75634993438
-5.86261895941
-0.862395562317
-0.888191995119
-0.913666743565
-0.939645988301
-0.99779285494
-1.04998040905
-1.10287358436
-1.16578946709
-1.22477319577
-1.28429129417
-0.789060509884
-0.838857211766
-0.888032943296
-0.93818254015
-1.04922702464
-1.1439197556
-1.23989281476
-1.34225489196
-1.43816323067
-1.53494046174
-1.82472640805
-1.85001166081
-1.87498160369
-1.9004460458
-1.95669103077
-2.00722278197
-2.05843776647
-2.11994558263
-2.17776867315
-2.23611561844
-1.76624542109
-1.81486948917
-1.86288720977
-1.9118558627
-2.0192771688
-2.11128322548
-2.20453328419
-2.30506526041
-2.3992257019
-2.49423920048
-2.67707658569
-2.70190907899
-2.72643190837
-2.75144038244
-2.80600084365
-2.85506602656
-2.90479461349
-2.96505528497
-3.02185038168
-3.07916001994
-2.63175205673
-2.67933750629
-2.72632956007
-2.7742522341
-2.87846443934
-2.96809087023
-3.05892912854
-3.15784015818
-3.25045246213
-3.34390379765
-3.72189293248
-3.74617043031
-3.77014518507
-3.79459473058
-3.84709029169
-3.89435774574
-3.94226429694
-4.00099621042
-4.05653118569
-4.1125692863
-3.50521316569
-3.59033843692
-3.74676509804
-3.93565658471
-4.11763551352
-4.28284048079
-4.43275815862
-4.56652459892
-4.68451266602
-4.78871694762
-5.2066319516
-5.23012077166
-5.25331668354
-5.27697196214
-5.30032591303
-5.37124597825
-5.41656332078
-5.46188877815
-5.50667459845
-5.58109824375
-5.20035239475
-5.24485549261
-5.28880363194
-5.33362211051
-5.37786967848
-5.5108748482
-5.59455550531
-5.67825114688
-5.76095032257
-5.86548905376
-0.853477026724
-0.881265733421
-0.908707911888
-0.936693549194
-0.998007129352
-1.0527285515
-1.10818985495
-1.17264551571
-1.23296338765
-1.29382771614
-0.779525692604
-0.831874177741
-0.883569871509
-0.936289335374
-1.05096760703
-1.14810609887
-1.24655798773
-1.34940330073
-1.44587120061
-1.54321306225
-1.81657366716
-1.84374549092
-1.87057847904
-1.89794286174
-1.95697500176
-2.00971590509
-2.06316991137
-2.12592896676
-2.18485802219
-2.24432095201
-1.75756395536
-1.80856755313
-1.85893513042
-1.91030017608
-2.02085298676
-2.11496089673
-2.21034122763
-2.31124230748
-2.40584979237
-2.50131438438
-2.66960212012
-2.69622756185
-2.72252098138
-2.74933510999
-2.8063465459
-2.85733327541
-2.90900938991
-2.97026573769
-3.02796469849
-3.0861863895
-2.62382641666
-2.67363882847
-2.72283007403
-2.77299549214
-2.8798943231
-2.97131800342
-3.06397781154
-3.16315685632
-3.25611654507
-3.34991841255
-3.71524990117
-3.74120558427
-3.76683759715
-3.79297722075
-3.84751166452
-3.89634811644
-3.94584487974
-4.00525919883
-4.0614503017
-4.11815047417
-3.28693879613
-3.50108627441
-3.79685957613
-4.06901891254
-4.29602365182
-4.48824370124
-4.65677514108
-4.80504309872
-4.93505105862
-5.05108983631
-5.20117043213
-5.22617435298
-5.25086647219
-5.27604758867
-5.30090794089
-5.37284289054
-5.41924268107
-5.46565078026
-5.51150635263
-5.58462575238
-5.1946698502
-5.24094712949
-5.28664732603
-5.33325255915
-5.37926412149
-5.51276490067
-5.59735089927
-5.68195204444
-5.76554594296
-5.86835617357
-0.920866655848
-0.944876100581
-0.968586144896
-0.99276573769
-1.01010524063
-1.03247063198
-1.0551384229
-1.09340310612
-1.13239706405
-1.17174429213
-0.856770722495
-0.89949693914
-0.941690355163
-0.984719360274
-1.04191705636
-1.10528278394
-1.16950527135
-1.26119747486
-1.34736751134
-1.43431821495
-1.87882592848
-1.90142876674
-1.92374974512
-1.94651276323
-1.96577048607
-1.99002927578
-2.01461606547
-2.0558467538
-2.09695267347
-2.13843099683
-1.8280360713
-1.86960870691
-1.91066292717
-1.95253017615
-2.01254974267
-2.07763831289
-2.14360693729
-2.23522361399
-2.32128322856
-2.40812250986
-2.72730414138
-2.7486611282
-2.76975179104
-2.79126012871
-2.81221684631
-2.83815264601
-2.86443912031
-2.90829684175
-2.95127335609
-2.994639221
-2.68829966596
-2.72885055836
-2.76889577667
-2.80973404163
-2.87225297912
-2.93886749568
-3.00638269854
-3.09793248008
-3.18389429238
-3.27063488536
-3.76737420881
-3.78720402289
-3.806786557
-3.8267568993
-3.84979625565
-3.87778774499
-3.90615770366
-3.95323565923
-3.9985051606
-4.0441847861
-3.74281633038
-3.78211476337
-3.82092314057
-3.86050007029
-3.92608275282
-3.99456778426
-4.06397879299
-4.155446574
-4.24128849964
-4.32790811984
-5.24536851516
-5.2630281364
-5.28046754021
-5.29825231013
-5.31581053256
-5.35516393829
-5.3864946379
-5.41783094781
-5.44879417302
-5.53564427336
-5.2413400114
-5.27885863364
-5.31590939452
-5.35369390049
-5.39099709661
-5.49477345751
-5.56687850615
-5.63899646642
-5.7102558027
-5.830349032
-0.911439111309
-0.925520079425
-0.939425456319
-0.953606212226
-0.995873760144
-1.03505477676
-1.07476555484
-1.1301932359
-1.18261092826
-1.2355035046
-0.862070136417
-0.874764570916
-0.910808957081
-0.968059988308
-1.0401856393
-1.12249430611
-1.21255576184
-1.30601228132
-1.39923204079
-1.49235372541
-1.86975596798
-1.88389975385
-1.89786716515
-1.91211118398
-1.95441977892
-1.99360488246
-2.03331980274
-2.08878538465
-2.14118366676
-2.194056657
-1.81420492774
-1.84894678273
-1.88325540298
-1.91824346356
-2.01032531102
-2.09165793943
-2.17409025582
-2.27305846513
-2.36512732985
-2.45803030279
-2.71855089817
-2.73275032262
-2.74677267869
-2.77096588681
-2.80341768127
-2.84260640466
-2.88232499373
-2.93782414497
-2.99020523515
-3.0430608777
-2.67574804566
-2.71026471717
-2.74435096199
-2.79986495767
-2.87025422055
-2.95075556671
-3.03234536119
-3.13017691771
-3.22118997324
-3.31302757176
-3.7590091997
-3.77327682628
-3.78736653399
-3.80173527116
-3.84412478737
-3.883317948
-3.9230410343
-3.97858133504
-4.03094135123
-4.08377572887
-3.75235798046
-3.76478287081
-3.79990313905
-3.85548259109
-3.92521418949
-4.00467915095
-4.09154486375
-4.18161561001
-4.27124432775
-4.36076680554
-5.23755520714
-5.25191975254
-5.26610517048
-5.2805715133
-5.29485357971
-5.36222382538
-5.40195330249
-5.44168989384
-5.48095338818
-5.56268630686
-5.23258568595
-5.26643407099
-5.29986036293
-5.33394862178
-5.36760265464
-5.50033562186
-5.57942502873
-5.65852859792
-5.73669037365
-5.85043882159
-0.91039759703
-0.923381710062
-0.936203909776
-0.949280037501
-0.994301527835
-1.03534026188
-1.07693387535
-1.13425765006
-1.18815833845
-1.24254734617
-0.856178599755
-0.869789235428
-0.907400543959
-0.966839291656
-1.04126392526
-1.12567159367
-1.21741442958
-1.31204121159
-1.40587351002
-1.49884269201
-1.86875395804
-1.88196322444
-1.89500776985
-1.90831064654
-1.95316580197
-1.9939999
-2.0353861106
-2.09242430189
-2.14607011528
-2.20020193895
-1.81267692292
-1.84666414286
-1.88022753844
-1.91445561609
-2.01007956545
-2.09320676703
-2.17745792079
-2.27723829558
-2.36997103622
-2.46354389954
-2.71758387778
-2.73099256575
-2.74423404591
-2.76882679745
-2.80244558763
-2.84309843662
-2.88430094754
-2.94108619351
-2.99450626049
-3.04841029255
-2.67436139703
-2.70821143396
-2.7416393572
-2.79804041709
-2.87003340636
-2.95206890929
-3.03521360368
-3.13373914349
-3.22531023848
-3.31771093209
-3.75808506973
-3.77173820994
-3.78522109398
-3.79897099009
-3.84349822813
-3.88392890087
-3.92490623153
-3.9813814155
-4.03452476105
-4.08814956471
-3.74799610211
-3.76096529756
-3.79730321104
-3.85449519113
-3.92574986935
-4.00650161174
-4.09435695723
-4.18500617474
-4.27494264585
-4.3644030517
-5.23669202672
-5.25069254641
-5.26451847809
-5.27861821547
-5.29253834635
-5.36300377112
-5.40366110878
-5.44432572683
-5.48450619895
-5.56567379357
-5.231618546
-5.26506145913
-5.29808733545
-5.33176724893
-5.36501813804
-5.50095010568
-5.5808111142
-5.66068642319
-5.73961075052
-5.85265825451
-0.909402483578
-0.921338607857
-0.933125887353
-0.945146599528
-0.992799340535
-1.03561302826
-1.07900559434
-1.13814098923
-1.19345860423
-1.24927737537
-0.838982747075
-0.854219583593
-0.895242913142
-0.96018664252
-1.04035986613
-1.12942852634
-1.22490581716
-1.32229727107
-1.41780329901
-1.51112747732
-1.86779658895
-1.88011296996
-1.89227576435
-1.90467942803
-1.95196769134
-1.99437731899
-2.03736036175
-2.0959011006
-2.15073886612
-2.20607344054
-1.81121699271
-1.84448319759
-1.87733456924
-1.91083652219
-2.00984476816
-2.09468659233
-2.18067555188
-2.2812319091
-2.37459894912
-2.46881185833
-2.71665993942
-2.72931311925
-2.74180851254
-2.76678300732
-2.80151680205
-2.84356854791
-2.88618887002
-2.94420291351
-2.99861566951
-3.05352138397
-2.67303652541
-2.7062496272
-2.73904855795
-2.79629716219
-2.86982242974
-2.95332374074
-3.03795406221
-3.13714266744
-3.22924694052
-3.32218564259
-3.75720211097
-3.77026814097
-3.78317123614
-3.79632986135
-3.84289958292
-3.88451263499
-3.92668833178
-3.98405674871
-4.03794852527
-4.09232854044
-3.73737635421
-3.752161899
-3.79171060633
-3.85292895068
-3.92813681762
-4.01224413191
-4.10264331168
-4.19502159975
-4.28586186182
-4.37510911714
-5.23586730211
-5.24952001393
-5.26300247493
-5.27675193961
-5.29032625967
-5.36374896925
-5.40529283006
-5.44684413001
-5.48790072735
-5.56852818384
-5.2306944934
-5.26374999893
-5.29639329867
-5.3296830591
-5.36254876504
-5.50153721344
-5.58213544773
-5.66274811452
-5.74240102079
-5.85477880879
-0.908439390928
-0.919361248681
-0.930146909666
-0.941146167498
-0.991345490682
-1.03587701755
-1.08101064946
-1.14189937016
-1.19858831784
-1.25579084541
-0.836634408348
-0.869170879786
-0.901301617846
-0.934068665944
-1.03864897617
-1.12693561251
-1.21641596108
-1.31939095194
-1.41490808092
-1.51129055806
-1.86687002613
-1.87832225305
-1.88963166944
-1.90116505501
-1.95080813356
-1.99474259337
-2.03927108535
-2.09926602273
-2.15525738569
-2.2117560087
-1.8098040402
-1.84237243087
-1.87453469012
-1.90733388364
-2.00961752619
-2.09611879975
-2.18378964589
-2.28509701595
-2.37907794485
-2.47391030452
-2.71576573159
-2.72768771406
-2.73946102809
-2.75146749824
-2.80061790296
-2.84402353195
-2.88801604285
-2.94721934357
-3.00259284579
-3.05846801047
-2.67175428556
-2.70435094754
-2.73654112556
-2.76936879075
-2.86961824192
-2.95453819417
-3.04060633816
-3.14043667266
-3.23305696718
-3.32651636567
-3.75634756409
-3.76884537594
-3.78118733871
-3.79377371897
-3.84232020094
-3.88507758569
-3.92841308753
-3.98664599493
-4.04126211946
-4.0963730449
-3.71132419384
-3.731332825
-3.77903937993
-3.85079014261
-3.93663493421
-4.03002878903
-4.12777043151
-4.22521666573
-4.31899997026
-4.40845836921
-5.23506911553
-5.24838521125
-5.26153525378
-5.27494571686
-5.28818535361
-5.36447018837
-5.40687204575
-5.44928149591
-5.49118602646
-5.57129072541
-5.22980017501
-5.26248073895
-5.29475377267
-5.32766593442
-5.36015885163
-5.50210542922
-5.58341716681
-5.66474346465
-5.74510150561
-5.85683112778
-0.907430825669
-0.917290528101
-0.927027278959
-0.93695685428
-0.989822997021
-1.03615347116
-1.08311037366
-1.14583520378
-1.20396023189
-1.26261185022
-0.835000196232
-0.866709693829
-0.898023770501
-0.92995798423
-1.03838374708
-1.12869290108
-1.22022311352
-1.32411378674
-1.42038950202
-1.51753743794
-1.86589971545
-1.87644698708
-1.88686273307
-1.89748475019
-1.94959382703
-1.99512511425
-2.04127202415
-2.10278982032
-2.15998924806
-2.21770688044
-1.80832437486
-1.84016200388
-1.87160261415
-1.90366586733
-2.00937955495
-2.09761862913
-2.18705077247
-2.28914461459
-2.38376841724
-2.47924947485
-2.71482930355
-2.72598556503
-2.7370027067
-2.74823802942
-2.79967656217
-2.84449999814
-2.889929486
-2.95037819497
-3.00675780524
-3.06364819292
-2.67041150451
-2.70236262135
-2.73391530424
-2.7660928495
-2.86940441334
-2.95580998826
-3.04338384183
-3.14388620498
-3.23704688501
-3.33105156468
-3.7554526696
-3.76735543478
-3.77910977116
-3.79109688783
-3.84171346332
-3.88566921064
-3.93021927796
-3.98935749292
-4.04473216565
-4.10060851144
-3.66299747264
-3.69234836006
-3.75798014203
-3.85636195498
-3.96979114331
-4.08709213315
-4.20386755602
-4.31503361417
-4.4176815281
-4.5107319539
-5.23423324242
-5.24719682863
-5.2599987575
-5.27305421294
-5.28594336425
-5.36522545999
-5.40852582442
-5.45183394252
-5.49462644163
-5.57418370092
-5.22886363119
-5.26115155062
-5.29303683613
-5.32555357079
-5.35765609799
-5.50270047343
-5.58475940251
-5.66683302564
-5.74792949436
-5.85898034742
-0.906423244108
-0.915221827187
-0.923910690967
-0.932771627085
-0.988301988315
-1.03642965512
-1.08520804991
-1.14976719861
-1.20932690648
-1.2694262022
-0.833367578035
-0.864250908374
-0.894749120186
-0.925851311846
-1.03811877669
-1.1304484757
-1.22402655267
-1.32883201516
-1.42586557684
-1.52377822496
-1.86493035117
-1.87457355014
-1.88409649736
-1.89380803492
-1.94838070486
-1.99550726205
-2.04327101134
-2.106310181
-2.16471649523
-2.22365194803
-1.80684615271
-1.83795373281
-1.86867339797
-1.90000142859
-2.00914181581
-2.09911699566
-2.19030871833
-2.29318826543
-2.38845431481
-2.48458343765
-2.71389378886
-2.72428507619
-2.73454678302
-2.74501171043
-2.79873613952
-2.84497599961
-2.89184106289
-2.95353396539
-3.01091870242
-3.06882332291
-2.66907003313
-2.70037623446
-2.73129204401
-2.76282010343
-2.86919079332
-2.95708054192
-3.04615863648
-3.14733237282
-3.2410329113
-3.33558234032
-3.75455864795
-3.76586694682
-3.77703422996
-3.78842266751
-3.84110731749
-3.88626025856
-3.93202370673
-3.99206634627
-4.04819882735
-4.10483984695
-3.58600925996
-3.63670344006
-3.74139761857
-3.89491770956
-4.06027125439
-4.2192036504
-4.36761797558
-4.50184401188
-4.62124675772
-4.72707890386
-5.23339818457
-5.2460096051
-5.25846375983
-5.27116455389
-5.2837035616
-5.36597999496
-5.41017799009
-5.45438389961
-5.4980635012
-5.57707385479
-5.22792800083
-5.25982365869
-5.29132157419
-5.32344326745
-5.35515578539
-5.50329493726
-5.58610032906
-5.66892054858
-5.75075472485
-5.86112747082
-0.905416706795
-0.913155270254
-0.920797332975
-0.928590737418
-0.986782555968
-1.03670555285
-1.08730355214
-1.15369511836
-1.2146880191
-1.27623349186
-0.831736651869
-0.861794671182
-0.891477863686
-0.921748895577
-1.0378540809
-1.13220223085
-1.22782604998
-1.33354535365
-1.43133597631
-1.53001254409
-1.86396199153
-1.87270205482
-1.88133312855
-1.89013513017
-1.94716883997
-1.99588901379
-2.0452679268
-2.10982689321
-2.16943884313
-2.22959085421
-1.80536946256
-1.83574775038
-1.8657472176
-1.89634078765
-2.00890432306
-2.1006138093
-2.19356328768
-2.29722772547
-2.39313535596
-2.48991187239
-2.71295924372
-2.72258634971
-2.73209340464
-2.74178873517
-2.79779669151
-2.84545150776
-2.89375065864
-2.95668646521
-3.01507528728
-3.07399308944
-2.66772995204
-2.69839190624
-2.7286715025
-2.7595507492
-2.86897739469
-2.95834977878
-3.04893055536
-3.15077496908
-3.2450148065
-3.34010842031
-3.75366555286
-3.76438000152
-3.77496083984
-3.78575121873
-3.84050179986
-3.88685069392
-3.93382626542
-3.99477239219
-4.05166189624
-4.10906679713
-3.45332107732
-3.56257205441
-3.75422714613
-3.98897128543
-4.20579579661
-4.39477226213
-4.56270783334
-4.71128481909
-4.84241543358
-4.95928021367
-5.23256399216
-5.24482361199
-5.25693035301
-5.26927685326
-5.28146608025
-5.36673374794
-5.41182844346
-5.45693121395
-5.50149699864
-5.57996101333
-5.22699334015
-5.25849714299
-5.28960808994
-5.32133515121
-5.3526580641
-5.50388878499
-5.58743986589
-5.67100590804
-5.7535770273
-5.86327236897
