7.02529564305e-11
-2.45071278048e-11
-1.18085543363e-10
-2.13517165188e-10
-3.89009932662e-10
-4.23667003262e-10
-4.58792667647e-10
-5.0067957775e-10
-6.62222898008e-10
-8.25229738108e-10
-1.28102668146e-10
-2.63490041291e-10
-3.97189118995e-10
-5.33535943696e-10
-5.66835018229e-10
-5.30919728461e-10
-4.94518832688e-10
-6.07399624231e-10
-6.82678470739e-10
-7.58639314406e-10
-6.10232530715e-10
-6.9169829324e-10
-7.72148168743e-10
-8.54191255805e-10
-1.07573299619e-09
-1.1648384866e-09
-1.25514876086e-09
-9.97172159292e-10
-6.83992852988e-10
-3.67976263605e-10
2.41876287983e-10
5.02255600695e-11
-1.39035262178e-10
-3.32044163935e-10
-4.32349634875e-10
-6.73556509236e-10
-9.18024710665e-10
-1.12517541606e-09
-9.95904886993e-10
-8.65463217058e-10
-1.2129482479e-09
-1.28263903977e-09
-1.35146077979e-09
-1.42164545035e-09
-1.68397342389e-09
-1.82130465755e-09
-1.96049272913e-09
-1.43692273152e-09
-7.03274813114e-10
3.70196709554e-11
5.6957193484e-10
3.28087949846e-10
8.96152967178e-11
-1.53580016147e-10
-3.13234009618e-10
-7.99891943637e-10
-1.29312991687e-09
-1.58377683168e-09
-1.27333399853e-09
-9.60078673692e-10
-1.95176106252e-09
-2.00701801938e-09
-2.06158591592e-09
-2.11723446302e-09
-2.4295584643e-09
-2.62600512518e-09
-2.82510791605e-09
-1.97597182005e-09
-7.26910764235e-10
5.33466300416e-10
9.71263372922e-10
6.68693459895e-10
3.69896626977e-10
6.5182487593e-11
-1.6722130769e-10
-9.54754734193e-10
-1.75293629868e-09
-2.14593340566e-09
-1.61340839332e-09
-1.07605891086e-09
-3.00165295697e-09
-3.03639867463e-09
-3.07071110936e-09
-3.10570305998e-09
-3.14024927311e-09
-3.76952684233e-09
-4.05377160272e-09
-4.33806726198e-09
-4.61897814614e-09
1.23894308965e-09
1.54208804809e-09
1.15271181628e-09
7.68191148924e-10
3.76055519224e-10
-1.10849746264e-11
-1.17482291025e-09
-2.40634536755e-09
-3.63808834997e-09
-4.8551664128e-09
-1.24087293209e-09
8.24141285915e-12
1.19600639883e-11
1.56323431288e-11
1.9377347274e-11
2.30759220109e-11
3.09153280078e-11
3.88607296031e-11
4.23197127811e-11
4.67682073808e-11
5.12570036167e-11
7.34336724025e-12
9.80946809523e-12
1.22448164012e-11
1.47283938069e-11
2.66982295631e-11
3.00094023546e-11
3.33653450867e-11
3.97309363106e-11
4.86019911978e-11
5.75534144025e-11
-3.71747616061e-11
-3.04734925345e-11
-2.38557890257e-11
-1.71070299786e-11
7.63591440482e-12
2.81361920903e-11
4.89136513888e-11
6.05103397579e-11
7.32420039331e-11
8.60890120489e-11
3.08304672646e-11
3.65157049175e-11
4.21300470312e-11
4.78555743358e-11
5.15216932879e-11
4.64236496524e-11
4.12566760257e-11
3.68011689322e-11
7.29975108674e-11
1.09521777625e-10
-7.74005161324e-11
-6.80574997405e-11
-5.8830991791e-11
-4.94217641166e-11
-6.03952090343e-12
2.56746717063e-11
5.78176678277e-11
7.66220379374e-11
9.66902237365e-11
1.16940219517e-10
5.16333272863e-11
6.01698003887e-11
6.85998227322e-11
7.71967913757e-11
7.35081897299e-11
6.09619829733e-11
4.82461405717e-11
3.42062321113e-11
9.46049711463e-11
1.55550899337e-10
-1.26709505552e-10
-1.14128218251e-10
-1.01703820987e-10
-8.90333737051e-11
-2.28029577329e-11
2.26573241387e-11
6.87322686236e-11
9.63718615123e-11
1.2543320285e-10
1.54757828672e-10
7.71336073127e-11
8.91651432243e-11
1.01046644559e-10
1.13163444521e-10
1.00459378917e-10
7.87831657537e-11
5.68138713054e-11
3.10253418148e-11
1.21091535359e-10
2.11973693693e-10
-1.96780174727e-10
-1.79597134029e-10
-1.6262836774e-10
-1.45323555752e-10
-1.2823917741e-10
1.83695144374e-11
8.42424908074e-11
1.50127262858e-10
2.15227622171e-10
2.08498641682e-10
1.1337084735e-10
1.30369051464e-10
1.47155286103e-10
1.64273951623e-10
1.81174554684e-10
1.04108004442e-10
6.89890676113e-11
3.38638421361e-11
-8.43188460509e-13
2.92153454094e-10
1.39064617393e-12
1.59888013532e-11
3.04049159311e-11
4.51065240571e-11
6.86013819826e-11
8.11356146092e-11
9.383932098e-11
1.02307921999e-10
1.25094473188e-10
1.48087461696e-10
2.23068584457e-11
4.00024138946e-11
5.74773038199e-11
7.52982626045e-11
9.22692114539e-11
9.19784226505e-11
9.16837021292e-11
1.11223117118e-10
1.29390688554e-10
1.47722851143e-10
2.61341781044e-11
4.25757588665e-11
5.88123113073e-11
7.53704088455e-11
1.27321818239e-10
1.59930866346e-10
1.9298081719e-10
1.77358520124e-10
1.56898030407e-10
1.36252176586e-10
7.51503929174e-12
3.50010995146e-11
6.2144405542e-11
8.98252516052e-11
1.04977701379e-10
1.25963938483e-10
1.47233927795e-10
1.65171308087e-10
1.91085217047e-10
2.17233895974e-10
4.80498778142e-11
6.61242069497e-11
8.39731472119e-11
1.02175563944e-10
1.79331347495e-10
2.29720946455e-10
2.8079185669e-10
2.43831907036e-10
1.85066895371e-10
1.25769495488e-10
-5.58628624466e-12
3.05713639209e-11
6.62781242102e-11
1.02692013292e-10
1.16233792456e-10
1.56065395364e-10
1.96435556242e-10
2.12953991517e-10
2.45728942284e-10
2.78800821396e-10
7.49142839102e-11
9.49900465355e-11
1.14815462192e-10
1.35033496e-10
2.43084964003e-10
3.15270076912e-10
3.88431195431e-10
3.25315413572e-10
2.1959647178e-10
1.12919757368e-10
-2.16459756119e-11
2.51413654512e-11
7.13452632228e-11
1.18464172778e-10
1.30031581518e-10
1.92963955411e-10
2.56747229823e-10
2.7152631314e-10
3.12711573219e-10
3.54269955785e-10
1.13090018889e-10
1.36009923842e-10
1.58644015058e-10
1.81726346816e-10
2.04514649228e-10
4.36839893877e-10
5.41392361012e-10
6.4596355005e-10
7.4928973254e-10
9.46596031978e-11
-4.44676394494e-11
1.74250518363e-11
7.85459344512e-11
1.40877241522e-10
2.02414554569e-10
2.45398751268e-10
3.42453292279e-10
4.39525212562e-10
5.35441411298e-10
4.6151556781e-10
-5.15490987962e-12
1.98380531901e-11
4.45193512601e-11
6.96894323043e-11
1.12098623065e-10
1.29118521644e-10
1.46368544079e-10
1.59623577899e-10
1.99931201232e-10
2.40603996002e-10
3.66037065129e-11
6.88502244001e-11
1.00694624661e-10
1.33169664389e-10
1.54918920191e-10
1.51186641901e-10
1.47403899957e-10
1.79530227601e-10
2.06580143594e-10
2.33875121337e-10
8.66226216038e-11
1.12370570409e-10
1.37797439459e-10
1.63727856607e-10
2.41675558246e-10
2.85853915187e-10
3.30629601998e-10
2.89000960961e-10
2.36827071295e-10
1.84180506419e-10
-1.47616558173e-11
3.35539717669e-11
8.12670981585e-11
1.29925124764e-10
1.56052174272e-10
2.01960603234e-10
2.48489754148e-10
2.87822389352e-10
3.03911961199e-10
3.20147298327e-10
1.67911292346e-10
1.94327942803e-10
2.20415174721e-10
2.47019032417e-10
3.56443700835e-10
4.24676692324e-10
4.93832253298e-10
4.03592357388e-10
2.69506270495e-10
1.34205415646e-10
-6.0256691024e-11
2.29157657746e-12
6.40598603993e-11
1.27051389667e-10
1.57055913602e-10
2.46931826129e-10
3.38022939288e-10
3.83738304046e-10
3.90120142505e-10
3.96559797947e-10
2.67555469385e-10
2.9479181864e-10
3.21688527623e-10
3.49117893088e-10
4.9712723046e-10
5.9484654817e-10
6.93887116182e-10
5.44059230427e-10
3.09564643707e-10
7.29456269564e-11
-1.16024798697e-10
-3.60300691386e-11
4.29671173396e-11
1.23528746646e-10
1.58286303747e-10
3.0205784129e-10
4.47773295267e-10
5.0131265109e-10
4.95794687333e-10
4.90226732964e-10
4.09155089388e-10
4.37556273778e-10
4.65603292273e-10
4.94205747726e-10
5.22443856918e-10
8.36666869635e-10
9.78175605544e-10
1.11970968101e-09
1.25955867617e-09
-1.4107756971e-11
-1.95274214863e-10
-9.04871446298e-11
1.29932193074e-11
1.1852288551e-10
2.2270828463e-10
3.80394810204e-10
6.03734327447e-10
8.2711383744e-10
1.0478338295e-09
6.23332377463e-10
-1.14898427512e-11
2.35634436371e-11
5.81796116869e-11
9.3481310681e-11
1.54196208069e-10
1.75557432649e-10
1.97207479595e-10
2.15094928179e-10
2.72359829847e-10
3.30143529319e-10
5.0440509993e-11
9.67697688282e-11
1.42521296708e-10
1.89178877737e-10
2.15552683927e-10
2.08489656546e-10
2.01331130882e-10
2.45639348969e-10
2.81285793056e-10
3.17255180105e-10
1.45164665387e-10
1.79919521527e-10
2.14240980787e-10
2.49242134644e-10
3.52349618728e-10
4.07725006789e-10
4.63849118336e-10
3.97050966574e-10
3.14184152096e-10
2.3056659641e-10
-3.63215304805e-11
3.21534097575e-11
9.9774459956e-11
1.68734662493e-10
2.05483170597e-10
2.75511844063e-10
3.46487366199e-10
4.06526798892e-10
4.13108161563e-10
4.19749148828e-10
2.83915801167e-10
3.18406333373e-10
3.52466764848e-10
3.87201721582e-10
5.27856925312e-10
6.13359143884e-10
7.00017426935e-10
5.58212029152e-10
3.51228551802e-10
1.42369884405e-10
-1.13167909186e-10
-2.50782225622e-11
6.19129759759e-11
1.50626928991e-10
1.96564458791e-10
3.34874353007e-10
4.75054317481e-10
5.4902711168e-10
5.29865116525e-10
5.10529521125e-10
4.53997838575e-10
4.88164360797e-10
5.21904822728e-10
5.56313473313e-10
7.42994914028e-10
8.65426795806e-10
9.89514063282e-10
7.5576429941e-10
3.96637815958e-10
3.42577858187e-11
-2.07366695985e-10
-9.5233126696e-11
1.55021246455e-11
1.2843035244e-10
1.85631844319e-10
4.07641299455e-10
6.32652515826e-10
7.23704914452e-10
6.72986545189e-10
6.21808687166e-10
6.95693365417e-10
7.29399452399e-10
7.62685220768e-10
7.9663017314e-10
8.30142724997e-10
1.22362819591e-09
1.4009040202e-09
1.57821158875e-09
1.75340816396e-09
-1.19375196383e-10
-3.41228129859e-10
-1.94926937834e-10
-5.04501377714e-11
9.68878489198e-11
2.4234900218e-10
5.11046960196e-10
8.56607850316e-10
1.20223061901e-09
1.54373846261e-09
7.7994223891e-10
-1.81238807295e-11
2.74647291298e-11
7.24848440078e-11
1.18396527295e-10
1.98281438863e-10
2.2418896601e-10
2.50446785493e-10
2.73185369218e-10
3.48208190467e-10
4.23910689387e-10
6.49306208824e-11
1.26007540061e-10
1.86322823337e-10
2.47832577157e-10
2.79049282794e-10
2.68498244345e-10
2.57804546666e-10
3.1486982556e-10
3.59518684514e-10
4.04572044816e-10
2.06470783331e-10
2.50657809715e-10
2.94293819018e-10
3.38793986208e-10
4.68249176835e-10
5.35350266052e-10
6.0335862045e-10
5.10202574543e-10
3.95193662745e-10
2.79142814802e-10
-5.88993588844e-11
3.06867199363e-11
1.19155650496e-10
2.09376600212e-10
2.57248061177e-10
3.52535821256e-10
4.4911195486e-10
5.30835860573e-10
5.27460082095e-10
5.24053720372e-10
4.05397485785e-10
4.48343109662e-10
4.90753196884e-10
5.34003164104e-10
7.0736345904e-10
8.10950274661e-10
9.15937674269e-10
7.20132099259e-10
4.36809366763e-10
1.5091984017e-10
-1.68577340964e-10
-5.37402921742e-11
5.96647259804e-11
1.7531559206e-10
2.37938407746e-10
4.26969103662e-10
6.18555659261e-10
7.22120063013e-10
6.76208177095e-10
6.29880347294e-10
6.4924312105e-10
6.90667025726e-10
7.31574369752e-10
7.73291833782e-10
1.00047128884e-09
1.14878254328e-09
1.29909909508e-09
9.77465065039e-10
4.87822165236e-10
-6.25670937978e-12
-3.03021318996e-10
-1.5723146831e-10
-1.32596331035e-11
1.33563388519e-10
2.14268509991e-10
5.18209901451e-10
8.262608453e-10
9.56597472456e-10
8.58544551612e-10
7.59603309326e-10
9.95760602744e-10
1.03502206434e-09
1.0737939312e-09
1.11333362753e-09
1.15236965591e-09
1.62885997763e-09
1.84359164044e-09
2.05836175462e-09
2.27057485285e-09
-2.29612858739e-10
-4.94073287779e-10
-3.04297876502e-10
-1.16888985486e-10
7.42313098037e-11
2.62917060088e-10
6.47867877256e-10
1.12142084651e-09
1.59505861351e-09
2.06305733091e-09
9.43946465898e-10
-2.47514482372e-11
3.13622095263e-11
8.67761238029e-11
1.43287442995e-10
2.42323671381e-10
2.72773066885e-10
3.03634164741e-10
3.31219152081e-10
4.23982572827e-10
5.17586394196e-10
7.94065989256e-11
1.55216794402e-10
2.30081628399e-10
3.06429069029e-10
3.42483950619e-10
3.28448303115e-10
3.14222881429e-10
3.84032778605e-10
4.37675271971e-10
4.91803745527e-10
2.67717106706e-10
3.21327103721e-10
3.74268578174e-10
4.28258493891e-10
5.84035692977e-10
6.62851046755e-10
7.42732052776e-10
6.23243820743e-10
4.76124161236e-10
3.27671654659e-10
-8.14551661335e-11
2.92214606425e-11
1.38517937704e-10
2.4997889805e-10
3.0896246317e-10
4.29484673556e-10
5.5163644922e-10
6.55023678128e-10
6.41700470141e-10
6.28256559055e-10
5.26760683941e-10
5.78153152865e-10
6.28904752046e-10
6.80661424685e-10
8.86694912104e-10
1.00834868607e-09
1.13164732504e-09
8.81894241558e-10
5.22306710969e-10
1.59461456784e-10
-2.23932729472e-10
-8.23744064018e-11
5.74186688026e-11
1.99980175184e-10
2.79272002857e-10
5.18974030233e-10
7.61917037834e-10
8.95044189134e-10
8.22408502805e-10
7.49114765322e-10
8.44297972165e-10
8.92972180848e-10
9.41039416792e-10
9.90058565657e-10
1.25769653555e-09
1.43186192136e-09
1.6083821749e-09
1.19894959611e-09
5.78917578384e-10
-4.67316889989e-11
-3.98582645822e-10
-2.19169340198e-10
-4.19933382378e-11
1.38691418122e-10
2.42877245055e-10
6.28670660998e-10
1.01968034001e-09
1.18926288004e-09
1.0439215751e-09
8.97263534295e-10
1.29553517122e-09
1.34034658903e-09
1.38459920354e-09
1.42972818704e-09
1.47428230464e-09
2.03369651887e-09
2.28584748787e-09
2.5380436088e-09
2.7872371262e-09
-3.39743001427e-10
-6.46769369056e-10
-4.13562140856e-10
-1.83263032453e-10
5.15968686123e-11
2.83465057059e-10
7.84555346823e-10
1.38597555888e-09
1.98750346549e-09
2.58186968456e-09
1.10779073231e-09
-3.13721469984e-11
3.5255650612e-11
1.01052592255e-10
1.68152561993e-10
2.86320258958e-10
3.2130681567e-10
3.56766421107e-10
3.89192789296e-10
4.99678423354e-10
6.11165014416e-10
9.3867574206e-11
1.84395776556e-10
2.73795082262e-10
3.64964832066e-10
4.05852875371e-10
3.88336230227e-10
3.7058274478e-10
4.53124051838e-10
5.15750858702e-10
5.78945040152e-10
3.28899954987e-10
3.91923156758e-10
4.54160452268e-10
5.17630281428e-10
6.99702209099e-10
7.90219686889e-10
8.81961039832e-10
7.36167912096e-10
5.56970784145e-10
3.76150199699e-10
-1.03987596763e-10
2.77577199292e-11
1.57860158026e-10
2.90539116063e-10
3.60623268859e-10
5.06353776815e-10
6.54054688191e-10
7.79082788637e-10
7.55822460559e-10
7.32351402929e-10
6.4799810246e-10
7.07828662202e-10
7.6691312828e-10
8.27167690071e-10
1.0658405078e-09
1.20554251568e-09
1.34713341642e-09
1.04348873515e-09
6.0771544656e-10
1.6799422095e-10
-2.79230748194e-10
-1.10978844512e-10
5.51749394166e-11
2.24619196174e-10
3.20562760233e-10
6.10883603793e-10
9.05129838069e-10
1.06778909837e-09
9.68457307919e-10
8.6822560996e-10
1.03915067033e-09
1.09506766888e-09
1.15028737629e-09
1.2066006426e-09
1.51465519652e-09
1.71464791872e-09
1.91734471675e-09
1.42020458276e-09
6.69918581133e-10
-8.71647207429e-11
-4.94044933818e-10
-2.81043020279e-10
-7.06972640396e-11
1.43814133084e-10
2.71456330305e-10
7.39016940089e-10
1.21289937663e-09
1.42168715547e-09
1.22910647565e-09
1.03478108955e-09
1.59499905625e-09
1.64535467836e-09
1.69508236032e-09
1.7457948383e-09
1.79586132623e-09
2.43811349146e-09
2.72764498564e-09
3.01722832537e-09
3.30336393579e-09
-4.49759006306e-10
-7.99307197599e-10
-5.22713164789e-10
-2.49568290004e-10
2.89858855357e-11
3.03991758287e-10
9.21101154826e-10
1.65025608932e-09
2.37954159145e-09
3.10014434612e-09
1.27146519212e-09
4.6867022503e-11
-3.13992664011e-11
-1.0868956607e-10
-1.87510505758e-10
-3.22378313428e-10
-3.56276668245e-10
-3.9063335835e-10
-4.25031240747e-10
-5.60419770356e-10
-6.97034867546e-10
-9.80572215887e-11
-2.0168302414e-10
-3.04016601531e-10
-4.0837677048e-10
-4.53045499809e-10
-4.41771222999e-10
-4.30344508144e-10
-5.27032599051e-10
-5.86606905622e-10
-6.4672093231e-10
-4.03621813802e-10
-4.777779366e-10
-5.51009324386e-10
-6.25690970397e-10
-7.8304067706e-10
-8.69702270736e-10
-9.57535604653e-10
-7.98645060724e-10
-5.90395351075e-10
-3.80258979806e-10
1.78381550608e-10
4.22741542415e-11
-9.21359679155e-11
-2.29207918436e-10
-3.1466851526e-10
-5.03975703329e-10
-6.95842489494e-10
-8.46398138445e-10
-8.05500883564e-10
-7.64233115411e-10
-8.02626211672e-10
-8.73141901632e-10
-9.4277825318e-10
-1.01379366765e-09
-1.19105591342e-09
-1.32445066151e-09
-1.45964902281e-09
-1.12956015842e-09
-6.16945151141e-10
-9.96860506653e-11
4.23227320268e-10
2.58350512237e-10
9.55297361443e-11
-7.05155066258e-11
-1.9210604323e-10
-5.59071100193e-10
-9.30997844404e-10
-1.12926475905e-09
-9.99378406884e-10
-8.68315334729e-10
-1.2917283768e-09
-1.35778160071e-09
-1.42301113364e-09
-1.48953245783e-09
-1.69120362251e-09
-1.88188417279e-09
-2.07514289022e-09
-1.53519802011e-09
-6.4949006735e-10
2.44242056024e-10
7.23360844367e-10
5.23218305908e-10
3.25571566927e-10
1.24010675594e-10
-4.18681742908e-11
-6.26607393122e-10
-1.21925279558e-09
-1.47600448754e-09
-1.23703472579e-09
-9.95899990668e-10
-1.98676829567e-09
-2.04648012044e-09
-2.10544733218e-09
-2.16558231756e-09
-2.22495128628e-09
-2.67402653092e-09
-2.94979207023e-09
-3.22560699007e-09
-3.49813810503e-09
7.32981997108e-10
1.14986637861e-09
8.99609381126e-10
6.52473115935e-10
4.00442618747e-10
1.51622558145e-10
-7.22580019917e-10
-1.62887825252e-09
-2.53533877329e-09
-3.43100713138e-09
-1.17720450174e-09
6.58081969549e-12
9.28573853239e-12
1.19569267338e-11
1.46810145561e-11
1.82778380736e-11
2.46566325116e-11
3.11216738072e-11
3.42379313511e-11
3.82172385193e-11
4.22325966673e-11
6.8614787293e-12
8.86578006706e-12
1.08450875466e-11
1.28635927941e-11
2.2872929679e-11
2.53733808083e-11
2.7907640215e-11
3.36508853496e-11
4.20353661905e-11
5.04958071766e-11
-2.54330737309e-11
-2.0944899618e-11
-1.65126935301e-11
-1.19927130121e-11
1.21636525799e-11
2.97453389627e-11
4.75647450616e-11
5.17274704102e-11
6.14649334385e-11
7.12906141062e-11
2.39358547641e-11
2.90881214335e-11
3.41761387707e-11
3.93649180791e-11
4.40887985205e-11
4.31722866531e-11
4.22433827468e-11
4.41307847432e-11
7.22299119425e-11
1.00583606339e-10
-5.378823648e-11
-4.7720607694e-11
-4.17286429067e-11
-1.29343718555e-11
6.74823114262e-12
3.42524789624e-11
6.21286081728e-11
6.72182050053e-11
8.20557489385e-11
9.70277152664e-11
3.90588735377e-11
4.69993380724e-11
5.48407841406e-11
5.86786746461e-11
6.28799966373e-11
5.893703183e-11
5.49407547035e-11
5.34129813489e-11
9.89736524658e-11
1.44947085597e-10
-8.85461779143e-11
-8.05424434001e-11
-7.26385163361e-11
-6.45780616467e-11
1.099726066e-13
3.97773602522e-11
7.99810855348e-11
8.62068474123e-11
1.07296103422e-10
1.28576419914e-10
5.75967675183e-11
6.89550229845e-11
8.01716397553e-11
9.16103879265e-11
8.59143685224e-11
7.82615581758e-11
7.05052751666e-11
6.47911578334e-11
1.31756302139e-10
1.99328124687e-10
-1.37939042058e-10
-1.27183999404e-10
-1.16563073315e-10
-1.05731812752e-10
-9.50385238854e-11
4.76285073483e-11
1.0535039547e-10
1.63082619681e-10
2.20127493984e-10
1.73408789677e-10
8.39400905433e-11
1.00155206807e-10
1.16168118787e-10
1.32498146938e-10
1.48620158517e-10
1.05722727194e-10
9.26232779299e-11
7.95214829863e-11
6.65756757544e-11
2.76606443395e-10
2.1301745386e-12
1.37804416205e-11
2.52854285898e-11
3.70182577794e-11
5.59120538892e-11
6.67404932868e-11
7.77153426181e-11
8.49759998227e-11
1.04352061824e-10
1.23903663434e-10
1.8452442208e-11
3.21262998091e-11
4.56296429012e-11
5.94004032166e-11
7.54503359785e-11
7.69814928568e-11
7.85333523099e-11
9.55927676938e-11
1.11485040954e-10
1.27521292049e-10
1.63475798698e-11
2.95240351998e-11
4.2536178682e-11
5.58060117789e-11
1.00014381907e-10
1.29112414264e-10
1.58603877368e-10
1.45672943637e-10
1.3347963366e-10
1.21175857023e-10
6.8733633822e-12
2.76313856539e-11
4.81305531037e-11
6.90356815367e-11
8.37227523261e-11
1.03618826213e-10
1.23783912351e-10
1.42512562197e-10
1.69197807694e-10
1.96124811169e-10
2.89401388774e-11
4.34683609416e-11
5.78154144779e-11
8.88184562277e-11
1.39076443865e-10
1.84356115701e-10
2.30248008146e-10
1.99433093872e-10
1.59278340143e-10
1.18759799916e-10
-3.38239214922e-12
2.36501759736e-11
5.03456449973e-11
7.0176231995e-11
9.10497496626e-11
1.272118929e-10
1.63862979816e-10
1.84070094471e-10
2.20314829664e-10
2.56887928104e-10
4.43761789513e-11
6.05614053992e-11
7.65448002923e-11
9.28447268066e-11
1.86958971427e-10
2.52074201334e-10
3.18069845874e-10
2.65332632869e-10
1.90902560994e-10
1.15798181528e-10
-1.59539634458e-11
1.87699834622e-11
5.30609189314e-11
8.80309445107e-11
1.00031230268e-10
1.56132426258e-10
2.12992159289e-10
2.35011585645e-10
2.82974404981e-10
3.31371748863e-10
6.63116043194e-11
8.48515212074e-11
1.03160243292e-10
1.21831547263e-10
1.40265010822e-10
3.48305165128e-10
4.42869299487e-10
5.37450367168e-10
6.30905368964e-10
1.11589565923e-10
-3.38188279199e-11
1.18349730514e-11
5.69194661009e-11
1.0289680249e-10
1.48288466414e-10
1.97230026293e-10
2.82807309066e-10
3.68399915912e-10
4.52973471938e-10
4.37217178363e-10
-2.12218854534e-12
1.8074899797e-11
3.80201282253e-11
5.83603475509e-11
9.1869616082e-11
1.06949462926e-10
1.22233202437e-10
1.33453620867e-10
1.67540492101e-10
2.0193617717e-10
2.95270130773e-11
5.43505329208e-11
7.88645007403e-11
1.03863937763e-10
1.25685349941e-10
1.26290395897e-10
1.26903622601e-10
1.54775058024e-10
1.77840641715e-10
2.01115190651e-10
5.62668506118e-11
7.77445128475e-11
9.89543462717e-11
1.20584214551e-10
1.83951246141e-10
2.24052556171e-10
2.64696070847e-10
2.35433022944e-10
2.02285984633e-10
1.68838647008e-10
-9.42897165342e-12
2.62395493618e-11
6.14632799952e-11
9.73845736079e-11
1.21590961562e-10
1.61372393238e-10
2.01691704527e-10
2.36511302566e-10
2.61845656644e-10
2.87409530146e-10
1.07982856722e-10
1.30594741549e-10
1.52924653684e-10
1.86038062504e-10
2.65509261336e-10
3.27772438759e-10
3.90877468581e-10
3.25757636212e-10
2.33060563733e-10
1.39523691722e-10
-4.39328438435e-11
1.3412496382e-12
4.60507701923e-11
8.11615580999e-11
1.17964503283e-10
1.92445019455e-10
2.6793257709e-10
3.08906262017e-10
3.36250098437e-10
3.63841659413e-10
1.71376670665e-10
1.95378892861e-10
2.19081804706e-10
2.4325412378e-10
3.65483602542e-10
4.54912939996e-10
5.45551439997e-10
4.36478129895e-10
2.7078424134e-10
1.03589230403e-10
-8.62279129798e-11
-2.91792467972e-11
2.71580162405e-11
8.46109699888e-11
1.13519167328e-10
2.3053404514e-10
3.49131066038e-10
3.97648470377e-10
4.27455543217e-10
4.57532656579e-10
2.61462616793e-10
2.87440581568e-10
3.13094598263e-10
3.39256661438e-10
3.65085464766e-10
6.35586283859e-10
7.65351294115e-10
8.95139541011e-10
1.02338255142e-09
5.25244695816e-11
-1.46331432279e-10
-7.25504785739e-11
3.10418519452e-13
7.46142367217e-11
1.47971551628e-10
2.84660555324e-10
4.64518392437e-10
6.44408436164e-10
8.22156740045e-10
5.90672494657e-10
-6.23771890853e-12
2.22311707151e-11
5.03450501525e-11
7.90156906471e-11
1.26670134304e-10
1.45864586625e-10
1.65318564663e-10
1.80371326953e-10
2.28695642372e-10
2.77457757351e-10
4.02452259327e-11
7.58596337112e-11
1.11029925906e-10
1.46896722797e-10
1.7430389948e-10
1.74012634951e-10
1.73717432272e-10
2.1205297809e-10
2.42061049123e-10
2.72340981644e-10
9.49015973566e-11
1.24413349908e-10
1.53557087657e-10
1.8327798155e-10
2.65187186376e-10
3.1593771014e-10
3.67374425197e-10
3.22304798589e-10
2.68878281909e-10
2.14967741704e-10
-2.52067294567e-11
2.48924996374e-11
7.43669858318e-11
1.2482125382e-10
1.58240645944e-10
2.1726756352e-10
2.77092576442e-10
3.27485347456e-10
3.51512279156e-10
3.75756885541e-10
1.8448213462e-10
2.14917565764e-10
2.44973463733e-10
2.75624582065e-10
3.87873718211e-10
4.66573905254e-10
5.46338187384e-10
4.48017302038e-10
3.04468619785e-10
1.59619442131e-10
-8.31784613729e-11
-2.02498191137e-11
4.18940960521e-11
1.05268695584e-10
1.44013192812e-10
2.55579071681e-10
3.68653418422e-10
4.29725446037e-10
4.48454797186e-10
4.67353828993e-10
2.94290535136e-10
3.25858217459e-10
3.5703224731e-10
3.8882364076e-10
5.3826366046e-10
6.5122472507e-10
7.65713121679e-10
6.02116499815e-10
3.48095485568e-10
9.17731394288e-11
-1.54240584367e-10
-7.55855646795e-11
2.08861825763e-12
8.1301043553e-11
1.26573088973e-10
3.02541565556e-10
4.80889289236e-10
5.55052018492e-10
5.67287561221e-10
5.79633953224e-10
4.5033405166e-10
4.83510722499e-10
5.16273676603e-10
5.49685461011e-10
5.82671636549e-10
9.13623258493e-10
1.07745644936e-09
1.24131897735e-09
1.40323058634e-09
-4.64002756917e-12
-2.55223601254e-10
-1.54220571536e-10
-5.44770607135e-11
4.72417485611e-11
1.47664834539e-10
3.69277741063e-10
6.40382368814e-10
9.11535542474e-10
1.1794604132e-09
7.39189919236e-10
-1.05475648507e-11
2.65836807856e-11
6.32518957029e-11
1.00646279847e-10
1.63113765868e-10
1.86617095576e-10
2.10438210776e-10
2.29504261799e-10
2.92738245142e-10
3.56545103856e-10
5.1469501325e-11
9.83842909437e-11
1.44714047974e-10
1.91961309276e-10
2.25217983439e-10
2.23988088948e-10
2.22741565212e-10
2.72035286466e-10
3.09313635752e-10
3.46929712428e-10
1.353604913e-10
1.73285665328e-10
2.10737908262e-10
2.48931847142e-10
3.50258697575e-10
4.12161239803e-10
4.74900758329e-10
4.1327824228e-10
3.38614747654e-10
2.63274830717e-10
-4.1729437211e-11
2.34818486941e-11
8.78799426883e-11
1.53553362308e-10
1.96620752414e-10
2.75801835307e-10
3.56053515418e-10
4.22754749845e-10
4.45412528962e-10
4.68275578771e-10
2.64593341033e-10
3.0322170878e-10
3.41368376529e-10
3.8027049246e-10
5.16015637086e-10
6.11928910404e-10
7.09139014732e-10
5.76049482135e-10
3.79248221307e-10
1.80664017365e-10
-1.24277068486e-10
-4.28603144412e-11
3.75411637214e-11
1.19534894994e-10
1.71291776363e-10
3.21694010653e-10
4.74129814172e-10
5.56249131695e-10
5.65957262947e-10
5.75753346104e-10
4.23007801997e-10
4.6249814914e-10
5.01496047308e-10
5.41266251236e-10
7.19201562939e-10
8.56805409851e-10
9.96269780646e-10
7.75575518087e-10
4.29056995462e-10
7.93991493852e-11
-2.25464487468e-10
-1.24182966026e-10
-2.41644363026e-11
7.78348382868e-11
1.40243354107e-10
3.77948935271e-10
6.18868502968e-10
7.19887406221e-10
7.13721775575e-10
7.07500286706e-10
6.48123088629e-10
6.88838353862e-10
7.29045895257e-10
7.70049697919e-10
8.1053118241e-10
1.2047878038e-09
1.40429771116e-09
1.60384334416e-09
1.80101322127e-09
-6.45035577439e-11
-3.69257135494e-10
-2.39746734069e-10
-1.118513416e-10
1.85768629656e-11
1.47343635743e-10
4.57890143939e-10
8.24549797571e-10
1.19127510787e-09
1.55363424985e-09
8.94719623351e-10
-1.48532072095e-11
3.09319456604e-11
7.61461526359e-11
1.22255771777e-10
1.99521852346e-10
2.27329856802e-10
2.55513849703e-10
2.7858927512e-10
3.56718384329e-10
4.35555312974e-10
6.2682829185e-11
1.20886978882e-10
1.78365316427e-10
2.3698194227e-10
2.7608240864e-10
2.73914799674e-10
2.71717882747e-10
3.31959091443e-10
3.76500627958e-10
4.21445693522e-10
1.75779923894e-10
2.22110313417e-10
2.67862957884e-10
3.14521677614e-10
4.35247234765e-10
5.08290918401e-10
5.82322216271e-10
5.04162955548e-10
4.08283196339e-10
3.11534803689e-10
-5.82360296375e-11
2.20725736211e-11
1.0137971976e-10
1.822574471e-10
2.34963425068e-10
3.34279016029e-10
4.34937440297e-10
5.17931231771e-10
5.39221193699e-10
5.60704034427e-10
3.44626411443e-10
3.91439724858e-10
4.37669271103e-10
4.84814337069e-10
6.44032573479e-10
7.57142144389e-10
8.71781055231e-10
7.03956786783e-10
4.53954886975e-10
2.01688066894e-10
-1.65335590309e-10
-6.54487567525e-11
3.31924769981e-11
1.33787179949e-10
1.98543753905e-10
3.877444648e-10
5.79503334128e-10
6.82649413205e-10
6.83345123356e-10
6.84047136372e-10
5.51599525213e-10
5.9900480985e-10
6.45818945372e-10
6.93560177691e-10
8.99962988677e-10
1.0621855827e-09
1.22660156751e-09
9.48865354105e-10
5.09939540014e-10
6.70372282414e-11
-2.96618922745e-10
-1.72732968178e-10
-5.03918850974e-11
7.43720137639e-11
1.53900286027e-10
4.53282756842e-10
7.56713139468e-10
8.84562022705e-10
8.60013166162e-10
8.35241906497e-10
8.45719213202e-10
8.93965720103e-10
9.41610587754e-10
9.90199003839e-10
1.03816848678e-09
1.49566836345e-09
1.73082019021e-09
1.96601412492e-09
2.19840788119e-09
-1.24308700369e-10
-4.83179447785e-10
-3.25189479152e-10
-1.69169662812e-10
-1.0060064499e-11
1.47022750226e-10
5.46416119218e-10
1.00853759969e-09
1.47074183089e-09
1.92744313821e-09
1.05009763246e-09
-1.91543872424e-11
3.52757040358e-11
8.90270460864e-11
1.4384286784e-10
2.35892205837e-10
2.68000423718e-10
3.00542772676e-10
3.27623417211e-10
4.20632215123e-10
5.14483636679e-10
7.38845356612e-11
1.43366345253e-10
2.11981709033e-10
2.81955916319e-10
3.26894118445e-10
3.23789766843e-10
3.20643441703e-10
3.91820791971e-10
4.43617988218e-10
4.95884446979e-10
2.16157466182e-10
2.70884360115e-10
3.24928803659e-10
3.80043531423e-10
5.20147690663e-10
6.04320969135e-10
6.89632343659e-10
5.94953476782e-10
4.77879441321e-10
3.59744760494e-10
-7.47255147922e-11
2.06647591071e-11
1.14865505794e-10
2.10931783257e-10
2.7326635975e-10
3.9269559157e-10
5.13739610644e-10
6.13009073718e-10
6.3293263605e-10
6.53036698131e-10
4.24576536358e-10
4.79566312643e-10
5.33870360367e-10
5.89249833454e-10
7.71916834365e-10
9.0220488079e-10
1.0342545351e-09
8.31731529545e-10
5.28584127382e-10
2.22690327302e-10
-2.06351559479e-10
-8.80137886219e-11
2.88482972114e-11
1.48024693974e-10
2.25767487762e-10
4.53726464899e-10
6.84767645992e-10
8.08918694693e-10
8.00611324129e-10
7.92228692008e-10
6.80057977218e-10
7.35369996386e-10
7.89992268589e-10
8.45696268202e-10
1.08053707503e-09
1.26735290153e-09
1.45669464074e-09
1.12197559422e-09
5.90738258684e-10
5.46881188725e-11
-3.67699614257e-10
-2.2123265358e-10
-7.65921520194e-11
7.09127780787e-11
1.67543064035e-10
5.28538503174e-10
8.94414915129e-10
1.04906597202e-09
1.00615294177e-09
9.62851136116e-10
1.04311055107e-09
1.09888049434e-09
1.15395498027e-09
1.21012014916e-09
1.26556987006e-09
1.78624745731e-09
2.05700426454e-09
2.3278095554e-09
2.59539068515e-09
-1.84051861527e-10
-5.969836921e-10
-4.10543672205e-10
-2.26428579874e-10
-3.86673129306e-11
1.46702197272e-10
6.34850347038e-10
1.19233471864e-09
1.74991891733e-09
2.30086461468e-09
1.20531460932e-09
2.34810885755e-11
-3.82914049973e-11
-9.9293588778e-11
-1.61503846329e-10
-2.55746694194e-10
-2.88886333229e-10
-3.22474049052e-10
-3.49382903744e-10
-4.58616642704e-10
-5.68839996984e-10
-6.80117750313e-11
-1.3987600699e-10
-2.10844084068e-10
-2.83217597265e-10
-3.39255981389e-10
-3.52622717536e-10
-3.661701836e-10
-4.46665573872e-10
-4.90535340505e-10
-5.34802550213e-10
-1.97011096888e-10
-2.63857579959e-10
-3.2987048003e-10
-3.97190684989e-10
-4.90348357927e-10
-5.74566054873e-10
-6.59922448447e-10
-6.00117962155e-10
-4.96797849162e-10
-3.92541696008e-10
1.14886813233e-10
3.43227484134e-11
-4.52366736532e-11
-1.26371672937e-10
-1.96987395645e-10
-3.34394897421e-10
-4.73660268324e-10
-5.67620860832e-10
-6.15096880135e-10
-6.63003013764e-10
-3.92304175442e-10
-4.63644763496e-10
-5.34095726567e-10
-6.05941884945e-10
-6.98138402948e-10
-8.27596665473e-10
-9.58805316483e-10
-8.2219758532e-10
-5.30615489168e-10
-2.36391772286e-10
2.76882705696e-10
1.88613074627e-10
1.01444175571e-10
1.25490028956e-11
-7.09780768426e-11
-3.18250256748e-10
-5.68865771936e-10
-6.74752686425e-10
-7.25422815236e-10
-7.76551995766e-10
-6.31695691089e-10
-7.08545182026e-10
-7.84436351354e-10
-8.61830452633e-10
-9.52848780716e-10
-1.1377632204e-09
-1.3251778644e-09
-1.09442422017e-09
-5.72069370465e-10
-4.49821883688e-11
4.75458315812e-10
3.77743151922e-10
2.81246506878e-10
1.82838863594e-10
8.34849591085e-11
-2.98460052052e-10
-6.85569292493e-10
-8.0607556941e-10
-8.60661058263e-10
-9.15741070479e-10
-9.71883634376e-10
-1.05656156625e-09
-1.140183555e-09
-1.22546157514e-09
-1.30965329945e-09
-1.57852621951e-09
-1.84581253775e-09
-2.11314671817e-09
-2.37729806392e-09
2.27020904566e-10
7.57644709135e-10
6.46506945972e-10
5.36755082946e-10
4.24829718271e-10
3.14330090916e-10
-2.70337129589e-10
-8.51411137494e-10
-1.43258919661e-09
-2.00684784996e-09
-1.11353607139e-09
6.67052782851e-12
6.61141307645e-12
8.28151033875e-12
9.89895666503e-12
1.34797541363e-11
1.83979370153e-11
2.41797337406e-11
2.61561499212e-11
2.96662696577e-11
3.73748944857e-11
6.30677585174e-12
7.92209203888e-12
9.44535869198e-12
1.29119550075e-11
1.90476297949e-11
2.07373592619e-11
2.10416113084e-11
2.75708343886e-11
3.54687411831e-11
4.40114565461e-11
-1.36913858557e-11
-1.14163067014e-11
-9.16959803459e-12
4.56044396467e-12
1.6691390755e-11
3.13544858351e-11
4.62158387345e-11
4.29446010624e-11
4.9687862944e-11
5.64922161636e-11
1.70412422635e-11
2.16605379495e-11
2.62222305101e-11
3.02148782217e-11
3.66559037532e-11
3.99209236538e-11
4.32300894678e-11
5.14604005541e-11
7.14623130176e-11
9.16454350523e-11
-3.01759568275e-11
-2.73837156476e-11
-2.46262940224e-11
-1.6795299851e-13
1.95359831887e-11
4.28302862184e-11
6.64395485178e-11
5.78143720732e-11
6.74212741405e-11
5.26042027771e-11
2.64844197891e-11
3.38288757561e-11
4.1081745549e-11
4.55403244971e-11
5.22518035448e-11
5.69120806867e-11
6.16353688353e-11
7.26197305865e-11
1.03342333785e-10
9.6905475191e-11
-4.33620820041e-11
-4.69566685493e-11
-4.35732116849e-11
-5.96405250176e-12
2.30229029461e-11
5.68973963657e-11
3.57727404315e-11
7.60418333122e-11
8.91590039942e-11
6.13725923994e-11
5.47619493897e-11
4.87449027448e-11
5.92966349515e-11
6.43263554153e-11
7.1369358128e-11
7.77399505979e-11
9.51791765012e-11
9.85569738519e-11
1.4242106892e-10
1.27359607138e-10
-7.90979093891e-11
-7.47708647781e-11
-7.04977788895e-11
-6.6140069752e-11
-6.18378703604e-11
7.68875002592e-11
1.26458300133e-10
1.76037976504e-10
2.25027365797e-10
1.38318937672e-10
5.45093337363e-11
6.99413621498e-11
8.51809514709e-11
1.00722342252e-10
1.16065762351e-10
1.07337449945e-10
1.16257488248e-10
1.25179123836e-10
1.33994539969e-10
2.61059432695e-10
4.38399737697e-12
1.15720818877e-11
2.01659412486e-11
3.20219287506e-11
4.32227257957e-11
5.23453719643e-11
6.12064142387e-11
6.76440776468e-11
8.36096504593e-11
1.07467689251e-10
1.43103661475e-11
2.42501857235e-11
3.37819819825e-11
4.65266987979e-11
5.86314605032e-11
6.19845630631e-11
6.95594101732e-11
7.99624182698e-11
9.35793933549e-11
1.09515513126e-10
6.56098163521e-12
1.64723115332e-11
2.62600460567e-11
4.52211328746e-11
7.27069455743e-11
9.82939621827e-11
1.24226937546e-10
1.13987367149e-10
1.10061236913e-10
1.0609953746e-10
6.23168747267e-12
2.02616717931e-11
3.41167006653e-11
4.71599494877e-11
6.2467803273e-11
8.12737139422e-11
1.00333896906e-10
1.19853816307e-10
1.47310398342e-10
1.75015726363e-10
9.83039994063e-12
2.08125149335e-11
3.1657681744e-11
5.69118565274e-11
9.88215402353e-11
1.38991284947e-10
1.79704159602e-10
1.55034280708e-10
1.33489784915e-10
1.32334863575e-10
-1.17849805378e-12
1.67289880263e-11
3.44131657844e-11
4.77208286701e-11
6.58657068692e-11
9.83583904352e-11
1.31290403389e-10
1.55186197425e-10
1.94900717044e-10
2.01211978849e-10
1.68163530542e-11
2.61327642629e-11
3.82741383928e-11
7.12424210049e-11
1.30832978852e-10
1.88878325756e-10
1.69015309034e-10
2.05349852167e-10
1.62208650208e-10
1.4665232758e-10
1.06546324454e-11
1.23986014733e-11
3.477657464e-11
4.84083579904e-11
7.00308790193e-11
1.19300897104e-10
1.20231541394e-10
1.98496858151e-10
2.53237236744e-10
2.54006913659e-10
1.95331897503e-11
3.36931185731e-11
4.76764715254e-11
6.19367477102e-11
7.60153724167e-11
2.59770436379e-10
3.44346237962e-10
4.28937184286e-10
5.12521005388e-10
1.28519528648e-10
-2.31700163903e-11
6.24489426647e-12
3.52929977506e-11
6.49163634586e-11
9.41623782583e-11
1.49061301318e-10
2.23161325853e-10
2.97274619262e-10
3.70505532578e-10
4.12918788915e-10
9.10532788937e-13
1.6311746404e-11
3.15209051905e-11
4.70312627975e-11
7.16406090986e-11
8.47804042086e-11
9.80978607951e-11
1.07283663835e-10
1.3514978297e-10
1.63268358339e-10
8.22215226966e-12
2.34447531787e-11
4.43821661865e-11
5.71608896327e-11
6.26618509508e-11
6.78597494359e-11
7.35599624937e-11
9.15379125562e-11
1.03081850476e-10
1.20531062553e-10
2.59110796199e-11
4.3118455286e-11
6.01112530841e-11
8.40703348203e-11
1.26226934035e-10
1.62251197155e-10
1.98762539695e-10
1.81865084926e-10
1.67744897971e-10
1.53496787598e-10
-4.09628748958e-12
1.89251269568e-11
4.16594618318e-11
6.33500956275e-11
8.71297488507e-11
1.20784183243e-10
1.54893654906e-10
1.85200215779e-10
2.19779352089e-10
2.54671761965e-10
4.80544210987e-11
6.68615402958e-11
8.5434132647e-11
1.11448685753e-10
1.74574821836e-10
2.30868185194e-10
2.87922683863e-10
2.47922915036e-10
1.96614856972e-10
2.08513418972e-10
-2.7608996663e-11
3.90922698942e-13
2.80416799854e-11
4.98041885253e-11
7.88730929637e-11
1.37958212782e-10
1.97842214891e-10
2.34074219988e-10
2.8238005437e-10
3.00871491107e-10
7.51978719437e-11
9.5965967082e-11
1.16475081789e-10
1.37390354472e-10
2.33839974624e-10
3.14979331821e-10
3.97215763812e-10
3.28897029363e-10
2.32003838974e-10
1.3423283385e-10
5.1405364974e-11
7.52083143626e-11
1.44073462769e-10
2.61427480807e-10
3.41835497485e-10
3.81794646408e-10
4.98000981495e-10
5.48480031541e-10
6.71523918191e-10
7.71605886254e-10
1.13770144197e-10
1.37324889357e-10
1.60585904253e-10
1.84307575149e-10
2.07727072614e-10
4.34505698082e-10
5.52526982686e-10
6.70569401015e-10
7.87206426662e-10
1.19156696134e-10
-9.73886496939e-11
-5.4613812518e-11
-1.23723822685e-11
3.07055879332e-11
7.32348186249e-11
1.88926300445e-10
3.25302457428e-10
4.61703034888e-10
5.9647965059e-10
5.58012611851e-10
-9.85595065863e-13
2.08988977932e-11
4.25104886182e-11
6.45500706132e-11
9.91440605401e-11
1.16171740601e-10
1.33429649731e-10
1.45647725727e-10
1.85031454897e-10
2.24771985383e-10
3.00499418723e-11
5.49494985942e-11
7.95385551038e-11
1.04614567856e-10
1.33055115034e-10
1.39535613357e-10
1.46103733662e-10
1.78466607211e-10
2.0283630519e-10
2.27426783184e-10
4.46385293259e-11
6.89071782882e-11
9.28731945274e-11
1.17313828457e-10
1.78024754024e-10
2.24150413492e-10
2.70899732058e-10
2.47558630605e-10
2.23572411722e-10
1.99368886998e-10
-1.40919284328e-11
1.76315895173e-11
4.89595117077e-11
8.09078451479e-11
1.10998121291e-10
1.59023282977e-10
2.07697786686e-10
2.48443896021e-10
2.8991639675e-10
3.31764622255e-10
8.5048468073e-11
1.11428798155e-10
1.37480162618e-10
1.64230626561e-10
2.47890511109e-10
3.19788666623e-10
3.92658947834e-10
3.37822574925e-10
2.57708687767e-10
1.76868999857e-10
-5.31890135603e-11
-1.54214156651e-11
2.18752161283e-11
5.18205099382e-11
9.14619268334e-11
1.76283790355e-10
2.62252519364e-10
3.10423780395e-10
3.67044477846e-10
4.24178136861e-10
1.34583231698e-10
1.63552074121e-10
1.92159671891e-10
2.21333808207e-10
3.33532406891e-10
4.37022654333e-10
5.41912180075e-10
4.4846870022e-10
2.99553155177e-10
1.49288493039e-10
2.09096596676e-11
2.19075698717e-10
4.21950356855e-10
5.88518870056e-10
6.95378654307e-10
7.57902163546e-10
8.36521886372e-10
9.70128876767e-10
1.24551270102e-09
1.75528613318e-09
2.04974737903e-10
2.37621992599e-10
2.69862132437e-10
3.02740748881e-10
3.35200548102e-10
6.03618321078e-10
7.54008878523e-10
9.04426365963e-10
1.05305300873e-09
1.10095141245e-10
-1.69219072648e-10
-1.13514205239e-10
-5.85039836556e-11
-2.40435179758e-12
5.29806668985e-11
2.27508521929e-10
4.24156887312e-10
6.2084046594e-10
8.15182363791e-10
6.98437599562e-10
-2.97124897184e-12
2.57026324413e-11
5.4018947398e-11
8.28960324002e-11
1.27946092874e-10
1.49045225142e-10
1.70429636059e-10
1.8582315438e-10
2.37268299817e-10
2.89179518325e-10
3.80083817676e-11
7.07610418265e-11
1.0310527261e-10
1.36090041395e-10
1.71386684085e-10
1.79477933551e-10
1.87678583758e-10
2.29200747371e-10
2.5910858699e-10
2.89287380039e-10
6.42501992688e-11
9.59135209406e-11
1.27181997507e-10
1.59069708075e-10
2.32268218314e-10
2.88972213554e-10
3.46442896207e-10
3.16353910018e-10
2.82035832562e-10
2.47406846632e-10
-2.45595155375e-11
1.6276977452e-11
5.66042348803e-11
9.77301244053e-11
1.35993443651e-10
1.99067849358e-10
2.62995075976e-10
3.14673639117e-10
3.63364975828e-10
4.1249743717e-10
1.23789196282e-10
1.58100307897e-10
1.91983556175e-10
2.26537820815e-10
3.24667815132e-10
4.12907546147e-10
5.02340355195e-10
4.31966865012e-10
3.2168707585e-10
2.1040819456e-10
-7.99767960077e-11
-3.19803367083e-11
1.54176014623e-11
6.37541979288e-11
1.04645144981e-10
2.16418917644e-10
3.29703969084e-10
3.90378200377e-10
4.55706348799e-10
5.21626344915e-10
1.96772482943e-10
2.34329272553e-10
2.71417724864e-10
3.09240668691e-10
4.37931837039e-10
5.64828276423e-10
6.93440466212e-10
5.73685971134e-10
3.70291825688e-10
1.6505500815e-10
6.59225354123e-13
2.17013412302e-10
4.49416773029e-10
7.5624692046e-10
1.03310101413e-09
1.26385644646e-09
1.39606266382e-09
1.92636102433e-09
2.7546181369e-09
3.7587674582e-09
3.00485574515e-10
3.42654643381e-10
3.84297859318e-10
4.26765768303e-10
4.68692708913e-10
7.80715629972e-10
9.65003781868e-10
1.1493249337e-09
1.33145158968e-09
1.00605743252e-10
-2.4444098321e-10
-1.75195591636e-10
-1.06813697714e-10
-3.70775838725e-11
3.17702113977e-11
2.67912410621e-10
5.27678748629e-10
7.87491602231e-10
1.04421116879e-09
8.45492780803e-10
-4.95496618173e-12
3.05016817945e-11
6.55161814689e-11
1.01224100559e-10
1.56720033311e-10
1.81886646719e-10
2.07393534665e-10
2.25959398159e-10
2.89454195832e-10
3.53524231751e-10
4.59590594445e-11
8.65571633613e-11
1.26649004455e-10
1.67534815512e-10
2.09680866662e-10
2.19381296234e-10
2.29212884064e-10
2.79885404281e-10
3.15325983944e-10
3.51087641517e-10
8.38427410825e-11
1.22893523112e-10
1.61457337593e-10
2.00784861336e-10
2.86458776554e-10
3.53730790047e-10
4.21912379766e-10
3.85082090352e-10
3.40442231442e-10
2.95397952718e-10
-3.50168931414e-11
1.49236865998e-11
6.42415018163e-11
1.1453599615e-10
1.60964386967e-10
2.39073358501e-10
3.18238431375e-10
3.80838785415e-10
4.36741917258e-10
4.931515098e-10
1.62492138945e-10
2.04726296851e-10
2.4643379016e-10
2.88967249453e-10
4.01370234854e-10
5.05935602708e-10
6.11914785427e-10
5.26019332009e-10
3.85603062981e-10
2.43914677003e-10
-1.06738451146e-10
-4.85231071032e-11
8.9662851935e-12
6.75941847141e-11
1.17815504952e-10
2.56514899367e-10
3.97089630421e-10
4.70254637276e-10
5.44281743908e-10
6.18979507421e-10
2.58901078261e-10
3.05037438853e-10
3.50598473952e-10
3.97061789725e-10
5.42229441804e-10
6.92509244035e-10
8.44820960108e-10
6.98781112104e-10
4.40961501643e-10
1.80806145482e-10
-5.38224557469e-12
3.61269520563e-11
1.49858073788e-10
1.56042803118e-10
2.29308144793e-10
3.19866552576e-10
3.96452130539e-10
8.15518806247e-10
1.74567972929e-09
3.58864311095e-09
3.95903255183e-10
4.47584851172e-10
4.98621971973e-10
5.50669820638e-10
6.02054668915e-10
9.57640208026e-10
1.17579289255e-09
1.39398464103e-09
1.60957863618e-09
9.1125600688e-11
-3.19589526515e-10
-2.36816817448e-10
-1.55076293171e-10
-7.17169976104e-11
1.05804433925e-11
3.08276891613e-10
6.31099640495e-10
9.53980196297e-10
1.27301659187e-09
9.92404532621e-10
-6.9366274864e-12
3.52957574597e-11
7.70014999183e-11
1.19533173687e-10
1.85464152717e-10
2.14694031767e-10
2.44319124245e-10
2.66054045126e-10
3.41586006891e-10
4.17802258943e-10
5.39014971163e-11
1.02336913949e-10
1.50168335805e-10
1.98947000571e-10
2.4793536152e-10
2.59243303459e-10
2.70704138625e-10
3.30517532105e-10
3.71485117735e-10
4.12823853806e-10
1.03414977376e-10
1.49845563472e-10
1.9569715505e-10
2.42456781418e-10
3.40593172226e-10
4.18422251381e-10
4.97303647487e-10
4.53739041469e-10
3.98788098497e-10
3.4333932129e-10
-4.54634328209e-11
1.35717982851e-11
7.18708535631e-11
1.31324450452e-10
1.85909450641e-10
2.79037406325e-10
3.73424533097e-10
4.46935358798e-10
5.1004281154e-10
5.73721993333e-10
2.01154970255e-10
2.51303963084e-10
3.00827592453e-10
3.51331976838e-10
4.77993160935e-10
5.98867245897e-10
7.21375653786e-10
6.19974323944e-10
4.49452808205e-10
2.77386433654e-10
-1.33472370765e-10
-6.50487327319e-11
2.52165500611e-12
7.14301917745e-11
1.30972215291e-10
2.96569326005e-10
4.64405453915e-10
5.50048291013e-10
6.32765340338e-10
7.16231774057e-10
3.20965284106e-10
3.75672323897e-10
4.29697160882e-10
4.84791893803e-10
6.46418953546e-10
8.20057884335e-10
9.96044564734e-10
8.23746605687e-10
5.11557936234e-10
1.96540958488e-10
7.50540716982e-11
5.90065948896e-11
6.71874511895e-10
9.67165168054e-10
1.24321086188e-09
1.51911722887e-09
1.60341873725e-09
2.1551800232e-09
3.80337034458e-09
6.15112402564e-09
4.91222045895e-10
5.52406310317e-10
6.12827600229e-10
6.74445460018e-10
7.35278413878e-10
1.13438142317e-09
1.38636354345e-09
1.63839078543e-09
1.88741743451e-09
8.16552832519e-11
-3.946601866e-10
-2.98374179621e-10
-2.03288869744e-10
-1.06320511397e-10
-1.05873637434e-11
3.4859953925e-10
7.34413347955e-10
1.1202962432e-09
1.50158488323e-09
1.13916402653e-09
9.51546479451e-14
-4.51835435936e-11
-8.98976114857e-11
-1.354971869e-10
-1.8911507496e-10
-2.21495998212e-10
-2.54314739755e-10
-2.73734566741e-10
-3.56813515052e-10
-4.40645126422e-10
-3.79663284739e-11
-7.80689898388e-11
-1.17671566604e-10
-1.58058424049e-10
-2.25466462969e-10
-2.63474212074e-10
-3.01995859057e-10
-3.66298548692e-10
-3.94463775388e-10
-4.22884168117e-10
9.59962002482e-12
-4.9937223318e-11
-1.08731635673e-10
-1.68690399581e-10
-1.97656038795e-10
-2.7942983901e-10
-3.62309292242e-10
-4.01590863587e-10
-4.03200347249e-10
-4.04824412209e-10
5.13920758588e-11
2.63713425853e-11
1.66262060901e-12
-2.35354274384e-11
-7.93062760298e-11
-1.64814091514e-10
-2.51478047153e-10
-2.88843583218e-10
-4.24692876706e-10
-5.61772912117e-10
1.80178607872e-11
-5.41476253597e-11
-1.25413199953e-10
-1.98090102241e-10
-2.05220892477e-10
-3.30742669432e-10
-4.57961610158e-10
-5.14835012222e-10
-4.44285827195e-10
-3.73097493907e-10
1.30538091125e-10
1.18875637018e-10
1.07358614997e-10
9.5613512417e-11
5.01498895451e-11
-7.74294133039e-11
-2.06733699467e-10
-2.20240613798e-10
-4.51467223588e-10
-6.84788656804e-10
2.83369946249e-11
-5.93087633462e-11
-1.45861569071e-10
-2.34128447438e-10
-2.14493938926e-10
-3.93642268013e-10
-5.75212838573e-10
-6.53650420227e-10
-4.9464867358e-10
-3.34206432761e-10
2.27555787258e-10
2.32267997936e-10
2.36921446828e-10
2.41667051595e-10
2.08838092508e-10
2.96872890181e-11
-1.51885789401e-10
-1.36146651283e-10
-4.84287390733e-10
-8.3558215029e-10
4.30010269207e-11
-6.66430120638e-11
-1.74919777817e-10
-2.85340832718e-10
-3.94355312628e-10
-4.83025908102e-10
-7.41833005267e-10
-1.00068644626e-09
-1.25645802281e-09
-2.78940187976e-10
3.65423039657e-10
3.93404510819e-10
4.21037049957e-10
4.49216817795e-10
4.77037623687e-10
1.81905760739e-10
-7.39440224641e-11
-3.29839619936e-10
-5.82688568543e-10
-1.04986764103e-09
3.25963336819e-12
3.9370876205e-12
4.60609394374e-12
5.28834912041e-12
8.681670199e-12
1.2139241519e-11
1.56435622154e-11
1.80743684913e-11
2.11153007961e-11
2.41837827686e-11
5.72616955152e-12
7.21098629775e-12
1.03635947459e-11
1.5011914329e-11
1.99086317656e-11
2.26562639956e-11
2.27403450297e-11
2.83997666757e-11
3.26709191363e-11
3.37649424215e-11
-1.94969798052e-12
-1.88771378491e-12
-1.82650253905e-12
9.00511826738e-12
2.12191289301e-11
3.29636327076e-11
4.48669324073e-11
3.41617317146e-11
3.79107924495e-11
4.16938182209e-11
1.01466297629e-11
1.42329544655e-11
1.82683222495e-11
2.19381015283e-11
2.92230089858e-11
3.66695606545e-11
4.42167961889e-11
5.87900163651e-11
7.06947140927e-11
8.27072637657e-11
-6.56367717509e-12
-7.04682360114e-12
-7.5239451381e-12
1.25984658585e-11
3.23237352347e-11
5.14080934745e-11
7.07504888629e-11
4.84105391411e-11
5.27867993425e-11
5.18911659423e-11
1.39099660406e-11
2.06584134398e-11
2.73227069574e-11
3.2401974348e-11
4.16236104522e-11
5.48871295434e-11
6.83299829671e-11
9.1826479824e-11
1.07711015105e-10
1.17104105357e-10
-1.22195226394e-11
-1.33708936985e-11
-1.45079070337e-11
-1.56674375298e-11
4.59358332856e-11
7.40174324792e-11
1.02478719357e-10
6.58768192121e-11
7.10219045661e-11
7.62136023983e-11
4.09536383768e-11
3.03702022951e-11
1.49760440847e-11
1.39154036002e-11
1.08856999206e-11
9.676008457e-12
5.24978970134e-11
9.71357287059e-11
1.70203943893e-10
1.59775981736e-10
-2.02567767203e-11
-2.23577301525e-11
-2.44324844643e-11
-2.65483267521e-11
-2.86372168354e-11
1.0614649317e-10
1.47566204796e-10
1.88993333328e-10
2.2992723761e-10
1.03229085668e-10
2.50785769293e-11
3.97275174925e-11
5.4193784155e-11
6.89465375664e-11
8.35113661838e-11
1.08952172697e-10
1.39891698567e-10
1.70836764687e-10
2.01413404184e-10
2.45512421995e-10
4.4296530492e-12
9.10925111139e-12
1.41599775403e-11
2.04491597902e-11
2.90472918068e-11
3.59247168298e-11
4.00099069504e-11
4.33515685381e-11
5.38790628158e-11
6.73759378369e-11
5.4920526513e-12
9.38635727551e-12
1.00974118732e-11
1.81790071661e-11
2.88213227046e-11
3.32665690087e-11
3.76486522792e-11
5.29554481852e-11
6.59697240666e-11
7.4785911089e-11
-3.22561659939e-12
3.42058786656e-12
9.98391343148e-12
2.36772849027e-11
4.53995092417e-11
6.74755101011e-11
8.98499977235e-11
8.23017906611e-11
8.66428401665e-11
9.10232178971e-11
5.59001156314e-12
1.28919579324e-11
2.0102848227e-11
2.7716943947e-11
4.121285422e-11
5.89286016717e-11
7.68838814619e-11
9.71950704167e-11
1.25422988989e-10
1.53906641558e-10
-9.27933899617e-12
-1.84333107458e-12
5.49994900998e-12
2.5005256827e-11
5.85666366052e-11
9.36264541936e-11
1.29160311058e-10
1.10635467544e-10
1.07701229687e-10
1.0001642509e-10
1.02539604166e-12
9.80780007893e-12
1.84806865715e-11
2.52654253451e-11
4.06816640758e-11
6.95048879708e-11
9.87178269621e-11
1.2630230038e-10
1.69486604424e-10
1.74435075742e-10
-1.67000309664e-11
-8.2958768734e-12
3.4764933e-15
8.4671884205e-12
7.47069862766e-11
1.25682450178e-10
1.77347146758e-10
1.45367071465e-10
1.33514739422e-10
1.21555029847e-10
4.00139132757e-11
4.06640159331e-11
4.81932614087e-11
7.35240838137e-11
1.04170003846e-10
1.10357424115e-10
1.66665432592e-10
1.81863557972e-10
2.60307832211e-10
2.32820847277e-10
-2.72452248189e-11
-1.74652840612e-11
-7.80730024093e-12
2.04194815718e-12
1.17657340111e-11
1.71235707629e-10
2.45823176438e-10
3.20424001404e-10
3.94136641811e-10
1.45449491373e-10
-1.25212048608e-11
6.54815481535e-13
1.36665294003e-11
2.69359244269e-11
4.00362901029e-11
1.00892576343e-10
1.6351534264e-10
2.26149322612e-10
2.88037593218e-10
3.88620399468e-10
7.80256505717e-12
1.86783221626e-11
2.86431411466e-11
4.13392662818e-11
5.35042426949e-11
6.38346719531e-11
6.51539847526e-11
6.6810629576e-11
8.44899008768e-11
1.08288362686e-10
8.63473610397e-12
1.65437306914e-11
2.54655673285e-11
3.95447108515e-11
5.37327376106e-11
5.59928675885e-11
6.44707699994e-11
7.63891506515e-11
9.0679016194e-11
1.10362399445e-10
-4.44469137209e-12
8.49239772455e-12
2.12681598966e-11
3.76957872909e-11
6.85026219295e-11
1.0044983814e-10
1.32829008543e-10
1.28297146909e-10
1.33203811309e-10
1.38154928187e-10
1.23639667426e-12
1.16107045518e-11
2.18556436685e-11
3.32383313645e-11
5.26685361399e-11
8.01959732478e-11
1.08095605286e-10
1.33889128992e-10
1.77713047534e-10
2.21933993785e-10
-1.18740145251e-11
3.12833904233e-12
1.79436116099e-11
3.68593090026e-11
8.36403823364e-11
1.33963931628e-10
1.84967899146e-10
1.70088193859e-10
1.60169150211e-10
1.45997640888e-10
-1.12851494825e-11
-5.59404240318e-13
1.00325897785e-11
1.84468189506e-11
3.97816826447e-11
8.34714061083e-11
1.27751852693e-10
1.59242177959e-10
2.28510010302e-10
2.29211876281e-10
6.05570796289e-11
8.56767264938e-11
1.07280517203e-10
1.57338982375e-10
2.29878170932e-10
3.04934567474e-10
3.23879451214e-10
3.88063514915e-10
4.78874847406e-10
5.03020940181e-10
-4.48865273174e-11
-2.63862299698e-11
1.56216752159e-12
7.2573436813e-11
1.6257703026e-10
2.02965988951e-10
2.80614817018e-10
3.9475482416e-10
4.98505691398e-10
5.6301981083e-10
-3.39223283985e-11
-1.27908028533e-11
8.07721024309e-12
2.93584888604e-11
5.03686804617e-11
2.33425112305e-10
3.39702671257e-10
4.45999261019e-10
5.51030301909e-10
1.85788922687e-10
-4.84458671091e-11
-3.66771464621e-11
-2.50551830565e-11
-1.32030608553e-11
-1.50191437778e-12
9.3192045565e-11
1.86086522418e-10
2.78997633612e-10
3.70802561135e-10
5.25352729046e-10
4.2665287768e-12
1.95666248713e-11
3.46759270839e-11
5.00844505794e-11
7.16179867758e-11
8.64788945775e-11
1.01540734799e-10
1.10924124502e-10
1.41367267423e-10
1.72086213415e-10
1.9854657812e-11
3.40393634772e-11
4.80471843018e-11
6.23324129153e-11
9.18063305879e-11
1.05058591762e-10
1.18490035052e-10
1.44880236332e-10
1.63611561257e-10
1.82512584723e-10
-5.62453870474e-12
1.34010066685e-11
3.21893013975e-11
5.13496753643e-11
9.08623216714e-11
1.32363116843e-10
1.74425038919e-10
1.7281246262e-10
1.78266541536e-10
1.83770032291e-10
-2.97712740897e-12
1.03706793971e-11
2.35520375836e-11
3.69944364754e-11
6.37555966383e-11
1.00779002434e-10
1.38302996929e-10
1.69402444585e-10
2.28320514344e-10
2.87772358969e-10
-1.43851984741e-11
7.94003054609e-12
2.99868615038e-11
4.83319209814e-11
1.07907304008e-10
1.73003427993e-10
2.38979708283e-10
2.27627847811e-10
2.1094875575e-10
1.94118557582e-10
-2.31995657476e-11
-1.05930122166e-11
1.85633620458e-12
1.18476219636e-11
3.89106608544e-11
9.69885090291e-11
1.55851620305e-10
1.91122114753e-10
2.85634158506e-10
3.81002444729e-10
-1.62814039682e-10
-1.74849021237e-10
-1.31208086282e-10
-3.37629341534e-11
2.34665963677e-11
1.37119591388e-10
2.37312878496e-10
3.450881474e-10
5.02693682485e-10
6.77226066847e-10
-1.04809015664e-10
-3.65362337394e-11
7.56750161533e-12
8.6302287024e-11
1.31348060732e-10
2.09097090124e-10
3.28731576137e-10
2.9972316735e-10
4.85798701554e-10
8.85570521445e-10
-4.03845758542e-11
-8.26673730113e-12
2.3450588271e-11
5.57960367514e-11
8.77294596543e-11
2.93613383664e-10
4.30561307686e-10
5.67533754571e-10
7.02875431119e-10
2.24830310059e-10
-8.32145440427e-11
-7.28078389413e-11
-6.25309065976e-11
-5.20504521563e-11
-4.17035007423e-11
8.57393027954e-11
2.0793140581e-10
3.30145389405e-10
4.50904314383e-10
6.57685279888e-10
4.60506690701e-12
2.4821584097e-11
4.47859990931e-11
6.51457849531e-11
9.27784198792e-11
1.11473354709e-10
1.30421061343e-10
1.4214204696e-10
1.81798354492e-10
2.21813932794e-10
2.45472622103e-11
4.31377927093e-11
6.14964972473e-11
8.02187735139e-11
1.17555384731e-10
1.34967778154e-10
1.52615602304e-10
1.86366208277e-10
2.08903538228e-10
2.3164504765e-10
-6.86009276224e-12
1.85413765533e-11
4.36260867514e-11
6.92075690083e-11
1.14277739053e-10
1.65783187305e-10
2.17985034085e-10
2.19429577756e-10
2.25456917471e-10
2.31538862546e-10
-7.38959386402e-12
9.07210620986e-12
2.53285270724e-11
4.19068865022e-11
7.5366134888e-11
1.22333863409e-10
1.69936636534e-10
2.06592528388e-10
2.81317422695e-10
3.56719295569e-10
-1.70149484693e-11
1.29789070146e-11
4.25987358201e-11
7.28051491714e-11
1.33319993179e-10
2.1388618189e-10
2.95541695657e-10
2.87884247889e-10
2.64125930394e-10
2.40152371755e-10
-3.56765235298e-11
-2.11003589753e-11
-6.70596079676e-12
7.97350086319e-12
3.79985135983e-11
1.11143824634e-10
1.85278123995e-10
2.24507269059e-10
3.45455434651e-10
4.67499343726e-10
-9.04718015214e-11
3.61279553812e-11
1.18513453791e-10
1.09772549994e-10
2.11811653261e-10
2.05188342471e-10
1.03288361813e-10
1.37089553296e-10
3.89506305949e-10
6.88500466347e-10
-1.13192883681e-10
1.10223579596e-10
3.19054594375e-10
4.10770097472e-10
4.17074811418e-10
5.21374952226e-10
6.73409581568e-10
8.96675687334e-10
1.03399570182e-09
1.49629051088e-09
-4.71519395999e-11
-3.52906710037e-12
3.95498233789e-11
8.34818386878e-11
1.26854235416e-10
3.56643456143e-10
5.25709852581e-10
6.94806523241e-10
8.61889958095e-10
2.65715044247e-10
-1.19624830925e-10
-1.10644449202e-10
-1.01776053828e-10
-9.27320307106e-11
-8.38032129475e-11
7.79346773039e-11
2.30807699686e-10
3.83708096591e-10
5.34788087732e-10
7.96265938256e-10
4.943274846e-12
3.00714179286e-11
5.4886210302e-11
8.01924293412e-11
1.13918214276e-10
1.36443436637e-10
1.59273219627e-10
1.73329521198e-10
2.22190007334e-10
2.71493150529e-10
2.92352897039e-11
5.22273478409e-11
7.49326924829e-11
9.80876887538e-11
1.43279324683e-10
1.64847792793e-10
1.86707885381e-10
2.27811717119e-10
2.54151339931e-10
2.80729589512e-10
-8.09444172921e-12
2.3676732808e-11
5.50517173026e-11
8.70480450586e-11
1.37670318342e-10
1.99170661693e-10
2.61502543261e-10
2.66001225157e-10
2.72601266544e-10
2.79261101748e-10
-1.17977566453e-11
7.77479957846e-12
2.71032838724e-11
4.68145451991e-11
8.69653488661e-11
1.43867700974e-10
2.01539422452e-10
2.43746339058e-10
3.34262640817e-10
4.25598985172e-10
-1.9642133553e-11
1.8012868844e-11
5.51983092175e-11
9.31201618369e-11
1.5870789623e-10
2.54729061028e-10
3.52048515623e-10
3.48081877234e-10
3.17251238988e-10
2.86141287113e-10
-4.81413119832e-11
-3.15974574539e-11
-1.52599066111e-11
1.40118947925e-12
3.70872559997e-11
1.25285333934e-10
2.14675926715e-10
2.57859861347e-10
4.05218364459e-10
5.53911878471e-10
-1.55478383529e-11
2.67015194903e-10
3.48065940733e-10
3.78368692376e-10
4.26606764227e-10
3.39484910828e-10
2.65932578105e-10
3.67708798234e-10
9.29380873816e-10
1.60691954317e-09
-3.12589673113e-10
-1.38294262761e-11
7.58794369383e-11
-5.75940790847e-11
-3.68381541142e-12
6.27055447166e-11
1.69500158285e-10
5.17275719089e-10
1.04417651503e-09
1.69827804758e-09
-5.39127028364e-11
1.20398224108e-12
5.56333561907e-11
1.11140637437e-10
1.65940851053e-10
4.19612052604e-10
6.2076559489e-10
8.2195515715e-10
1.02074939117e-09
3.06559901745e-10
-1.55999605244e-10
-1.48444155744e-10
-1.4098292353e-10
-1.33373930722e-10
-1.25861863441e-10
7.01376640089e-11
2.53661681301e-10
4.37218561699e-10
6.18590045527e-10
9.34711432777e-10
5.28113226957e-12
3.53158108835e-11
6.49759537502e-11
9.52234795334e-11
1.35036099596e-10
1.61387639815e-10
1.88095475815e-10
2.04484673041e-10
2.6253979866e-10
3.21120881206e-10
3.39184585714e-11
6.13074826459e-11
8.83549625764e-11
1.15938084824e-10
1.68976604594e-10
1.94696840076e-10
2.20764835548e-10
2.69214272238e-10
2.99352247251e-10
3.29763260633e-10
-9.32751142892e-12
2.88067668294e-11
6.64655064416e-11
1.04870031413e-10
1.6103865379e-10
2.32523533627e-10
3.04974951314e-10
3.12524606155e-10
3.19696755673e-10
3.26933882085e-10
-1.62013508497e-11
6.47883746304e-12
2.88762013318e-11
5.17171176464e-11
9.85525415317e-11
1.65379221079e-10
2.3310945555e-10
2.80861643879e-10
3.8715298703e-10
4.94407288535e-10
-2.22665958476e-11
2.30416135243e-11
6.77848245396e-11
1.13414120221e-10
1.84069487505e-10
2.95529611004e-10
4.0849677247e-10
4.08217118342e-10
3.70321489028e-10
3.32082540006e-10
-6.05931820512e-11
-4.20836768418e-11
-2.38049871991e-11
-5.16431042512e-12
3.61769428197e-11
1.39412187111e-10
2.44043261838e-10
2.91177887333e-10
4.64919356548e-10
6.40234856106e-10
-1.20214986984e-10
1.92459523519e-11
1.81888096284e-10
4.24625891684e-11
1.5443436775e-10
2.29164415836e-10
3.44961830728e-10
8.67750457883e-10
1.46496792704e-09
2.27157777359e-09
-3.52597564834e-10
-2.51786260427e-10
3.75628104948e-11
2.41182723963e-10
5.01458851368e-10
6.85549460604e-10
1.02742256894e-09
1.63737638409e-09
2.74288567956e-09
4.46282493766e-09
-6.06664592836e-11
5.93212629623e-12
7.17002201856e-11
1.38770770876e-10
2.04986957702e-10
4.82515389024e-10
7.15722822353e-10
9.48972015452e-10
1.17944418387e-09
3.47362428031e-10
-1.92336681101e-10
-1.86204687037e-10
-1.80149159614e-10
-1.73973709863e-10
-1.67876924758e-10
6.23487314626e-11
2.76491977271e-10
4.90673569082e-10
7.02305151787e-10
1.07301344374e-09
-2.32907792796e-11
-5.20756821899e-11
-8.05016341934e-11
-1.0949052747e-10
-1.22483455726e-10
-1.54105663195e-10
-1.86155430457e-10
-1.98086229737e-10
-2.55010387401e-10
-3.1245025586e-10
-7.92088191648e-12
-1.62619726881e-11
-2.44990491399e-11
-3.28992508339e-11
-1.11676944549e-10
-1.74325706611e-10
-2.37821534513e-10
-2.85931523512e-10
-2.98392210271e-10
-3.10965786021e-10
2.16210336938e-10
1.63983133323e-10
1.12407208683e-10
5.98098858272e-11
9.50362803381e-11
1.57063768525e-11
-6.46961360359e-11
-2.03063765018e-10
-3.09602845336e-10
-4.17107128411e-10
-1.21026615158e-11
1.84199367573e-11
4.85619148712e-11
7.93008180605e-11
3.83748435852e-11
4.76671439333e-12
-2.92958259827e-11
-1.00663056043e-11
-2.34288873277e-10
-4.60542810471e-10
4.28339897017e-10
3.55349512777e-10
2.8326932666e-10
2.09761680462e-10
2.87696617995e-10
1.66111326609e-10
4.2882096166e-11
-2.07472439125e-10
-3.57956165222e-10
-5.09803215527e-10
-1.58065234466e-11
4.91381994089e-11
1.13273054424e-10
1.78678021938e-10
1.71277855933e-10
1.6339143014e-10
1.55398373001e-10
2.34271458829e-10
-1.7751163194e-10
-5.93025317841e-10
6.88369680339e-10
5.89927655333e-10
4.92713213212e-10
3.93573557757e-10
5.23860902864e-10
3.50478684376e-10
1.74752187252e-10
-2.12876620287e-10
-4.17227976695e-10
-6.23430677154e-10
-2.03467412972e-11
8.67928439495e-11
1.92596386779e-10
3.00495239595e-10
3.34191225907e-10
3.57834630088e-10
3.81797713691e-10
5.33782266843e-10
-1.07913723203e-10
-7.55423230101e-10
1.05788568822e-09
9.23275542124e-10
7.90343999365e-10
6.54779909701e-10
5.209426742e-10
6.12474403307e-10
3.62146527217e-10
1.1177382565e-10
-1.35617981699e-10
-7.84901280518e-10
-2.67986298219e-11
1.40302075665e-10
3.05319016967e-10
4.73603917318e-10
6.39745156458e-10
6.34148651067e-10
7.03523092566e-10
7.72909956742e-10
8.41470712877e-10
-9.86199210681e-10
1.89687838511e-12
1.26276216456e-12
9.30677548739e-13
-2.73081992328e-15
3.88358626169e-12
5.88054602277e-12
1.1737664069e-11
9.99258706133e-12
1.25643319346e-11
2.31614963533e-11
5.85207134279e-12
6.03471598253e-12
6.64590098278e-12
7.33614813383e-12
1.13970300267e-11
1.14653161692e-11
1.01588147064e-11
1.54107324666e-11
2.23354911684e-11
2.55785291227e-11
9.79198989467e-12
7.64087913162e-12
5.5165929565e-12
1.34497925701e-11
2.57468671051e-11
3.457277958e-11
4.35180260801e-11
2.53788623669e-11
2.6133721955e-11
2.68954202782e-11
3.25201726228e-12
6.80537098154e-12
1.03144139889e-11
1.3661324835e-11
2.17901142184e-11
3.34181976553e-11
4.520350291e-11
6.61196321761e-11
6.99271151678e-11
7.37690924792e-11
1.70486024773e-11
1.32900684453e-11
9.57840374622e-12
2.53648847155e-11
4.51114872808e-11
5.99859007306e-11
7.5061429208e-11
3.90067062089e-11
3.81523245445e-11
5.11781291075e-11
1.33551229202e-12
7.48795112353e-12
1.35636683658e-11
1.92636241989e-11
3.09954173596e-11
5.28621784001e-11
7.50245970989e-11
1.11033229062e-10
1.12079696424e-10
1.37302735524e-10
1.80884655437e-11
2.02148811524e-11
1.45573976175e-11
3.9970481539e-11
6.88487636251e-11
9.11374685927e-11
6.53745563209e-11
5.57118051121e-11
5.2884805138e-11
6.73089176629e-11
5.28771852264e-12
8.32466226531e-12
1.75466253439e-11
2.61309589031e-11
4.22793373391e-11
7.66967354421e-11
1.04055442995e-10
1.66088605889e-10
1.63750602481e-10
2.01628793755e-10
3.85843559485e-11
3.0055404473e-11
2.16328099609e-11
1.30434162479e-11
4.56343668957e-12
1.35405486081e-10
1.68674109459e-10
2.01948690151e-10
2.34827109423e-10
6.81392336628e-11
-4.35217987777e-12
9.51367283522e-12
2.32066168391e-11
3.71707328808e-11
5.0956970017e-11
1.10566895449e-10
1.63525908886e-10
2.16494405537e-10
2.68832268399e-10
2.29965411295e-10
4.6240582271e-12
7.15536242218e-12
9.92696656613e-12
1.23339947739e-11
1.78440696088e-11
2.35551293194e-11
3.04924915749e-11
3.2980233295e-11
4.21248277303e-11
4.99004924367e-11
6.67918964819e-12
8.49795755237e-12
1.00866601451e-11
1.44428762616e-11
2.49937095525e-11
3.19907034757e-11
4.03176623632e-11
4.87017194218e-11
5.77680981558e-11
6.78258389518e-11
-1.3012214834e-11
-9.63113580009e-12
-6.29221919379e-12
2.13343693066e-12
1.80920729092e-11
3.66570580196e-11
5.54730579015e-11
5.06162141734e-11
6.32244434197e-11
7.59468983342e-11
4.9483356536e-12
5.52224407166e-12
6.0889957886e-12
8.27393840633e-12
1.99579051669e-11
3.65834894011e-11
5.34338660175e-11
7.45363245267e-11
1.03535579636e-10
1.32797556753e-10
-2.8389077933e-11
-2.44991770827e-11
-2.0657783724e-11
-6.90134287334e-12
1.83117329752e-11
4.82616234398e-11
7.86164625141e-11
6.62366543799e-11
8.19126744589e-11
6.7697986604e-11
3.2292901371e-12
2.88661213161e-12
2.54820735855e-12
2.81002202023e-12
1.54976212824e-11
4.06513855065e-11
6.61452505353e-11
9.74184033339e-11
1.44072491805e-10
1.47658172635e-10
-4.56784491751e-11
-4.27245180097e-11
-3.82671854062e-11
-1.7976234246e-11
1.85809937013e-11
6.24865746e-11
5.02728930905e-11
8.53842907621e-11
1.04820828636e-10
7.79450287003e-11
7.30814033952e-12
-3.4416250459e-13
-1.7921139428e-12
-3.88768193692e-12
1.00301765209e-11
4.56378387969e-11
6.90316718743e-11
1.25467403162e-10
1.93762900269e-10
1.93622243543e-10
-7.4023639388e-11
-6.86236866955e-11
-6.32910720072e-11
-5.78528513958e-11
-5.24839043945e-11
8.27009788803e-11
1.47300114913e-10
2.11910818523e-10
2.75752278235e-10
1.62379454098e-10
-1.87239333123e-12
-4.9352633034e-12
-7.95993894998e-12
-1.10445146048e-11
-1.40897980524e-11
5.27238513675e-11
1.03869359427e-10
1.55024025962e-10
2.05569653858e-10
3.64322010021e-10
1.2454499171e-12
8.29699148142e-12
1.5421022552e-11
2.50995488251e-11
3.80094720475e-11
4.98615370908e-11
5.18388877679e-11
5.69052089923e-11
7.18852080523e-11
8.95989012306e-11
1.45262822668e-11
1.98296618075e-11
2.57106210277e-11
4.04997427824e-11
5.26553992856e-11
5.71667444143e-11
6.28394926831e-11
7.41542271532e-11
9.09728762232e-11
1.04301246736e-10
-3.48004623641e-11
-2.61336598369e-11
-1.75749332909e-11
-8.67876023842e-12
1.07783098239e-11
3.8648479124e-11
6.68954773919e-11
7.4729208891e-11
9.86627246472e-11
1.22813068776e-10
6.56908083809e-12
4.29628214676e-12
2.0518255052e-12
3.12656710155e-12
1.82073234292e-11
3.96077632525e-11
6.12975556651e-11
8.25780422056e-11
1.35646742979e-10
1.89196225604e-10
-7.18024501489e-11
-6.06048622111e-11
-4.95469094272e-11
-3.77300677482e-11
-7.29405716321e-12
3.70596780633e-11
8.20131144286e-11
9.22534726833e-11
1.2372344345e-10
8.34818628048e-11
5.03869769797e-12
-1.50973117958e-12
-7.97650042844e-12
-1.2910550624e-11
6.9027232567e-13
2.89845994348e-11
5.76614904948e-11
8.44101359303e-11
1.74639966234e-10
1.57552261454e-10
3.15873546807e-11
3.99889416511e-11
3.86068352103e-11
5.62582757226e-11
1.08853641039e-10
2.06242515707e-10
2.24170755418e-10
2.59234824704e-10
2.93063201736e-10
2.65967090921e-10
-4.52817890922e-11
-2.40054159617e-11
1.4254305075e-11
9.26857576224e-11
1.61211369004e-10
1.99107902723e-10
2.39449829982e-10
3.39786986643e-10
4.1324875894e-10
4.84446254414e-10
-1.81614800994e-10
-1.62906495064e-10
-1.44431483767e-10
-1.25590597428e-10
-1.0698971169e-10
3.23445265286e-11
1.26878359828e-10
2.21429121023e-10
3.14854177157e-10
2.5242114924e-10
4.9691547566e-13
-1.87404804061e-11
-3.77379838444e-11
-5.71117096437e-11
-7.62386473805e-11
-2.54220931472e-12
4.68705874085e-11
9.6292232336e-11
1.4512547168e-10
4.9269284624e-10
9.51865261947e-12
1.82343519493e-11
2.68413655495e-11
3.56188305455e-11
4.40919130115e-11
5.67860485536e-11
6.96518198666e-11
7.62005232761e-11
9.77030799484e-11
1.19400441446e-10
9.65937375169e-12
1.31292283602e-11
1.65558134999e-11
2.00502579746e-11
5.05575461416e-11
7.05815701675e-11
9.0876336442e-11
1.11293865453e-10
1.24386817324e-10
1.37598386263e-10
-5.58876067354e-11
-4.21051649511e-11
-2.84945917325e-11
-1.46144777288e-11
3.69988931921e-12
4.0575820195e-11
7.79503457805e-11
9.80662946358e-11
1.32960671349e-10
1.68171177585e-10
8.13767361488e-12
3.10976927699e-12
-1.85543654055e-12
-6.91897219713e-12
1.65130719853e-11
4.25347218909e-11
6.89082071718e-11
9.03609931499e-11
1.66724631937e-10
2.43780095682e-10
-1.13818865021e-10
-9.5548737063e-11
-7.75064396108e-11
-6.75667845985e-11
-3.2075903094e-11
2.62181893632e-11
8.53004687329e-11
1.17433120697e-10
1.64188823733e-10
2.11368115308e-10
6.78988206514e-12
-5.76460876811e-12
-1.81625437192e-11
-2.81252660109e-11
-1.36406051246e-11
1.76932277031e-11
4.94507212468e-11
7.18204491104e-11
2.04223839166e-10
3.37826752597e-10
-1.84831375178e-10
-1.61060212555e-10
-1.37585478946e-10
-1.13645856898e-10
-7.59301002456e-11
8.61851285961e-12
9.4310296868e-11
1.41173101031e-10
2.02468494397e-10
2.64319200259e-10
-6.3563377366e-11
-1.00155415594e-10
-7.60972074257e-11
-2.01240660937e-11
3.86156147085e-11
1.08617232145e-10
2.26410230708e-10
3.25290808357e-10
4.76433643212e-10
7.14546523947e-10
-2.85743889611e-10
-2.54155467201e-10
-2.22960955895e-10
-1.91148675378e-10
-1.59741628793e-10
-1.63915537507e-11
1.07113736849e-10
2.30641143179e-10
3.52697853506e-10
3.39565478873e-10
2.78998456267e-12
-3.21014726439e-11
-6.65578295397e-11
-1.01696552515e-10
-1.36387668383e-10
-5.60299163382e-11
-8.29407569192e-12
3.9450312871e-11
8.66262649754e-11
6.16932960214e-10
1.21813827859e-11
2.39405357528e-11
3.55530507883e-11
4.73955375059e-11
5.76107468846e-11
7.39014842747e-11
9.04124866259e-11
9.84609395411e-11
1.26328409167e-10
1.54448347263e-10
1.10861426529e-11
1.5514543592e-11
1.98877218841e-11
2.4347505633e-11
6.3724085377e-11
9.04576227567e-11
1.1755262085e-10
1.43531669182e-10
1.58698489466e-10
1.74002715261e-10
-7.79703847933e-11
-5.88307678339e-11
-3.99298240041e-11
-2.06545700585e-11
-3.71274020769e-12
4.25941610555e-11
8.95271719637e-11
1.22505245493e-10
1.68878002379e-10
2.15670878461e-10
9.78032780945e-12
1.86723496772e-12
-5.94718073553e-12
-1.39163514009e-11
1.47388261249e-11
4.55998774595e-11
7.68781970926e-11
9.85114176603e-11
1.99269869562e-10
3.00941153968e-10
-1.57819093221e-10
-1.32142493868e-10
-1.06786084534e-10
-8.09275224727e-11
-5.80278287752e-11
1.48648176327e-11
8.87430361199e-11
1.43801630766e-10
2.06564784938e-10
2.69896548951e-10
8.62374894809e-12
-1.02203812424e-11
-2.88295230558e-11
-4.78071962024e-11
-2.86481177842e-11
5.86873162486e-12
4.0852278907e-11
5.86363377406e-11
2.35204520503e-10
4.13372342536e-10
-2.55698155164e-10
-2.22008480619e-10
-1.88738920023e-10
-1.548104964e-10
-1.24607614761e-10
-1.9125990434e-11
8.77818373437e-11
1.69906877228e-10
2.52761486139e-10
3.3636672568e-10
-3.1819937516e-11
1.31033745965e-11
1.39948656121e-10
2.52103844314e-10
3.72126138731e-10
3.53969713386e-10
3.80722777605e-10
4.34555682344e-10
6.35700483263e-10
9.0151214639e-10
-3.94789453714e-10
-3.49712777582e-10
-3.0519821256e-10
-2.59802090928e-10
-2.14984238081e-10
-6.74287176866e-11
8.64159232933e-11
2.40288112781e-10
3.92328326509e-10
4.30824345243e-10
5.19132135953e-12
-4.60933067691e-11
-9.67384099418e-11
-1.48386477549e-10
-1.99376637293e-10
-1.12043056013e-10
-6.60633492565e-11
-2.00754090487e-11
2.53650066718e-11
7.47039095708e-10
1.48415158737e-11
2.96411540627e-11
4.4256239135e-11
5.91607581231e-11
7.11163952411e-11
9.10002265543e-11
1.11152904589e-10
1.20699644237e-10
1.54925818837e-10
1.89462069307e-10
1.25115199633e-11
1.78975323204e-11
2.32163805108e-11
2.86405619956e-11
7.68777827043e-11
1.10314289353e-10
1.44202886699e-10
1.75738029956e-10
1.92976695917e-10
2.10371537507e-10
-1.00031624541e-10
-7.55400574964e-11
-5.13539029879e-11
-2.66887712189e-11
-1.11181398691e-11
4.46105333388e-11
1.01092706756e-10
1.46920359961e-10
2.04760301647e-10
2.63124250777e-10
1.14213798507e-11
6.25912557124e-13
-1.00349340714e-11
-2.09069057513e-11
1.29663107649e-11
4.86620434463e-11
8.48404135296e-11
1.06653892701e-10
2.31783364376e-10
3.58046460545e-10
-2.01776406051e-10
-1.68700559163e-10
-1.36037171725e-10
-1.02726925779e-10
-8.39544423952e-11
3.52251934786e-12
9.21822458187e-11
1.7014442246e-10
2.48899414994e-10
3.28367897223e-10
1.04558271795e-11
-1.46718078047e-11
-3.94860984156e-11
-6.47918057556e-11
-4.36409929528e-11
-5.94423149927e-12
3.22622230084e-11
4.54650854178e-11
2.6615498501e-10
4.88844249521e-10
-3.26495815644e-10
-2.82897303142e-10
-2.39842468887e-10
-1.95934986208e-10
-1.73237651943e-10
-4.68434332862e-11
8.12597453148e-11
1.98612628103e-10
3.03005424902e-10
4.08343979962e-10
-8.18461569382e-11
7.81426567772e-11
2.90838679359e-10
3.49605857198e-10
4.65166512876e-10
5.48009551328e-10
4.24585195497e-10
6.78089675739e-10
1.40424023136e-09
2.07812905547e-09
-5.03728660855e-10
-4.4517688669e-10
-3.87355259591e-10
-3.28388545764e-10
-2.70172966809e-10
-1.18416102819e-10
6.57382972303e-11
2.49925673266e-10
4.31920146159e-10
5.21994202803e-10
7.59031602639e-12
-6.00714940396e-11
-1.26889553889e-10
-1.95030863833e-10
-2.62304170275e-10
-1.68001563596e-10
-1.23776277893e-10
-7.95430728987e-11
-3.58365008166e-11
8.77018332933e-10
1.74988920255e-11
3.53358643073e-11
5.2950407582e-11
7.09137853802e-11
8.46080464749e-11
1.08081247864e-10
1.31871827384e-10
1.42915300956e-10
1.83493590429e-10
2.2443950347e-10
1.39354200265e-11
2.02780513425e-11
2.6541589348e-11
3.29291690764e-11
9.00178476676e-11
1.30150376692e-10
1.70825532471e-10
2.07911012371e-10
2.27219376768e-10
2.46702667459e-10
-1.22070000234e-10
-9.22320298136e-11
-6.27661421673e-11
-3.2716718592e-11
-1.85158646463e-11
4.66248158735e-11
1.12646255141e-10
1.71310170842e-10
2.4060541285e-10
3.1052844288e-10
1.30607311216e-11
-6.14123359002e-13
-1.41184508995e-11
-2.78902151591e-11
1.11956324226e-11
5.1721035834e-11
9.2794378003e-11
1.1478792896e-10
2.6426316252e-10
4.15092583737e-10
-2.4568816195e-10
-2.05220736035e-10
-1.65257943374e-10
-1.24503736396e-10
-1.09854185925e-10
-7.80802388936e-12
9.5617891154e-11
1.96459912741e-10
2.91190169851e-10
3.86778646359e-10
1.22860066629e-11
-1.91186209518e-11
-5.01316294044e-11
-8.17588126247e-11
-5.86183296515e-11
-1.77449517833e-11
2.36810697602e-11
3.23074836528e-11
2.97073372758e-10
5.64237938154e-10
-3.97220102118e-10
-3.43723021081e-10
-2.9089305453e-10
-2.37016854994e-10
-2.21817289428e-10
-7.45321500503e-11
7.47444127186e-11
2.27288628616e-10
3.53197291336e-10
4.80246637719e-10
-1.38884571278e-10
-9.11036915467e-11
8.3765589074e-11
2.80385672573e-11
5.38809234067e-11
-2.77626958452e-11
3.12890563496e-10
9.23284504241e-10
1.84791719542e-09
2.79180551961e-09
-6.12554964462e-10
-5.40542057724e-10
-4.69427159858e-10
-3.96903918266e-10
-3.25304498475e-10
-1.69350645121e-10
4.50821012578e-11
2.59553245478e-10
4.71470933232e-10
6.1306957281e-10
9.98682439852e-12
-7.40351944528e-11
-1.57009449484e-10
-2.41626908329e-10
-3.25166485773e-10
-2.23902076325e-10
-1.81429393412e-10
-1.3894910504e-10
-9.6974579658e-11
1.00686286094e-09
-4.66767132071e-11
-5.89678207861e-11
-7.11056569011e-11
-8.34838680409e-11
-5.58518364917e-11
-8.67153281788e-11
-1.1799612116e-10
-1.22437892734e-10
-1.53207259749e-10
-1.84255385298e-10
2.21245646409e-11
4.55450444627e-11
6.8673468324e-11
9.22599223816e-11
2.11257387091e-12
-8.5177201149e-11
-1.73647209969e-10
-2.05564498333e-10
-2.02320645154e-10
-1.99047403924e-10
4.22821053851e-10
3.77903489964e-10
3.3354605304e-10
2.88310171235e-10
3.87728599471e-10
3.10842592715e-10
2.3291702017e-10
-4.53666645006e-12
-2.16005343423e-10
-4.29389844612e-10
-7.55973988904e-11
1.04685309292e-11
9.54612091335e-11
1.82137063559e-10
1.560559632e-10
1.74347520301e-10
1.92886395188e-10
2.68710972009e-10
-4.38848698484e-11
-3.59312708824e-10
8.38661933246e-10
7.64846650913e-10
6.91951853273e-10
6.17613463166e-10
7.80614128466e-10
6.6296532265e-10
5.4372580249e-10
9.98901339731e-11
-2.71626503249e-10
-6.46508937148e-10
-1.62151138018e-10
-2.05992382004e-11
1.19187493851e-10
2.6174253146e-10
2.9240582232e-10
4.04212273585e-10
5.1753044547e-10
6.88783531455e-10
9.64439597084e-11
-5.01261978878e-10
1.34840236605e-09
1.23916407401e-09
1.1312879955e-09
1.02127556295e-09
1.26221574465e-09
1.09459963676e-09
9.24717213077e-10
2.27897179653e-10
-3.39807279809e-10
-9.12654921547e-10
-2.68249269852e-10
-5.86823100367e-11
1.48271326729e-10
3.59323427596e-10
4.59544359306e-10
6.85981971159e-10
9.15481216783e-10
1.20371118497e-09
2.68459944326e-10
-6.75264309912e-10
2.07277034951e-09
1.91319409631e-09
1.75560777655e-09
1.59490065212e-09
1.43624066103e-09
1.70797471471e-09
1.4661260597e-09
1.22423409756e-09
9.85222059411e-10
-1.29086237306e-09
-4.190202993e-10
-1.12800359488e-10
1.89600983978e-10
4.97991016842e-10
8.02452689229e-10
1.0863915414e-09
1.4809902076e-09
1.87565953342e-09
2.2656299943e-09
-9.22530780329e-10
-6.15529591078e-14
-1.41156329138e-12
-2.74473884627e-12
-4.1043163153e-12
-9.14497675615e-13
-3.78149473495e-13
1.65450623554e-13
1.91080563139e-12
4.01336307305e-12
6.13496886986e-12
3.51424824989e-12
3.86019725418e-12
5.71162965965e-12
7.76196143096e-12
1.03130473129e-11
1.25422151772e-11
1.60376885766e-11
2.34196414314e-11
2.97448808456e-11
2.77653362167e-11
2.15336777698e-11
1.71694720482e-11
1.2859688452e-11
8.46455485375e-12
3.02746052802e-11
3.61819264524e-11
4.21691197529e-11
1.65959930191e-11
1.43566514605e-11
1.20970223356e-11
-3.64259523832e-12
-6.22212502449e-13
2.36050572835e-12
5.40229305201e-12
1.4357219451e-11
3.0166834656e-11
4.6190209631e-11
7.3449247987e-11
6.91595162429e-11
6.48309211926e-11
4.06608821298e-11
3.36269604917e-11
2.66807526305e-11
3.81313035726e-11
5.78992393268e-11
6.85637079867e-11
7.93723695531e-11
2.96028732768e-11
2.35178497464e-11
1.73776982624e-11
-1.12389414565e-11
-5.68251119276e-12
-1.95370225794e-13
6.12527404988e-12
2.0367224267e-11
5.08372272568e-11
8.17192112308e-11
1.30239978299e-10
1.16448377744e-10
1.02531830636e-10
6.41071326355e-11
5.38006560033e-11
4.36227022687e-11
3.3243186587e-11
9.17616939646e-11
1.08257504706e-10
1.24976353179e-10
4.55467910121e-11
3.47477057099e-11
2.38507848823e-11
6.25143499614e-11
5.55432536877e-11
5.56913595028e-11
5.74752159574e-11
6.09742192869e-11
4.69378745201e-11
7.39446078395e-11
8.95752874475e-11
1.55464885333e-10
1.95996996221e-10
9.74254886173e-11
8.24685390985e-11
6.76981043861e-11
5.26351592478e-11
3.77640902146e-11
1.64664478992e-10
1.89782014122e-10
2.14904046975e-10
2.39726981236e-10
3.3049381658e-11
-3.37829366848e-11
-2.07001718221e-11
-7.78055047679e-12
5.39492819529e-12
1.84025738503e-11
1.12181618201e-10
1.87160119204e-10
2.62152046387e-10
3.36251132614e-10
2.14418400595e-10
5.08828799728e-12
4.94700268942e-12
4.80747922489e-12
4.6651926685e-12
5.15474151535e-12
9.16000799695e-12
1.32194291705e-11
1.56483111191e-11
2.13824163658e-11
2.71684703826e-11
-5.10205253599e-14
1.75305413526e-12
4.91710676971e-12
9.84906553165e-12
1.36654764613e-11
1.90917116353e-11
2.83288191802e-11
3.83978919561e-11
4.89322534231e-11
5.03667018227e-11
-2.27988130686e-11
-2.26828594667e-11
-2.25683518191e-11
-2.24515764872e-11
-9.21536342339e-12
5.83860593807e-12
2.10961180795e-11
1.89306376856e-11
3.9806046673e-11
6.08705787713e-11
4.30665974407e-12
-1.84746978908e-12
-7.92485664976e-12
-1.41225987372e-11
-1.29704388622e-12
1.42383771305e-11
2.9983850573e-11
5.18775786366e-11
8.16481702835e-11
1.11688471947e-10
-4.74988168698e-11
-4.71550230908e-11
-4.6815516458e-11
-3.88079425737e-11
-2.19431706548e-11
2.89679268592e-12
2.80726139702e-11
2.1837841216e-11
5.61241192308e-11
9.07210176298e-11
5.43318423254e-12
-4.03457581572e-12
-1.33842718544e-11
-1.96453813047e-11
-9.68642151092e-12
1.17978830421e-11
3.35726741086e-11
6.85345062882e-11
1.18658379185e-10
1.69236354934e-10
-7.77762408841e-11
-7.7153159146e-11
-7.65378473057e-11
-7.59103499657e-11
-3.7544998874e-11
-7.09300978e-13
3.66244476428e-11
2.54015100596e-11
7.612691785e-11
1.27311878166e-10
3.06879055725e-11
2.7091655583e-11
3.18327641713e-11
6.15243564522e-11
9.23611806753e-11
1.12931822456e-10
1.20832249539e-10
1.3224637472e-10
2.20823613556e-10
2.41441874165e-10
-1.20802053957e-10
-1.1978208933e-10
-1.18774843774e-10
-1.17747650949e-10
-1.167335428e-10
-5.83374986884e-12
4.8777053388e-11
1.03397635641e-10
1.57367914659e-10
1.79309416823e-10
8.77641819833e-12
-1.05253420883e-11
-2.95864073003e-11
-4.90249536365e-11
-6.82158862078e-11
4.55512639251e-12
4.42233762141e-11
8.38987293125e-11
1.23101714497e-10
3.40023620573e-10
1.00086967918e-11
1.10222862248e-11
1.20232360861e-11
1.30440085373e-11
1.09535881485e-11
1.82732280553e-11
2.569183587e-11
2.87737927385e-11
3.79776555775e-11
4.7264901845e-11
-6.97476877461e-13
5.21266137467e-12
9.4616070692e-12
1.62384167788e-11
2.50572995307e-11
2.7402825123e-11
3.74504628668e-11
4.86472277078e-11
6.33288252842e-11
6.98603894615e-11
-6.5156233356e-11
-6.07597173984e-11
-5.64180264785e-11
-5.19903536708e-11
-4.69460022818e-11
-2.31528798917e-11
9.61946240323e-13
2.11612708734e-11
6.41216379852e-11
1.07471209365e-10
1.19017650019e-11
-3.01814025826e-12
-1.77519926581e-11
-3.27776310157e-11
-1.62538892816e-11
-9.80446742814e-13
1.44995060445e-11
3.12669554189e-11
9.3580438424e-11
1.56458457423e-10
-1.31730885773e-10
-1.24338063465e-10
-1.17037430464e-10
-1.12319444499e-10
-9.82284966628e-11
-5.98445755018e-11
-2.09416702888e-11
1.44187515072e-11
8.72777366891e-11
1.60796796026e-10
2.13625448785e-11
-2.46005811884e-12
-2.59855906354e-11
-4.42679201987e-11
-3.84011379933e-11
-2.55022072388e-11
-1.24288717036e-11
9.57809390142e-12
1.20769922166e-10
2.32969105279e-10
-2.13338524219e-10
-2.02272810256e-10
-1.91345086963e-10
-1.80200953453e-10
-1.6109090913e-10
-1.04821492701e-10
-4.77912647439e-11
6.15372776789e-12
1.15662631874e-10
2.2616364419e-10
-1.81962628502e-11
5.99755488095e-12
3.98052761583e-11
1.13812554431e-10
1.61236859549e-10
1.80628882877e-10
2.66023840569e-10
2.67984481369e-10
3.90487805857e-10
3.90829398023e-10
-3.2930727359e-10
-3.13022187274e-10
-2.96940177777e-10
-2.80539683717e-10
-2.64348103842e-10
-1.68736059248e-10
-8.59459516012e-11
-3.1410189731e-12
7.86780524036e-11
3.19053375792e-10
4.94396980604e-11
-8.03814350212e-13
-5.04207846324e-11
-1.01020358432e-10
-1.50975380383e-10
-9.82764641944e-11
-9.2345347601e-11
-8.64131689399e-11
-8.05516177752e-11
4.60032963434e-10
1.47707764621e-11
1.69020790274e-11
1.90068040152e-11
2.11532105116e-11
1.65658392472e-11
2.70932025297e-11
3.77629049345e-11
4.14769220504e-11
5.40388924738e-11
6.67146694784e-11
-5.35910308637e-13
-7.78090675683e-12
-1.49355573021e-11
-2.22318969661e-11
9.30876169527e-12
3.61045485729e-11
6.32626378321e-11
7.77074945733e-11
8.5162073391e-11
9.26841878023e-11
-1.06150674766e-10
-9.76113365708e-11
-8.91784848624e-11
-8.05786308219e-11
-8.3462543033e-11
-5.12114764534e-11
-1.85243473583e-11
2.33201266513e-11
8.76548011626e-11
1.52572322879e-10
1.92524746387e-11
-4.15114084314e-12
-2.72629106647e-11
-5.08323808697e-11
-3.07294526677e-11
-1.57095586522e-11
-4.86582585077e-13
1.13195417144e-11
1.05128749531e-10
1.99787832396e-10
-2.13252531568e-10
-1.99037504672e-10
-1.84999740725e-10
-1.70683976003e-10
-1.72059110196e-10
-1.20567049267e-10
-6.83787708176e-11
7.23839358356e-12
1.17428891715e-10
2.28617673034e-10
3.67793298778e-11
-9.36205319588e-13
-3.8181423643e-11
-7.61642380414e-11
-6.61918711035e-11
-6.1602053623e-11
-5.69501778117e-11
-4.7481216532e-11
1.22813519827e-10
2.94651060465e-10
-3.44538678616e-10
-3.23366355893e-10
-3.02458054364e-10
-2.81135689451e-10
-2.80661353814e-10
-2.05583557877e-10
-1.29490644736e-10
-1.2474698564e-11
1.53926164006e-10
3.21834553869e-10
-6.33178060602e-11
-7.11758966296e-11
-2.60569116269e-11
3.31402635666e-11
6.79268649261e-11
8.21220030015e-11
2.05238965112e-10
1.65132646664e-10
3.02079774385e-10
5.4383014086e-10
-5.31103203368e-10
-5.00044197102e-10
-4.69372500061e-10
-4.38093387508e-10
-4.07212717241e-10
-3.26396491165e-10
-2.16333833987e-10
-1.06251468213e-10
2.52027589393e-12
4.54300647687e-10
8.87945131681e-11
8.60489365354e-12
-7.05847524817e-11
-1.51342652874e-10
-2.31071836024e-10
-1.97799135472e-10
-2.24519557194e-10
-2.51244763663e-10
-2.77651784432e-10
5.7618064054e-10
1.97576986647e-11
2.30594874085e-11
2.63201024834e-11
2.96452900588e-11
2.24430738901e-11
3.6329613841e-11
5.04039119092e-11
5.47798321217e-11
7.08584638425e-11
8.70827617322e-11
-2.37497690444e-12
-1.21087055252e-11
-2.1721053479e-11
-3.1523762248e-11
9.89278602285e-12
4.59474673595e-11
8.24896393966e-11
1.00697130088e-10
1.08493440705e-10
1.16360382872e-10
-1.49080676824e-10
-1.36202912221e-10
-1.2348573476e-10
-1.10516709125e-10
-1.21703219468e-10
-8.05948651938e-11
-3.8930690158e-11
2.55809132312e-11
1.12299087288e-10
1.99802894376e-10
2.69502494829e-11
-5.33763627442e-12
-3.72228885435e-11
-6.9739589304e-11
-4.58884826383e-11
-3.11341084896e-11
-1.61802423493e-11
-9.56969306797e-12
1.17222316428e-10
2.45163012367e-10
-2.98623237972e-10
-2.7726389475e-10
-2.56170904889e-10
-2.34660194117e-10
-2.49375650729e-10
-1.84156546625e-10
-1.18055623417e-10
-2.80986357638e-13
1.49003639482e-10
2.99640726146e-10
5.2924021426e-11
6.59596490562e-13
-5.09530853149e-11
-1.03587893268e-10
-9.52947491667e-11
-9.94063613845e-11
-1.03573566181e-10
-1.07234593578e-10
1.24953606355e-10
3.59245341347e-10
-4.81933474217e-10
-4.50177357205e-10
-4.18817242467e-10
-3.86836078945e-10
-4.05877340661e-10
-3.11103123862e-10
-2.1504747709e-10
-3.19826697246e-11
1.93996316365e-10
4.22022584445e-10
1.32262551754e-11
2.73411788122e-11
9.42266313846e-11
2.26770238759e-10
2.41943486866e-10
2.3107111766e-10
2.2571242632e-10
3.25390687099e-10
5.74886476878e-10
1.01445007154e-09
-7.42426967829e-10
-6.95896488063e-10
-6.49946248499e-10
-6.03086020543e-10
-5.56822711579e-10
-4.91500891516e-10
-3.52878005994e-10
-2.1423029768e-10
-7.7233305076e-11
5.95933646238e-10
1.30007473644e-10
1.84578356641e-11
-9.17007660558e-11
-2.04040924387e-10
-3.14950061638e-10
-3.02020789331e-10
-3.62934398199e-10
-4.23858914689e-10
-4.84058074389e-10
6.97812253161e-10
2.47397569015e-11
2.92108901968e-11
3.36262679681e-11
3.81290869051e-11
2.8314576206e-11
4.55570164718e-11
6.30325895505e-11
6.80697672764e-11
8.76616303392e-11
1.07430988085e-10
-4.21224977725e-12
-1.64322832e-11
-2.84999314613e-11
-4.08065647627e-11
1.04762407257e-11
5.5780785912e-11
1.01697888016e-10
1.23664342794e-10
1.31802051904e-10
1.40013485502e-10
-1.91968807353e-10
-1.74756847801e-10
-1.57759523278e-10
-1.40425587496e-10
-1.59906598081e-10
-1.09949595015e-10
-5.93171297489e-11
2.78394947659e-11
1.3691933675e-10
2.46987399807e-10
3.46405163468e-11
-6.52297446422e-12
-4.71731520153e-11
-8.86283567017e-11
-6.10327273363e-11
-4.65436140812e-11
-3.18585953929e-11
-3.04385536556e-11
1.29304087934e-10
2.90493935917e-10
-3.83910678549e-10
-3.5541398717e-10
-3.27272652668e-10
-2.98574013395e-10
-3.2661678102e-10
-2.47684022332e-10
-1.67684023985e-10
-7.79303231496e-12
1.80547591e-10
3.70594507333e-10
6.90529663423e-11
2.25384184462e-12
-6.37122902202e-11
-1.3098480099e-10
-1.24369241905e-10
-1.37173796932e-10
-1.50151480698e-10
-1.66929690511e-10
1.27091605562e-10
4.2377662057e-10
-6.19194262597e-10
-5.76864674139e-10
-5.35062940307e-10
-4.92433374174e-10
-5.30971198817e-10
-4.16519771947e-10
-3.00520862082e-10
-5.14716138979e-11
2.34027386532e-10
5.22112897203e-10
9.46919098907e-12
7.81109091857e-11
1.78156418574e-10
1.73137740859e-10
2.35010579219e-10
2.47359475138e-10
3.82255712771e-10
7.17330490514e-10
1.15111360615e-09
1.62719362262e-09
-9.53544618874e-10
-8.91557755621e-10
-8.30343875373e-10
-7.67917728965e-10
-7.06286784671e-10
-6.56444258241e-10
-4.8928900043e-10
-3.22103810617e-10
-1.5690909885e-10
7.3742850386e-10
1.71180237297e-10
2.83011676644e-11
-1.12796184248e-10
-2.56687796944e-10
-3.98746477108e-10
-4.061407912e-10
-5.01214237087e-10
-5.96304707497e-10
-6.9026304716e-10
8.19325233089e-10
2.97166517815e-11
3.53559177312e-11
4.09248614139e-11
4.6604091227e-11
3.41799933541e-11
5.47748559122e-11
7.56481789532e-11
8.13459288717e-11
1.04447382198e-10
1.27758125733e-10
-6.04761851832e-12
-2.07513799609e-11
-3.52717838804e-11
-5.00797466711e-11
1.10590907417e-11
6.56039133088e-11
1.20886229393e-10
1.46607752505e-10
1.55086506285e-10
1.63642074286e-10
-2.3481248904e-10
-2.13270826457e-10
-1.91997790776e-10
-1.70303468597e-10
-1.98070383083e-10
-1.3927390188e-10
-7.96824410321e-11
3.00957355286e-11
1.61514070026e-10
2.94123003676e-10
4.23228130929e-11
-7.70708418105e-12
-5.71131031308e-11
-1.07497547964e-10
-7.61612766864e-11
-6.19371494112e-11
-4.7520699544e-11
-5.12857859592e-11
1.4137333801e-10
3.35777878939e-10
-4.69109728053e-10
-4.33483085594e-10
-3.98300711287e-10
-3.62421593013e-10
-4.03777859355e-10
-3.11145658782e-10
-2.17260990162e-10
-1.52972928609e-11
2.12058850674e-10
4.41474752711e-10
8.51651953771e-11
3.84643493829e-12
-7.64582716097e-11
-1.58353314824e-10
-1.53413602123e-10
-1.74902090678e-10
-1.96681122317e-10
-2.26562920027e-10
1.29227388967e-10
4.88241020203e-10
-7.5631279523e-10
-7.03420693569e-10
-6.51188162237e-10
-5.97921229393e-10
-6.55935410915e-10
-5.21827167243e-10
-3.85905663289e-10
-7.09403599191e-11
2.74016968887e-10
6.22099477334e-10
-9.34289288012e-11
-2.32812921215e-10
-1.63094609388e-10
-5.76140301035e-13
7.41405771269e-11
2.52284613006e-10
3.55037660113e-10
6.84517055125e-10
1.1504852459e-09
1.93800568348e-09
-1.16444346964e-09
-1.08701624174e-09
-1.0105545399e-09
-9.32578607407e-10
-8.55595954652e-10
-8.21216679266e-10
-6.25558619838e-10
-4.29865524496e-10
-2.36502317407e-10
8.78776717589e-10
2.12310329898e-10
3.81342981312e-11
-1.33869739353e-10
-3.09280106796e-10
-4.82456046788e-10
-5.10152884113e-10
-6.39350764095e-10
-7.68571779162e-10
-8.96254311103e-10
9.40712278148e-10
