-1.46276650712e-07
-2.02218029383e-07
-2.57461812905e-07
-3.13799632112e-07
-2.83000706346e-07
-3.0583770155e-07
-3.28983472824e-07
-3.74293946123e-07
-4.22284530717e-07
-4.70709891399e-07
-1.49045448599e-07
-2.14033361602e-07
-2.78210868179e-07
-3.43659331918e-07
-3.24371299064e-07
-3.56757356966e-07
-3.89581302583e-07
-4.45201530134e-07
-4.93364411788e-07
-5.41963630474e-07
-1.530675933e-07
-2.2162737409e-07
-2.89332206869e-07
-3.58377851199e-07
-1.7589024175e-07
-1.73748708375e-07
-1.71578219603e-07
-2.31756589571e-07
-3.1479889406e-07
-3.98593529627e-07
2.56332318069e-08
2.05043025038e-08
1.54393315135e-08
1.02740549567e-08
2.28529416328e-07
2.45576802365e-07
2.62854683911e-07
1.79126953676e-07
1.64643812861e-07
1.50029460406e-07
-1.59082428163e-07
-2.38818507973e-07
-3.17560270094e-07
-3.97861416676e-07
-8.10209731086e-08
-5.67556001343e-08
-3.21621381788e-08
-1.05509216624e-07
-2.19597330162e-07
-3.34719037771e-07
1.80348634452e-07
2.28237662141e-07
2.75529508384e-07
3.23757911902e-07
7.18241478532e-07
7.79072772057e-07
8.40726557663e-07
7.32103610765e-07
7.4745109755e-07
7.62937626615e-07
-1.66455451543e-07
-2.59891510798e-07
-3.52162412112e-07
-4.46260625971e-07
3.52703884522e-08
8.66553067416e-08
1.3873499389e-07
4.92456276326e-08
-1.02898638934e-07
-2.56421273561e-07
3.69999773179e-07
4.82878554599e-07
5.94349725193e-07
7.08028446223e-07
1.31853368381e-06
1.43303557362e-06
1.54908562871e-06
1.40994596462e-06
1.46186002717e-06
1.514244411e-06
-1.7693290582e-07
-2.89837356917e-07
-4.01333877085e-07
-5.15038449705e-07
-6.27294620946e-07
2.90449753355e-07
3.81588813145e-07
4.7274419294e-07
5.62814292498e-07
-1.45156029684e-07
6.39504022949e-07
8.44736664934e-07
1.04741003329e-06
1.25409710026e-06
1.45815132823e-06
2.36235113373e-06
2.55570115073e-06
2.74908579036e-06
2.94016802581e-06
2.58189089407e-06
-7.27788246512e-09
-1.25763790692e-09
4.68753353918e-09
1.07504418471e-08
9.28124953346e-09
1.20633381305e-08
1.48830429891e-08
1.90515590555e-08
2.2978075512e-08
2.69401646851e-08
-5.00747197949e-09
1.0126988021e-09
6.9577973916e-09
1.30206314001e-08
1.18699729881e-08
1.47587723512e-08
1.76866307983e-08
2.18422074325e-08
2.58300013765e-08
2.98539231875e-08
4.18414630974e-08
6.21461412136e-08
8.21976177594e-08
1.02646189317e-07
1.09070971072e-07
1.21505064625e-07
1.34107277954e-07
1.52303017413e-07
1.66406306018e-07
1.80637364949e-07
6.52808526024e-08
9.13366468966e-08
1.17067522569e-07
1.43307966818e-07
1.54169228208e-07
1.71136991633e-07
1.88334174001e-07
2.07104969031e-07
2.27963471602e-07
2.49010944118e-07
8.53471691671e-08
1.18303774149e-07
1.5084940664e-07
1.84039565647e-07
1.97456153006e-07
2.18439165234e-07
2.39705886066e-07
2.70325737673e-07
2.93442738752e-07
3.16769170898e-07
1.27536225804e-07
1.71337858066e-07
2.14593279154e-07
2.58705321045e-07
2.80205711403e-07
3.09643414425e-07
3.39479140837e-07
3.71194843589e-07
4.06995973801e-07
4.4312144837e-07
1.38676744349e-07
1.87142162908e-07
2.35003212365e-07
2.83812091471e-07
3.05799279248e-07
3.37261611142e-07
3.69149341171e-07
4.14998749605e-07
4.49164817588e-07
4.83640416899e-07
2.03849263921e-07
2.69403858854e-07
3.34140980775e-07
4.00160142356e-07
4.34702045642e-07
4.79425481074e-07
5.24753616314e-07
5.72337270467e-07
6.26455170045e-07
6.81063356809e-07
2.14460877503e-07
2.84965136409e-07
3.54590199448e-07
4.25594101853e-07
4.95693536234e-07
5.0611456059e-07
5.53095303688e-07
6.0008445949e-07
6.46514170504e-07
7.20773240164e-07
3.12294107562e-07
4.08760807343e-07
5.04024556763e-07
6.0117488843e-07
6.97087691375e-07
7.20694733681e-07
7.88038397255e-07
8.55394119861e-07
9.21947916846e-07
1.01919133196e-06
8.07809927556e-09
2.09435955358e-08
3.36486576419e-08
4.66053279911e-08
4.1571293785e-08
4.71836677726e-08
5.28719259457e-08
6.25066664027e-08
7.21687592661e-08
8.19183869445e-08
1.09052196712e-08
2.47700559256e-08
3.84619961463e-08
5.24250885262e-08
4.90164520483e-08
5.58022648231e-08
6.2679827698e-08
7.34391762157e-08
8.31883508709e-08
9.30258492682e-08
6.33741712564e-08
9.34962098109e-08
1.2324262323e-07
1.53578128049e-07
1.40552251346e-07
1.54123422357e-07
1.67878087423e-07
1.94732258957e-07
2.19567771829e-07
2.44628284818e-07
6.96609499851e-08
9.91618974428e-08
1.28294964839e-07
1.58004977066e-07
1.45954236771e-07
1.62913203834e-07
1.80101470906e-07
2.1019585896e-07
2.34958753184e-07
2.59945989627e-07
1.12350692154e-07
1.5775709674e-07
2.02597278465e-07
2.48325465243e-07
2.28221099471e-07
2.48841490703e-07
2.69740687588e-07
3.11846355219e-07
3.50121182956e-07
3.88742765792e-07
1.21701739692e-07
1.65051814215e-07
2.07861308539e-07
2.51518592631e-07
2.31813417525e-07
2.57782892672e-07
2.84103497748e-07
3.31323206533e-07
3.69383966661e-07
4.07789542517e-07
1.72386427447e-07
2.36528506525e-07
2.99870726818e-07
3.64467362448e-07
3.35686139109e-07
3.64947509966e-07
3.94604520049e-07
4.55405569992e-07
5.10154396596e-07
5.6539922634e-07
1.85493675461e-07
2.45820099291e-07
3.05394245977e-07
3.66148185903e-07
3.37060155223e-07
3.74074769313e-07
4.11589853231e-07
4.79801890655e-07
5.341632606e-07
5.89017123478e-07
2.57700367075e-07
3.48466825692e-07
4.38101416583e-07
5.29511111108e-07
6.19756402791e-07
5.29940274182e-07
5.72042597757e-07
6.1415246047e-07
6.55760970418e-07
8.16437354488e-07
2.7614537366e-07
3.60596083346e-07
4.43993683389e-07
5.29042871079e-07
6.13008677882e-07
5.39331646644e-07
5.9275467418e-07
6.4618726802e-07
6.98983702611e-07
8.46551054318e-07
2.27499519104e-08
4.21557349407e-08
6.13195257212e-08
8.08628319804e-08
7.24227742589e-08
8.07393407147e-08
8.91683543938e-08
1.04025791783e-07
1.1916793361e-07
1.3444725737e-07
2.61089800601e-08
4.74689916625e-08
6.85626415699e-08
9.00740254598e-08
8.45080067973e-08
9.50172159304e-08
1.05668518726e-07
1.22737432438e-07
1.37991310745e-07
1.53383383275e-07
8.39475690549e-08
1.23449591777e-07
1.6245901993e-07
2.02240982179e-07
1.70630999337e-07
1.85288589516e-07
2.00144363083e-07
2.35271222199e-07
2.70360824686e-07
3.05768325366e-07
7.38459082906e-08
1.06638522825e-07
1.39022209847e-07
1.72047216252e-07
1.38105233965e-07
1.55055796556e-07
1.72235545521e-07
2.13149045693e-07
2.41642385806e-07
2.70393864532e-07
1.38151172811e-07
1.95452722119e-07
2.52039714801e-07
3.09747343784e-07
2.57615427263e-07
2.7788935274e-07
2.98437399351e-07
3.51517174853e-07
4.04274528211e-07
4.57509842734e-07
1.16127187581e-07
1.59045821854e-07
2.01429256035e-07
2.44652042383e-07
1.85577063741e-07
2.08232825111e-07
2.3119491211e-07
2.93227903147e-07
3.33447623717e-07
3.7403171936e-07
2.04594299997e-07
2.83714623827e-07
3.61848308513e-07
4.41529335429e-07
3.64241500205e-07
3.91399965725e-07
4.18925637357e-07
4.9401221359e-07
5.68426809951e-07
6.43515573701e-07
1.67955852517e-07
2.23287027115e-07
2.77928215878e-07
3.33651506672e-07
2.43768338952e-07
2.7341756979e-07
3.03467684059e-07
3.91389083253e-07
4.45983076641e-07
5.0107167044e-07
2.99013480734e-07
4.09139431518e-07
5.17892099578e-07
6.2879848145e-07
7.38292106096e-07
5.52704521018e-07
5.9014576505e-07
6.27593713575e-07
6.64595813281e-07
9.0783950718e-07
2.41607113215e-07
3.14577160908e-07
3.86637264077e-07
4.60124429608e-07
5.32675494599e-07
3.66048522756e-07
4.06171096828e-07
4.46300855531e-07
4.85952836246e-07
6.81602127238e-07
3.69496930451e-08
6.26853092187e-08
8.80999994267e-08
1.14017996545e-07
1.02281514478e-07
1.13215257781e-07
1.24296834819e-07
1.44208912975e-07
1.64654766516e-07
1.85285851562e-07
4.08235131984e-08
6.94375200767e-08
9.76947071407e-08
1.26511493294e-07
1.18857512783e-07
1.32970306668e-07
1.4727391782e-07
1.70449367267e-07
1.91030818637e-07
2.11798729976e-07
1.03858955181e-07
1.52439132541e-07
2.00413509744e-07
2.49337960913e-07
1.99741872092e-07
2.15450922597e-07
2.31372373149e-07
2.74505720952e-07
3.19519456521e-07
3.64940999081e-07
7.78962028292e-08
1.13874565036e-07
1.49404273107e-07
1.85637603666e-07
1.30508796706e-07
1.47451225265e-07
1.64622730218e-07
2.16007204657e-07
2.48110952213e-07
2.80505547273e-07
1.63121444502e-07
2.31935376055e-07
2.9989119031e-07
3.69192786497e-07
2.86063903121e-07
3.06002511433e-07
3.26210707099e-07
3.8991146516e-07
4.56685324812e-07
5.2406412974e-07
1.10732013645e-07
1.53233090571e-07
1.95204174391e-07
2.38006444282e-07
1.40828505323e-07
1.60277181737e-07
1.799888212e-07
2.56358432059e-07
2.98667641951e-07
3.41360156878e-07
2.35765786249e-07
3.29382384234e-07
4.2183157294e-07
5.16111604955e-07
3.91878005673e-07
4.17001233233e-07
4.42464148715e-07
5.31376570963e-07
6.24824131103e-07
7.19118289903e-07
1.50982362387e-07
2.01479025098e-07
2.51345988868e-07
3.02200506971e-07
1.53478470725e-07
1.75999321929e-07
1.9882467466e-07
3.05821226939e-07
3.60640358404e-07
4.15956129943e-07
3.38997219259e-07
4.67859711646e-07
5.95115274572e-07
7.24890978552e-07
8.53013562483e-07
5.74736258948e-07
6.07666407854e-07
6.40602453464e-07
6.73146368194e-07
9.96300517503e-07
2.08180226389e-07
2.7003903732e-07
3.31126462072e-07
3.93423648688e-07
4.54927275916e-07
1.98341310623e-07
2.25591413789e-07
2.52846396552e-07
2.79776886189e-07
5.21960933771e-07
5.18198777622e-08
8.41841914012e-08
1.16144918488e-07
1.48738588753e-07
1.33550041014e-07
1.47224531686e-07
1.61083913385e-07
1.86289288171e-07
2.12289269222e-07
2.3852480002e-07
5.62327959253e-08
9.24432968992e-08
1.28202248941e-07
1.6466936337e-07
1.54828837479e-07
1.72715360081e-07
1.9084372405e-07
2.20414030524e-07
2.46574597371e-07
2.72972168811e-07
1.24710461336e-07
1.82797420198e-07
2.40160028291e-07
2.98658632801e-07
2.30227220453e-07
2.47037376191e-07
2.64074819878e-07
3.15592684313e-07
3.70999122868e-07
4.26907522272e-07
8.21377328245e-08
1.21452258409e-07
1.60276527534e-07
1.99869663907e-07
1.22553692162e-07
1.39487602639e-07
1.56650474337e-07
2.19000312161e-07
2.5488493326e-07
2.91094655111e-07
1.89270692502e-07
2.70140565703e-07
3.50001982687e-07
4.31444957529e-07
3.15855579386e-07
3.35443038467e-07
3.55295337058e-07
4.30118549467e-07
5.11570707525e-07
5.93760790552e-07
1.05082105507e-07
1.47145910032e-07
1.88685174287e-07
2.31047072954e-07
9.39671348807e-08
1.1005730319e-07
1.26365024592e-07
2.17748161612e-07
2.62245516475e-07
3.0714600012e-07
2.68409040382e-07
3.77206356968e-07
4.84646959044e-07
5.94215291067e-07
4.20819374206e-07
4.43811269643e-07
4.67114035536e-07
5.7050509385e-07
6.83884262912e-07
7.98290603283e-07
1.33207465569e-07
1.78641353957e-07
2.23508676759e-07
2.69264542108e-07
5.89255485362e-08
7.39814522534e-08
8.92409249046e-08
2.16213267389e-07
2.71268166868e-07
3.26821842389e-07
3.80868797896e-07
5.29352481397e-07
6.75984557026e-07
8.25520501885e-07
9.73151615093e-07
5.97808229736e-07
6.26014291268e-07
6.54225403577e-07
6.82100639246e-07
1.0889382319e-06
1.73175082499e-07
2.2339803743e-07
2.72994706587e-07
3.23573577222e-07
3.73508159731e-07
2.2715769343e-08
3.64856253485e-08
5.02579470815e-08
6.38662979265e-08
3.54782249824e-07
6.66755589303e-08
1.05662104773e-07
1.44162484099e-07
1.83425316431e-07
1.64788069972e-07
1.81200634842e-07
1.97835111887e-07
2.28328620516e-07
2.59877311891e-07
2.91711822176e-07
7.16270492971e-08
1.1542663517e-07
1.58680035387e-07
2.02790016386e-07
1.9076507775e-07
2.12421648385e-07
2.3437103472e-07
2.70329961034e-07
3.02064201801e-07
3.34085942484e-07
1.45541630095e-07
2.13126098074e-07
2.798677803e-07
3.47931200055e-07
2.60682835106e-07
2.7859302212e-07
2.96745370464e-07
3.56639573741e-07
4.22428578819e-07
4.88813606772e-07
8.63751258679e-08
1.29022560923e-07
1.7113817777e-07
2.14087842989e-07
1.14606346583e-07
1.31531747286e-07
1.4868599415e-07
2.21990500356e-07
2.61652307344e-07
3.01673434924e-07
2.15394435984e-07
3.0830849214e-07
4.00063899792e-07
4.93636411265e-07
3.4561819851e-07
3.64854850852e-07
3.8435159949e-07
4.70286418027e-07
5.66402558098e-07
6.63389473129e-07
9.94377079734e-08
1.4106466659e-07
1.82172532452e-07
2.24094489408e-07
4.71514704057e-08
5.98864063121e-08
7.27935296459e-08
1.79175549469e-07
2.2585891511e-07
2.72965213943e-07
3.01020456105e-07
4.24983684866e-07
5.47401078524e-07
6.722427992e-07
4.49732514942e-07
4.70595157039e-07
4.91739880232e-07
6.09595452957e-07
7.42886790762e-07
8.77385696404e-07
1.15449905393e-07
1.55825957408e-07
1.95698515611e-07
2.36360701148e-07
-3.55351520048e-08
-2.79369148813e-08
-2.02359429727e-08
1.26692706446e-07
1.81983143985e-07
2.37774491449e-07
4.22699537331e-07
5.9078527453e-07
7.56774964091e-07
9.26051876792e-07
1.09317249174e-06
6.2085769741e-07
6.4434427918e-07
6.67835066623e-07
6.91046176801e-07
1.18148559264e-06
1.38204080674e-07
1.7680252857e-07
2.14919649574e-07
2.53791633621e-07
2.92168455212e-07
-1.52738476577e-07
-1.52435719852e-07
-1.52132908912e-07
-1.51833703188e-07
1.87766622642e-07
8.15158438149e-08
1.27117758644e-07
1.72151012577e-07
2.18076095122e-07
1.95993724142e-07
2.15141525495e-07
2.34548221803e-07
2.70324383705e-07
3.07416034775e-07
3.4484372182e-07
8.70053482144e-08
1.38386153732e-07
1.89126234951e-07
2.40871161529e-07
2.26664074052e-07
2.52086785478e-07
2.77853234109e-07
3.2019415916e-07
3.57496297344e-07
3.95136378437e-07
1.66351209633e-07
2.43423343603e-07
3.19534379581e-07
3.971527017e-07
2.91106885856e-07
3.10115964084e-07
3.2938206161e-07
3.97643922573e-07
4.73804733782e-07
5.50655532409e-07
9.06081273183e-08
1.36585017649e-07
1.81988571098e-07
2.28291286489e-07
1.06667237555e-07
1.23584137304e-07
1.40729768273e-07
2.24977589548e-07
2.68412667787e-07
3.12241250993e-07
2.41491105072e-07
3.46436861709e-07
4.50073933212e-07
5.55763410384e-07
3.75349971946e-07
3.9423618112e-07
4.13377748295e-07
5.10412656998e-07
6.21177581474e-07
7.32945993216e-07
9.3799160239e-08
1.3498972569e-07
1.75666640257e-07
2.17149111453e-07
3.84325229969e-10
9.76750606335e-09
1.92775556757e-08
1.40642913606e-07
1.89510024464e-07
2.38819852399e-07
3.33598073674e-07
4.72711496807e-07
6.10090160245e-07
7.50189440383e-07
4.78615690379e-07
4.97351285874e-07
5.16340202942e-07
6.48645299197e-07
8.01828168967e-07
9.5639881614e-07
9.77107489804e-08
1.33034206514e-07
1.67917176644e-07
2.03490961409e-07
-1.29897954395e-07
-1.29749654812e-07
-1.29599350089e-07
3.72649237413e-08
9.27906552307e-08
1.48819428317e-07
4.64486923793e-07
6.52154399314e-07
8.37481640764e-07
1.02647906196e-06
1.21306897993e-06
6.4388327684e-07
6.62655270071e-07
6.81430624747e-07
6.99982443288e-07
1.27393703819e-06
1.03269322455e-07
1.30255310842e-07
1.56904780985e-07
1.84082011347e-07
2.10913050372e-07
-3.28010883424e-07
-3.41161268807e-07
-3.54314008992e-07
-3.6731015492e-07
2.0924088832e-08
-1.20633359163e-07
-1.64592631852e-07
-2.08003727574e-07
-2.52274527044e-07
-2.27842449675e-07
-2.45486412545e-07
-2.63368937164e-07
-2.9891640336e-07
-3.36539983177e-07
-3.74504418039e-07
-1.23897801675e-07
-1.74602106169e-07
-2.24674122407e-07
-2.75737753792e-07
-2.60021597934e-07
-2.85150191093e-07
-3.10618544721e-07
-3.5489405625e-07
-3.93901655776e-07
-4.33262649028e-07
-1.7139590461e-07
-2.31533176292e-07
-2.90920529579e-07
-3.5148397689e-07
-2.11332026123e-07
-2.14185706512e-07
-2.17077971145e-07
-2.70502498938e-07
-3.38475127048e-07
-4.07063560813e-07
-4.44620823327e-08
-6.00182567204e-08
-7.53804439018e-08
-9.10468604441e-08
7.89892801747e-08
8.83042014378e-08
9.77450685509e-08
1.81071201812e-08
-7.8227597899e-09
-3.39875544192e-08
-2.16357016291e-07
-2.90823372796e-07
-3.6436112564e-07
-4.39355203896e-07
-1.96708508119e-07
-1.86462224025e-07
-1.76077401243e-07
-2.45335897878e-07
-3.40189111619e-07
-4.35901658697e-07
2.58952690844e-08
4.14702956482e-08
5.68510999169e-08
7.25365022352e-08
3.79256057929e-07
4.19078091965e-07
4.59438554592e-07
3.48479590734e-07
3.34132833798e-07
3.19656100806e-07
-2.71470637062e-07
-3.63501678187e-07
-4.54385082103e-07
-5.47068320871e-07
-1.78782905405e-07
-1.52478600331e-07
-1.25818638137e-07
-2.14486515935e-07
-3.42290124965e-07
-4.71251585137e-07
1.1213976437e-07
1.65875617906e-07
2.18941379437e-07
2.73058043584e-07
7.47325011304e-07
8.24542860998e-07
9.02804763287e-07
7.53452296573e-07
7.53304206582e-07
7.53154774953e-07
-3.49789992894e-07
-4.66781375323e-07
-5.8231386234e-07
-7.00134329205e-07
-8.16453965252e-07
-1.0418608245e-07
-5.43982905656e-08
-4.60158332716e-09
4.46022529004e-08
-5.2148569113e-07
2.34697731355e-07
3.42662128484e-07
4.49280197701e-07
5.58009707606e-07
6.65354189904e-07
1.40072963804e-06
1.53285148091e-06
1.66499698244e-06
1.79556918241e-06
1.36917920664e-06
-1.02608814633e-08
-5.46651171824e-09
-7.31928291465e-10
4.09641777948e-09
2.93199684715e-09
5.073192244e-09
7.24333846792e-09
1.0398137287e-08
1.33457943066e-08
1.63201559558e-08
-8.26847102755e-09
-3.51903474775e-09
1.17117553902e-09
5.95426971411e-09
4.82905867727e-09
6.85885356519e-09
8.91609304824e-09
1.16884372412e-08
1.43253777404e-08
1.69862078981e-08
2.28139521875e-08
3.88277520723e-08
5.46418581103e-08
7.07691432106e-08
7.71389462004e-08
8.72088973212e-08
9.74150029535e-08
1.11792325685e-07
1.23236036665e-07
1.3478342323e-07
4.19795640026e-08
6.24147434542e-08
8.25950939694e-08
1.03175091688e-07
1.13142721153e-07
1.26560871487e-07
1.40160446902e-07
1.53957235699e-07
1.6937421351e-07
1.84930863161e-07
5.21088048497e-08
7.80598142867e-08
1.0368721178e-07
1.25449683941e-07
1.42865101342e-07
1.59957664675e-07
1.77281334355e-07
2.01598606838e-07
2.20567394183e-07
2.39708031387e-07
8.64849664578e-08
1.20813232719e-07
1.54713421722e-07
1.84308046463e-07
2.09077679346e-07
2.32582658789e-07
2.5640544603e-07
2.79966742905e-07
3.06703182334e-07
3.33681843537e-07
8.8018624242e-08
1.26150729259e-07
1.63807322731e-07
2.0220965906e-07
2.23432646354e-07
2.49133573045e-07
2.75181998654e-07
3.1168372567e-07
3.39876800173e-07
3.68325292999e-07
1.41039975919e-07
1.92398477624e-07
2.43116533161e-07
2.94838997864e-07
3.26675370034e-07
3.62544849675e-07
3.98899315929e-07
4.34430009802e-07
4.75041918312e-07
5.16021754965e-07
1.39048367589e-07
1.94490450536e-07
2.49241164608e-07
3.05076149725e-07
3.60199892827e-07
3.75857232307e-07
4.14303995288e-07
4.52757642819e-07
4.90753467852e-07
5.51097191078e-07
2.1856551568e-07
2.94124878278e-07
3.6874200731e-07
4.44836837481e-07
5.19962349932e-07
5.4722796304e-07
6.01390604732e-07
6.5556294517e-07
7.09090319062e-07
7.75136365942e-07
1.93259171352e-09
1.21130526625e-08
2.21665621431e-08
3.24191691045e-08
2.84269579299e-08
3.27539318982e-08
3.71394103239e-08
4.45698677145e-08
5.19996592157e-08
5.94967617471e-08
4.50575648894e-09
1.53814818109e-08
2.61215856412e-08
3.70743841151e-08
3.40886118245e-08
3.91187477673e-08
4.421689553e-08
5.21868830007e-08
5.9424531868e-08
6.67277510276e-08
4.42694158038e-08
6.8696056171e-08
9.28180936449e-08
1.1741783862e-07
1.09007969499e-07
1.20505667441e-07
1.32158824275e-07
1.54026601719e-07
1.74243885791e-07
1.94644330619e-07
5.15292626042e-08
7.5940610905e-08
1.00047547006e-07
1.24631891544e-07
1.16915845352e-07
1.30787302657e-07
1.44846314149e-07
1.68965367927e-07
1.88950167461e-07
2.09116021529e-07
8.17677457124e-08
1.18812430707e-07
1.55395164404e-07
1.65169565759e-07
1.80379722603e-07
1.98228633207e-07
2.16318876631e-07
2.50973994694e-07
2.82517343616e-07
3.14346463048e-07
9.31786537348e-08
1.29578696674e-07
1.65524827072e-07
1.76768749242e-07
1.90277109333e-07
2.11979451274e-07
2.33975227783e-07
2.7239774029e-07
3.03672873272e-07
3.35231346831e-07
1.27733440439e-07
1.80245405945e-07
2.32102541463e-07
2.84986644235e-07
2.6786767802e-07
2.93501946081e-07
3.19482811777e-07
3.6981273447e-07
4.15239646755e-07
4.61078109251e-07
1.44232746089e-07
1.95328608262e-07
2.45787299412e-07
2.97245263333e-07
2.80203820019e-07
3.11505310868e-07
3.43230025141e-07
3.99185809639e-07
4.44300706201e-07
4.89824326232e-07
1.93053111893e-07
2.67544897072e-07
3.41107761494e-07
4.1612744863e-07
4.90191513527e-07
4.28890338061e-07
4.66084193301e-07
5.03284708736e-07
5.40042321248e-07
6.69591501224e-07
2.16783298381e-07
2.8876269315e-07
3.59844496946e-07
4.32333989081e-07
5.03900089323e-07
4.52936795555e-07
4.9848684244e-07
5.44045045837e-07
5.8906084112e-07
7.09509086435e-07
1.35828296845e-08
2.89094244174e-08
4.40448948275e-08
5.94801047496e-08
5.27860850931e-08
5.92014583336e-08
6.5703573009e-08
7.72192027799e-08
8.89314437991e-08
1.00749793181e-07
1.67108754329e-08
3.34399555934e-08
4.99604222836e-08
6.68080566461e-08
6.20446135434e-08
6.9941421416e-08
7.79450010103e-08
9.08810699409e-08
1.02514459591e-07
1.1425324324e-07
6.47690104052e-08
9.72336881888e-08
1.29293527868e-07
1.61988273529e-07
1.39457186055e-07
1.52319022826e-07
1.65354762835e-07
1.9437928542e-07
2.22979268409e-07
2.51838356154e-07
6.06535096212e-08
8.88638832393e-08
1.16722470394e-07
1.45132762854e-07
1.20520871924e-07
1.34825440781e-07
1.49323419871e-07
1.83304868201e-07
2.07653987015e-07
2.32223699405e-07
1.10105341901e-07
1.57749464672e-07
2.0479945999e-07
2.03119874802e-07
2.16223018335e-07
2.34794579948e-07
2.53617245252e-07
2.9814964433e-07
3.41707341634e-07
3.85659654787e-07
9.95741284736e-08
1.37953647726e-07
1.7585457015e-07
1.69565337591e-07
1.72314129346e-07
1.92294143647e-07
2.12544305147e-07
2.65165946659e-07
3.00777568449e-07
3.36711817723e-07
1.6567890954e-07
2.3193009391e-07
2.9735511872e-07
3.64075806267e-07
3.10323070807e-07
3.35893649968e-07
3.61809965634e-07
4.25352019767e-07
4.87244979782e-07
5.49698666015e-07
1.47283274164e-07
1.98128197741e-07
2.48339079527e-07
2.99544326522e-07
2.35802638444e-07
2.62739650386e-07
2.90040874196e-07
3.6551178477e-07
4.14929055367e-07
4.64794027274e-07
2.44651874081e-07
3.373446723e-07
4.28881581125e-07
5.2223126667e-07
6.1439183721e-07
4.7956074947e-07
5.15557515651e-07
5.51560727667e-07
5.87135291647e-07
7.82806734602e-07
2.15080481197e-07
2.83639400395e-07
3.51343382326e-07
4.20388158958e-07
4.8855342347e-07
3.62846423121e-07
4.00167577581e-07
4.3749541503e-07
4.74378833683e-07
6.46805588215e-07
2.4858185801e-08
4.51653218053e-08
6.52192255891e-08
8.56702724529e-08
7.6361383223e-08
8.47979551349e-08
9.33485968484e-08
1.08817946148e-07
1.24674835842e-07
1.40675382808e-07
2.85232575386e-08
5.09173430361e-08
7.30321718232e-08
9.55849577938e-08
8.91010458462e-08
9.97722817569e-08
1.10587802073e-07
1.28330153683e-07
1.4421783778e-07
1.60249458135e-07
8.46089681768e-08
1.24853035066e-07
1.64595254013e-07
2.05124519083e-07
1.68926606421e-07
1.83108686704e-07
1.97482521067e-07
2.33433498743e-07
2.70146441805e-07
3.07191989895e-07
6.94841562283e-08
1.01371309965e-07
1.32860827386e-07
1.64973956253e-07
1.24009895797e-07
1.38733639524e-07
1.53656461094e-07
1.97182951423e-07
2.25755954266e-07
2.54587817436e-07
1.3753108971e-07
1.95433581097e-07
2.52614022045e-07
3.10926851812e-07
2.50912946968e-07
2.70183906094e-07
2.89715425376e-07
3.43807273898e-07
3.98992721371e-07
4.546781276e-07
1.05763809353e-07
1.46059109245e-07
1.85851922313e-07
2.2643278346e-07
1.54929162896e-07
1.7324227069e-07
1.91802987654e-07
2.58166857992e-07
2.97975428868e-07
3.3814464996e-07
2.02403367718e-07
2.8195166978e-07
3.60507995762e-07
4.40620033868e-07
3.51412332154e-07
3.76921271798e-07
4.02775114528e-07
4.79104159573e-07
5.5693332213e-07
6.35467586722e-07
1.50235642216e-07
2.00837701911e-07
2.50808748353e-07
3.01769410358e-07
1.92830199985e-07
2.15543173409e-07
2.38563246019e-07
3.3292132411e-07
3.86502526767e-07
4.40569154343e-07
2.94590289098e-07
4.04898427382e-07
5.13831011043e-07
6.24920871525e-07
7.34595637579e-07
5.28600686219e-07
5.63438883322e-07
5.982833188e-07
6.32712902436e-07
8.9237892337e-07
2.13432457338e-07
2.78680965173e-07
3.43115816935e-07
4.08826722267e-07
4.73700583285e-07
2.75654982535e-07
3.05012034222e-07
3.3437434279e-07
3.63387068774e-07
5.86119765836e-07
3.66659100835e-08
6.21887445992e-08
8.73933065599e-08
1.13097014097e-07
1.01049793711e-07
1.11602995588e-07
1.22298885949e-07
1.41908630426e-07
1.62105859201e-07
1.82486067036e-07
4.08933635987e-08
6.92199287789e-08
9.71932585744e-08
1.25720566013e-07
1.17434952944e-07
1.31011612061e-07
1.44771839436e-07
1.6754740331e-07
1.87890249208e-07
2.08417393403e-07
1.05385673473e-07
1.53776434861e-07
2.0156375813e-07
2.5029745099e-07
1.9978743129e-07
2.15352090644e-07
2.31127197751e-07
2.74331664462e-07
3.19540622609e-07
3.65159156386e-07
7.87317435592e-08
1.14469277314e-07
1.49761160091e-07
1.85751955517e-07
1.27663654621e-07
1.42826364643e-07
1.58194087713e-07
2.11716291085e-07
2.44712609476e-07
2.78007861717e-07
1.66251749619e-07
2.34896960522e-07
3.02686158091e-07
3.71817837953e-07
2.87240767432e-07
3.07244146264e-07
3.27517988204e-07
3.91620637465e-07
4.58982841627e-07
5.26955321239e-07
1.12245737238e-07
1.54547271731e-07
1.96321301434e-07
2.38922614792e-07
1.36723361821e-07
1.53290859787e-07
1.70082364759e-07
2.50837305971e-07
2.95040985713e-07
3.39645133653e-07
2.40861778442e-07
3.34335024235e-07
4.26642648367e-07
5.20778312293e-07
3.9444163109e-07
4.19886020896e-07
4.45674441018e-07
5.35394217276e-07
6.29912013327e-07
7.25286103962e-07
1.5332740691e-07
2.03675135855e-07
2.5339502308e-07
3.04099551967e-07
1.47828809356e-07
1.66118305448e-07
1.84655091461e-07
2.98792098413e-07
3.56733834004e-07
4.15200499252e-07
3.46886556243e-07
4.75641746353e-07
6.02791345074e-07
7.32458986357e-07
8.60474884124e-07
5.79956053267e-07
6.13580979226e-07
6.47211926302e-07
6.8044246912e-07
1.00712458467e-06
2.11706621706e-07
2.73488416452e-07
3.3449978542e-07
3.96719410059e-07
4.58146463317e-07
1.84346780861e-07
2.05363703089e-07
2.26384388755e-07
2.47154805762e-07
5.22568650366e-07
4.84621177702e-08
7.91955636957e-08
1.09545760169e-07
1.40497005227e-07
1.25714124499e-07
1.383818919e-07
1.51220938552e-07
1.74967039896e-07
1.99500374426e-07
2.24255971455e-07
5.32514045471e-08
8.75046632003e-08
1.21330779949e-07
1.5582678164e-07
1.45741224729e-07
1.62220473264e-07
1.78922535595e-07
2.06726402619e-07
2.31520065002e-07
2.56538348352e-07
1.2614211433e-07
1.82671624385e-07
2.38496205229e-07
2.95426323739e-07
2.30618156232e-07
2.47564046165e-07
2.64739059293e-07
3.15189940391e-07
3.68886627083e-07
4.23069784936e-07
8.79703113091e-08
1.27554469636e-07
1.66645009153e-07
2.06509689079e-07
1.31313849773e-07
1.46915097946e-07
1.62727288585e-07
2.26235455738e-07
2.63650775421e-07
3.01405063393e-07
1.94944396997e-07
2.74321849567e-07
3.52709456568e-07
4.32649434421e-07
3.23533155767e-07
3.44268239943e-07
3.65283680521e-07
4.39387366544e-07
5.18914450865e-07
5.99162019734e-07
1.18721343013e-07
1.63027155337e-07
2.06780469306e-07
2.51400264238e-07
1.18535317669e-07
1.33358908379e-07
1.48382926948e-07
2.43514902787e-07
2.92109404651e-07
3.41144153859e-07
2.79282678977e-07
3.86667286887e-07
4.9271279692e-07
6.00858408804e-07
4.37428961648e-07
4.62808864574e-07
4.88531925897e-07
5.91629372795e-07
7.02819525178e-07
8.15017017228e-07
1.56416156068e-07
2.06509802324e-07
2.55978775299e-07
3.06427420886e-07
1.02871310573e-07
1.16741643748e-07
1.3079951591e-07
2.64696160459e-07
3.26994175964e-07
3.89856587333e-07
3.99131816526e-07
5.46316066236e-07
6.91664912156e-07
8.39892214508e-07
9.86231355072e-07
6.31261331155e-07
6.63674169326e-07
6.96092811569e-07
7.28125483046e-07
1.12175832946e-06
2.09982469358e-07
2.68300932254e-07
3.258921575e-07
3.84623906648e-07
4.4260751397e-07
9.31276361143e-08
1.05812563381e-07
1.184997621e-07
1.31035909218e-07
4.59079519111e-07
6.02460999821e-08
9.61847570905e-08
1.3167525519e-07
1.67868599273e-07
1.50352893416e-07
1.65133034824e-07
1.8011301662e-07
2.07991187952e-07
2.3685613434e-07
2.6598258595e-07
6.5596637742e-08
1.05770447501e-07
1.45443285431e-07
1.85901795479e-07
1.74018160169e-07
1.93396989907e-07
2.13037838304e-07
2.45864797194e-07
2.75104663278e-07
3.04609431211e-07
1.46877043413e-07
2.11536867216e-07
2.753903759e-07
3.40508425363e-07
2.61416928511e-07
2.7974261753e-07
2.98316085828e-07
3.560058712e-07
4.18181489839e-07
4.80920395474e-07
9.71993042972e-08
1.40626100592e-07
1.83511359959e-07
2.27245909528e-07
1.34960261898e-07
1.50999593726e-07
1.67255791292e-07
2.4073957287e-07
2.82569314036e-07
3.24778016437e-07
2.23607307596e-07
3.13705879041e-07
4.02680911386e-07
4.93417985614e-07
3.59787931023e-07
3.81253962211e-07
4.03010232841e-07
4.87104590649e-07
5.78783947566e-07
6.71293883909e-07
1.25190237532e-07
1.71498250473e-07
2.17228797398e-07
2.63864981971e-07
1.00366123429e-07
1.13447614251e-07
1.26705978224e-07
2.36200088469e-07
2.8918086185e-07
3.42641620494e-07
3.17663760464e-07
4.38945312891e-07
5.58714471013e-07
6.80855511082e-07
4.80371740555e-07
5.05687223434e-07
5.31344993695e-07
6.47806246747e-07
7.75651476393e-07
9.04654934248e-07
1.59501704077e-07
2.09341530973e-07
2.58559849743e-07
3.08752877224e-07
5.79604053057e-08
6.74161555392e-08
7.69997557532e-08
2.30635559204e-07
2.97285339816e-07
3.64538941597e-07
4.5132293033e-07
6.16917139941e-07
7.80446371537e-07
9.47214099907e-07
1.11185749324e-06
6.82513436751e-07
7.1371544333e-07
7.44923037162e-07
7.75759078761e-07
1.23627326894e-06
2.08260103905e-07
2.63118824314e-07
3.17293450443e-07
3.72540938899e-07
4.27084669039e-07
2.00303000207e-09
6.3645975055e-09
1.0726946022e-08
1.50373571692e-08
3.95656187374e-07
-9.49900676141e-08
-1.26967234322e-07
-1.58545642242e-07
-1.90749421975e-07
-1.72684193005e-07
-1.85135123541e-07
-1.97754401504e-07
-2.23538860597e-07
-2.50795435637e-07
-2.78298944679e-07
-9.87501547499e-08
-1.35170850735e-07
-1.71137376634e-07
-2.07816175666e-07
-1.95671896805e-07
-2.1354302522e-07
-2.31655786859e-07
-2.64586582366e-07
-2.94438899764e-07
-3.24561667582e-07
-1.8972421592e-07
-2.41438978494e-07
-2.92508852288e-07
-3.4459010258e-07
-2.46773810496e-07
-2.54622704648e-07
-2.62577722688e-07
-3.09248408305e-07
-3.62151360037e-07
-4.15533591998e-07
-1.14557396472e-07
-1.40540815945e-07
-1.66200219317e-07
-1.92367775845e-07
-7.05508559784e-08
-6.89683994891e-08
-6.73645468095e-08
-1.42912713314e-07
-1.80289332441e-07
-2.18004569245e-07
-2.7363160442e-07
-3.42828237618e-07
-4.11161981187e-07
-4.80848991116e-07
-3.1239604313e-07
-3.16168847915e-07
-3.19992664308e-07
-3.85162579133e-07
-4.60780893076e-07
-5.37084279623e-07
-1.28558096284e-07
-1.45297070844e-07
-1.6182730855e-07
-1.78684907432e-07
4.0270637325e-08
5.90834118724e-08
7.81505515204e-08
-3.51444292969e-08
-7.91854299553e-08
-1.23625425003e-07
-3.76485822581e-07
-4.67111845577e-07
-5.56607752094e-07
-6.47876015772e-07
-3.92836199263e-07
-3.91612507404e-07
-3.90372270164e-07
-4.78218659502e-07
-5.81681610996e-07
-6.86081896713e-07
-1.45720244439e-07
-1.51127318786e-07
-1.5646696632e-07
-1.61912359055e-07
1.76116338794e-07
2.1605014838e-07
2.5652389786e-07
9.69586285306e-08
4.4748385995e-08
-7.93486109336e-09
-5.22647079967e-07
-6.43725393729e-07
-7.63293847595e-07
-8.85230208705e-07
-1.00561330956e-06
-4.98821918256e-07
-4.90385394277e-07
-4.81947359594e-07
-4.73609786697e-07
-8.97815352576e-07
-1.7010856024e-07
-1.59412407966e-07
-1.48849637888e-07
-1.38077685046e-07
-1.2744294842e-07
4.39108142365e-07
5.1000181108e-07
5.80908174516e-07
6.50970339014e-07
1.56467519199e-07
-1.50655983736e-08
-9.67538552956e-09
-6.15139012211e-09
-4.74948717239e-09
-3.41725583917e-09
-1.91695364253e-09
-3.00188522388e-10
1.7447155184e-09
3.71351310115e-09
8.07728464583e-09
-1.37017284659e-08
-8.0507682976e-09
-4.61544631355e-09
-3.34452242261e-09
-2.21185563352e-09
-1.04106522084e-09
1.3414923917e-10
1.53466705003e-09
2.82075410432e-09
6.70322253847e-09
3.78644127761e-09
1.55093629309e-08
2.70860984612e-08
3.69322452116e-08
4.52069213288e-08
5.29127300177e-08
6.0722727953e-08
7.1281633957e-08
8.00657673126e-08
8.89294815103e-08
1.86782754027e-08
3.34928400117e-08
4.812266537e-08
6.11589076893e-08
7.21162140977e-08
8.19847513406e-08
9.19867198039e-08
1.00809502368e-07
1.10784955418e-07
1.20850782204e-07
1.88704405322e-08
3.78158544245e-08
5.65250169207e-08
7.38503510374e-08
8.82740496776e-08
1.01476164117e-07
1.14856782644e-07
1.32871476003e-07
1.47692049614e-07
1.75649690677e-07
4.5433707112e-08
7.02886073714e-08
9.48335642896e-08
1.18290517217e-07
1.37949647288e-07
1.55521903152e-07
1.73331751223e-07
1.88738642221e-07
2.06410390866e-07
2.40240343976e-07
3.21485538991e-09
6.51592956101e-08
9.26114330969e-08
1.1910480334e-07
1.4106601346e-07
1.61005534948e-07
1.83854735004e-07
2.08368701736e-07
2.30588782758e-07
2.72130772937e-07
2.98230184211e-08
1.15393096393e-07
1.52092085546e-07
1.88322812767e-07
2.18648694425e-07
2.45664218276e-07
2.68332280582e-07
2.96522749137e-07
3.23628666578e-07
3.74701110865e-07
6.3635857675e-08
1.04015764663e-07
1.43892129768e-07
1.84558197598e-07
2.2470624942e-07
2.45599904024e-07
2.75512686889e-07
3.05430826149e-07
3.349927652e-07
3.81421141993e-07
1.24836923798e-07
1.79488949213e-07
2.33459457858e-07
2.88498786532e-07
3.42837008489e-07
3.73761192399e-07
4.1474281221e-07
4.55731770479e-07
4.96232721277e-07
5.31081399925e-07
-4.2202189766e-09
3.28250978918e-09
1.06844666444e-08
1.27650805777e-08
1.52826220748e-08
1.83241960237e-08
2.18830786498e-08
2.66330690263e-08
3.18305591653e-08
4.15238635605e-08
-1.7145985858e-09
5.9929076961e-09
1.37811751362e-08
1.62196904852e-08
1.91607716008e-08
2.24352307115e-08
2.64466060877e-08
3.09345897858e-08
3.56607128651e-08
4.53758552508e-08
2.51646603513e-08
4.3895902531e-08
6.23935640597e-08
6.90525278781e-08
7.74636876517e-08
8.6887912524e-08
9.64395611264e-08
1.13320944481e-07
1.28919999754e-07
1.44660376419e-07
3.33975752232e-08
5.27193243672e-08
7.18001291732e-08
7.95562464662e-08
8.78774539325e-08
9.86614014798e-08
1.09591157392e-07
1.27734876894e-07
1.42941581738e-07
1.58286053431e-07
5.11847992711e-08
7.98677646738e-08
1.08193050342e-07
1.18907124059e-07
1.32538345734e-07
1.4761577571e-07
1.62897065674e-07
1.90101634169e-07
2.14913504275e-07
2.57672606383e-07
6.46555677779e-08
9.4105579133e-08
1.23188345606e-07
1.35654338906e-07
1.48740801141e-07
1.66176009875e-07
1.83846957819e-07
2.13472274048e-07
2.37961779883e-07
2.85030015218e-07
3.36875030413e-08
1.23962305365e-07
1.64334356107e-07
1.80019209699e-07
2.00049216932e-07
2.22056382196e-07
2.49085719973e-07
2.84219898948e-07
3.20324896914e-07
3.82121882553e-07
4.29068260196e-08
1.44837117233e-07
1.86180352846e-07
2.04419742543e-07
2.23347484815e-07
2.48935852423e-07
2.77923750187e-07
3.18569728623e-07
3.54438151802e-07
4.23012713381e-07
1.2840585671e-07
1.86622968452e-07
2.44114106405e-07
3.02743786152e-07
3.60626624263e-07
3.27840401939e-07
3.60125788846e-07
3.92416957002e-07
4.24323672078e-07
5.2274564796e-07
1.57421223101e-07
2.16929302954e-07
2.75695310503e-07
3.35625107082e-07
3.94791500765e-07
3.66541944466e-07
4.04219010699e-07
4.41902823654e-07
4.79137979629e-07
5.72467118552e-07
4.41570745862e-09
1.56631138941e-08
2.67702639337e-08
3.80973775188e-08
3.31493959272e-08
3.76635759525e-08
4.22387916241e-08
5.04126137769e-08
5.86949539885e-08
6.7052328991e-08
2.03471360257e-08
2.87475405461e-08
4.67402331723e-08
5.21652940698e-08
5.83698971123e-08
6.56090379886e-08
7.39585863437e-08
8.40364511607e-08
9.5243186632e-08
1.16489437743e-07
4.55904517556e-08
7.10177846001e-08
9.61280358062e-08
9.97418098681e-08
1.08283372772e-07
1.19349456136e-07
1.30565162586e-07
1.53487348641e-07
1.75597712131e-07
1.97908386941e-07
4.74611109517e-08
7.10892436542e-08
9.44227309419e-08
9.71339596965e-08
1.02936509882e-07
1.14595085006e-07
1.26411294221e-07
1.53460690709e-07
1.73665588225e-07
1.94053534278e-07
8.205951099e-08
1.20046207225e-07
1.57559205179e-07
1.61956558808e-07
1.74830609407e-07
1.91699807155e-07
2.08797091152e-07
2.44782113806e-07
2.79140155058e-07
3.36041293728e-07
8.30210693667e-08
1.16861473598e-07
1.50279884264e-07
1.5224457959e-07
1.5905119495e-07
1.76355462184e-07
1.93893698184e-07
2.37103990171e-07
2.6810751318e-07
3.27824247923e-07
1.26763519084e-07
1.80145563992e-07
2.32861928926e-07
2.86622277105e-07
2.5640464141e-07
2.80387334211e-07
3.0469429391e-07
3.56691825944e-07
4.06063149613e-07
4.5588175833e-07
1.08221119223e-07
2.48845860635e-07
3.28685531841e-07
3.60372625501e-07
4.06951989394e-07
4.57676412425e-07
5.18691649946e-07
5.89829884318e-07
6.68036890528e-07
7.9102152377e-07
1.90290267428e-07
2.65549913081e-07
3.39871062672e-07
4.1566405189e-07
4.90491568325e-07
4.06416977922e-07
4.40969266251e-07
4.75527741758e-07
5.09674770013e-07
6.57773962025e-07
1.88553849179e-07
2.52701639882e-07
3.16049500576e-07
3.80651888308e-07
4.4443135234e-07
3.59644323486e-07
3.94164058334e-07
4.28689974529e-07
4.62804831119e-07
6.12009049192e-07
1.27666785568e-08
2.76453343919e-08
4.23384517515e-08
5.73225483612e-08
5.04412519683e-08
5.63806524887e-08
6.24003588782e-08
7.34269793218e-08
8.46949051688e-08
9.60649140549e-08
1.62230018788e-08
3.23971659955e-08
4.83696365058e-08
6.46584222932e-08
5.93445789091e-08
6.65742568459e-08
7.39016863266e-08
8.62109400978e-08
9.74048569232e-08
1.08700186294e-07
6.53589811725e-08
9.72669375908e-08
1.28776998281e-07
1.60911077252e-07
1.3811134075e-07
1.50766450812e-07
1.63592668986e-07
1.92361276534e-07
2.20773427088e-07
2.49442980709e-07
6.10721096273e-08
8.88680548945e-08
1.16317381666e-07
1.4431030884e-07
1.17510994887e-07
1.30016053783e-07
1.42690191969e-07
1.78358698188e-07
2.03400956319e-07
2.28670087599e-07
1.11940734918e-07
1.58931786138e-07
2.05336853779e-07
2.0362074701e-07
2.15761990814e-07
2.34365300755e-07
2.53220143652e-07
2.97703082637e-07
3.41300117931e-07
3.8529212546e-07
1.00795605062e-07
1.38885127919e-07
1.76499670236e-07
1.68300978801e-07
1.69029820468e-07
1.86207359642e-07
2.03617154109e-07
2.59975283925e-07
2.97283215785e-07
3.34929143041e-07
1.69040949186e-07
2.34520955326e-07
2.99184418583e-07
3.65128462781e-07
3.10946658634e-07
3.36841310363e-07
3.6308608034e-07
4.26831748182e-07
4.89042513158e-07
5.51816883542e-07
3.83162580668e-07
5.87530636127e-07
7.52594541939e-07
8.079067841e-07
9.14581697922e-07
1.04439945601e-06
1.19708469937e-06
1.37254965269e-06
1.56101842154e-06
1.86438268463e-06
2.50183358936e-07
3.41937143118e-07
4.32546747515e-07
5.24950764498e-07
6.16177712675e-07
4.82465113489e-07
5.19211358791e-07
5.55964184135e-07
5.92279436678e-07
7.88457329237e-07
2.18684688286e-07
2.87322893025e-07
3.55105171799e-07
4.24229795846e-07
4.92473890653e-07
3.52968654448e-07
3.84432654655e-07
4.15902289027e-07
4.46997251359e-07
6.502785979e-07
2.15119424048e-08
4.01932977972e-08
5.86416946321e-08
7.74554394421e-08
6.85495464078e-08
7.59814594905e-08
8.35138585124e-08
9.75279726816e-08
1.1192244918e-07
1.26447334053e-07
2.5553931272e-08
4.59965606587e-08
6.61842682074e-08
8.67717686564e-08
8.00410684094e-08
8.93078640409e-08
9.86999548221e-08
1.14680776096e-07
1.29205901045e-07
1.43862617994e-07
8.60608856105e-08
1.24755449524e-07
1.62967487969e-07
2.0193626918e-07
1.69347642127e-07
1.83666805097e-07
1.98179575623e-07
2.33070644611e-07
2.6808212235e-07
3.03410790501e-07
7.53257542939e-08
1.07486296219e-07
1.39245792648e-07
1.71634247127e-07
1.32773617081e-07
1.46165126647e-07
1.59737701089e-07
2.04432270008e-07
2.34540285692e-07
2.64921068323e-07
1.43232806736e-07
1.9965335534e-07
2.55370333495e-07
3.12190718376e-07
2.58625955479e-07
2.79045254062e-07
2.9974063935e-07
3.53122725463e-07
4.06394975729e-07
4.60149851926e-07
1.1940936897e-07
1.6194863343e-07
2.03957428581e-07
2.4679815663e-07
1.79479588761e-07
1.96524416384e-07
2.13799704926e-07
2.83926450331e-07
3.27836454951e-07
3.72144267186e-07
2.13314516502e-07
2.91463691501e-07
3.68638337689e-07
4.4734133352e-07
3.68063887975e-07
3.95960772149e-07
4.24234846499e-07
5.00283340701e-07
5.75939763742e-07
6.5228160464e-07
8.77782970892e-07
1.11157510937e-06
1.41991460078e-06
1.47823077814e-06
1.66181761477e-06
1.951206722e-06
2.26355666564e-06
2.62910219477e-06
3.01841652449e-06
3.65987249861e-06
3.1290431459e-07
4.21931011309e-07
5.29598133122e-07
6.39397470829e-07
7.47798153156e-07
5.62103876798e-07
6.01147667184e-07
6.40198449027e-07
6.78784298994e-07
9.25310937445e-07
2.50238160914e-07
3.23578795475e-07
3.96004864252e-07
4.69865242895e-07
5.42784766902e-07
3.45977792378e-07
3.74241780829e-07
4.02510830429e-07
4.30443313598e-07
6.90355050909e-07
3.02486766102e-08
5.27290226187e-08
7.49290362387e-08
9.75686940238e-08
8.66401790266e-08
9.55631489582e-08
1.04606765216e-07
1.21605459277e-07
1.39123436962e-07
1.56800120733e-07
3.4875759797e-08
5.95826912307e-08
8.39815245107e-08
1.08863546895e-07
1.00717371708e-07
1.12019298143e-07
1.23474036469e-07
1.43122844204e-07
1.60975928202e-07
1.78990754219e-07
1.06742598565e-07
1.52217150696e-07
1.97124630159e-07
2.42921447423e-07
2.00553477358e-07
2.16535070211e-07
2.32732748121e-07
2.73740307041e-07
3.15344675348e-07
3.573259631e-07
8.95654967503e-08
1.26086378349e-07
1.62151840536e-07
1.98931535169e-07
1.48021352963e-07
1.62298448606e-07
1.7676858302e-07
2.30480411121e-07
2.65649243499e-07
3.01136691862e-07
1.74494358011e-07
2.40335206994e-07
3.05355013345e-07
3.71662457576e-07
3.01448113024e-07
3.23681629035e-07
3.46215761551e-07
4.08488315061e-07
4.71426343632e-07
5.34934566339e-07
1.38004978052e-07
1.84989644083e-07
2.31388406159e-07
2.78706039068e-07
1.89919164932e-07
2.06831410445e-07
2.23972324251e-07
3.07854256105e-07
3.58359894191e-07
4.09323093775e-07
2.57544901848e-07
3.48350888907e-07
4.38024515315e-07
5.29474018409e-07
4.25125408355e-07
4.55022572109e-07
4.85323971562e-07
5.73663292633e-07
6.62752259594e-07
7.52648338051e-07
1.65922249034e-06
1.84130571729e-06
2.21853457674e-06
2.25411193854e-06
2.41702037254e-06
2.93349516408e-06
3.45952044759e-06
4.03079111231e-06
4.65211091845e-06
5.66065295374e-06
3.75564095722e-07
5.01846857941e-07
6.2655486022e-07
7.53732552224e-07
8.79290218399e-07
6.41664964899e-07
6.83004059472e-07
7.24350556514e-07
7.65204789292e-07
1.06203106627e-06
2.81760858043e-07
3.59799335938e-07
4.36864665427e-07
5.15456179674e-07
5.93046572727e-07
3.38993748806e-07
3.64060846613e-07
3.89132433112e-07
4.13905521625e-07
7.3039241558e-07
3.89763561492e-08
6.52517555369e-08
9.11994978029e-08
1.17661103424e-07
1.0471206269e-07
1.15124544153e-07
1.25677811437e-07
1.45657992199e-07
1.66296233906e-07
1.8712145008e-07
4.41879272696e-08
7.31547412692e-08
1.01760335911e-07
1.30932429429e-07
1.21372246287e-07
1.34707194336e-07
1.482224425e-07
1.71535435229e-07
1.92713029212e-07
2.14082483985e-07
1.27402877194e-07
1.79650390829e-07
2.31246372219e-07
2.83864149025e-07
2.31726971165e-07
2.49369270975e-07
2.67250110047e-07
3.14367819828e-07
3.62558245896e-07
4.11185258539e-07
1.03790481276e-07
1.44667183536e-07
1.8503414882e-07
2.26200532566e-07
1.63253286241e-07
1.78415050148e-07
1.93781814311e-07
2.56501556193e-07
2.96725960285e-07
3.37314781882e-07
2.05723510119e-07
2.80974896373e-07
3.55287889559e-07
4.31072560844e-07
3.442258901e-07
3.68271743302e-07
3.92642717387e-07
4.63796524299e-07
5.36390313659e-07
6.09641774602e-07
1.56581314825e-07
2.08006775257e-07
2.58790954539e-07
3.10580852488e-07
2.00347921628e-07
2.17127722438e-07
2.34134400772e-07
3.31757263333e-07
3.88851699236e-07
4.4646338859e-07
3.01729447254e-07
4.05179128975e-07
5.07338781782e-07
6.11521581782e-07
4.82127790731e-07
5.14023160994e-07
5.46349784449e-07
6.46967194297e-07
7.4947478382e-07
8.52911052357e-07
2.83165656206e-06
3.00250506666e-06
3.34365100467e-06
3.52206577341e-06
3.61994435795e-06
4.14115868133e-06
4.70414009991e-06
5.28582575814e-06
5.90877787719e-06
6.92615600139e-06
4.38158936866e-07
5.81679880568e-07
7.23411102309e-07
8.67949137853e-07
1.01064600654e-06
7.21143596662e-07
7.6477561659e-07
8.08415449576e-07
8.51535714234e-07
1.19860949969e-06
3.13250885356e-07
3.95982337786e-07
4.77682119901e-07
5.60999866451e-07
6.43256287706e-07
3.32016943428e-07
3.53890463818e-07
3.75767901036e-07
3.97384869258e-07
7.70388285916e-07
-6.9346776065e-08
-8.93418367911e-08
-1.0908755691e-07
-1.29224316907e-07
-1.17525936334e-07
-1.24783834536e-07
-1.32139865843e-07
-1.48161317834e-07
-1.65050888097e-07
-1.82093471319e-07
-7.36025078253e-08
-9.57395953018e-08
-1.17600630862e-07
-1.3989459754e-07
-1.31322195675e-07
-1.41935859347e-07
-1.52693028998e-07
-1.74279108482e-07
-1.94976143752e-07
-2.15860686136e-07
-2.08052527231e-07
-2.51344780696e-07
-2.94097174998e-07
-3.37696228271e-07
-2.82215594868e-07
-2.95059702785e-07
-3.0807747423e-07
-3.47994317672e-07
-3.85827593026e-07
-4.24003623184e-07
-1.84652710612e-07
-2.21063375169e-07
-2.57019994732e-07
-2.93688691246e-07
-2.20090992132e-07
-2.26241000416e-07
-2.3247416217e-07
-3.03932546809e-07
-3.52755905092e-07
-4.0202158407e-07
-3.30906192549e-07
-3.94833102441e-07
-4.57962836733e-07
-5.22342778335e-07
-4.28083578141e-07
-4.45875471806e-07
-4.63907927372e-07
-5.24989260387e-07
-5.81372674533e-07
-6.38266900549e-07
-2.83011461652e-07
-3.32064437337e-07
-3.80505717018e-07
-4.29906317099e-07
-2.98714783279e-07
-3.0091126822e-07
-3.03137451551e-07
-4.18768449328e-07
-4.92503693708e-07
-5.66906950811e-07
-4.815010081e-07
-5.70722012967e-07
-6.58830422085e-07
-7.48683710673e-07
-6.06889493121e-07
-6.30746414476e-07
-6.54925902191e-07
-7.41950803069e-07
-8.21073097027e-07
-9.00912208288e-07
-4.03580253249e-07
-4.68130255478e-07
-5.31875312077e-07
-5.96882761694e-07
-3.95092333717e-07
-3.92442564238e-07
-3.89756967567e-07
-5.59535039512e-07
-6.63807434592e-07
-7.6902449714e-07
-6.95504167041e-07
-8.20669412135e-07
-9.4427383285e-07
-1.0703260882e-06
-1.19477265386e-06
-8.93457754061e-07
-9.26372497988e-07
-9.59293135861e-07
-9.91821826295e-07
-1.27414501402e-06
-5.74914851834e-07
-6.61486944416e-07
-7.46979473478e-07
-8.34165077697e-07
-9.20240086745e-07
-5.22513353316e-07
-5.12847858747e-07
-5.03180633406e-07
-4.93628504384e-07
-1.05624416824e-06
-1.62268794597e-08
-1.38842593409e-08
-1.15708519528e-08
-9.21163035582e-09
-9.76650852548e-09
-8.90709952906e-09
-8.03607057434e-09
-6.90870625015e-09
-5.91876810427e-09
-4.91986150265e-09
-1.85069199689e-08
-1.43080829938e-08
-1.25812673475e-08
-1.2238677443e-08
-1.22309835193e-08
-1.26858658882e-08
-1.31571268144e-08
-1.34127951118e-08
-1.39811189068e-08
-1.28496824434e-08
-1.52410696323e-08
-7.80902621046e-09
-4.69661187905e-10
6.84086633871e-09
1.32748964572e-08
1.86165627143e-08
2.40304529525e-08
3.07709422288e-08
3.68954979597e-08
4.30755397908e-08
-4.62301319719e-09
4.57093656931e-09
1.36502367705e-08
2.31638249734e-08
3.10897070425e-08
3.74086311944e-08
4.38129927055e-08
4.76617690363e-08
5.21956973256e-08
5.67707012471e-08
-1.43679237852e-08
-2.4281054378e-09
9.36282206096e-09
2.22510181343e-08
3.36829980133e-08
4.29946635584e-08
5.24322309335e-08
6.41443451673e-08
7.4816705045e-08
9.32723973538e-08
4.38244776626e-09
1.97639820242e-08
3.49537068573e-08
5.22729879713e-08
6.68216152307e-08
7.84611475155e-08
9.02580564164e-08
9.75105415363e-08
1.06117599399e-07
1.26938708302e-07
-1.32976159726e-08
4.16786196095e-09
2.14155434628e-08
3.90047942386e-08
5.8699380566e-08
7.28774968512e-08
8.72473136198e-08
1.05053677802e-07
1.21300765343e-07
1.37695045198e-07
-1.55316104529e-08
2.88749712757e-08
4.9227803912e-08
7.65452652175e-08
9.68950971417e-08
1.1032113829e-07
1.24671999018e-07
1.40154238424e-07
1.56104080237e-07
1.76512004522e-07
-1.17766522389e-08
1.35410787907e-08
3.85430949286e-08
6.40402454703e-08
8.92126060131e-08
1.15342575741e-07
1.3672137849e-07
1.58104009478e-07
1.79232062548e-07
2.11745092908e-07
3.11083319159e-08
6.48530201482e-08
9.81769084051e-08
1.32160735583e-07
1.65711667046e-07
2.00294421759e-07
2.28095019688e-07
2.55900595788e-07
2.83375123493e-07
2.87026433908e-07
-1.40748670434e-08
-8.47989249999e-09
-4.92854938867e-09
-3.91655866844e-09
-2.84193732846e-09
-1.85522121694e-09
-4.31219253902e-10
1.53630460778e-09
3.16688151519e-09
7.17868242198e-09
-1.32049924803e-08
-7.30896127659e-09
-3.80285898682e-09
-3.14292777684e-09
-2.40293843662e-09
-1.79251278043e-09
-9.70235576447e-10
-3.81768048282e-11
1.0507646326e-09
4.49382588081e-09
6.0599048987e-09
1.90957488911e-08
3.19690344745e-08
3.87932957288e-08
4.59194058047e-08
5.32701576075e-08
6.07202979782e-08
7.26152872427e-08
8.35961137162e-08
9.46764222197e-08
1.52658878423e-08
2.94980378294e-08
4.355271134e-08
5.1445955203e-08
5.88390625135e-08
6.65355003026e-08
7.43360006354e-08
8.65043858619e-08
9.69329960154e-08
1.07456085333e-07
2.06018528298e-08
4.09230986406e-08
6.09909362801e-08
7.26446823581e-08
8.46969688657e-08
9.70029182133e-08
1.09475254716e-07
1.29229273644e-07
1.47309664934e-07
1.79178699388e-07
3.61324818209e-08
5.86324615919e-08
8.08518641393e-08
9.45399285706e-08
1.07204492949e-07
1.20372568476e-07
1.33718687855e-07
1.54546807805e-07
1.72250686494e-07
2.04325888266e-07
3.84274664227e-08
6.76792047851e-08
9.65661707514e-08
1.2602520781e-07
1.32230755844e-07
1.50610818311e-07
1.69239395234e-07
1.98627063426e-07
2.25410147073e-07
2.52435875073e-07
2.733846268e-08
1.13329904011e-07
1.5035426169e-07
1.79188271362e-07
2.02184695829e-07
2.23737687105e-07
2.49251924289e-07
2.74352266458e-07
3.03703803501e-07
3.54920004732e-07
6.37586015284e-08
1.05701039833e-07
1.47120451316e-07
1.89360123674e-07
2.31061734999e-07
2.26790465818e-07
2.54167384391e-07
2.81549205269e-07
3.08605022908e-07
3.75899794697e-07
9.80591478219e-08
1.45095912758e-07
1.9154612406e-07
2.38916225084e-07
2.85682912207e-07
2.80147093376e-07
3.09951178959e-07
3.39760601471e-07
3.69215118139e-07
4.3542515067e-07
-5.71357623012e-09
1.42559547645e-09
8.60606834281e-09
9.97920216923e-09
1.12450423369e-08
1.30407852696e-08
1.53778113445e-08
1.86067714055e-08
2.24496962377e-08
3.01198737089e-08
-4.00719234281e-09
3.75595024567e-09
1.09477135609e-08
1.194538345e-08
1.34261159468e-08
1.51129637918e-08
1.71983829176e-08
2.01680173868e-08
2.35921801801e-08
3.03288029656e-08
2.64118931059e-08
4.48018810115e-08
6.29625437442e-08
6.93222025258e-08
7.71095594901e-08
8.63798894452e-08
9.57755623371e-08
1.12595411862e-07
1.28216155854e-07
1.43978417729e-07
3.42687122822e-08
5.3314604069e-08
7.21229914894e-08
7.84680794758e-08
8.53521478412e-08
9.43647292303e-08
1.03499168571e-07
1.23616513217e-07
1.39677189434e-07
1.5588336915e-07
5.40136800793e-08
8.23429497789e-08
1.10318950368e-07
1.20793242815e-07
1.33438200478e-07
1.48605034362e-07
1.63976937052e-07
1.91414583283e-07
2.16572968481e-07
2.61257763112e-07
6.64680102597e-08
9.57692994697e-08
1.24705198379e-07
1.34923821588e-07
1.45788260555e-07
1.6041678072e-07
1.75243091221e-07
2.09042033683e-07
2.35437457911e-07
2.7826536797e-07
3.20147586094e-08
1.23640627752e-07
1.68026462813e-07
1.80312990233e-07
2.00122440181e-07
2.21442625265e-07
2.51085280844e-07
2.86214564382e-07
3.24796286482e-07
3.89497552799e-07
3.06419589518e-08
1.34282558554e-07
1.84563730506e-07
2.06964773375e-07
2.26816864596e-07
2.52426467285e-07
2.80782943243e-07
3.16795028816e-07
3.55443872591e-07
4.27657490485e-07
1.35928660775e-07
1.93755153863e-07
2.50860544219e-07
3.0909683711e-07
3.66591299439e-07
3.33273206373e-07
3.66381016852e-07
3.99494755849e-07
4.32214248379e-07
5.32741189447e-07
1.62027217161e-07
2.21763879369e-07
2.80755618825e-07
3.40915617657e-07
4.00309281211e-07
3.5644222385e-07
3.88160539087e-07
4.19884534028e-07
4.51230828556e-07
5.77212510169e-07
6.75171312659e-10
1.01253469785e-08
1.94576779139e-08
2.89748242694e-08
2.45211207136e-08
2.79633498426e-08
3.1452120908e-08
3.80360124952e-08
4.47149744953e-08
5.14544453014e-08
3.92274621906e-09
1.38769889548e-08
2.37071011883e-08
3.37318867927e-08
2.9588111972e-08
3.3376231935e-08
3.72155705799e-08
4.40917265131e-08
5.0591876066e-08
5.71509144535e-08
4.61089941682e-08
6.96808401156e-08
9.29587425502e-08
1.16697635422e-07
1.07296075079e-07
1.18424214919e-07
1.29702816904e-07
1.51289054325e-07
1.71400412372e-07
1.91693971524e-07
5.26600630264e-08
7.63647998239e-08
9.97739359451e-08
1.23646661426e-07
1.11012093978e-07
1.21298468042e-07
1.31723922844e-07
1.59534444954e-07
1.81045958373e-07
2.02752357763e-07
8.6350380126e-08
1.2242999118e-07
1.58059685514e-07
1.6739247684e-07
1.80611034661e-07
1.98546695416e-07
2.16724861929e-07
2.51598891375e-07
2.83607514491e-07
3.1590612332e-07
9.582740077e-08
1.31711146594e-07
1.67147418158e-07
1.74008239973e-07
1.83130478041e-07
1.99172448594e-07
2.15431320564e-07
2.61783709858e-07
2.96591002702e-07
3.31713636122e-07
8.56168661431e-08
2.02887807758e-07
2.794401982e-07
2.97669822789e-07
3.20931574421e-07
3.49154994353e-07
3.90158392902e-07
4.42809373098e-07
5.0639709192e-07
6.04103221961e-07
1.13763295393e-07
2.55656392906e-07
3.36681519666e-07
3.65720048129e-07
4.02289656435e-07
4.4363823808e-07
4.95457386567e-07
5.65307282014e-07
6.38524646741e-07
7.69442579575e-07
2.05776428775e-07
2.78975858854e-07
3.51262483986e-07
4.24980657472e-07
4.97759787771e-07
4.3632954076e-07
4.7498383426e-07
5.13645049471e-07
5.51845970919e-07
6.84535735104e-07
2.23936919235e-07
2.95964820878e-07
3.67094526662e-07
4.39632869424e-07
5.11247198022e-07
4.30282326361e-07
4.63853275087e-07
4.97430235265e-07
5.30607433944e-07
7.14437429964e-07
6.35797472619e-09
1.81978509952e-08
2.98900827042e-08
4.18138647869e-08
3.60492991048e-08
4.03599233927e-08
4.47288310761e-08
5.31473149369e-08
6.17390391583e-08
7.04086010697e-08
1.02144989454e-08
2.27731925384e-08
3.51752778404e-08
4.78229712997e-08
4.26471838747e-08
4.76041160211e-08
5.26280702083e-08
6.1814148882e-08
7.05215528822e-08
7.93078425863e-08
6.67360977477e-08
9.57344641878e-08
1.24371217807e-07
1.53575087369e-07
1.38907852965e-07
1.5198151955e-07
1.65231953496e-07
1.9180962476e-07
2.16623622091e-07
2.41662424615e-07
7.19197650286e-08
1.00503315124e-07
1.28730425205e-07
1.57516538737e-07
1.3788357954e-07
1.49503888652e-07
1.61281314465e-07
1.97148248932e-07
2.24367961908e-07
2.5183427493e-07
1.20213863852e-07
1.64409750158e-07
2.08054508899e-07
2.52563598799e-07
2.30011143526e-07
2.5084636186e-07
2.71963290496e-07
3.14624813461e-07
3.53807109831e-07
3.93344382612e-07
1.26573000702e-07
1.69349995129e-07
2.11593555727e-07
2.54673698468e-07
2.22235815701e-07
2.39757972982e-07
2.57517045093e-07
3.17015594691e-07
3.60631924189e-07
4.0464340072e-07
2.41413309971e-07
3.85123148363e-07
5.05065753361e-07
5.23936970812e-07
5.6025949991e-07
6.08397764464e-07
6.81869042938e-07
7.77078138202e-07
8.8984353487e-07
1.06021415708e-06
2.91977147504e-07
4.59645206664e-07
5.88390618142e-07
6.23924492013e-07
6.89723552817e-07
7.67064668734e-07
8.71492320176e-07
9.96271995107e-07
1.12962553774e-06
1.36013886153e-06
2.78922072937e-07
3.68220276265e-07
4.5640492117e-07
5.46335955301e-07
6.35121422188e-07
5.4425170033e-07
5.88714355143e-07
6.33184971753e-07
6.77126128868e-07
8.43497290217e-07
2.88769700121e-07
3.73669174497e-07
4.57509943085e-07
5.43011075732e-07
6.27423070487e-07
5.07608803896e-07
5.43119858569e-07
5.78637272102e-07
6.13731821433e-07
8.58141451451e-07
1.20352354502e-08
2.62624815416e-08
4.03123123087e-08
5.46403828203e-08
4.75662335538e-08
5.27444060163e-08
5.79925918814e-08
6.82438786569e-08
7.87464994979e-08
8.93442700114e-08
1.6500115047e-08
3.16607192612e-08
4.66322690725e-08
6.19003121487e-08
5.56935186868e-08
6.18181230224e-08
6.80255373441e-08
7.95192857885e-08
9.0431791403e-08
1.01443160087e-07
8.73430828005e-08
1.21762677008e-07
1.55753055088e-07
1.90416571106e-07
1.70488798484e-07
1.85506094256e-07
2.00726436949e-07
2.32290673691e-07
2.61802723613e-07
2.91582141264e-07
9.11606821915e-08
1.24618287063e-07
1.5765867192e-07
1.91353381258e-07
1.64728856153e-07
1.77681799267e-07
1.90809877455e-07
2.34725366504e-07
2.67647711577e-07
3.00868320332e-07
1.54044319025e-07
2.06348564421e-07
2.58000570121e-07
3.10675480731e-07
2.7936307028e-07
3.03095018126e-07
3.27147842581e-07
3.77589263578e-07
4.239382364e-07
4.70707112944e-07
1.57288613091e-07
2.0695213283e-07
2.55996343013e-07
3.06011813899e-07
2.61303012195e-07
2.80303912512e-07
2.99561721553e-07
3.72193609423e-07
4.24610383732e-07
4.77502033691e-07
4.85942388875e-07
6.20728972052e-07
7.73189856677e-07
7.89722335045e-07
8.35700657592e-07
9.37628906875e-07
1.07111025796e-06
1.24054992382e-06
1.42890323472e-06
1.724290977e-06
5.80616768065e-07
7.44524479719e-07
9.07864378566e-07
9.29385097767e-07
1.02608782177e-06
1.17734503849e-06
1.35300562003e-06
1.56472705811e-06
1.79506943326e-06
2.18110386435e-06
3.51996374918e-07
4.57377649647e-07
5.61444808284e-07
6.6757288994e-07
7.72349081726e-07
6.52068598643e-07
7.02333949617e-07
7.5260830146e-07
8.02284095537e-07
1.00230380309e-06
3.53539246728e-07
4.51297739622e-07
5.47837173353e-07
6.46288452701e-07
7.43485631484e-07
5.84859861497e-07
6.22309129845e-07
6.59765104124e-07
6.96775134031e-07
1.00170531205e-06
1.77066123164e-08
3.43187539833e-08
5.07237404157e-08
6.74536075751e-08
5.90712319639e-08
6.51160534826e-08
7.12426062541e-08
8.33247964451e-08
9.57363334711e-08
1.0826031421e-07
2.27792167972e-08
4.05390350377e-08
5.80773863904e-08
7.59630633786e-08
6.87263324045e-08
7.60173987652e-08
8.34070466947e-08
9.72060732634e-08
1.10321395146e-07
1.2355553676e-07
1.07928710975e-07
1.47763914442e-07
1.87102368538e-07
2.27219872688e-07
2.0203701382e-07
2.1899592442e-07
2.36184134266e-07
2.72729768455e-07
3.06935001953e-07
3.41450121603e-07
1.10381658255e-07
1.48708266479e-07
1.86556937681e-07
2.25155155605e-07
1.91546310583e-07
2.0583050657e-07
2.20307837329e-07
2.72263539516e-07
3.10882606535e-07
3.49851547326e-07
1.87839712643e-07
2.48243913705e-07
3.07894867732e-07
3.68727136074e-07
3.28663849177e-07
3.55289524393e-07
3.82275201933e-07
4.4048845795e-07
4.93996679752e-07
5.47989665295e-07
1.87972392118e-07
2.44515300041e-07
3.00353111681e-07
3.57296723006e-07
3.00329719827e-07
3.20807830625e-07
3.4156282332e-07
4.27314438197e-07
4.88522536622e-07
5.50285156685e-07
8.32908704407e-07
9.40042293987e-07
1.06770894373e-06
1.04545667855e-06
1.05800849645e-06
1.23197947925e-06
1.44488563983e-06
1.70306650924e-06
1.9913949241e-06
2.44062724977e-06
9.71568701768e-07
1.09027727573e-06
1.20865919475e-06
1.17571517638e-06
1.25805674729e-06
1.50781017718e-06
1.78354636594e-06
2.10705575529e-06
2.46252226604e-06
3.02928039768e-06
4.24994943402e-07
5.46442621195e-07
6.66375833081e-07
7.886841758e-07
9.09434519853e-07
7.59773756572e-07
8.15835789849e-07
8.7190786199e-07
9.27312349707e-07
1.16094573044e-06
4.18241666806e-07
5.28845851258e-07
6.38070789359e-07
7.49458794002e-07
8.59427906373e-07
6.62030856853e-07
7.01416330131e-07
7.4080885605e-07
7.79732381347e-07
1.14512038446e-06
-4.37034845158e-08
-5.17164392606e-08
-5.96294715779e-08
-6.7699211839e-08
-6.23676796637e-08
-6.44325455306e-08
-6.65253301829e-08
-7.27837750702e-08
-7.93063405573e-08
-8.58879979585e-08
-4.84548609006e-08
-5.63083398683e-08
-6.40638850891e-08
-7.1973019414e-08
-6.69724945456e-08
-7.03286934741e-08
-7.37302711358e-08
-8.39716345981e-08
-9.55133877399e-08
-1.0715970469e-07
-2.26380838541e-07
-2.61250582899e-07
-2.95685497707e-07
-3.30802353961e-07
-3.17657379241e-07
-3.35496700921e-07
-3.53577225772e-07
-3.86740227039e-07
-4.09503826014e-07
-4.32473654369e-07
-2.54748024752e-07
-3.01585934393e-07
-3.47839770148e-07
-3.95009606646e-07
-3.69631128285e-07
-3.83513601343e-07
-3.9758377753e-07
-4.64952380305e-07
-5.25222477743e-07
-5.86038598895e-07
-3.88180780677e-07
-4.46837967264e-07
-5.04763692279e-07
-5.63836565555e-07
-5.43771113152e-07
-5.75582095696e-07
-6.07823190436e-07
-6.64815941641e-07
-7.0196445599e-07
-7.39449521475e-07
-4.3746482702e-07
-5.1883180383e-07
-5.99184125485e-07
-6.81127726767e-07
-6.37700203882e-07
-6.60905948312e-07
-6.84425454622e-07
-8.02392469359e-07
-9.05821957461e-07
-1.01018847662e-06
-5.86516193619e-07
-6.74332180357e-07
-7.61053092077e-07
-8.49491405573e-07
-8.20942786979e-07
-8.69880321549e-07
-9.19479534219e-07
-1.00568294664e-06
-1.06046458306e-06
-1.11574251986e-06
-6.61440262058e-07
-7.85133192171e-07
-9.07283657834e-07
-1.03185316433e-06
-9.66301006228e-07
-1.00093527686e-06
-1.03603783299e-06
-1.21602870756e-06
-1.37236325518e-06
-1.53011413319e-06
-8.68361254114e-07
-9.97613430541e-07
-1.1252538181e-06
-1.2554219677e-06
-1.38393199817e-06
-1.28809358987e-06
-1.3623596017e-06
-1.43663891213e-06
-1.51003386589e-06
-1.65047467547e-06
-9.79721143428e-07
-1.16356148087e-06
-1.34510930907e-06
-1.53025247035e-06
-1.71303722507e-06
-1.484134849e-06
-1.53569752857e-06
-1.58726944133e-06
-1.63822734778e-06
-2.26895585567e-06
-2.06853098502e-08
-1.80931331522e-08
-1.69903137834e-08
-1.63658971079e-08
-1.61157612118e-08
-1.58972454156e-08
-1.57094324211e-08
-1.55621280187e-08
-1.55510493097e-08
-1.48699157409e-08
-2.00883406037e-08
-1.71142353973e-08
-1.61886900187e-08
-1.60581956906e-08
-1.62936842551e-08
-1.68409027929e-08
-1.76787423811e-08
-1.87728733324e-08
-2.01884931679e-08
-2.06444276968e-08
-3.42685805422e-08
-3.11274153518e-08
-2.8025420837e-08
-2.32505125342e-08
-1.86571284144e-08
-1.56796045892e-08
-1.26618220479e-08
-9.73974949942e-09
-6.27477139313e-09
-2.77840192875e-09
-2.79243017971e-08
-2.43509668731e-08
-2.08221918289e-08
-1.48312577426e-08
-9.93680001281e-09
-7.16748895183e-09
-4.36073439285e-09
-5.48596429517e-09
-6.39356076641e-09
-7.30937970977e-09
-4.76062881026e-08
-4.26720653e-08
-3.77993727988e-08
-2.93483147689e-08
-2.0908053651e-08
-1.5486837e-08
-9.99232077728e-09
-4.58278566806e-09
1.94136047583e-09
1.08951040309e-08
-3.66688115795e-08
-3.07606433231e-08
-2.4926150575e-08
-1.37445412743e-08
-4.30641682678e-09
1.40039187883e-09
7.18436160958e-09
6.28244085209e-09
5.82480793204e-09
1.36370726272e-08
-7.4461733452e-08
-5.68235716882e-08
-4.97803461713e-08
-3.68230400888e-08
-2.36672523281e-08
-1.52505412456e-08
-6.75107659251e-09
1.73865386715e-09
1.20127479281e-08
2.5729509354e-08
-6.11895335573e-08
-3.86176660683e-08
-2.99568096832e-08
-1.24124372164e-08
2.59534320771e-09
1.19029554777e-08
1.7708212555e-08
2.07082278068e-08
2.08021631108e-08
3.33749061471e-08
-8.71891621528e-08
-7.69336070819e-08
-6.68059399112e-08
-5.64777066573e-08
-4.62810373938e-08
-1.49147525419e-08
-2.06992990949e-09
1.07771928076e-08
2.34713598966e-08
4.20690438223e-08
-6.26202599661e-08
-4.97829089167e-08
-3.71056410475e-08
-2.41773153661e-08
-1.14136743964e-08
2.68276511182e-08
4.14472271652e-08
5.60694210966e-08
7.05175257082e-08
4.29714678912e-08
-1.86322371355e-08
-1.43785759574e-08
-1.22797243531e-08
-1.16171040893e-08
-1.10060496354e-08
-1.05352757252e-08
-1.00106028271e-08
-9.24052835005e-09
-8.50764093555e-09
-6.81040731207e-09
-1.73319649566e-08
-1.27842405334e-08
-1.08996458739e-08
-1.06367521998e-08
-1.06949088467e-08
-1.09318034001e-08
-1.14657326201e-08
-1.15699966441e-08
-1.18669251407e-08
-1.13502286567e-08
-1.30448505539e-08
-5.7044047488e-09
1.54450488935e-09
8.53406357956e-09
1.43751239577e-08
1.96524026909e-08
2.500103483e-08
3.19096300047e-08
3.82722276785e-08
4.46924680202e-08
-2.86579953864e-09
6.27675129158e-09
1.53052935069e-08
2.33356639397e-08
2.98006710944e-08
3.44095991255e-08
3.90808438785e-08
4.52738948293e-08
5.09244102926e-08
5.66261172351e-08
-9.98109361155e-09
1.97843260739e-09
1.37888222184e-08
2.63822406577e-08
3.68555919972e-08
4.63900607167e-08
5.60534437591e-08
6.83569131189e-08
7.97058255939e-08
1.00684792393e-07
7.60939586393e-09
2.31593440508e-08
3.85153826728e-08
5.34255182348e-08
6.56681847566e-08
7.45691270767e-08
8.35904178909e-08
9.56213415628e-08
1.06539593105e-07
1.23621761314e-07
-3.11122951557e-08
1.13961042053e-08
2.87979853959e-08
4.82606512696e-08
6.44122947554e-08
7.91652544256e-08
9.59536043944e-08
1.13034227904e-07
1.30495397232e-07
1.6257596798e-07
-8.39279749447e-09
4.38541351751e-08
6.69664597148e-08
9.03098557577e-08
1.09634814407e-07
1.23796935533e-07
1.39923077985e-07
1.57337566591e-07
1.74713043004e-07
2.01332907054e-07
-8.88653653712e-10
2.47791112129e-08
5.01267962271e-08
7.59764611953e-08
1.01496845735e-07
1.25740529696e-07
1.48208979936e-07
1.70681453535e-07
1.92886373737e-07
2.29053941433e-07
3.86970725425e-08
7.32625225622e-08
1.07396937617e-07
1.42207343085e-07
1.76574323649e-07
1.93752242287e-07
2.15683347218e-07
2.37618379288e-07
2.59292256648e-07
2.98383182787e-07
-1.40248964219e-08
-8.4338390211e-09
-4.6691783143e-09
-3.98570187289e-09
-3.20643524171e-09
-2.50184616489e-09
-1.59180519717e-09
-3.74126035564e-11
1.91211303808e-09
5.8325841081e-09
-1.26482981309e-08
-6.49705394536e-09
-2.86298340204e-09
-2.594906925e-09
-2.38100510071e-09
-2.19117170538e-09
-2.04577527694e-09
-1.73916435968e-09
-1.12045657473e-09
1.70083250833e-09
7.23333445628e-09
1.85859774228e-08
2.97970516823e-08
3.89025951835e-08
4.59357462079e-08
5.34103227549e-08
6.09859620883e-08
7.17034750831e-08
8.08345995764e-08
9.00484485169e-08
2.10763136127e-08
3.55399644838e-08
4.9823252037e-08
5.9802199255e-08
6.77677858001e-08
7.41343734549e-08
8.0587042921e-08
9.37723357244e-08
1.05688790643e-07
1.17713204023e-07
2.59678491686e-08
4.46396923323e-08
6.3078695557e-08
7.96299268222e-08
9.20457915503e-08
1.05510261569e-07
1.19156782953e-07
1.3804705276e-07
1.54005781904e-07
1.86474232496e-07
4.99149511528e-08
7.46771253417e-08
9.91305124937e-08
1.17603063587e-07
1.32525326159e-07
1.44478099256e-07
1.56592484258e-07
1.80980077196e-07
2.02767402643e-07
2.28706488018e-07
1.20042406819e-08
8.67226087662e-08
1.19670965046e-07
1.39709884384e-07
1.58635000174e-07
1.77309129174e-07
2.04218548513e-07
2.31901898999e-07
2.66933931903e-07
3.18977894212e-07
2.34799345751e-09
7.56563951239e-08
1.0910726036e-07
1.25285744068e-07
1.41337166568e-07
1.56095506992e-07
1.76263248389e-07
1.9924089829e-07
2.27108929689e-07
2.72894135975e-07
8.15670541214e-08
1.21960394644e-07
1.61850025766e-07
2.0252962233e-07
2.42691030553e-07
2.60129434825e-07
2.91792767453e-07
3.23461769941e-07
3.54753726745e-07
4.07708416869e-07
1.35500585143e-07
1.90826118855e-07
2.45461737075e-07
3.01179347007e-07
3.56187210082e-07
3.53240124215e-07
3.8215701984e-07
4.11079093527e-07
4.39656825993e-07
5.42415971146e-07
-1.14163359315e-08
-7.39464043488e-09
-3.42309592365e-09
6.27100177651e-10
-1.39901054115e-09
-4.53952803613e-10
5.03882937816e-10
2.64504566854e-09
4.7350438218e-09
6.84397654793e-09
-8.37750944073e-09
-4.64318808584e-09
-9.55434129152e-10
2.80535129215e-09
-1.68354965096e-10
1.78207024097e-10
5.29454833289e-10
1.97251292829e-09
3.77889520893e-09
5.6016426126e-09
2.68590071639e-08
4.20947426404e-08
5.7140486819e-08
7.24841935913e-08
7.64808094087e-08
8.60819790267e-08
9.58129648219e-08
1.10216832117e-07
1.22027397655e-07
1.33944962338e-07
4.42480164255e-08
6.38615447533e-08
8.32304902246e-08
1.02983014013e-07
1.04513193069e-07
1.12580882301e-07
1.2075765372e-07
1.40710191719e-07
1.58690960426e-07
1.76834627926e-07
6.07600253341e-08
8.59281962214e-08
1.10782517248e-07
1.31164206669e-07
1.45460078507e-07
1.62728090076e-07
1.80229580205e-07
2.05494700114e-07
2.2591491105e-07
2.4652012118e-07
9.08591964784e-08
1.24537165268e-07
1.57795166081e-07
1.79715501146e-07
1.97231135613e-07
2.12137537546e-07
2.27245487019e-07
2.63592135791e-07
2.95898789619e-07
3.28498129204e-07
1.02316112123e-07
1.39659526417e-07
1.76537264226e-07
2.14145320607e-07
2.30015311596e-07
2.56681387492e-07
2.83708011965e-07
3.222869254e-07
3.53260895212e-07
3.84515477181e-07
2.29352982646e-08
1.22315803172e-07
1.74712527313e-07
1.93478601985e-07
2.13362096729e-07
2.32533422752e-07
2.58200912379e-07
2.89852726346e-07
3.26780356141e-07
3.9857341993e-07
1.61369498613e-07
2.16014574591e-07
2.69978220458e-07
3.25010550445e-07
3.79341862867e-07
3.9019396803e-07
4.30756309729e-07
4.71325914807e-07
5.11412505161e-07
5.80614140971e-07
2.29189150184e-07
3.04606748731e-07
3.79083881525e-07
4.55035943003e-07
5.3002050539e-07
5.07595998274e-07
5.4327389552e-07
5.78958181503e-07
6.14217616529e-07
7.78596262028e-07
-8.79599295247e-09
-3.79759580682e-09
1.1384707764e-09
6.17229013171e-09
3.54905180192e-09
4.73838729486e-09
5.94380363974e-09
8.76665719215e-09
1.1555629137e-08
1.43698680863e-08
-5.12493338122e-09
-4.50175581821e-10
4.16628747341e-09
8.87417394308e-09
5.25329933993e-09
5.90036800125e-09
6.55618559456e-09
8.94752166808e-09
1.18372047192e-08
1.47530671782e-08
4.74113098848e-08
6.67134788512e-08
8.57749476465e-08
1.05213905559e-07
1.08468063802e-07
1.20296234003e-07
1.32284331368e-07
1.5054860491e-07
1.65165121832e-07
1.79914058729e-07
6.85137757633e-08
9.35203340292e-08
1.18215057762e-07
1.43398830347e-07
1.42993541999e-07
1.52842650656e-07
1.62824927841e-07
1.89864227856e-07
2.14195638125e-07
2.38747481536e-07
9.71949209693e-08
1.29166144977e-07
1.60738684303e-07
1.92936479222e-07
2.01396331573e-07
2.22647469658e-07
2.44185941642e-07
2.76126901459e-07
3.01219243932e-07
3.26538913299e-07
1.33736632434e-07
1.76751356827e-07
2.19229682874e-07
2.62549240305e-07
2.64992042641e-07
2.82991529579e-07
3.0123438526e-07
3.5010473905e-07
3.93427393426e-07
4.37142534253e-07
1.58219992621e-07
2.05721026034e-07
2.52629716333e-07
3.00467375972e-07
3.15308401744e-07
3.48110274655e-07
3.81355657462e-07
4.30061587553e-07
4.67995264572e-07
5.06272605997e-07
9.09120790934e-08
2.17225235303e-07
2.95300457852e-07
3.1774979081e-07
3.41699317657e-07
3.70035145451e-07
4.10245637166e-07
4.67063480433e-07
5.32221681146e-07
6.38554196592e-07
2.44939831284e-07
3.14509541221e-07
3.83211709219e-07
4.53274439773e-07
5.22444691219e-07
5.26399523861e-07
5.76281043101e-07
6.26171494478e-07
6.75467958743e-07
7.61683642989e-07
3.27301239328e-07
4.23759553519e-07
5.19015021918e-07
6.16156908568e-07
7.12061374072e-07
6.69239815414e-07
7.11997936309e-07
7.54763713776e-07
7.97020329269e-07
1.02592785199e-06
-6.17820570987e-09
-2.04059535518e-10
5.69558837866e-09
1.17120716167e-08
8.49228808091e-09
9.92566307434e-09
1.13784185464e-08
1.48822980372e-08
1.83695620337e-08
2.18884192897e-08
-1.87552970301e-09
3.73874729162e-09
9.28301363434e-09
1.49370774028e-08
1.06696656657e-08
1.16169479017e-08
1.25770382187e-08
1.59157273733e-08
1.98876546037e-08
2.38955659547e-08
6.79435670357e-08
9.13082033194e-08
1.14381480018e-07
1.3791169479e-07
1.4042411961e-07
1.54477118302e-07
1.68720125778e-07
1.9084104034e-07
2.08260771877e-07
2.25838319427e-07
9.27558676326e-08
1.23150195776e-07
1.53165503303e-07
1.83775227348e-07
1.81436359343e-07
1.93065149927e-07
2.0485117189e-07
2.38970321886e-07
2.69646179655e-07
3.00599948801e-07
1.33594280039e-07
1.72361921848e-07
2.10646126898e-07
2.49688503886e-07
2.57278027537e-07
2.82508407218e-07
3.08079923612e-07
3.46690212095e-07
3.76450129167e-07
4.06479659549e-07
1.7657224813e-07
2.28914621576e-07
2.80604279866e-07
3.33317588729e-07
3.32686859458e-07
3.53776414578e-07
3.75151118856e-07
4.36532962741e-07
4.90860873272e-07
5.45680973608e-07
2.14069347591e-07
2.71718092948e-07
3.28647952106e-07
3.86705237617e-07
4.00518301769e-07
4.39449987179e-07
4.78908062891e-07
5.37731132309e-07
5.82617728426e-07
6.27910979699e-07
2.32443622287e-07
3.68393884442e-07
4.66356022221e-07
4.79862815073e-07
5.15791955792e-07
5.61532456827e-07
6.31688325055e-07
7.30382957152e-07
8.3313195612e-07
1.01683670123e-06
3.28428654113e-07
4.12908441353e-07
4.96334756349e-07
5.81413227656e-07
6.65407945053e-07
6.62472232387e-07
7.21663839763e-07
7.80866046406e-07
8.39363401783e-07
9.42576539911e-07
4.25317635412e-07
5.42796143306e-07
6.5880968128e-07
7.77120725728e-07
8.93924690242e-07
8.30725974188e-07
8.80557413078e-07
9.30397775136e-07
9.79644746437e-07
1.27301820852e-06
-3.5631315165e-09
3.38575242976e-09
1.02479830286e-08
1.72461117261e-08
1.34304012379e-08
1.51075628117e-08
1.6807401071e-08
2.09916006917e-08
2.51764330366e-08
2.93991783398e-08
1.37050632484e-09
7.92332880614e-09
1.439443687e-08
2.09936973284e-08
1.60804185221e-08
1.73276031943e-08
1.85916508898e-08
2.28767112979e-08
2.79297610803e-08
3.30285895343e-08
8.84545447551e-08
1.15877438055e-07
1.42958364857e-07
1.70575596351e-07
1.72347056474e-07
1.88622577865e-07
2.05118158484e-07
2.31091717083e-07
2.5131175801e-07
2.71714984668e-07
1.16972835234e-07
1.52749349422e-07
1.88079726542e-07
2.24109778644e-07
2.19839334926e-07
2.33245962992e-07
2.46833860348e-07
2.88025522839e-07
3.25039252784e-07
3.62388312771e-07
1.69955915167e-07
2.15512931036e-07
2.60501845905e-07
3.06381711304e-07
3.13101808254e-07
3.42307305484e-07
3.71907686479e-07
4.17180391601e-07
4.51603045845e-07
4.86337555988e-07
2.1936346941e-07
2.81023824825e-07
3.41915268822e-07
4.04012593524e-07
4.00311518026e-07
4.24487938812e-07
4.48991245868e-07
5.22871613061e-07
5.88193374007e-07
6.5410692478e-07
2.69860820833e-07
3.37646761143e-07
4.04587403319e-07
4.72853723182e-07
4.85639891082e-07
5.30695036114e-07
5.76359365957e-07
6.45289089397e-07
6.97121398673e-07
7.49423288573e-07
4.15324928029e-07
5.28593372617e-07
6.22420786915e-07
6.15060384481e-07
6.57432718073e-07
7.37164188193e-07
8.44004418992e-07
9.83464603778e-07
1.13572013932e-06
1.40628749202e-06
4.11830949938e-07
5.11205361822e-07
6.09340563854e-07
7.09419213746e-07
8.08223033161e-07
7.98403916483e-07
8.66895963109e-07
9.35400274405e-07
1.00308898518e-06
1.12328196119e-06
5.23232448257e-07
6.6170936473e-07
7.98459458817e-07
9.37917721554e-07
1.07559952504e-06
9.92044770279e-07
1.04894219644e-06
1.10584981106e-06
1.16207989344e-06
1.519852483e-06
-1.80601929667e-08
-1.409104173e-08
-1.0171386246e-08
-6.1741067708e-09
-7.20942299312e-09
-4.08125652568e-09
-9.10794522512e-10
2.59376769309e-09
6.43820698279e-09
1.03174754018e-08
-2.33072139759e-08
-1.68770844348e-08
-1.05271393166e-08
-4.05144128812e-09
-2.622793416e-09
1.27847239877e-09
5.23248672592e-09
6.3358392858e-09
3.949368272e-09
1.54127675618e-09
-2.44709149851e-07
-2.71156385101e-07
-2.97273820417e-07
-3.23908479652e-07
-3.53099163613e-07
-3.75933699058e-07
-3.99076977314e-07
-4.25486136407e-07
-4.33180059003e-07
-4.40943685555e-07
-3.24843338891e-07
-3.82108493617e-07
-4.38659545563e-07
-4.96330522047e-07
-5.19171264438e-07
-5.4078620227e-07
-5.62693392891e-07
-6.259722138e-07
-6.97689050395e-07
-7.70055613721e-07
-4.45455368806e-07
-4.98842832086e-07
-5.51564547825e-07
-6.05330352775e-07
-6.59458648163e-07
-7.05288719587e-07
-7.51738453501e-07
-8.04642622895e-07
-8.22556237447e-07
-8.40632142401e-07
-5.91918192388e-07
-7.05599170322e-07
-8.17862533953e-07
-9.32349136434e-07
-9.76685624486e-07
-1.0209006284e-06
-1.06571345769e-06
-1.18601648939e-06
-1.31914022121e-06
-1.45347000243e-06
-6.91531379138e-07
-7.77942347746e-07
-8.63275762068e-07
-9.50299100474e-07
-1.03499608084e-06
-1.10901422862e-06
-1.18403316625e-06
-1.2694150902e-06
-1.29985606909e-06
-1.33057283144e-06
-9.19300270867e-07
-1.10213612886e-06
-1.28269200359e-06
-1.46682356697e-06
-1.53750967874e-06
-1.60942798947e-06
-1.68231869842e-06
-1.8725223756e-06
-2.08091907577e-06
-2.29120376923e-06
-1.04121834119e-06
-1.17455744895e-06
-1.30623380336e-06
-1.4405178472e-06
-1.57309134248e-06
-1.68272942567e-06
-1.79834670541e-06
-1.91398468839e-06
-2.02824590549e-06
-2.02680433692e-06
-1.38452743502e-06
-1.66563601732e-06
-1.94323914466e-06
-2.226339863e-06
-2.50583436339e-06
-2.44575634468e-06
-2.5585471984e-06
-2.67135824925e-06
-2.78282619118e-06
-3.48166754311e-06
-2.2192877456e-08
-2.23020069635e-08
-2.2409775614e-08
-2.25196784911e-08
-2.24650138981e-08
-2.28873913021e-08
-2.33154796166e-08
-2.42155497872e-08
-2.51833305151e-08
-2.61598789611e-08
-2.04224993058e-08
-1.87670284442e-08
-1.8250395649e-08
-1.8047794152e-08
-1.84504683332e-08
-1.91077356742e-08
-2.01564211581e-08
-2.16947166144e-08
-2.34905170771e-08
-2.47386079159e-08
-5.32960914521e-08
-5.44458044932e-08
-5.55811804861e-08
-5.67390412144e-08
-5.0589153286e-08
-4.99757718926e-08
-4.93540970484e-08
-5.02504412276e-08
-4.9445040746e-08
-4.86323436483e-08
-5.12255903969e-08
-5.32728703155e-08
-5.52946204283e-08
-5.73564088336e-08
-5.09633070681e-08
-5.1743609098e-08
-5.25344614912e-08
-5.86336976266e-08
-6.49828188584e-08
-7.13894606667e-08
-8.084465242e-08
-8.29160251623e-08
-8.49615676586e-08
-8.0947647672e-08
-7.54991053153e-08
-7.39683375585e-08
-7.2416872488e-08
-7.33099165034e-08
-7.09339840933e-08
-6.85365266569e-08
-7.77200709253e-08
-8.12852686704e-08
-8.48060080073e-08
-7.97620705199e-08
-7.54344488843e-08
-7.56603637578e-08
-7.58893331973e-08
-8.49456598322e-08
-9.44679835352e-08
-1.04076575799e-07
-1.14613856187e-07
-1.17815005337e-07
-1.20976235805e-07
-1.24200070583e-07
-1.06033885222e-07
-1.03378579342e-07
-1.00687371414e-07
-1.01576370067e-07
-9.72752694868e-08
-9.29352026029e-08
-7.65136980878e-08
-6.34471673358e-08
-6.03102422121e-08
-5.10403129042e-08
-4.46786363372e-08
-4.19744614679e-08
-3.85668835539e-08
-4.17507946262e-08
-3.80984507024e-08
-3.41452266387e-08
-1.62601672067e-07
-1.67408292955e-07
-1.72154974751e-07
-1.76995658785e-07
-1.81774680801e-07
-1.45172080825e-07
-1.40861238309e-07
-1.36549623863e-07
-1.32289342755e-07
-1.27607005263e-07
-1.56348851848e-07
-1.64418837982e-07
-1.723881905e-07
-1.80515366315e-07
-1.88539015839e-07
-1.46639119522e-07
-1.45200565357e-07
-1.43761753594e-07
-1.42340072076e-07
-2.01083498126e-07
-2.26494385347e-08
-2.32091188307e-08
-2.37618198519e-08
-2.43254664419e-08
-2.41503854905e-08
-2.49650115996e-08
-2.57906521635e-08
-2.71773270382e-08
-2.8676740986e-08
-3.01897390427e-08
-1.93724127039e-08
-1.61832352466e-08
-1.51773759558e-08
-1.50900858602e-08
-1.52398488051e-08
-1.59126349871e-08
-1.6611778916e-08
-1.72766315348e-08
-1.81206132638e-08
-1.83968756332e-08
-3.21496060064e-08
-3.05045583887e-08
-2.88800246958e-08
-2.72233190966e-08
-1.71691578894e-08
-1.39653522256e-08
-1.07182283183e-08
-8.79602723334e-09
-7.05165835911e-09
-5.29148617926e-09
-2.09974869196e-08
-1.69445352462e-08
-1.29421243262e-08
-8.86045054459e-09
7.62279675423e-10
2.2836979483e-09
3.82568712159e-09
4.04340379664e-09
4.91582456987e-09
5.79614913703e-09
-4.05640400529e-08
-3.69662334258e-08
-3.34132918433e-08
-1.98802010427e-08
-1.09857848713e-08
-4.22279678e-09
2.63163280177e-09
7.48455259384e-09
1.21019862533e-08
1.67612520712e-08
-2.0913690093e-08
-1.23137734902e-08
-3.82109879378e-09
1.23111078989e-08
2.41318765646e-08
2.87656856777e-08
3.34621479268e-08
3.66958753203e-08
4.08284997161e-08
4.49985640865e-08
-5.08785075936e-08
-4.48869963745e-08
-3.89701999596e-08
-3.29362286157e-08
-3.4061663329e-09
7.7196905404e-09
1.89959786908e-08
2.7441392382e-08
3.5580647391e-08
4.37936408944e-08
-3.4820414795e-08
1.80275358447e-09
1.7677430786e-08
3.90606643312e-08
5.69075804956e-08
6.92424472469e-08
7.72000689761e-08
8.46800741991e-08
9.18685489907e-08
1.05560776443e-07
-6.55359088358e-08
-5.61428174069e-08
-4.68668588618e-08
-3.74072012829e-08
-2.80680435289e-08
2.46905935747e-08
4.22505754806e-08
5.98137018008e-08
7.71677245672e-08
8.22080881694e-08
-2.06650027368e-08
1.42913236627e-09
2.32477511734e-08
4.54984610871e-08
6.74657350914e-08
1.07357391197e-07
1.21415515478e-07
1.35476157105e-07
1.49369395157e-07
1.61341214904e-07
-2.3085659219e-08
-2.40758176757e-08
-2.50536287474e-08
-2.60508041736e-08
-2.57606715703e-08
-2.69500711908e-08
-2.81555525304e-08
-3.00071532322e-08
-3.20145154433e-08
-3.40400635777e-08
-1.64036135108e-08
-1.17083758143e-08
-9.68243455231e-09
-9.56775197012e-09
-9.83948480538e-09
-1.00851008292e-08
-1.05177328076e-08
-1.07851748368e-08
-1.15469357685e-08
-1.08599878369e-08
-1.19452241934e-08
-7.62992616588e-09
-3.36844037964e-09
9.77438929613e-10
1.47619329257e-08
2.04407560646e-08
2.61963618395e-08
3.08115383042e-08
3.34530432989e-08
3.61184793046e-08
7.8839149432e-09
1.77653248986e-08
2.75235125846e-08
3.74749492635e-08
5.0183423759e-08
5.39040176795e-08
5.7674917271e-08
6.39281582324e-08
7.17003918527e-08
7.95430388959e-08
-2.07798174206e-09
6.93643488566e-09
1.58384407461e-08
3.8466610829e-08
5.06533826221e-08
6.24154887766e-08
7.43366288529e-08
8.46795222364e-08
9.14385953277e-08
9.82589030004e-08
3.33618920458e-08
5.35849512137e-08
7.35558266084e-08
1.00282305585e-07
1.19262391764e-07
1.28539417793e-07
1.37941877295e-07
1.52918120708e-07
1.70097347374e-07
1.87432211173e-07
1.00173477144e-08
2.47919742392e-08
3.93823595454e-08
5.42616896188e-08
9.46493532177e-08
1.1386838694e-07
1.3334727874e-07
1.50711244476e-07
1.62517659105e-07
1.74431035273e-07
-1.09911826366e-08
4.66386127876e-08
7.45658831815e-08
9.73041880298e-08
1.13129997656e-07
1.24012745106e-07
1.42527371154e-07
1.60689152602e-07
1.78027511999e-07
2.18738648347e-07
2.72054474683e-08
5.01656354257e-08
7.28395073128e-08
9.59624075495e-08
1.18790761667e-07
1.86985663277e-07
2.17204518054e-07
2.47428784032e-07
2.77293205111e-07
2.82675644291e-07
1.08973953124e-07
1.59888358342e-07
2.10167855324e-07
2.61443076357e-07
3.12065138952e-07
3.5003802458e-07
3.76153500592e-07
4.02273653027e-07
4.28082823429e-07
5.07619432122e-07
-2.35078431756e-08
-2.49146278483e-08
-2.63038697612e-08
-2.77206239141e-08
-2.73191417959e-08
-2.88712554498e-08
-3.04443550324e-08
-3.27459211581e-08
-3.52448868517e-08
-3.77664922056e-08
-2.06777651005e-08
-2.31633651265e-08
-2.56179694466e-08
-2.81211842084e-08
-2.99248219022e-08
-3.30198178868e-08
-3.61566609134e-08
-4.01467006565e-08
-4.30340856482e-08
-4.59476292283e-08
7.60902015961e-09
1.45086451653e-08
2.13222310879e-08
2.82707517607e-08
4.5665543738e-08
5.37397431342e-08
6.19231127401e-08
6.91446099079e-08
7.26543829387e-08
7.61959531522e-08
3.58359698245e-08
5.13582896827e-08
6.66870445042e-08
8.23193665996e-08
9.80142921594e-08
1.0386329656e-07
1.09791384595e-07
1.21885938485e-07
1.3633596248e-07
1.50916898089e-07
3.51696705423e-08
4.94264012629e-08
6.35053489828e-08
7.78631130728e-08
1.10309122354e-07
1.26909484737e-07
1.43734298481e-07
1.59390508852e-07
1.6822230761e-07
1.77134119041e-07
8.58909921867e-08
1.17363183942e-07
1.48442914003e-07
1.80138140172e-07
2.11331793185e-07
2.25102626498e-07
2.39059653474e-07
2.65400561724e-07
2.95206576536e-07
3.25282622285e-07
6.89536935919e-08
9.22288119633e-08
1.15213687047e-07
1.3865374952e-07
1.89549638076e-07
2.16601426057e-07
2.44018977777e-07
2.70014514009e-07
2.8537008624e-07
3.00864774e-07
-8.92584554514e-10
7.19353093946e-08
1.09011278781e-07
1.26184523611e-07
1.40795086227e-07
1.52935234717e-07
1.72732260901e-07
1.92315617363e-07
2.13523079777e-07
2.60287826401e-07
1.16962568452e-07
1.53053290327e-07
1.88693956929e-07
2.25040443418e-07
2.60923937963e-07
3.44058395301e-07
3.86528785198e-07
4.29006780142e-07
4.70979039403e-07
4.76692546838e-07
2.34441381132e-07
3.13248676583e-07
3.91073236388e-07
4.70439016582e-07
5.48793812759e-07
5.84909670187e-07
6.22694515953e-07
6.60486127741e-07
6.97827799114e-07
8.42755094092e-07
-2.39499606311e-08
-2.57930426088e-08
-2.76131411514e-08
-2.94692845235e-08
-2.8951195501e-08
-3.0883148803e-08
-3.28412237966e-08
-3.56140005526e-08
-3.86277808842e-08
-4.16688648971e-08
-2.04643657078e-08
-2.36735437021e-08
-2.68427028936e-08
-3.00746234136e-08
-3.21405851948e-08
-3.58033800186e-08
-3.95156990192e-08
-4.39191055459e-08
-4.68471434439e-08
-4.98017082299e-08
2.8086522022e-08
3.76924935145e-08
4.71786774855e-08
5.68527237481e-08
7.80282746388e-08
8.86109484554e-08
9.9336709241e-08
1.09287585059e-07
1.13706621572e-07
1.18165692843e-07
6.5107786498e-08
8.65373529342e-08
1.07699690319e-07
1.29281121958e-07
1.48103504459e-07
1.5618141266e-07
1.64368541218e-07
1.82580206779e-07
2.04023314341e-07
2.25660688142e-07
7.41759780862e-08
9.39225397952e-08
1.13422859707e-07
1.33309359646e-07
1.7278151962e-07
1.94448577456e-07
2.16408592789e-07
2.37628989457e-07
2.48631378034e-07
2.59733443985e-07
1.40900264166e-07
1.84152718526e-07
2.26865810021e-07
2.70424782143e-07
3.07748269581e-07
3.26225086176e-07
3.44951725427e-07
3.8319388341e-07
4.26222862664e-07
4.69641667786e-07
1.30672730681e-07
1.628496933e-07
1.94625405655e-07
2.27030397198e-07
2.88930658629e-07
3.24185025908e-07
3.59916062944e-07
3.94950710978e-07
4.14023014987e-07
4.33268106675e-07
1.24060869249e-08
1.09860124291e-07
1.64973958593e-07
1.83315592521e-07
1.96486620858e-07
2.10693769429e-07
2.32694921637e-07
2.61397323599e-07
2.9596930496e-07
3.58661168754e-07
2.10957589632e-07
2.60798806176e-07
3.10018497267e-07
3.60212924245e-07
4.09767960251e-07
5.08547347392e-07
5.63847731059e-07
6.19158017203e-07
6.73809788617e-07
6.7986999576e-07
3.65832778536e-07
4.73849932542e-07
5.80520100751e-07
6.89302741405e-07
7.96699677657e-07
8.30870826931e-07
8.80876014049e-07
9.30890155449e-07
9.80308837105e-07
1.19371425254e-06
-2.43916468699e-08
-2.66706006126e-08
-2.89211355514e-08
-3.12162395868e-08
-3.05816573919e-08
-3.28930798676e-08
-3.52357547887e-08
-3.84792825824e-08
-4.20073754306e-08
-4.55674314319e-08
-2.0251174453e-08
-2.41832246779e-08
-2.80662418039e-08
-3.20261573431e-08
-3.43541873555e-08
-3.85842272191e-08
-4.28714609066e-08
-4.76878310419e-08
-5.06564821956e-08
-5.36520281776e-08
4.8544051271e-08
6.08537296309e-08
7.30099049472e-08
8.54068184737e-08
1.10359440737e-07
1.23448142347e-07
1.36713814606e-07
1.4939140699e-07
1.54718820142e-07
1.60094497591e-07
9.43510530738e-08
1.21682104489e-07
1.48672334686e-07
1.76197073438e-07
1.98143862534e-07
2.08448500588e-07
2.18892466325e-07
2.43215277269e-07
2.71644647733e-07
3.0033157727e-07
1.13144241053e-07
1.38375279275e-07
1.63291683674e-07
1.88701527042e-07
2.35192984793e-07
2.61921796309e-07
2.89012004642e-07
3.15791160611e-07
3.28962021935e-07
3.42252206154e-07
1.95855883169e-07
2.50877110323e-07
3.05212216719e-07
3.60623363559e-07
4.04070706721e-07
4.27248916645e-07
4.50740516159e-07
5.00872316058e-07
5.57111362813e-07
6.13859913524e-07
1.92331570463e-07
2.33401694968e-07
2.73959670501e-07
3.15320847222e-07
3.88214748476e-07
4.31663694714e-07
4.75700108556e-07
5.19765052147e-07
5.42550462842e-07
5.65542300522e-07
8.25588715968e-08
1.97816224659e-07
2.68768203662e-07
2.81476264591e-07
2.91918907926e-07
3.08081603817e-07
3.38226611835e-07
3.84347270051e-07
4.36554393867e-07
5.36635366047e-07
3.04860933309e-07
3.68439233058e-07
4.31224704413e-07
4.95253565372e-07
5.5846680838e-07
6.72875866132e-07
7.40993729909e-07
8.09123791351e-07
8.76442708029e-07
8.82849276729e-07
4.97096024097e-07
6.3429454699e-07
7.69782189206e-07
9.07952998755e-07
1.044363749e-06
1.07659208688e-06
1.13880569631e-06
1.20103044615e-06
1.26251435884e-06
1.54433110499e-06
-2.48328753494e-08
-2.75472491238e-08
-3.02277743586e-08
-3.29613841229e-08
-3.22104294881e-08
-3.49009278592e-08
-3.76278041122e-08
-4.13415950618e-08
-4.5383467398e-08
-4.94619575303e-08
-2.00382041476e-08
-2.46923774254e-08
-2.92885126503e-08
-3.39756687218e-08
-3.65654953604e-08
-4.13621923766e-08
-4.6223744915e-08
-5.14526506675e-08
-5.44618729857e-08
-5.74983576913e-08
6.89803785356e-08
8.39909616675e-08
9.8814361176e-08
1.13931320013e-07
1.42657099128e-07
1.58249231311e-07
1.74052182703e-07
1.89453665711e-07
1.95688514068e-07
2.01979847733e-07
1.23564012213e-07
1.56790432365e-07
1.89602515403e-07
2.23064401683e-07
2.48132359268e-07
2.60661419414e-07
2.73359883367e-07
3.03787506161e-07
3.39195899033e-07
3.74925078215e-07
1.52072117691e-07
1.82781948368e-07
2.13108824078e-07
2.44036286534e-07
2.97539767331e-07
3.29325086575e-07
3.61540171025e-07
3.93872325252e-07
4.09209411937e-07
4.24685446681e-07
2.50754546703e-07
3.17532349609e-07
3.83477425964e-07
4.50728464042e-07
5.00293316225e-07
5.28168046999e-07
5.56419668416e-07
6.18428787924e-07
6.87864211393e-07
7.57928692875e-07
2.53926507623e-07
3.03880577228e-07
3.53211714087e-07
4.03519793882e-07
4.87395941258e-07
5.39030973674e-07
5.91364156711e-07
6.44450036948e-07
6.709447061e-07
6.97679406682e-07
1.83939690294e-07
2.88909659863e-07
3.60076842021e-07
3.58584312887e-07
3.76105864257e-07
4.06209720351e-07
4.59594882554e-07
5.26429516223e-07
6.14062892806e-07
7.60574344617e-07
3.98666956474e-07
4.75968102448e-07
5.52305294626e-07
6.30154251693e-07
7.0701154647e-07
8.37034076393e-07
9.17956136368e-07
9.98892686819e-07
1.07886562065e-06
1.08561819195e-06
6.28223229707e-07
7.94572878202e-07
9.58848128274e-07
1.12637664911e-06
1.29177114371e-06
1.3220586837e-06
1.39646806276e-06
1.47089076608e-06
1.54442740552e-06
1.89458458154e-06
