-1.223591817e-09
-1.49734246094e-09
-1.76767940423e-09
-2.04337004062e-09
-1.95195750764e-09
-2.1728634496e-09
-2.39675623233e-09
-2.8198477804e-09
-3.21072070986e-09
-3.6051347965e-09
-1.3968177808e-09
-1.78451654521e-09
-2.16738066336e-09
-2.55782693792e-09
-2.65919834681e-09
-2.98042143846e-09
-3.30598774613e-09
-3.72230488963e-09
-4.28872834894e-09
-4.86028338515e-09
-4.22535355366e-09
-5.04772136523e-09
-5.85983415971e-09
-6.68802985654e-09
-6.79713409184e-09
-7.43570882037e-09
-8.08291763552e-09
-9.19830435092e-09
-1.02246761618e-08
-1.12603465034e-08
-6.24711558209e-09
-6.81107343068e-09
-7.36799866286e-09
-7.93595311928e-09
-8.53119382377e-09
-9.3235639128e-09
-1.01266475357e-08
-1.14486890758e-08
-1.32776168881e-08
-1.51231140773e-08
-6.88405680613e-09
-8.19234268046e-09
-9.48431408598e-09
-1.08018714078e-08
-1.10885762093e-08
-1.20970861488e-08
-1.31192320212e-08
-1.48477944562e-08
-1.6437036705e-08
-1.80406768723e-08
-1.05430936347e-08
-1.12631666721e-08
-1.19742603196e-08
-1.26994363085e-08
-1.37321041034e-08
-1.49417758187e-08
-1.61678033493e-08
-1.82920579264e-08
-2.123920388e-08
-2.42130498332e-08
-1.01431124059e-08
-1.20470397765e-08
-1.39272249634e-08
-1.58446449222e-08
-1.63490536435e-08
-1.78110325513e-08
-1.92927786875e-08
-2.17729758757e-08
-2.40521883386e-08
-2.63520495826e-08
-1.58091312475e-08
-1.67205712906e-08
-1.76206455761e-08
-1.8538544734e-08
-2.01074134783e-08
-2.18286162194e-08
-2.35730911209e-08
-2.66807036142e-08
-3.09985685797e-08
-3.53555517275e-08
-1.47744019425e-08
-1.75247672289e-08
-2.02408351575e-08
-2.30106914953e-08
-2.57452646106e-08
-2.59308511234e-08
-2.80657134239e-08
-3.02009580079e-08
-3.23107807381e-08
-3.81629476446e-08
-2.32924478552e-08
-2.44758304854e-08
-2.56444562039e-08
-2.68362251281e-08
-2.80128129586e-08
-3.16151788941e-08
-3.40963947962e-08
-3.65780550024e-08
-3.90301689901e-08
-5.11896333668e-08
1.90398212333e-10
2.22307002557e-10
2.53817886655e-10
2.85952805341e-10
2.98031123858e-10
3.24978065795e-10
3.52289353863e-10
3.99205539797e-10
4.32808920129e-10
4.66716734058e-10
2.31857765006e-10
2.6185946056e-10
2.91487031669e-10
3.2170134065e-10
3.49827419563e-10
3.9395752647e-10
4.38684310866e-10
4.97468529391e-10
5.39279892125e-10
5.81470049593e-10
2.14938082172e-10
2.65363664615e-10
3.15160434497e-10
3.65943368608e-10
4.13823236921e-10
4.64380887598e-10
5.15622121754e-10
5.7361989963e-10
6.43389763126e-10
7.13791714532e-10
2.29409367252e-10
3.2116111772e-10
4.11768713764e-10
5.04170682622e-10
5.6431023691e-10
6.36675673049e-10
7.10019552926e-10
7.75828090985e-10
8.10812426416e-10
8.46113706361e-10
2.36673395457e-10
3.03499565295e-10
3.69492405442e-10
4.36792153216e-10
5.16381965635e-10
5.87851958337e-10
6.60288287601e-10
7.28101189768e-10
8.29904224066e-10
9.3262955438e-10
2.27240786383e-10
3.73685442634e-10
5.18303917906e-10
6.65786385512e-10
7.54280732274e-10
8.51654602876e-10
9.50345053035e-10
1.02237513125e-09
1.05131267107e-09
1.08051237378e-09
2.6331668271e-10
3.50246798387e-10
4.36092885956e-10
5.23639050477e-10
6.42099116961e-10
7.39203593437e-10
8.37621007027e-10
9.17465351872e-10
1.0585348536e-09
1.20088239032e-09
2.24582525964e-10
4.38070098979e-10
6.48895458467e-10
8.63895956797e-10
9.87147791108e-10
1.11517716202e-09
1.24493760156e-09
1.32459408384e-09
1.34611942259e-09
1.36783977256e-09
3.01178196175e-10
4.16677076991e-10
5.30735674054e-10
6.47053062375e-10
7.61888766522e-10
9.54282232789e-10
1.08962013463e-09
1.22498227103e-09
1.35873280918e-09
1.58208378877e-09
2.20804997999e-10
5.29564084312e-10
8.34472910843e-10
1.14542008441e-09
1.45240632391e-09
1.48965658817e-09
1.66356911788e-09
1.83751278959e-09
2.00938551794e-09
1.77614712872e-09
3.46609705038e-10
4.1228642536e-10
4.77144149752e-10
5.4328630219e-10
5.46600120387e-10
6.00928775181e-10
6.55992000715e-10
7.54832604918e-10
8.35330289025e-10
9.16557250937e-10
4.11786783502e-10
4.87934216296e-10
5.63132082224e-10
6.39819150075e-10
6.82251550427e-10
7.66744295914e-10
8.52379456925e-10
9.63650815676e-10
1.07265732653e-09
1.18265139411e-09
7.05482265713e-10
8.52330281182e-10
9.97347085739e-10
1.14523577106e-09
1.21045856304e-09
1.33714857349e-09
1.46555154325e-09
1.65317975656e-09
1.8440466035e-09
2.03664263007e-09
9.44907785829e-10
1.10909949211e-09
1.27124370976e-09
1.43659899566e-09
1.56914212168e-09
1.7370397924e-09
1.90720758589e-09
2.12633978809e-09
2.36724106271e-09
2.61032480946e-09
1.02334081945e-09
1.24208341062e-09
1.45809825761e-09
1.67839101491e-09
1.7984474694e-09
1.98922896628e-09
2.1825899952e-09
2.4488586623e-09
2.73748105347e-09
3.02871825158e-09
1.4171006736e-09
1.6592744507e-09
1.89842829414e-09
2.14231828746e-09
2.3546737705e-09
2.596444375e-09
2.84148392869e-09
3.15615002081e-09
3.51387237189e-09
3.87483554876e-09
1.41297388533e-09
1.71984531123e-09
2.02289001668e-09
2.33193615253e-09
2.51920806428e-09
2.78855331874e-09
3.06154035567e-09
3.42420699837e-09
3.83265876633e-09
4.24481094893e-09
1.99591776184e-09
2.33368246444e-09
2.66723520403e-09
3.00739354839e-09
3.31758353357e-09
3.6499080569e-09
3.98672589729e-09
4.41849804801e-09
4.91942042831e-09
5.42488097114e-09
1.96666297894e-09
2.39877011736e-09
2.82548883221e-09
3.26065819021e-09
3.69028423642e-09
3.92443529327e-09
4.31057507843e-09
4.6967840085e-09
5.07839480164e-09
5.97294267673e-09
2.81844730829e-09
3.29205174713e-09
3.75975028651e-09
4.23671102443e-09
4.70759610001e-09
5.14693539433e-09
5.61417501055e-09
6.081498294e-09
6.543257707e-09
7.62757709767e-09
4.95861771075e-10
5.93802015967e-10
6.90520935228e-10
7.89155254598e-10
7.84095042448e-10
8.64585518914e-10
9.46164296741e-10
1.09461601835e-09
1.21991880356e-09
1.34635678341e-09
5.83699728482e-10
7.03937045462e-10
8.22674989869e-10
9.43764394294e-10
9.99865750721e-10
1.12292292636e-09
1.24764394221e-09
1.40906407032e-09
1.58227209741e-09
1.75704932207e-09
1.17417206317e-09
1.41314676594e-09
1.64914142787e-09
1.88980967595e-09
1.97160274164e-09
2.17103331549e-09
2.37316036442e-09
2.68464380743e-09
2.99121260855e-09
3.30055880413e-09
1.62852981242e-09
1.86193417958e-09
2.0924279686e-09
2.32748640569e-09
2.52920742945e-09
2.78838124854e-09
3.05105932345e-09
3.41668441967e-09
3.85432876403e-09
4.29593799645e-09
1.77496117903e-09
2.13885211592e-09
2.49820529279e-09
2.86467502058e-09
3.02339527521e-09
3.32817279245e-09
3.63707116722e-09
4.09295413491e-09
4.56007283583e-09
5.03142345105e-09
2.5539507439e-09
2.88758878408e-09
3.21706632118e-09
3.55306875864e-09
3.88376720204e-09
4.26350147676e-09
4.64837008969e-09
5.19486244338e-09
5.8667218116e-09
6.54466796519e-09
2.5114123533e-09
3.02842641589e-09
3.53899325623e-09
4.05967124947e-09
4.31268934862e-09
4.74660182873e-09
5.18638118356e-09
5.81927002021e-09
6.4831918241e-09
7.15312850211e-09
3.68833769217e-09
4.14484281541e-09
4.59565526952e-09
5.05539551387e-09
5.54419531038e-09
6.07171336942e-09
6.60636393217e-09
7.37456453695e-09
8.3335261925e-09
9.30117566881e-09
3.55794823253e-09
4.29255831585e-09
5.01800773059e-09
5.75782378527e-09
6.48821585137e-09
6.76226414344e-09
7.38803225941e-09
8.01391242984e-09
8.63234097887e-09
1.01681830484e-08
5.30036125024e-09
5.93146696518e-09
6.55470272241e-09
7.19028090289e-09
7.81776290664e-09
8.64127763794e-09
9.38877623466e-09
1.01364086837e-08
1.08751399498e-08
1.3218318195e-08
6.40311197762e-10
7.69476790154e-10
8.97031673395e-10
1.02711262536e-09
1.01394784277e-09
1.1197583047e-09
1.22699941624e-09
1.4234658666e-09
1.59213201246e-09
1.76232620819e-09
7.50080851384e-10
9.12989326375e-10
1.07386631476e-09
1.23792927548e-09
1.30725974773e-09
1.46764042563e-09
1.63018959001e-09
1.84014479825e-09
2.07548846245e-09
2.31296424899e-09
1.62778034033e-09
1.95591727392e-09
2.27996230385e-09
2.61042464996e-09
2.70825479038e-09
2.97808527867e-09
3.25156411022e-09
3.68291736407e-09
4.10146505693e-09
4.52380462961e-09
2.29015422026e-09
2.59054412035e-09
2.88718812532e-09
3.18970680263e-09
3.45837971479e-09
3.80589259445e-09
4.15810415098e-09
4.66550828663e-09
5.29356489384e-09
5.92731145039e-09
2.5023958666e-09
3.00676455955e-09
3.5048437194e-09
4.01278672889e-09
4.20892665827e-09
4.62403202705e-09
5.04474998203e-09
5.68414583325e-09
6.32401718204e-09
6.96968551715e-09
3.65421920413e-09
4.07637836643e-09
4.49327315753e-09
4.91842404096e-09
5.3636573999e-09
5.87691594398e-09
6.39711419069e-09
7.16797309062e-09
8.14386116165e-09
9.12859040021e-09
3.57450522138e-09
4.29489994193e-09
5.00631126104e-09
5.73181121274e-09
6.04845991567e-09
6.64164417022e-09
7.24284879263e-09
8.13726460193e-09
9.04843591605e-09
9.96786208897e-09
5.32629886177e-09
5.89772357131e-09
6.46202255185e-09
7.03749678473e-09
7.69915907843e-09
8.41558972727e-09
9.14170714259e-09
1.02355105923e-08
1.16377727157e-08
1.30527387903e-08
5.09802904133e-09
6.12540811689e-09
7.13997566232e-09
8.17463547927e-09
9.19611550343e-09
9.50877721577e-09
1.03664628919e-08
1.12243021513e-08
1.20719281244e-08
1.42284287963e-08
7.70241205947e-09
8.48595096773e-09
9.25971905957e-09
1.00488106838e-08
1.08278506331e-08
1.20231787877e-08
1.30419181795e-08
1.4060839994e-08
1.50676307009e-08
1.86291601868e-08
7.91580832662e-10
9.53446083503e-10
1.11329285685e-09
1.27630520039e-09
1.25465318847e-09
1.38697912396e-09
1.52109422138e-09
1.76784242539e-09
1.98191934153e-09
2.19793571152e-09
9.24317691866e-10
1.13191205202e-09
1.33691768766e-09
1.54598320962e-09
1.62916741301e-09
1.82863382972e-09
2.03079720614e-09
2.29157908789e-09
2.59199213558e-09
2.89512680899e-09
2.10280582188e-09
2.52431479865e-09
2.94056751209e-09
3.36506360231e-09
3.47968801111e-09
3.8232423597e-09
4.17144186238e-09
4.72832460385e-09
5.26413829396e-09
5.80480624835e-09
2.98301735521e-09
3.35355552338e-09
3.71947303982e-09
4.09263710591e-09
4.4314230531e-09
4.87144593953e-09
5.3174183187e-09
5.97329561913e-09
6.8007548418e-09
7.63571052418e-09
3.26417652662e-09
3.91565566063e-09
4.55901077815e-09
5.21510675829e-09
5.45043313973e-09
5.98107551136e-09
6.51889263011e-09
7.35046596191e-09
8.17124650898e-09
8.99946300953e-09
4.80643705703e-09
5.32129688372e-09
5.82973635172e-09
6.34824484262e-09
6.91342090576e-09
7.56650809393e-09
8.22842558983e-09
9.23424454679e-09
1.05285160959e-08
1.18345132434e-08
4.6877922292e-09
5.62117026565e-09
6.54290897527e-09
7.48290159465e-09
7.86618523289e-09
8.62616131016e-09
9.39641292605e-09
1.05647037557e-08
1.17347985145e-08
1.29154938781e-08
7.04159669151e-09
7.73336693834e-09
8.41651073406e-09
9.11318335859e-09
9.95586988642e-09
1.08701326703e-08
1.17967570835e-08
1.32315367807e-08
1.50980298912e-08
1.69814327056e-08
6.71082506971e-09
8.0447962833e-09
9.36213272906e-09
1.07055574148e-08
1.20318691724e-08
1.23849674453e-08
1.3485520715e-08
1.45862710575e-08
1.56739160563e-08
1.84803798492e-08
1.02178761721e-08
1.1161045437e-08
1.20924532774e-08
1.30423065129e-08
1.3980060246e-08
1.55647570683e-08
1.68675439428e-08
1.81705641036e-08
1.9458070731e-08
2.42954761519e-08
9.42702927595e-10
1.13723594346e-09
1.32934311122e-09
1.52525472688e-09
1.49512376359e-09
1.65393931094e-09
1.81490218285e-09
2.11188309849e-09
2.37132649378e-09
2.63312034563e-09
1.09838459145e-09
1.35062125265e-09
1.59971249493e-09
1.85373668514e-09
1.95076110752e-09
2.18927514097e-09
2.43101409194e-09
2.7425730737e-09
3.10799203982e-09
3.47672156009e-09
2.57736799007e-09
3.09215794012e-09
3.60052840284e-09
4.1189665219e-09
4.25036881888e-09
4.66757512165e-09
5.09042241707e-09
5.77271221171e-09
6.42567752435e-09
7.08455844954e-09
3.67520471009e-09
4.11582272764e-09
4.55094619002e-09
4.99468674132e-09
5.40351733921e-09
5.9359600033e-09
6.47560175604e-09
7.27980740879e-09
8.30647476073e-09
9.34244332078e-09
4.02521418827e-09
4.82366028002e-09
5.61214966114e-09
6.41625411177e-09
6.69072872501e-09
7.33679541113e-09
7.99159748166e-09
9.01516085484e-09
1.00166741514e-08
1.10272607701e-08
5.95753110088e-09
6.56500117691e-09
7.16489603424e-09
7.7766710768e-09
8.46167285871e-09
9.25445230993e-09
1.00579508299e-08
1.1298500677e-08
1.29108451707e-08
1.45377968803e-08
5.79999339896e-09
6.94614701925e-09
8.07800797777e-09
9.23228406065e-09
9.68213764219e-09
1.06087428627e-08
1.15478765931e-08
1.29897753206e-08
1.44185409846e-08
1.58602507115e-08
8.75522151541e-09
9.56721992118e-09
1.03690926175e-08
1.11868454235e-08
1.22103796245e-08
1.3322281589e-08
1.44492174367e-08
1.62246408123e-08
1.85549121248e-08
2.09062947919e-08
8.32204806678e-09
9.96231238552e-09
1.15821224277e-08
1.32340108301e-08
1.48648570054e-08
1.52583523993e-08
1.6601536383e-08
1.79449608868e-08
1.92723908101e-08
2.27281837861e-08
1.27308868413e-08
1.38335307683e-08
1.49224246042e-08
1.6032882653e-08
1.71291953695e-08
1.91028810909e-08
2.06894384041e-08
2.22762798175e-08
2.38442285707e-08
2.99562655084e-08
1.09366840106e-09
1.3208353254e-09
1.54516945319e-09
1.77394624449e-09
1.73534511734e-09
1.92062282298e-09
2.1084056446e-09
2.45556721119e-09
2.76033006825e-09
3.06785395863e-09
1.27227108979e-09
1.56910378519e-09
1.86223494422e-09
2.16117120795e-09
2.27202150544e-09
2.54954268708e-09
2.83081619685e-09
3.19309965373e-09
3.62345716679e-09
4.05771355205e-09
3.05143832665e-09
3.65941257449e-09
4.25980531655e-09
4.87208810384e-09
5.02025090057e-09
5.51103282533e-09
6.00845054925e-09
6.81601742641e-09
7.58601294678e-09
8.36298432801e-09
4.36667468873e-09
4.87729992558e-09
5.38155760954e-09
5.89580150127e-09
6.37460415625e-09
6.99937081504e-09
7.63258486332e-09
8.58496514235e-09
9.81063416618e-09
1.10474072761e-08
4.78546311789e-09
5.73072385225e-09
6.66419708124e-09
7.61615660783e-09
7.92973888e-09
8.69111025598e-09
9.46277603623e-09
1.06781304742e-08
1.18601892106e-08
1.30529569409e-08
7.10743216207e-09
7.80741650707e-09
8.49867197026e-09
9.20361690392e-09
1.00083202184e-08
1.0940647157e-08
1.18855799679e-08
1.33606174323e-08
1.52907052228e-08
1.72382788603e-08
6.91104189424e-09
8.26975057983e-09
9.6115160186e-09
1.09798534837e-08
1.14962080161e-08
1.25892696871e-08
1.36971105041e-08
1.5412333565e-08
1.70995020502e-08
1.88019556276e-08
1.04670703552e-08
1.13991723166e-08
1.2319650864e-08
1.32583583652e-08
1.44625528107e-08
1.57718891245e-08
1.70989288058e-08
1.92146428199e-08
2.20082116793e-08
2.48270891893e-08
9.93160120801e-09
1.18778411927e-08
1.37998113506e-08
1.5759843781e-08
1.76949087574e-08
1.8128759405e-08
1.97143226427e-08
2.13001698026e-08
2.28671361396e-08
2.69715853404e-08
1.52412930507e-08
1.65032463618e-08
1.77494629763e-08
1.90203593892e-08
2.027506676e-08
2.26373382362e-08
2.45073718912e-08
2.63777404077e-08
2.8225840639e-08
3.56111880779e-08
-9.4929827984e-10
-1.17482601745e-09
-1.39754139935e-09
-1.62466738747e-09
-1.53926985523e-09
-1.7120341401e-09
-1.88713434861e-09
-2.21398226539e-09
-2.51190232848e-09
-2.81252143182e-09
-1.10423385639e-09
-1.41567263651e-09
-1.72322774076e-09
-2.03687359836e-09
-2.09408206707e-09
-2.33951142217e-09
-2.58825919595e-09
-2.92733438595e-09
-3.36464083282e-09
-3.80590910652e-09
-3.21356232058e-09
-3.86617068471e-09
-4.51064095073e-09
-5.16787416351e-09
-5.29485239837e-09
-5.81585673478e-09
-6.34390550368e-09
-7.18062251648e-09
-7.96785115637e-09
-8.76221178249e-09
-4.8163593661e-09
-5.30975088896e-09
-5.79698976523e-09
-6.29387781256e-09
-6.75196960899e-09
-7.38499681242e-09
-8.0265830951e-09
-8.96563758915e-09
-1.03193997088e-08
-1.16854263883e-08
-5.21905332809e-09
-6.24993310429e-09
-7.26795769624e-09
-8.3061430223e-09
-8.62122550801e-09
-9.45067103291e-09
-1.02913313839e-08
-1.15796467389e-08
-1.28002629754e-08
-1.40319375216e-08
-8.10424196042e-09
-8.75879162684e-09
-9.40517898689e-09
-1.00643672594e-08
-1.08775271461e-08
-1.18538553009e-08
-1.28433842629e-08
-1.43138489977e-08
-1.64793289989e-08
-1.86644274093e-08
-7.67739714376e-09
-9.17196445732e-09
-1.0647894352e-08
-1.21530532363e-08
-1.26987151263e-08
-1.390624985e-08
-1.51301114951e-08
-1.69719990115e-08
-1.87238645599e-08
-2.04916013309e-08
-1.21345496567e-08
-1.29866480152e-08
-1.38281206135e-08
-1.46862575491e-08
-1.59346621916e-08
-1.73318108675e-08
-1.87478502106e-08
-2.08697210469e-08
-2.40302100642e-08
-2.72193318866e-08
-1.11708330923e-08
-1.33243248011e-08
-1.54509622313e-08
-1.76197151193e-08
-1.97608418125e-08
-2.02378618532e-08
-2.20062727058e-08
-2.37750002225e-08
-2.55226695743e-08
-2.96711235862e-08
-1.78618290145e-08
-1.89946544619e-08
-2.01133534512e-08
-2.12542069082e-08
-2.23805278474e-08
-2.5116274041e-08
-2.71384070836e-08
-2.91609022235e-08
-3.1159317885e-08
-3.9376301407e-08
1.43181350807e-10
1.68791192544e-10
1.94081676737e-10
2.19873008091e-10
2.31233177161e-10
2.53527102289e-10
2.76122460705e-10
3.13951436819e-10
3.40477737843e-10
3.67244356868e-10
1.7454353639e-10
1.99805691452e-10
2.2475282466e-10
2.50194005383e-10
2.75044192294e-10
3.10976703048e-10
3.4739505265e-10
3.93037108381e-10
4.25368560992e-10
4.57992924028e-10
1.41895763773e-10
1.81942923347e-10
2.21490690435e-10
2.61821652765e-10
2.99365129603e-10
3.40065926967e-10
3.81317034566e-10
4.31749664337e-10
4.90742876933e-10
5.5027054516e-10
1.53465220973e-10
2.23958746838e-10
2.93573210678e-10
3.6456630398e-10
4.16101968144e-10
4.75676532837e-10
5.36056597542e-10
5.93795879625e-10
6.23997903341e-10
6.54473545682e-10
1.40757100971e-10
1.93591599202e-10
2.45767245426e-10
3.08447585139e-10
3.59710573195e-10
4.16714600253e-10
4.74489371415e-10
5.36085237282e-10
6.2383485727e-10
7.12379454789e-10
1.34795855889e-10
2.45351453037e-10
3.54528409723e-10
4.48249909893e-10
5.41038855327e-10
6.21553524936e-10
7.03156823018e-10
7.71610791297e-10
7.99926749421e-10
8.28499239147e-10
1.39361320763e-10
2.07870621217e-10
2.75525603155e-10
3.4452040941e-10
4.33682407276e-10
5.10671038475e-10
5.88700623035e-10
6.63980455731e-10
7.86979865424e-10
9.11093602076e-10
1.11910827722e-10
2.71574770313e-10
4.29247685971e-10
5.90043121215e-10
6.94187297679e-10
8.00370482992e-10
9.07989357472e-10
9.89577457219e-10
1.01558146397e-09
1.04182105694e-09
1.37377843624e-10
2.28161863027e-10
3.17813795719e-10
4.09241175479e-10
4.99503927116e-10
6.44188082263e-10
7.51000822706e-10
8.57832689792e-10
9.63392635088e-10
1.19347686401e-09
7.93899982217e-11
3.08839484337e-10
5.35427710112e-10
7.66503239051e-10
9.94635261786e-10
1.05447879181e-09
1.19906716959e-09
1.34368143839e-09
1.48657395463e-09
1.34496258749e-09
2.63873767522e-10
3.17228201039e-10
3.69917298898e-10
4.23649840011e-10
4.26830681945e-10
4.70673793076e-10
5.15109701263e-10
5.93226600637e-10
6.55596330391e-10
7.18531105712e-10
3.15817322781e-10
3.78276738494e-10
4.39957278419e-10
5.02859326131e-10
5.36774997817e-10
6.03791148586e-10
6.71713416093e-10
7.59857366446e-10
8.4407237961e-10
9.29050348139e-10
5.125922363e-10
6.29160977388e-10
7.44276093447e-10
8.61670923832e-10
9.17390046631e-10
1.02014559373e-09
1.12429048535e-09
1.27273156429e-09
1.42521170112e-09
1.57907324886e-09
7.02509910907e-10
8.35299014072e-10
9.66432222508e-10
1.10016236403e-09
1.20799946222e-09
1.34408966974e-09
1.48201993542e-09
1.64988067555e-09
1.83297706216e-09
2.01773223104e-09
7.32885737218e-10
9.05444293582e-10
1.07585102576e-09
1.20753910039e-09
1.35188548393e-09
1.50682061718e-09
1.6638506084e-09
1.87457881781e-09
2.10687102948e-09
2.3412677185e-09
1.04500906039e-09
1.24009017244e-09
1.43273860156e-09
1.59546840811e-09
1.80251255926e-09
1.99978264562e-09
2.1997199954e-09
2.43818703503e-09
2.70886406671e-09
2.98199332733e-09
1.00292293189e-09
1.24411416505e-09
1.48229771699e-09
1.72519820336e-09
1.88449279416e-09
2.10339000075e-09
2.32524688826e-09
2.61232706407e-09
2.94245343198e-09
3.27557061678e-09
1.4648467275e-09
1.73628578593e-09
2.00433996943e-09
2.27770263876e-09
2.53127054918e-09
2.80353532573e-09
3.07948135924e-09
3.40449805634e-09
3.78253200776e-09
4.1639908002e-09
1.38665999801e-09
1.72538187713e-09
2.05987985715e-09
2.40100216126e-09
2.73777915186e-09
2.95114649319e-09
3.26512581228e-09
3.57916135473e-09
3.88945804415e-09
4.60326420906e-09
2.06145814918e-09
2.44140586825e-09
2.81661559745e-09
3.19925589723e-09
3.5770220154e-09
3.94571018694e-09
4.32966856049e-09
4.71369568834e-09
5.09315065542e-09
5.84367141954e-09
3.79189178943e-10
4.59052146324e-10
5.37919213714e-10
6.18348147082e-10
6.13714061621e-10
6.78146314284e-10
7.43449747133e-10
8.60059690003e-10
9.56675976774e-10
1.05416756964e-09
4.50797176892e-10
5.48796666558e-10
6.45574091804e-10
7.44268075799e-10
7.86845353037e-10
8.83560326931e-10
9.81582971524e-10
1.11033530141e-09
1.24412239453e-09
1.37912154683e-09
8.66773695293e-10
1.05645488118e-09
1.2437707218e-09
1.43479612395e-09
1.50788114387e-09
1.66992682031e-09
1.83416349546e-09
2.07624661875e-09
2.31804871485e-09
2.56204144418e-09
1.22709394055e-09
1.41940327143e-09
1.60931448379e-09
1.80298665584e-09
1.96461688539e-09
2.1738138636e-09
2.3858393672e-09
2.65891551013e-09
2.98809461546e-09
3.32025595584e-09
1.29863426692e-09
1.58558301776e-09
1.86895348611e-09
2.06657491065e-09
2.29985770244e-09
2.54836098279e-09
2.80022424398e-09
3.15344075565e-09
3.52383599715e-09
3.89758687591e-09
1.91467107408e-09
2.1905119786e-09
2.46291311668e-09
2.69157681916e-09
3.0077859569e-09
3.31660985323e-09
3.62960931766e-09
4.03051512358e-09
4.53275572543e-09
5.03954643239e-09
1.82801174181e-09
2.23419170132e-09
2.63530655204e-09
3.04436499264e-09
3.27066767746e-09
3.62515124648e-09
3.98442774216e-09
4.47387227829e-09
5.00189782706e-09
5.53470708256e-09
2.75750756033e-09
3.13574200674e-09
3.50925982798e-09
3.89017471363e-09
4.28650933489e-09
4.71745655019e-09
5.15423054726e-09
5.71183077876e-09
6.42621127959e-09
7.14706379075e-09
2.58028499561e-09
3.15589877795e-09
3.72433459309e-09
4.30402758553e-09
4.87633628277e-09
5.15532688435e-09
5.66724323958e-09
6.17925126217e-09
6.68516340552e-09
7.86114106041e-09
3.95522256712e-09
4.47896362568e-09
4.99617357561e-09
5.52362623712e-09
6.04436005571e-09
6.70813343534e-09
7.32079755773e-09
7.93357138809e-09
8.53904963887e-09
1.01419568789e-08
4.90793966135e-10
5.96312474646e-10
7.00515155746e-10
8.0678144372e-10
7.94583899931e-10
8.78942775853e-10
9.64442257265e-10
1.11830661283e-09
1.24806746945e-09
1.37900390911e-09
5.81433643498e-10
7.13829597101e-10
8.44574558594e-10
9.77908764419e-10
1.0288689337e-09
1.15432708072e-09
1.28148153118e-09
1.44953554243e-09
1.63129958299e-09
1.81471033529e-09
1.20955828819e-09
1.4699993035e-09
1.7271925907e-09
1.98947927693e-09
2.07937139339e-09
2.29879935886e-09
2.52119418156e-09
2.85390613151e-09
3.18215598106e-09
3.51337964697e-09
1.7347978829e-09
1.98471219706e-09
2.23151005223e-09
2.48319543759e-09
2.69688784084e-09
2.97683915695e-09
3.26057565874e-09
3.63548157876e-09
4.10604274684e-09
4.58086701664e-09
1.84617811629e-09
2.24383620906e-09
2.63653546165e-09
3.03701164349e-09
3.21732603046e-09
3.55638661809e-09
3.90003160023e-09
4.39115141948e-09
4.89520580563e-09
5.40382672907e-09
2.75634906638e-09
3.11035107132e-09
3.45993863231e-09
3.81644934812e-09
4.17427601573e-09
4.59106413877e-09
5.0134876003e-09
5.57160521094e-09
6.29795812054e-09
7.03089150585e-09
2.6265508088e-09
3.19241048039e-09
3.7512138196e-09
4.32108357669e-09
4.61223816622e-09
5.09794519392e-09
5.59021940375e-09
6.27551661118e-09
6.99507333252e-09
7.72114895874e-09
4.00857309773e-09
4.49016646557e-09
4.96575431111e-09
5.45076059327e-09
5.98526797206e-09
6.56979153582e-09
7.16221836737e-09
7.94491805039e-09
8.984822127e-09
1.00341473313e-08
3.73550147711e-09
4.5403844449e-09
5.33523043353e-09
6.1458173765e-09
6.94607883107e-09
7.28858106484e-09
7.99206522981e-09
8.69567536563e-09
9.39090844048e-09
1.10141858114e-08
5.78804935281e-09
6.45095676265e-09
7.10559764415e-09
7.77320288903e-09
8.43230398728e-09
9.38166731059e-09
1.02156778785e-08
1.10498377902e-08
1.18740663378e-08
1.43019319254e-08
6.07668195397e-10
7.40053576481e-10
8.70788097296e-10
1.00411165568e-09
9.83993543382e-10
1.08921988201e-09
1.19586897241e-09
1.38874671513e-09
1.55321706901e-09
1.71917746051e-09
7.18238136677e-10
8.86654590056e-10
1.05297087173e-09
1.2225808443e-09
1.28231970552e-09
1.43787814027e-09
1.59553986056e-09
1.80475118982e-09
2.03675741889e-09
2.27086553442e-09
1.56852752334e-09
1.9030693074e-09
2.23343931861e-09
2.57035190454e-09
2.67784466792e-09
2.95736423852e-09
3.24066315721e-09
3.66828299176e-09
4.08706224252e-09
4.5096354709e-09
2.26647316717e-09
2.57671229528e-09
2.88308270733e-09
3.19552041133e-09
3.46373311408e-09
3.81777944814e-09
4.17661279706e-09
4.6581564072e-09
5.27677502006e-09
5.90099807767e-09
2.41957435665e-09
2.93316895479e-09
3.44035897178e-09
3.95759326781e-09
4.1781128068e-09
4.61200638285e-09
5.05176657803e-09
5.68730083677e-09
6.33132511048e-09
6.9811839944e-09
3.63776705133e-09
4.07362054849e-09
4.50403890458e-09
4.9429811707e-09
5.39584213309e-09
5.92569203512e-09
6.46270596939e-09
7.18545817117e-09
8.14650489538e-09
9.11625833027e-09
3.46279305556e-09
4.19587174837e-09
4.91980886921e-09
5.65808268085e-09
6.01715117059e-09
6.64027739848e-09
7.27182883581e-09
8.1622259371e-09
9.08235701315e-09
1.001082412e-08
5.31870794158e-09
5.90854034274e-09
6.49101746894e-09
7.08502984347e-09
7.76423383381e-09
8.50958488367e-09
9.26501372903e-09
1.02834409786e-08
1.16642382909e-08
1.30575450915e-08
4.94526173295e-09
5.99023887608e-09
7.02218503924e-09
8.07456763624e-09
9.1135446826e-09
9.5225572628e-09
1.04266541495e-08
1.13309129302e-08
1.22244057617e-08
1.43161021931e-08
7.70741341721e-09
8.51605794509e-09
9.31461858672e-09
1.01289937469e-08
1.09329951632e-08
1.21814326158e-08
1.32472405453e-08
1.4313239326e-08
1.53665465089e-08
1.86583210154e-08
7.24428432054e-10
8.83654481261e-10
1.04089496411e-09
1.20124940275e-09
1.17321844723e-09
1.29929189561e-09
1.42706996685e-09
1.65892304524e-09
1.85806904266e-09
2.0590192256e-09
8.54909198383e-10
1.05931101915e-09
1.26116392672e-09
1.46701428468e-09
1.53552327559e-09
1.72115263992e-09
1.90929187496e-09
2.15962037968e-09
2.44181979382e-09
2.72657582522e-09
1.92714663991e-09
2.33571691898e-09
2.7391922817e-09
3.15065798137e-09
3.27573422499e-09
3.61528679072e-09
3.95943040294e-09
4.48186555423e-09
4.99108590887e-09
5.50491960247e-09
2.79762988502e-09
3.16813498962e-09
3.5340198548e-09
3.90715062301e-09
4.22983044921e-09
4.65789953306e-09
5.09175648384e-09
5.67983377565e-09
6.4463654263e-09
7.21984155648e-09
2.9924113383e-09
3.62182936381e-09
4.24339847728e-09
4.87727700815e-09
5.1379624853e-09
5.66659655496e-09
6.20237821776e-09
6.98218606219e-09
7.76604370465e-09
8.55700279341e-09
4.51832535033e-09
5.03595050632e-09
5.54712081966e-09
6.06841423696e-09
6.61621680298e-09
7.25901820984e-09
7.9105108517e-09
8.79773706922e-09
9.99324870079e-09
1.11995912042e-08
4.29821967827e-09
5.19835429619e-09
6.08726413637e-09
6.99377775065e-09
7.42069390116e-09
8.18110529822e-09
8.95179811981e-09
1.0047095072e-08
1.11676048737e-08
1.22982660597e-08
6.62756495297e-09
7.32553081712e-09
8.01479297014e-09
8.71770511857e-09
9.54146459147e-09
1.04474862653e-08
1.13657581413e-08
1.2619683042e-08
1.43410411018e-08
1.60779939981e-08
6.15384205611e-09
7.43867920009e-09
8.70749428351e-09
1.00014367005e-08
1.12788965088e-08
1.1754354565e-08
1.28588685069e-08
1.39635802309e-08
1.50551394476e-08
1.76147980697e-08
9.62490544092e-09
1.0579144943e-08
1.15214849735e-08
1.24824868977e-08
1.34312473045e-08
1.49784671861e-08
1.6275846395e-08
1.75734579219e-08
1.88556203096e-08
2.30104611264e-08
8.41067659537e-10
1.02710655946e-09
1.21082553383e-09
1.39818283818e-09
1.36224724023e-09
1.50914619262e-09
1.65803134682e-09
1.92881936722e-09
2.16260507069e-09
2.39850878199e-09
9.9143861553e-10
1.2317885088e-09
1.46914121246e-09
1.71119439662e-09
1.78846442795e-09
2.00413355664e-09
2.22271871983e-09
2.51412178657e-09
2.84646236604e-09
3.1818138223e-09
2.28539408713e-09
2.76791613877e-09
3.24442108734e-09
3.73036263463e-09
3.87300413514e-09
4.27252747839e-09
4.67745272529e-09
5.29460492765e-09
5.89417265389e-09
6.49917223124e-09
3.32823611721e-09
3.75894473923e-09
4.18428237734e-09
4.61804330806e-09
4.99513380851e-09
5.4971489257e-09
6.0059517246e-09
6.70045228761e-09
7.61474368042e-09
8.53731819874e-09
3.56465463728e-09
4.30977605188e-09
5.04560572045e-09
5.79600759721e-09
6.09681738493e-09
6.72009376008e-09
7.35179737478e-09
8.27572928117e-09
9.19927537043e-09
1.01311884291e-08
5.39797104728e-09
5.99728311475e-09
6.5891216948e-09
7.19268091533e-09
7.83532668843e-09
8.59096253829e-09
9.35681524312e-09
1.04083450171e-08
1.18380785589e-08
1.32807649322e-08
5.13278047295e-09
6.19979788085e-09
7.25350946426e-09
8.32808851907e-09
8.82278201369e-09
9.72033629892e-09
1.06300263e-08
1.19300107468e-08
1.32506916036e-08
1.45833373169e-08
7.93506547768e-09
8.74105273636e-09
9.53698924524e-09
1.03486883049e-08
1.13168534445e-08
1.23833792247e-08
1.34643253626e-08
1.49535038468e-08
1.70150697002e-08
1.90953125409e-08
7.36116981837e-09
8.88561837464e-09
1.03910568897e-08
1.19263087765e-08
1.34420041854e-08
1.39838388541e-08
1.5288562141e-08
1.65935190609e-08
1.78829393887e-08
2.091007521e-08
1.15404101946e-08
1.26400937776e-08
1.37260641853e-08
1.48335409111e-08
1.59269102815e-08
1.7772602937e-08
1.93013134271e-08
2.08302976589e-08
2.23410780681e-08
2.73580907217e-08
-6.75004742678e-10
-8.5230957395e-10
-1.02740339447e-09
-1.20596473432e-09
-1.12658220282e-09
-1.25120483061e-09
-1.37751246489e-09
-1.60811675039e-09
-1.81308394711e-09
-2.01990806715e-09
-8.11649931981e-10
-1.0468287278e-09
-1.27907481816e-09
-1.51592025879e-09
-1.52896578733e-09
-1.69860140588e-09
-1.87053064577e-09
-2.13236388227e-09
-2.44055331669e-09
-2.75153482789e-09
-2.2017710875e-09
-2.68462000419e-09
-3.16144774175e-09
-3.64771847049e-09
-3.7925707049e-09
-4.19600464918e-09
-4.60489337183e-09
-5.16294068204e-09
-5.71102615091e-09
-6.26407706161e-09
-3.38560315012e-09
-3.80842834723e-09
-4.2259808676e-09
-4.65180250583e-09
-4.9727453942e-09
-5.44642971203e-09
-5.92651865449e-09
-6.4825861025e-09
-7.36118252941e-09
-8.24773869928e-09
-3.55404985006e-09
-4.30752352812e-09
-5.05160130649e-09
-5.81041463681e-09
-6.15387480675e-09
-6.80425591705e-09
-7.46343074654e-09
-8.3114990215e-09
-9.16348924571e-09
-1.0023198171e-08
-5.66539028619e-09
-6.25441658157e-09
-6.83609765424e-09
-7.42929821036e-09
-8.02295018886e-09
-8.7659347832e-09
-9.5189651765e-09
-1.0335640069e-08
-1.17194541178e-08
-1.31158049854e-08
-5.21168188159e-09
-6.29688913809e-09
-7.36856374069e-09
-8.46146155036e-09
-9.04837660901e-09
-1.00014671486e-08
-1.09674443026e-08
-1.21710221473e-08
-1.33955407813e-08
-1.46311530793e-08
-8.45996806588e-09
-9.2527247398e-09
-1.00355956508e-08
-1.08339703643e-08
-1.17619109049e-08
-1.28350055156e-08
-1.39226093003e-08
-1.50587384795e-08
-1.70618515488e-08
-1.90831120457e-08
-7.56726424217e-09
-9.12388237332e-09
-1.06610893051e-08
-1.22287387433e-08
-1.37764190144e-08
-1.4544872583e-08
-1.59468319876e-08
-1.7349042437e-08
-1.87345584106e-08
-2.11792995279e-08
-1.24312101739e-08
-1.35134784383e-08
-1.45822506985e-08
-1.56721886883e-08
-1.67482427362e-08
-1.8617369188e-08
-2.01804193709e-08
-2.17437494446e-08
-2.328846678e-08
-2.75629694473e-08
6.87007913595e-11
1.15275382531e-10
1.34345466818e-10
1.47758529502e-10
1.64435230464e-10
1.82076138782e-10
2.0401780851e-10
2.2869733384e-10
2.48146555556e-10
2.90623004497e-10
8.12976365915e-11
1.37751922344e-10
1.58018617652e-10
1.74367188649e-10
2.00260965024e-10
2.27995879626e-10
2.5516864103e-10
2.88605687371e-10
3.1145722986e-10
3.65217433426e-10
6.88534453736e-11
9.85221820794e-11
1.27820946374e-10
1.60065311082e-10
1.84907022286e-10
2.15750966335e-10
2.47011947378e-10
2.89879429044e-10
3.38095990739e-10
3.86749375788e-10
7.75210746946e-11
1.26756375956e-10
1.75377707592e-10
2.19711165502e-10
2.67893699379e-10
3.14677392625e-10
3.62093642159e-10
4.11763668264e-10
4.37183380266e-10
4.62833385002e-10
4.48408064848e-11
8.36836331079e-11
1.22042085409e-10
1.70965603338e-10
2.03039180756e-10
2.45577242168e-10
2.88690455228e-10
3.44069284797e-10
4.17765490473e-10
4.64038830717e-10
4.23509253957e-11
1.1701746344e-10
1.90752901539e-10
2.59872973572e-10
3.27796978379e-10
3.91452446996e-10
4.55968593001e-10
5.20846451341e-10
5.48540827769e-10
6.75191014908e-10
-2.55317261421e-11
6.54944440461e-11
1.14958320355e-10
1.8432725191e-10
2.25265697591e-10
2.82138483512e-10
3.45274299202e-10
4.1049555959e-10
5.15424877244e-10
5.63884306419e-10
-2.64165901983e-11
1.05079441647e-10
2.09599913474e-10
3.09103577012e-10
4.0122680425e-10
4.85563803966e-10
5.77582571738e-10
6.54560830597e-10
6.85043505353e-10
8.53660652731e-10
-2.6422508927e-11
3.96466490636e-11
1.04891917384e-10
1.71429288583e-10
2.37119087711e-10
3.34093931737e-10
4.12381510781e-10
4.90683108551e-10
5.68052460998e-10
8.04869939254e-10
-6.2025001556e-11
8.8114884362e-11
2.36382509382e-10
3.8758639369e-10
5.36864199658e-10
6.1930099545e-10
7.34565221306e-10
8.49850087188e-10
9.63762391332e-10
9.13778046269e-10
1.52090479232e-10
2.22169976718e-10
2.62690448044e-10
2.77827072583e-10
3.07061243503e-10
3.40418810971e-10
3.84223632018e-10
4.31620596356e-10
4.75862371756e-10
5.54683278272e-10
1.81008258523e-10
2.68619260691e-10
3.16782474615e-10
3.44399056497e-10
3.91298445208e-10
4.40838001257e-10
4.93497732331e-10
5.56063917217e-10
6.15487432688e-10
7.19309066519e-10
3.19702206888e-10
4.05991673593e-10
4.91205101154e-10
5.52753733016e-10
6.24321530219e-10
7.03142613977e-10
7.83029427452e-10
8.92283372021e-10
1.00637679873e-09
1.12150386765e-09
4.60112035985e-10
5.61498536029e-10
6.61620735261e-10
7.40776773821e-10
8.4685680276e-10
9.5113954708e-10
1.05683228495e-09
1.173421563e-09
1.29871306162e-09
1.42513965263e-09
4.42430654981e-10
5.6880517654e-10
6.93603793909e-10
7.96260203685e-10
9.05323498453e-10
1.02441226807e-09
1.14511122159e-09
1.30029897332e-09
1.47626100548e-09
1.62578376235e-09
6.72917447177e-10
8.20905894186e-10
9.67048908976e-10
1.09185418059e-09
1.25035134802e-09
1.40312091624e-09
1.5579560621e-09
1.72022404926e-09
1.90385576153e-09
2.11882988915e-09
4.36133842542e-10
7.68383018862e-10
9.41705417286e-10
1.09475200644e-09
1.24977752403e-09
1.41822668276e-09
1.60480092487e-09
1.80044712976e-09
2.05224809763e-09
2.24247798046e-09
6.63415503093e-10
1.13888910741e-09
1.34144473482e-09
1.52220713083e-09
1.74495756479e-09
1.95716259456e-09
2.19906668791e-09
2.39049806468e-09
2.64564358722e-09
2.92461460521e-09
8.06657017066e-10
1.0519936369e-09
1.29427088208e-09
1.54134613231e-09
1.7852740673e-09
1.97785769311e-09
2.21967654613e-09
2.46153870095e-09
2.70052128665e-09
3.2335857414e-09
1.30446899007e-09
1.59075998936e-09
1.87348090839e-09
2.16180077003e-09
2.44644793079e-09
2.74448497954e-09
3.04516211043e-09
3.34589308268e-09
3.64304360383e-09
4.05976574141e-09
2.62516586812e-10
3.24302276681e-10
3.853174922e-10
4.47541039566e-10
4.43333080793e-10
4.91707109654e-10
5.40735197526e-10
6.25503361658e-10
6.93433149993e-10
7.61978355869e-10
4.00778377054e-10
5.19014876202e-10
6.30995995156e-10
6.83507787272e-10
7.70468390467e-10
8.76210611591e-10
9.90339025955e-10
1.11662523353e-09
1.2287658111e-09
1.46864036042e-09
5.59375327416e-10
6.99762996416e-10
8.38400015736e-10
9.27947371255e-10
1.04415954611e-09
1.16882032514e-09
1.2951666265e-09
1.46784943007e-09
1.64488482115e-09
1.82352408423e-09
8.25658068683e-10
9.76872363275e-10
1.12620099897e-09
1.23862822659e-09
1.40002634133e-09
1.55924647867e-09
1.72061941096e-09
1.9011466006e-09
2.12186046689e-09
2.34457391523e-09
8.22307354808e-10
1.03231391961e-09
1.23970167944e-09
1.39369711033e-09
1.57632012967e-09
1.76854917314e-09
1.96337732074e-09
2.21392737638e-09
2.48759915847e-09
2.73577143517e-09
1.27539140425e-09
1.49343517311e-09
1.70875991218e-09
1.88676953479e-09
2.13180471177e-09
2.36971822969e-09
2.61084854564e-09
2.86616780378e-09
3.19878963926e-09
3.4981527601e-09
1.14461113032e-09
1.43995698675e-09
1.73161984785e-09
2.02905873581e-09
2.22864600629e-09
2.50370066424e-09
2.78247430077e-09
3.12847453637e-09
3.52060383001e-09
3.916285663e-09
1.08469625088e-09
1.61372499323e-09
1.91201747391e-09
2.11749667121e-09
2.39050470451e-09
2.65123550361e-09
2.98543619467e-09
3.33290048818e-09
3.66326054968e-09
4.25838116929e-09
1.60262175868e-09
2.01923924005e-09
2.43066145559e-09
2.85023138579e-09
3.26445671417e-09
3.54838962527e-09
3.94645421976e-09
4.3445900945e-09
4.73798583217e-09
5.55409907248e-09
2.61008388399e-09
3.02646028618e-09
3.4376444288e-09
3.85697157135e-09
4.27095720477e-09
4.77498923274e-09
5.25281888081e-09
5.73073409243e-09
6.20295932793e-09
7.06559556287e-09
3.41276734507e-10
4.23148159139e-10
5.03998638096e-10
5.86450262076e-10
5.75219957089e-10
6.38127247008e-10
7.01885098287e-10
8.13147359066e-10
9.04002926443e-10
9.95681610032e-10
4.12786435612e-10
5.14669867826e-10
6.1528280243e-10
7.17888253363e-10
7.50478119668e-10
8.41013735805e-10
9.32773472341e-10
1.05892628661e-09
1.18711070354e-09
1.31645642158e-09
7.91336236045e-10
9.84081333078e-10
1.17442287754e-09
1.3685339039e-09
1.4504879964e-09
1.61951343904e-09
1.79082425291e-09
2.02489489895e-09
2.26284690518e-09
2.50295466433e-09
1.17944154554e-09
1.37888027378e-09
1.57583197914e-09
1.77668407255e-09
1.93539596689e-09
2.14778571946e-09
2.36304716651e-09
2.60545487089e-09
2.91852059984e-09
3.2344225829e-09
1.18996036598e-09
1.48090785857e-09
1.76822720391e-09
1.9719096667e-09
2.22572540265e-09
2.48874120913e-09
2.75531321843e-09
3.0981570057e-09
3.46639442921e-09
3.83796794099e-09
1.85847892862e-09
2.1443237762e-09
2.42660410708e-09
2.65610606879e-09
2.98489463157e-09
3.30521233355e-09
3.62986100991e-09
3.97523733126e-09
4.45205507942e-09
4.93319261149e-09
1.67859639622e-09
2.08992101884e-09
2.49611637816e-09
2.91035594064e-09
3.17601641677e-09
3.55424621762e-09
3.93759001488e-09
4.41376862043e-09
4.94171074898e-09
5.47443582851e-09
2.59370996975e-09
3.01057293646e-09
3.46604139711e-09
3.62527380968e-09
4.1957963527e-09
4.9009971939e-09
5.69075978764e-09
6.53486682202e-09
7.31567936435e-09
8.64866871338e-09
2.37297391288e-09
2.95536077292e-09
3.53048520474e-09
4.11699927374e-09
4.69604215871e-09
5.0683849139e-09
5.61766756772e-09
6.16704857997e-09
6.70988875661e-09
7.79994282657e-09
3.87368664615e-09
4.41596255758e-09
4.95147622872e-09
5.49759509429e-09
6.03675734149e-09
6.74015583345e-09
7.38943757744e-09
8.0388355864e-09
8.68050197464e-09
9.97470366409e-09
4.23755558132e-10
5.2666106946e-10
6.28283337737e-10
7.31918110965e-10
7.13333898299e-10
7.91460640066e-10
8.70643723442e-10
1.00965100487e-09
1.12451479648e-09
1.2404192095e-09
5.12158581489e-10
6.4139712809e-10
7.69024055793e-10
8.99178478977e-10
9.35471998027e-10
1.04712245081e-09
1.16028251498e-09
1.31792329175e-09
1.4815227022e-09
1.64660425986e-09
1.03424922479e-09
1.28182381616e-09
1.52631112514e-09
1.77564020676e-09
1.87600132474e-09
2.09148611733e-09
2.30988445205e-09
2.60824137966e-09
2.90998619107e-09
3.21446469346e-09
1.54992897914e-09
1.79986906719e-09
2.04669237484e-09
2.29840371675e-09
2.49604317506e-09
2.76411295675e-09
3.03580727542e-09
3.34301719528e-09
3.75279519832e-09
4.16628563117e-09
1.57497218669e-09
1.95068224896e-09
2.32170716541e-09
2.70007977733e-09
2.90579247387e-09
3.24293725434e-09
3.58464052595e-09
4.02413571162e-09
4.49140371199e-09
4.96290497926e-09
2.46909704563e-09
2.82594421325e-09
3.17834145743e-09
3.53771749877e-09
3.87826336043e-09
4.2848759763e-09
4.69698634896e-09
5.13667179555e-09
5.76449369488e-09
6.39800341718e-09
2.23779388192e-09
2.77057323109e-09
3.29670876315e-09
3.83326376706e-09
4.16811710829e-09
4.65439348681e-09
5.14724474558e-09
5.75974811853e-09
6.42991551183e-09
7.10615436185e-09
5.43830169472e-09
5.51003882515e-09
6.33914794015e-09
6.42062051238e-09
7.56080395602e-09
9.34046252895e-09
1.11020589859e-08
1.32547737771e-08
1.54947166459e-08
1.88015824291e-08
3.17969839619e-09
3.93568146886e-09
4.68223734943e-09
5.44357785772e-09
6.19522019278e-09
6.66014708031e-09
7.367787584e-09
8.07555480279e-09
8.7748954671e-09
1.01518245371e-08
5.19695066231e-09
5.87107045318e-09
6.53678389607e-09
7.21568098091e-09
7.88593008044e-09
8.79810816335e-09
9.62693714784e-09
1.04559145483e-08
1.12750222868e-08
1.30211658789e-08
5.06153936512e-10
6.3007301906e-10
7.52446817013e-10
8.77244078625e-10
8.51313130872e-10
9.44644480284e-10
1.03923775084e-09
1.20596299198e-09
1.34481159154e-09
1.48491810556e-09
6.11433805316e-10
7.6800078565e-10
9.22615358511e-10
1.08029188421e-09
1.12028544367e-09
1.25303013887e-09
1.38756965798e-09
1.57666768566e-09
1.77564754781e-09
1.97643009035e-09
1.27692528975e-09
1.57927589783e-09
1.87785616056e-09
2.18234944084e-09
2.3010996311e-09
2.5629984598e-09
2.82843838881e-09
3.19101889675e-09
3.55649429338e-09
3.92528075539e-09
1.92005505995e-09
2.22044725161e-09
2.51709351957e-09
2.81961450469e-09
3.05614355921e-09
3.37983906283e-09
3.70791121165e-09
4.07986014251e-09
4.58625609187e-09
5.09723979218e-09
1.95960848834e-09
2.4199984476e-09
2.87464729341e-09
3.33829990452e-09
3.58519624559e-09
3.9963976988e-09
4.41315895386e-09
4.94921126954e-09
5.51541325787e-09
6.08674481667e-09
3.07911959978e-09
3.50689983574e-09
3.92934560508e-09
4.36015739711e-09
4.77076074725e-09
5.26358410976e-09
5.76307087346e-09
6.29697346142e-09
7.0756522309e-09
7.86138552809e-09
2.79644595757e-09
3.45056157313e-09
4.09652029498e-09
4.75527144064e-09
5.15925016012e-09
5.7534677337e-09
6.35571964651e-09
7.10441482329e-09
7.91666876273e-09
8.73628140791e-09
1.05952665275e-08
1.04790655461e-08
1.16688024518e-08
1.16991654383e-08
1.35558893761e-08
1.81258512921e-08
2.24659385472e-08
2.75733010339e-08
3.26535265083e-08
4.07004660555e-08
3.98563604543e-09
4.91504601466e-09
5.83286613931e-09
6.76886257092e-09
7.69293601219e-09
8.25035673066e-09
9.1162006308e-09
9.98219957507e-09
1.08378880852e-08
1.25014123534e-08
6.51892404054e-09
7.32475911767e-09
8.12054534273e-09
8.93209114237e-09
9.73329923941e-09
1.08540532813e-08
1.18622543859e-08
1.28706360262e-08
1.38670120485e-08
1.60646567443e-08
5.88466918015e-10
7.33377793523e-10
8.76481614467e-10
1.02241943187e-09
9.89149363111e-10
1.09766956226e-09
1.20765704904e-09
1.40207152326e-09
1.56488007314e-09
1.72916360535e-09
7.10606141267e-10
8.94473232412e-10
1.0760474807e-09
1.26121758528e-09
1.30490735046e-09
1.4587244262e-09
1.6146212428e-09
1.8351439194e-09
2.06946756529e-09
2.30591409255e-09
1.5193498476e-09
1.87641970306e-09
2.22903685813e-09
2.58863716543e-09
2.72575736971e-09
3.03402213146e-09
3.34645490132e-09
3.77319242889e-09
4.20233236099e-09
4.63536013447e-09
2.2897975457e-09
2.64058955288e-09
2.98700714513e-09
3.34028511485e-09
3.61566346076e-09
3.99492703636e-09
4.37931858589e-09
4.81593943287e-09
5.41885319466e-09
6.02722912136e-09
2.34384615667e-09
2.88882825151e-09
3.42701435965e-09
3.97585858658e-09
4.26389588985e-09
4.74907726417e-09
5.24081871334e-09
5.87332808816e-09
6.53836153022e-09
7.20941991741e-09
3.68850993248e-09
4.18714972244e-09
4.67957141934e-09
5.18174492675e-09
5.66233315846e-09
6.24127791964e-09
6.82805051833e-09
7.45607260194e-09
8.38545189497e-09
9.32325100402e-09
3.35451905165e-09
4.12984518186e-09
4.89550290991e-09
5.67632355445e-09
6.1493560113e-09
6.85140291073e-09
7.56294209582e-09
8.44768792856e-09
9.40188115703e-09
1.03647190062e-08
1.96304667357e-08
2.00876861241e-08
2.28008174905e-08
2.52476190092e-08
2.81704311537e-08
3.37707302524e-08
3.93255277312e-08
4.50147708687e-08
5.10571345051e-08
6.08753469481e-08
4.79073842873e-09
5.89339555657e-09
6.9823024287e-09
8.09277377195e-09
9.1890996135e-09
9.8389183032e-09
1.08628016393e-08
1.18868683193e-08
1.28987426378e-08
1.48485650797e-08
7.83952733842e-09
8.77694119338e-09
9.70266539443e-09
1.0646722433e-08
1.1578753803e-08
1.29078676378e-08
1.4095254963e-08
1.52828549102e-08
1.64563154972e-08
1.91049933655e-08
-4.00711205517e-10
-5.29793130454e-10
-6.57265389582e-10
-7.87262081167e-10
-7.13894550411e-10
-7.90375521116e-10
-8.6789058117e-10
-1.00225123538e-09
-1.11426556573e-09
-1.22729470248e-09
-5.19066007571e-10
-6.77984819102e-10
-8.34921895566e-10
-9.9496691922e-10
-9.63849507587e-10
-1.05769138959e-09
-1.15280209558e-09
-1.33739337859e-09
-1.51646580057e-09
-1.69716054926e-09
-1.18997985443e-09
-1.50306932367e-09
-1.81225453278e-09
-2.12756277746e-09
-2.29028901144e-09
-2.57615256358e-09
-2.86588123998e-09
-3.1452588476e-09
-3.45420114546e-09
-3.76594234074e-09
-1.95484693414e-09
-2.3071058055e-09
-2.65497196997e-09
-3.00972719911e-09
-3.19352117942e-09
-3.50786261165e-09
-3.82645421388e-09
-3.99953461585e-09
-4.40296535005e-09
-4.81005101028e-09
-1.88904637203e-09
-2.36511395194e-09
-2.83524491675e-09
-3.31468625132e-09
-3.68652410549e-09
-4.15784080119e-09
-4.63553010921e-09
-5.04335130414e-09
-5.52671551607e-09
-6.01445882035e-09
-3.22653861195e-09
-3.7500415363e-09
-4.26701632158e-09
-4.79422916129e-09
-5.16837323161e-09
-5.67801426548e-09
-6.19454609008e-09
-6.35743114028e-09
-6.95957923674e-09
-7.56718256146e-09
-2.74596661941e-09
-3.42181381886e-09
-4.08923312936e-09
-4.76986986443e-09
-5.39803809174e-09
-6.0966844473e-09
-6.80477711021e-09
-7.37004528312e-09
-8.06721700263e-09
-8.7707048276e-09
-4.78538647508e-09
-5.51880146439e-09
-6.24307068807e-09
-6.98168317945e-09
-7.58915961818e-09
-8.33820016371e-09
-9.09736838995e-09
-9.24775591216e-09
-1.00934930333e-08
-1.09468922048e-08
-3.96369539202e-09
-4.92343994553e-09
-5.87121637886e-09
-6.83776236728e-09
-7.79199621635e-09
-8.85188331282e-09
-9.88739126952e-09
-1.09230846516e-08
-1.19464472468e-08
-1.26874754695e-08
-7.00059133321e-09
-8.03230241482e-09
-9.05114794572e-09
-1.00901704684e-08
-1.11159576249e-08
-1.21184643349e-08
-1.32224316582e-08
-1.43265966656e-08
-1.54176156749e-08
-1.57496374876e-08
4.87476277537e-11
6.1759572518e-11
7.46092568993e-11
8.77134135912e-11
9.76372837671e-11
1.10625175275e-10
1.23788674391e-10
1.43443230861e-10
1.55815373269e-10
1.6829960249e-10
2.4589981772e-11
5.68615417876e-11
7.22605031317e-11
8.52800446595e-11
9.89430799067e-11
1.12581344439e-10
1.24425344633e-10
1.32107590144e-10
1.42795919506e-10
1.80785099799e-10
-4.18887302549e-12
1.51014408114e-11
3.41512023121e-11
5.82043905994e-11
7.04489149677e-11
9.14360057041e-11
1.1270686019e-10
1.48009193751e-10
1.85449104546e-10
2.23228206415e-10
1.57692841613e-12
2.95540050733e-11
5.7182204506e-11
8.74791988304e-11
1.19685430613e-10
1.53678252413e-10
1.88130686776e-10
2.29731456904e-10
2.50368857191e-10
2.71193224323e-10
-5.10754880014e-11
-2.62243329859e-11
-1.68307460798e-12
3.34836215365e-11
4.63677883168e-11
7.44398840839e-11
1.02891539041e-10
1.52053332311e-10
2.11696123677e-10
2.52098941121e-10
-5.00940050981e-11
-1.13165261566e-11
2.69773933555e-11
7.14960372504e-11
1.14555101431e-10
1.61351369055e-10
2.08780362984e-10
2.70082111385e-10
2.97154906117e-10
3.79577486481e-10
-1.08549403133e-10
-7.68817331245e-11
-4.56089624455e-11
-1.37168727251e-11
1.6848987906e-11
5.36059285495e-11
9.08598550511e-11
1.57010663449e-10
2.43869889064e-10
3.31516025583e-10
-2.74778267292e-11
5.23210678287e-11
1.03535474568e-10
1.33710986621e-10
2.02076033184e-10
2.36018958308e-10
2.6361648734e-10
2.90950893852e-10
3.40017713945e-10
4.2078489809e-10
-1.90222861478e-10
-1.488685649e-10
-1.08029960951e-10
-6.63825983124e-11
-2.52657516949e-11
2.39997812111e-11
7.37621988553e-11
1.23533527309e-10
1.72712286908e-10
4.16263014496e-10
-2.03440001334e-10
-1.32609715613e-10
-6.26626913492e-11
8.66954832977e-12
7.909313753e-11
1.84123199091e-10
2.7006327302e-10
3.56018735987e-10
4.4095082803e-10
4.82593505044e-10
4.36729441033e-11
8.49678140007e-11
1.06917350376e-10
1.19589180959e-10
1.34442662353e-10
1.5150470839e-10
1.76248872528e-10
1.99012422813e-10
2.18011607438e-10
2.56197907237e-10
5.5663323727e-11
1.10808818859e-10
1.39084329932e-10
1.57988660112e-10
1.81210707117e-10
2.03775884281e-10
2.27416217244e-10
2.57066031959e-10
2.80916136767e-10
3.30201919714e-10
1.26812177475e-10
1.82822369799e-10
2.38134108862e-10
2.83043646349e-10
3.31253013806e-10
3.86139634219e-10
4.41768369554e-10
5.1183517975e-10
5.87541896348e-10
6.63934486443e-10
2.17714161064e-10
2.87698057986e-10
3.56809248014e-10
4.12836015518e-10
4.85714143301e-10
5.58189424421e-10
6.31644634477e-10
6.96962450449e-10
7.64449061072e-10
8.32547074219e-10
1.51975572745e-10
2.32166059498e-10
3.11356562057e-10
3.84981306982e-10
4.58761512981e-10
5.42003918961e-10
6.26371834785e-10
7.26019128834e-10
8.45650981491e-10
9.41887775132e-10
3.00825833964e-10
4.0172161593e-10
5.01359216393e-10
5.88239953072e-10
6.98190136781e-10
8.06459186856e-10
9.16192128806e-10
1.00226106349e-09
1.09884745634e-09
1.23529977592e-09
1.82821025012e-10
2.92651872677e-10
4.01113117587e-10
5.11722305028e-10
6.15062253904e-10
7.33063364772e-10
8.52659953456e-10
9.88567195453e-10
1.16204276328e-09
1.33708995249e-09
1.3752435316e-11
2.10463491827e-10
3.29412034403e-10
4.88456524134e-10
6.1449902566e-10
7.45025506229e-10
8.35638201181e-10
8.84032550132e-10
9.55496759307e-10
1.08625066349e-09
2.26654036127e-10
3.78605396668e-10
5.28661907023e-10
6.81690103357e-10
8.32768982741e-10
1.00456889303e-09
1.17422727999e-09
1.34391604717e-09
1.51158452915e-09
1.86390727374e-09
5.47479830958e-10
7.40114110474e-10
9.30346219327e-10
1.12434564284e-09
1.31587384618e-09
1.54325977215e-09
1.76065566037e-09
1.97809047702e-09
2.19293655224e-09
2.27586006327e-09
1.0035736346e-10
1.61413550161e-10
2.07688232591e-10
2.24374806522e-10
2.44446415136e-10
2.70282858444e-10
3.00759894064e-10
3.45784453327e-10
3.87323784901e-10
4.55884094334e-10
1.22539927908e-10
2.00282139322e-10
2.516279061e-10
2.75200281707e-10
3.10439025602e-10
3.50985448449e-10
3.97564877197e-10
4.51018679076e-10
4.99384573283e-10
5.91360423927e-10
2.51976959539e-10
3.43071111653e-10
4.33029309668e-10
4.97866018671e-10
5.80437948338e-10
6.67713829965e-10
7.56169757542e-10
8.59452241391e-10
9.71720927456e-10
1.08500672428e-09
4.24222196815e-10
5.34341455124e-10
6.43087514164e-10
7.23697759742e-10
8.35435797271e-10
9.44679093727e-10
1.05539945472e-09
1.14337769107e-09
1.25562631833e-09
1.36889187462e-09
3.45980442699e-10
4.79044821455e-10
6.10449872766e-10
7.2081931001e-10
8.52782556895e-10
9.88737363484e-10
1.12653039749e-09
1.27441399712e-09
1.45136231979e-09
1.60094561283e-09
6.36111734423e-10
7.96358367627e-10
9.54606707683e-10
1.08196225041e-09
1.25582346663e-09
1.42282660616e-09
1.59208777362e-09
1.70182048398e-09
1.86482355309e-09
2.05289851621e-09
1.1636313243e-10
5.04851854249e-10
7.21409466648e-10
8.49553930761e-10
9.84835196582e-10
1.12527751186e-09
1.30623149693e-09
1.48993259644e-09
1.71230054491e-09
1.95335251979e-09
2.78996612406e-10
6.49362470579e-10
8.52811857898e-10
1.01379769899e-09
1.20286905578e-09
1.36836772451e-09
1.54665950798e-09
1.76792863647e-09
2.00142341248e-09
2.34844869071e-09
6.24958521755e-10
8.82579702156e-10
1.13698831809e-09
1.39643518605e-09
1.65257714557e-09
1.94145236619e-09
2.22566519993e-09
2.50992892684e-09
2.79080825882e-09
3.24705708454e-09
1.26494520087e-09
1.57395694667e-09
1.879115282e-09
2.19031690558e-09
2.49755435384e-09
2.84184503015e-09
3.18484020389e-09
3.52789679677e-09
3.866869017e-09
3.98923424681e-09
1.9175950288e-10
2.49983843631e-10
3.07482120446e-10
3.66119080433e-10
3.55856014247e-10
3.97311718163e-10
4.39327939309e-10
5.07988105298e-10
5.59938383437e-10
6.12359310953e-10
2.44139227726e-10
3.15510138552e-10
3.85991046267e-10
4.57867742307e-10
4.72087305639e-10
5.27700390892e-10
5.84065413504e-10
6.68317030787e-10
7.42921824084e-10
8.18202507879e-10
3.73114183904e-10
4.98163362655e-10
6.21653164386e-10
7.47588530868e-10
8.21604599413e-10
9.40227519226e-10
1.06045432425e-09
1.19588366639e-09
1.34353782931e-09
1.49252968169e-09
6.24085208181e-10
7.73048350504e-10
9.2015390605e-10
1.07017270752e-09
1.17390409294e-09
1.31873228196e-09
1.46551867427e-09
1.57542816303e-09
1.73099845284e-09
1.88797814915e-09
5.33742615669e-10
7.17979508076e-10
8.99918946161e-10
1.04585070345e-09
1.23412477485e-09
1.42109580017e-09
1.61059483663e-09
1.80516259193e-09
2.03758305279e-09
2.27210915291e-09
9.6060879087e-10
1.17829648109e-09
1.39326958186e-09
1.5597975306e-09
1.7955132474e-09
2.01936052834e-09
2.24623441953e-09
2.37886945158e-09
2.6061520383e-09
2.83549371713e-09
6.0177559847e-10
1.00926021384e-09
1.30586245898e-09
1.47432579251e-09
1.6110596421e-09
1.81487255973e-09
2.12170882471e-09
2.44526683139e-09
2.78115280252e-09
3.2516214842e-09
8.37653624862e-10
1.28045563229e-09
1.62044515733e-09
1.74500251631e-09
1.96196869198e-09
2.20529434434e-09
2.52458566141e-09
2.96396963553e-09
3.2659967224e-09
3.81292121827e-09
1.01044634865e-09
1.37033710094e-09
1.72573997595e-09
2.08818117097e-09
2.44600548635e-09
2.84818876296e-09
3.24326990563e-09
3.63842179431e-09
4.02886907273e-09
4.5856998417e-09
1.9593239395e-09
2.38096835251e-09
2.79735481329e-09
3.22198729955e-09
3.6412106957e-09
4.0986443563e-09
4.5631972764e-09
5.02783338263e-09
5.48693761148e-09
5.64747540275e-09
2.39842920868e-10
3.13268562438e-10
3.85778578179e-10
4.59724566251e-10
4.42674253215e-10
4.93701398118e-10
5.45418474471e-10
6.30555294614e-10
6.95812523955e-10
7.6166095849e-10
3.060790263e-10
3.96139666123e-10
4.85077239858e-10
5.75776113653e-10
5.88624290533e-10
6.56366761356e-10
7.25025169397e-10
8.31095393684e-10
9.26287985505e-10
1.0223429853e-09
4.99970926245e-10
6.6057832492e-10
8.19182931661e-10
9.80928508993e-10
1.07415798155e-09
1.22560799615e-09
1.37910574688e-09
1.54819976757e-09
1.73291013962e-09
1.91929391602e-09
8.33384791105e-10
1.0230258391e-09
1.21030204235e-09
1.40128702217e-09
1.52835323604e-09
1.71044646536e-09
1.89500175378e-09
2.02787798336e-09
2.22881537657e-09
2.43157318466e-09
7.30370016723e-10
9.68195543119e-10
1.20305535903e-09
1.44256628685e-09
1.63347214094e-09
1.87386812584e-09
2.11751447387e-09
2.36097058647e-09
2.6514823135e-09
2.94462596412e-09
1.30042703993e-09
1.57826787802e-09
1.85264401028e-09
2.13245382685e-09
2.36068458777e-09
2.64405991749e-09
2.93126672853e-09
3.08788541993e-09
3.38248249438e-09
3.67974850409e-09
1.36979261669e-09
1.5645946027e-09
1.84271369942e-09
1.82457444713e-09
1.97207036839e-09
2.23494302041e-09
2.6397700108e-09
3.16111307521e-09
3.77528022941e-09
4.66157387668e-09
1.45462033857e-09
1.81267093094e-09
2.1672426887e-09
2.25173282009e-09
2.44108291821e-09
2.8029724138e-09
3.37678974751e-09
4.10474827639e-09
4.81969699664e-09
6.01279240146e-09
1.41413505943e-09
1.88112406164e-09
2.34228965961e-09
2.8125880792e-09
3.27689570296e-09
3.79773689781e-09
4.30892101849e-09
4.82019667541e-09
5.32538517251e-09
5.98754688106e-09
2.68648790742e-09
3.22608296126e-09
3.75894920541e-09
4.30236821494e-09
4.83886499763e-09
5.41478371088e-09
6.00663375034e-09
6.59858977065e-09
7.18349806464e-09
7.38401074241e-09
2.87879440971e-10
3.7649155686e-10
4.63998669912e-10
5.53238754499e-10
5.29407814515e-10
5.89997064954e-10
6.51405534842e-10
7.53002938728e-10
8.31554140412e-10
9.10816985526e-10
3.67958412249e-10
4.7669055215e-10
5.84066790301e-10
6.9356948375e-10
7.05047611751e-10
7.84907637817e-10
8.65847441005e-10
9.93714991643e-10
1.1094753018e-09
1.22628435548e-09
6.26703939594e-10
8.22834876689e-10
1.01652003942e-09
1.21404090032e-09
1.32646503721e-09
1.51071012887e-09
1.69744637468e-09
1.90017223927e-09
2.12190267789e-09
2.34564190832e-09
1.04248023489e-09
1.27275951359e-09
1.50016718435e-09
1.73207838637e-09
1.8824566692e-09
2.10177859259e-09
2.32406593945e-09
2.47988650936e-09
2.72614675744e-09
2.97463802788e-09
9.26805638374e-10
1.21816753139e-09
1.50589610955e-09
1.7993228009e-09
2.03243000588e-09
2.32619884263e-09
2.62393968997e-09
2.91623647689e-09
3.26478281109e-09
3.61648683993e-09
1.63991384922e-09
1.97784916515e-09
2.3115703905e-09
2.65190055727e-09
2.92530469152e-09
3.26815000968e-09
3.61563089521e-09
3.79620985363e-09
4.15805576101e-09
4.52317985201e-09
2.54673679419e-09
2.64336810714e-09
3.1490798587e-09
3.22942489599e-09
3.52776436258e-09
4.04206711559e-09
4.75174542563e-09
5.61524575115e-09
6.71118864521e-09
8.42120172399e-09
3.03144302923e-09
2.94806838125e-09
3.47790968818e-09
3.72458836442e-09
4.51806630465e-09
5.5951141704e-09
6.93177361847e-09
8.65148440386e-09
1.02086446548e-08
1.23762322784e-08
1.81743003475e-09
2.39141282923e-09
2.9582379951e-09
3.53628844133e-09
4.10697551558e-09
4.74635889636e-09
5.37353275469e-09
6.00081891919e-09
6.62063672278e-09
7.38802663698e-09
3.41294264015e-09
4.07037329236e-09
4.71960571199e-09
5.38169538703e-09
6.03535117435e-09
6.72963937653e-09
7.44866237684e-09
8.16781413049e-09
8.87840378735e-09
9.11885236233e-09
3.35866176492e-10
4.39649027585e-10
5.42137695104e-10
6.46656025551e-10
6.16051485995e-10
6.86192931899e-10
7.57282751254e-10
8.75323679294e-10
9.67155075579e-10
1.05981842871e-09
4.29773667005e-10
5.57157956021e-10
6.82953748937e-10
8.11240773943e-10
8.21350272971e-10
9.13315295764e-10
1.00652376578e-09
1.15616605223e-09
1.29247276454e-09
1.4300143628e-09
7.5330560808e-10
9.84923267345e-10
1.21365262891e-09
1.44691169622e-09
1.57851060429e-09
1.79551678452e-09
2.01545707735e-09
2.25177993013e-09
2.51049206809e-09
2.7715480377e-09
1.25135897418e-09
1.52223436653e-09
1.78973191293e-09
2.06252692163e-09
2.23619311302e-09
2.49270514701e-09
2.75268544717e-09
2.93142657813e-09
3.22296270891e-09
3.51714004398e-09
1.12303767606e-09
1.46788045113e-09
1.80842299886e-09
2.15570957596e-09
2.43097439477e-09
2.77806076827e-09
3.12984005189e-09
3.47092689515e-09
3.87744769002e-09
4.28765140567e-09
1.97904881769e-09
2.37701633012e-09
2.77002114389e-09
3.17080893816e-09
3.48933962849e-09
3.89159330098e-09
4.29928579354e-09
4.50380018678e-09
4.93282523106e-09
5.36573707589e-09
4.69945434762e-09
4.10987361276e-09
4.6020725549e-09
4.64965948196e-09
5.32122142891e-09
6.71079362652e-09
8.4879870847e-09
1.06975581916e-08
1.31594059016e-08
1.66659565176e-08
5.76393295819e-09
4.98497387474e-09
5.40808651308e-09
5.32785578518e-09
6.3819963803e-09
8.24178323946e-09
1.04716707705e-08
1.30379492105e-08
1.60534045266e-08
2.06297133078e-08
2.22030703909e-09
2.9011727385e-09
3.57354796773e-09
4.25923876744e-09
4.93619504156e-09
5.69399775229e-09
6.43704113764e-09
7.18021757757e-09
7.91454588694e-09
8.78705494931e-09
4.13864448227e-09
4.91378860917e-09
5.67926660352e-09
6.45990395494e-09
7.23059732443e-09
8.04313233855e-09
8.8891964989e-09
9.73541216146e-09
1.05715529262e-08
1.08518960093e-08
-1.26417668356e-10
-2.07276686957e-10
-2.87127384698e-10
-3.68559428015e-10
-3.01206898e-10
-3.29546211621e-10
-3.58268697449e-10
-3.96385720381e-10
-4.15447184357e-10
-4.34681337805e-10
-2.26482083162e-10
-3.09140910401e-10
-3.90768972968e-10
-4.74013579652e-10
-3.98733227844e-10
-4.16781373299e-10
-4.35073545404e-10
-5.42422874911e-10
-5.92378284451e-10
-6.42786270632e-10
-1.78188621347e-10
-3.21518643145e-10
-4.63061323799e-10
-6.0740708443e-10
-7.88007317967e-10
-9.56300477984e-10
-1.12686910813e-09
-1.12757701316e-09
-1.19737614e-09
-1.26780761987e-09
-5.24090718154e-10
-8.05783263767e-10
-1.08396307234e-09
-1.36765189238e-09
-1.41429696464e-09
-1.56929551127e-09
-1.72638977327e-09
-1.5164831292e-09
-1.44474817069e-09
-1.37236332127e-09
-2.24042893996e-10
-4.22704375769e-10
-6.18888527003e-10
-8.18957865825e-10
-1.21917340422e-09
-1.51142568533e-09
-1.80762947188e-09
-1.77520358677e-09
-1.88994178643e-09
-2.0057194697e-09
-7.87686937719e-10
-1.24566649103e-09
-1.69793498892e-09
-2.15916011222e-09
-2.31379627437e-09
-2.59009374775e-09
-2.87012700367e-09
-2.37922221157e-09
-2.19970435565e-09
-2.01856013756e-09
-2.80251357244e-10
-5.4673849963e-10
-8.09902518027e-10
-1.0782781785e-09
-1.74769957447e-09
-2.19190174596e-09
-2.64210991777e-09
-2.56906841894e-09
-2.73889322399e-09
-2.91025657594e-09
-1.11080488428e-09
-1.78487818897e-09
-2.45054572538e-09
-3.12939599462e-09
-3.41640833146e-09
-3.84139481183e-09
-4.27212747964e-09
-3.4367733448e-09
-3.12513451785e-09
-2.81067236397e-09
-3.60126541859e-10
-7.22997517749e-10
-1.08134345264e-09
-1.44678599126e-09
-1.80757341826e-09
-3.15889404263e-09
-3.82795055139e-09
-4.49712686614e-09
-5.15833608305e-09
-4.19565141112e-09
-1.56997249256e-09
-2.55112639131e-09
-3.52004519298e-09
-4.50815224854e-09
-5.4836725137e-09
-5.61955948183e-09
-6.26444394549e-09
-6.90944388671e-09
-7.54676456983e-09
-3.93630552781e-09
-6.79974969532e-12
8.24376250502e-12
1.48730469806e-11
2.44713431289e-11
3.08393370702e-11
3.91742117686e-11
4.86864161975e-11
5.81891278827e-11
6.34841909826e-11
8.02597134717e-11
-5.49435671518e-12
1.36443841281e-11
2.45502036353e-11
3.66822190312e-11
5.06945104848e-11
6.20342327817e-11
7.05200441399e-11
7.97428453513e-11
8.36345675952e-11
1.08037277697e-10
-7.72311914246e-11
-6.83193004565e-11
-5.95185417495e-11
-4.36565298829e-11
-4.40091923502e-11
-3.28789549271e-11
-2.15982269981e-11
6.13895845845e-12
3.2802218353e-11
5.97070370435e-11
-7.43672178623e-11
-6.7648365809e-11
-6.10132985801e-11
-4.47527678411e-11
-2.85228381522e-11
-7.32088779911e-12
1.41677313927e-11
4.7699245544e-11
6.35543341166e-11
7.95530636438e-11
-1.46991782488e-10
-1.3613229908e-10
-1.25408234625e-10
-1.03998360265e-10
-1.10303604123e-10
-9.66974740005e-11
-8.29073771463e-11
-3.99626201744e-11
5.62675688106e-12
4.0159051526e-11
-1.42538935592e-10
-1.39650515753e-10
-1.36798114828e-10
-1.16880899071e-10
-9.86867755164e-11
-6.8749708885e-11
-3.84078670332e-11
1.9317771429e-11
4.57689844641e-11
8.39639580544e-11
-2.35517370013e-10
-2.19257910295e-10
-2.06176245246e-10
-1.77965765249e-10
-1.91567721779e-10
-1.74926626413e-10
-1.3493404223e-10
-9.64742326922e-11
-2.76850991168e-11
1.70707916179e-11
-2.53969559763e-10
-2.27911215685e-10
-2.29695631519e-10
-2.05296027675e-10
-1.84694182608e-10
-1.44049554087e-10
-7.02594272183e-11
-1.54724226474e-11
2.39675881159e-11
7.01035618966e-11
-3.54023214029e-10
-3.37383778864e-10
-3.20951839287e-10
-3.04194485208e-10
-2.876505911e-10
-2.86094369315e-10
-2.6485711307e-10
-2.43616053932e-10
-2.22627887182e-10
2.76560897383e-11
-3.44855001111e-10
-3.53334315588e-10
-3.6170789208e-10
-3.70247297031e-10
-3.78677924598e-10
-2.51054597269e-10
-1.94438675265e-10
-1.37812615214e-10
-8.18607352717e-11
5.14089638195e-11
6.10161622915e-12
3.20535280764e-11
4.82367463357e-11
5.80784057817e-11
6.75223666186e-11
7.99088467613e-11
9.51605113532e-11
1.08408587794e-10
1.16394454487e-10
1.36951733539e-10
1.60032944187e-11
4.9304305086e-11
7.04328670063e-11
8.51995671608e-11
1.00345339989e-10
1.149317066e-10
1.29615169949e-10
1.48477018758e-10
1.58317538843e-10
1.89495067263e-10
-6.6077851938e-11
-4.03469339953e-11
-1.49368834307e-11
1.33335596817e-11
3.81844973935e-11
6.91366544615e-11
1.00507311657e-10
1.3138698748e-10
1.68706993963e-10
2.06365105234e-10
-2.46837138578e-11
1.38975799438e-11
5.19977607663e-11
8.48952572159e-11
1.24571483843e-10
1.65239301761e-10
2.06456984004e-10
2.20503337901e-10
2.30185060527e-10
2.39954495807e-10
-1.38479509492e-10
-1.04473057544e-10
-7.08906697952e-11
-2.62975897211e-11
1.21995275083e-11
5.95955698532e-11
1.07632447979e-10
1.51739284344e-10
2.15040957499e-10
2.57991787911e-10
-7.12657792493e-11
-1.7462662325e-11
3.56695238108e-11
8.46257255504e-11
1.46028925543e-10
2.09797457475e-10
2.7442819551e-10
2.84298077713e-10
2.93839151162e-10
3.51769662694e-10
-2.6043852987e-10
-1.83079273508e-10
-1.39479182113e-10
-7.48777083439e-11
-1.96530162218e-11
4.79000467849e-11
1.24225093349e-10
1.76687261146e-10
2.7183742893e-10
3.27681516186e-10
-1.48874110683e-10
-5.59042496223e-11
1.56542656073e-11
8.4295331896e-11
1.72331596013e-10
2.64417132221e-10
3.18875994677e-10
3.62498081354e-10
3.71866746134e-10
4.45200490367e-10
-3.53348944812e-10
-2.94782843561e-10
-2.36947068038e-10
-1.77965925594e-10
-1.19736101819e-10
3.1280092951e-11
1.28778013839e-10
2.26293393393e-10
3.22647771651e-10
4.94228806074e-10
-2.09509328153e-10
-1.10531768413e-10
-1.27884697345e-11
8.68905156368e-11
1.85299761572e-10
3.42034564755e-10
4.76149210302e-10
6.10287871365e-10
7.42829500656e-10
4.9195438514e-10
3.07664184174e-11
7.00081981279e-11
1.00021144243e-10
1.1268712992e-10
1.25404601647e-10
1.37668631659e-10
1.61710644452e-10
1.84588799553e-10
2.03056215294e-10
2.40264763709e-10
3.88904399425e-11
8.75514582171e-11
1.19254662608e-10
1.37509520004e-10
1.56584892268e-10
1.78105158812e-10
2.03661880451e-10
2.30429146176e-10
2.59389425831e-10
3.04795280034e-10
-5.54214083386e-11
-1.36207731091e-11
2.76586035994e-11
6.77846660882e-11
1.16716350569e-10
1.66607334792e-10
2.17172888583e-10
2.51055052709e-10
2.98557033758e-10
3.46489364336e-10
2.27863249484e-11
9.18105469723e-11
1.59974029352e-10
2.08767292893e-10
2.70845253211e-10
3.30111708789e-10
3.90179498476e-10
3.85608781536e-10
3.89392169758e-10
3.9320983401e-10
-1.3034646941e-10
-7.42242766995e-11
-1.88019339074e-11
4.79415096918e-11
1.29244984122e-10
2.08925553829e-10
2.89683474252e-10
3.3490061785e-10
4.15125481106e-10
4.66119790487e-10
-3.16793540344e-12
9.92815621433e-11
2.00453503182e-10
2.77154966032e-10
3.79842221495e-10
4.75934982623e-10
5.73327001592e-10
5.37473164177e-10
5.30857466914e-10
6.07644272315e-10
-1.42426404298e-10
2.0701182493e-11
1.27072767989e-10
2.39847835107e-10
3.43363597041e-10
4.44706378431e-10
5.63502776366e-10
6.17884711662e-10
7.5195921331e-10
8.51354691584e-10
9.01736204241e-11
3.31692307034e-10
4.83318845606e-10
6.05462095561e-10
7.29685573118e-10
8.27768790704e-10
9.54967578041e-10
1.0997956149e-09
1.28556702281e-09
1.5186211332e-09
-3.52704715171e-10
-2.54079835742e-10
-1.56684819411e-10
-5.73610136952e-11
4.06975769652e-11
3.34515107101e-10
5.04876180106e-10
6.75267759168e-10
8.43630685467e-10
9.40015096597e-10
-8.01934822539e-11
1.21453607167e-10
3.20586135193e-10
5.23662239811e-10
7.24151502903e-10
9.08700827549e-10
1.11686152697e-09
1.32505950111e-09
1.53077870607e-09
9.12872930742e-10
4.2242271252e-11
7.68195281234e-11
1.10965602797e-10
1.45787898789e-10
1.36492071405e-10
1.56496189317e-10
1.76770780331e-10
2.0282885153e-10
2.15873840432e-10
2.29037011874e-10
7.54920198396e-11
1.16350409278e-10
1.56699290103e-10
1.97847231251e-10
1.9369649161e-10
2.14387045979e-10
2.35357354667e-10
2.77707774967e-10
2.9873294463e-10
3.19948594176e-10
-4.5107868236e-11
1.22453922317e-11
6.88834512304e-11
1.26643157836e-10
1.92721202423e-10
2.60941599411e-10
3.30084395597e-10
3.66872433829e-10
4.24228753432e-10
4.8210469905e-10
6.87288708203e-11
1.67216427223e-10
2.64475832961e-10
3.63661342482e-10
4.12412218986e-10
4.89678844468e-10
5.67990182038e-10
5.45401455162e-10
5.43476305835e-10
5.41533715402e-10
-1.2247513464e-10
-4.49488424151e-11
3.16106884145e-11
1.19791740196e-10
2.42524147039e-10
3.53450391209e-10
4.65876454832e-10
5.12168178151e-10
6.08771676375e-10
7.06250364835e-10
6.27386531175e-11
2.12269185975e-10
3.59935056634e-10
4.63488992399e-10
6.06131863233e-10
7.33508723131e-10
8.62607829137e-10
7.82501571906e-10
7.60248997188e-10
7.37794822773e-10
-2.17312428941e-10
-1.1505790424e-10
-1.40785047147e-11
8.89006685298e-11
3.03572917859e-10
4.66848265025e-10
6.32331237121e-10
6.90272638933e-10
8.34985581919e-10
9.81009568055e-10
2.85048225909e-10
7.26266291861e-10
9.78388535695e-10
1.11873157585e-09
1.27984564261e-09
1.36798990436e-09
1.48227419416e-09
1.70117380116e-09
1.97404417899e-09
2.27531769248e-09
-3.5208121558e-10
-2.14686571045e-10
-7.90052528457e-11
5.93630682028e-11
1.95968813988e-10
6.27992612027e-10
8.68872243532e-10
1.10979500864e-09
1.34784938885e-09
1.37145685684e-09
4.4961232838e-11
3.45974147433e-10
6.43233397859e-10
9.46379504808e-10
1.24566404991e-09
1.45713287916e-09
1.73695697537e-09
2.01683117886e-09
2.29337324833e-09
1.32024714142e-09
5.59302836028e-11
9.98760554165e-11
1.4327381862e-10
1.87531021538e-10
1.72014608132e-10
1.9594215617e-10
2.20193225501e-10
2.51459584354e-10
2.67110251429e-10
2.8290270748e-10
9.99994711118e-11
1.50882204157e-10
2.01130423922e-10
2.5237374833e-10
2.4177658304e-10
2.65611071901e-10
2.89767823815e-10
3.44267495615e-10
3.71053268815e-10
3.98081710734e-10
-3.43073723004e-11
3.93328336781e-11
1.12054738185e-10
1.86216811222e-10
2.72314638369e-10
3.59729874968e-10
4.48327041716e-10
4.88158155475e-10
5.55834088173e-10
6.24123138579e-10
1.1684060307e-10
2.46182611004e-10
3.73911709867e-10
5.04170327585e-10
5.60663297012e-10
6.56779973976e-10
7.54196232144e-10
7.12738771434e-10
7.04835554831e-10
6.96860738149e-10
-1.14232153243e-10
-1.42911627187e-11
8.44035526565e-11
1.8505279637e-10
3.61151808007e-10
5.04798997331e-10
6.50388421792e-10
6.97805461325e-10
8.11560915002e-10
9.26346948981e-10
1.31757034233e-10
3.30591542783e-10
5.26946563133e-10
7.27190154924e-10
8.43105815102e-10
1.00324385867e-09
1.16554710809e-09
1.0390990443e-09
1.00047129387e-09
9.61493591003e-10
-2.12204465367e-10
-8.00238034633e-11
5.05085510413e-11
1.83625939456e-10
4.70048983693e-10
6.82625663455e-10
8.98076565112e-10
9.54792481399e-10
1.12503250918e-09
1.2968148456e-09
5.18509164376e-10
8.5337590768e-10
1.10518637338e-09
1.16876813211e-09
1.28241297736e-09
1.4784707493e-09
1.74614523354e-09
2.10347345055e-09
2.48853936748e-09
3.0824229905e-09
-3.51428277332e-10
-1.73433345574e-10
2.34196979851e-12
1.81598300683e-10
3.58571213135e-10
9.35326715315e-10
1.25005445299e-09
1.56483854803e-09
1.87587487791e-09
1.82326922501e-09
1.76025152523e-10
5.81095469354e-10
9.8111451476e-10
1.38905544897e-09
1.79179991483e-09
2.03145925841e-09
2.38633035284e-09
2.741264993e-09
3.09197384253e-09
1.74685560592e-09
6.96049454297e-11
1.22910094659e-10
1.75550522811e-10
2.29233430373e-10
2.07502498158e-10
2.35349649625e-10
2.63573318839e-10
3.00042885472e-10
3.18296689289e-10
3.3671586549e-10
1.24483019183e-10
1.85380318649e-10
2.4551822209e-10
3.06847083285e-10
2.89809779829e-10
3.16785136765e-10
3.44125224025e-10
4.10762297623e-10
4.43303055789e-10
4.76138620607e-10
-2.35174105662e-11
6.63938555446e-11
1.55183918273e-10
2.45732359788e-10
3.51830443316e-10
4.58421797948e-10
5.66454360552e-10
6.09325581791e-10
6.87311062408e-10
7.66003061241e-10
1.64905409819e-10
3.25071775573e-10
4.83240849122e-10
6.44542268059e-10
7.08769779204e-10
8.23718122361e-10
9.40220667253e-10
8.79912876219e-10
8.66037423013e-10
8.52036263581e-10
-1.05997211591e-10
1.63366151865e-11
1.37144925683e-10
2.6034569727e-10
4.79663766171e-10
6.55999986463e-10
8.34720426069e-10
8.83261684245e-10
1.01415236431e-09
1.14622886319e-09
2.00708098668e-10
4.48798494563e-10
6.93795175921e-10
9.4364371743e-10
1.07984863579e-09
1.2727159096e-09
1.46819091697e-09
1.29544624583e-09
1.24045929113e-09
1.18497417593e-09
-2.07101483815e-10
-4.50238729944e-11
1.15032612185e-10
2.78258820635e-10
6.36362678057e-10
8.98192604643e-10
1.16356269993e-09
1.21905432596e-09
1.41479654084e-09
1.61231210429e-09
9.49565457303e-10
1.05575748979e-09
1.14091602281e-09
9.92301413264e-10
1.10045761232e-09
1.31272300806e-09
1.70419916957e-09
2.40130227817e-09
3.07539319568e-09
4.19365846406e-09
-3.50775975923e-10
-1.32220356199e-10
8.3609850898e-11
3.03714311733e-10
5.21015018969e-10
1.24236106206e-09
1.63086487857e-09
2.01943826332e-09
2.40338536035e-09
2.2746409206e-09
3.0696123977e-10
8.15987467048e-10
1.31866608126e-09
1.83129963169e-09
2.33740310928e-09
2.60522547174e-09
3.03507036774e-09
3.4649922348e-09
3.88979552624e-09
2.17304798032e-09
8.326543497e-11
1.45920261647e-10
2.0779377574e-10
2.70892619237e-10
2.4295360888e-10
2.74716301538e-10
3.06908453471e-10
3.4857583533e-10
3.69430078022e-10
3.90473252067e-10
1.48941192742e-10
2.19842679631e-10
2.89860017177e-10
3.61263962606e-10
3.37793195481e-10
3.67906165325e-10
3.98426288755e-10
4.77188185065e-10
5.15477963787e-10
5.54114633058e-10
-1.27386314434e-11
9.34268316313e-11
1.98268399699e-10
3.05186227018e-10
4.31263838856e-10
5.57011437581e-10
6.84459253384e-10
7.30367431365e-10
8.18651775187e-10
9.07735940932e-10
2.1292040267e-10
4.03879180179e-10
5.9245668072e-10
7.8476872842e-10
8.56722765278e-10
9.90483257672e-10
1.12605230845e-09
1.04691372339e-09
1.02707222315e-09
1.00705096661e-09
-9.77708045525e-11
4.69326507606e-11
1.89831638063e-10
3.35560565339e-10
5.98052899693e-10
8.07044272361e-10
1.01886139045e-09
1.06852570214e-09
1.21653384982e-09
1.36588289393e-09
2.69587702891e-10
5.66882937807e-10
8.6047086843e-10
1.15987294957e-09
1.31634609853e-09
1.54190868232e-09
1.77052106875e-09
1.55152777162e-09
1.48019856715e-09
1.40822314775e-09
-2.02003790944e-10
-1.0060216113e-11
1.79489801219e-10
3.72793625217e-10
8.02504006525e-10
1.11353613435e-09
1.4287736875e-09
1.48304229212e-09
1.70426026388e-09
1.92748238469e-09
1.63840514678e-09
1.53757082095e-09
1.81525414126e-09
1.84584761912e-09
2.26729930872e-09
2.59385546823e-09
3.46974662154e-09
4.6990612576e-09
5.67103706692e-09
7.36190884758e-09
-3.50124350554e-10
-9.10500795651e-11
1.64793506756e-10
4.25703762937e-10
6.83290469623e-10
1.54907720139e-09
2.01128063593e-09
2.47356683589e-09
2.93034913606e-09
2.72554481894e-09
4.37761626129e-10
1.05063602496e-09
1.6558678126e-09
2.27308547685e-09
2.88244084589e-09
3.17839703935e-09
3.68313803479e-09
4.18796941273e-09
4.68679035532e-09
2.59879865308e-09
1.47875868805e-10
1.1523975654e-10
8.30106201863e-11
5.01432251365e-11
1.1148075441e-10
1.31283097874e-10
1.51353186271e-10
2.09479794622e-10
2.83371197018e-10
3.57932026868e-10
6.61018412473e-11
5.97029983009e-11
5.33839496302e-11
4.69397599156e-11
1.66383051898e-10
2.2412864299e-10
2.82655004778e-10
2.5254762877e-10
3.31709231671e-10
4.11588007999e-10
8.33602611731e-10
8.60032037377e-10
8.86131885178e-10
9.12748608598e-10
7.14274375502e-10
6.63551607613e-10
6.12143023714e-10
8.90104821273e-10
1.05944886545e-09
1.230327101e-09
9.06665497828e-10
6.95539277963e-10
4.87045825291e-10
2.74423414345e-10
3.64927250145e-10
3.69271589119e-10
3.7367466734e-10
9.66568357449e-10
1.51346900867e-09
2.06532436773e-09
1.44096058404e-09
1.5197052004e-09
1.59746786274e-09
1.67677051966e-09
1.24817729704e-09
1.13498943052e-09
1.02027116545e-09
1.49294413059e-09
1.7468319432e-09
2.00301988095e-09
1.65116473651e-09
1.25870855424e-09
8.71146343734e-10
4.7590893684e-10
5.40780682878e-10
4.97826769976e-10
4.54292082752e-10
1.59898671714e-09
2.56017052544e-09
3.53006228635e-09
2.18546390493e-09
2.3283368196e-09
2.4694280933e-09
2.61331350742e-09
1.9026389428e-09
1.71288095538e-09
1.52055727467e-09
2.23190844524e-09
2.58943055465e-09
2.95019167573e-09
2.56377670652e-09
1.94904508644e-09
1.34197923731e-09
7.22891190221e-10
7.56342955261e-10
6.55410540059e-10
5.53113430677e-10
2.37420922256e-09
3.84322399761e-09
5.32554747691e-09
3.2434423083e-09
3.47744491003e-09
3.70852947358e-09
3.94419038476e-09
4.17684937984e-09
2.53409522755e-09
2.23149016673e-09
1.92883091931e-09
1.6297750807e-09
4.29617264725e-09
3.8606463481e-09
2.9300496322e-09
2.01105755976e-09
1.07386597134e-09
1.48612597529e-10
8.7934537123e-10
6.93543767202e-10
5.07708892227e-10
3.24086535234e-10
7.87702643193e-09
-4.56860952994e-11
-4.5272047508e-11
-4.48631629381e-11
-4.44461809085e-11
-3.59586096267e-11
-3.22767517381e-11
-2.85451119234e-11
-2.70649750959e-11
-2.88469913041e-11
-3.06451518881e-11
-1.34726167878e-11
-2.61241994919e-14
5.4003055273e-12
1.50981918959e-11
2.49983049001e-11
3.61681337625e-11
4.21932776209e-11
4.05770180966e-11
4.00107956571e-11
6.30257138645e-11
-1.50273509824e-10
-1.51740041724e-10
-1.53188285811e-10
-1.54665210604e-10
-1.58467299668e-10
-1.57193915558e-10
-1.55903314186e-10
-1.35731276834e-10
-1.1984466784e-10
-1.03814132329e-10
-1.50311364141e-10
-1.64850736691e-10
-1.79208801666e-10
-1.93851210588e-10
-1.76731106918e-10
-1.68320028011e-10
-1.59795223991e-10
-1.34332965816e-10
-1.23260188958e-10
-1.12087097036e-10
-2.42908076974e-10
-2.46040265173e-10
-2.49133394642e-10
-2.41480342066e-10
-2.66974996562e-10
-2.67834832085e-10
-2.68706293333e-10
-2.3197857266e-10
-2.00442609915e-10
-1.68620943576e-10
-2.34983866086e-10
-2.6798450535e-10
-3.00573623012e-10
-3.05257835392e-10
-3.11928652464e-10
-2.98850786825e-10
-2.8559609705e-10
-2.31446568527e-10
-2.05616937188e-10
-1.79553299405e-10
-3.56460127029e-10
-3.61634087466e-10
-3.66743528046e-10
-3.7195415486e-10
-3.99984431464e-10
-4.03459181376e-10
-4.06980912933e-10
-3.49959128833e-10
-2.99240087297e-10
-2.48061550911e-10
-2.36553524949e-10
-2.07340497337e-10
-2.07335500764e-10
-1.93288831004e-10
-1.44336182301e-10
-1.19777367287e-10
-8.92964934577e-11
-9.09519349297e-11
-7.8143052525e-11
-2.09221793291e-11
-5.1782356658e-10
-5.25898992828e-10
-5.33873717622e-10
-5.42006372104e-10
-5.50035430506e-10
-5.96188519841e-10
-6.03476424995e-10
-6.10765635173e-10
-6.17968061272e-10
-3.60950835019e-10
-4.86270000889e-10
-5.74058915563e-10
-6.60753092811e-10
-7.49164142391e-10
-8.36448986726e-10
-6.86232393628e-10
-6.5894062355e-10
-6.31643966415e-10
-6.04672298574e-10
-3.79775577405e-10
-6.70699825378e-11
-6.30046962444e-11
-5.89901045185e-11
-5.48960087049e-11
-5.22470718236e-11
-5.03461353435e-11
-4.84194965463e-11
-5.3197416487e-11
-6.33395041475e-11
-7.35734751896e-11
-8.02340366822e-12
1.36559608573e-11
2.9782957108e-11
4.39275363768e-11
5.77533453961e-11
6.67559303347e-11
7.82942585145e-11
8.54710920107e-11
8.74469058822e-11
1.16283088036e-10
-2.58967881351e-10
-2.6351623779e-10
-2.68007875723e-10
-2.72588465062e-10
-2.54884019019e-10
-2.47866325296e-10
-2.4075374624e-10
-2.49061204791e-10
-2.50127908422e-10
-2.51204275974e-10
-2.67081588779e-10
-2.59902898099e-10
-2.52813726481e-10
-2.45584162475e-10
-2.36571175615e-10
-2.27710820899e-10
-2.18730666468e-10
-2.55955774648e-10
-3.04078940017e-10
-3.52638082605e-10
-4.28934591728e-10
-4.41112174587e-10
-4.53137901647e-10
-4.37576486424e-10
-4.34362457964e-10
-4.22812779254e-10
-4.11106938827e-10
-4.22540560146e-10
-4.15569066494e-10
-4.08534413812e-10
-4.43357392462e-10
-4.3664694058e-10
-4.30020168772e-10
-4.18988501971e-10
-4.06132285696e-10
-3.86864271907e-10
-3.67335737786e-10
-4.33664908061e-10
-5.11169154019e-10
-5.89375558394e-10
-6.37280881868e-10
-6.58810419693e-10
-6.80071481813e-10
-7.01753593309e-10
-6.54368286348e-10
-6.37263271203e-10
-6.19926981352e-10
-6.35192673161e-10
-6.1836790542e-10
-6.01390711807e-10
-1.50442534477e-10
-9.94248863647e-11
-6.68007852266e-11
-5.07687722205e-11
2.69299506115e-11
8.32851341306e-11
1.2512954712e-10
1.07173233401e-10
1.13149299518e-10
8.3941788732e-11
-9.33351925751e-10
-9.68171083791e-10
-1.0025560431e-09
-1.03762195455e-09
-1.07224118638e-09
-9.42008707129e-10
-9.16671252309e-10
-8.91329260384e-10
-8.66288985847e-10
-8.75449661589e-10
-9.66498487264e-10
-9.611776473e-10
-9.55923158796e-10
-9.50564611562e-10
-9.45274323036e-10
-8.5919064264e-10
-8.08357239761e-10
-7.57514734294e-10
-7.07277550932e-10
-1.29195129299e-09
-8.75011895827e-11
-7.99473322464e-11
-7.24876723424e-11
-6.48802829816e-11
-6.78098616886e-11
-6.7610504235e-11
-6.74084512949e-11
-7.81656233755e-11
-9.62953303519e-11
-1.14589285444e-10
6.12828808204e-12
4.17134727607e-11
6.79836244643e-11
8.31870381102e-11
9.58299729766e-11
1.12032836902e-10
1.25898752715e-10
1.39443258905e-10
1.47808727207e-10
1.80956940108e-10
-3.62819776216e-10
-3.70312657872e-10
-3.77712102469e-10
-3.85258084032e-10
-3.47005247199e-10
-3.34499160382e-10
-3.21823980376e-10
-3.57342135972e-10
-3.74606859939e-10
-3.92027995611e-10
-3.78649546919e-10
-3.50720361179e-10
-3.23139455459e-10
-2.95012343575e-10
-2.9374529085e-10
-2.8445567615e-10
-2.75040457766e-10
-3.72160127996e-10
-4.76841978809e-10
-5.824722066e-10
-6.06673381519e-10
-6.27493374854e-10
-6.48053740581e-10
-6.24936290627e-10
-5.9429258865e-10
-5.70886255826e-10
-5.47163448991e-10
-6.04612761415e-10
-6.21111357574e-10
-6.37759424617e-10
-6.4244760523e-10
-5.97795243341e-10
-5.53699701318e-10
-5.27652318344e-10
-4.96139023642e-10
-4.70956640913e-10
-4.45433770432e-10
-6.26874155623e-10
-8.03108619258e-10
-9.80939698799e-10
-9.05590704149e-10
-9.42747156961e-10
-9.79440264718e-10
-1.01686003467e-09
-8.97419007204e-10
-8.60651082499e-10
-8.23386023422e-10
-9.07718689378e-10
-9.23278161126e-10
-9.38978595656e-10
-2.77714364729e-10
-1.74739451191e-10
-7.42099552632e-11
5.17567305908e-11
1.76511673819e-10
2.70562346825e-10
3.36665686509e-10
4.11566257497e-10
4.29218863673e-10
5.22222374051e-10
-1.3303679521e-09
-1.39073937364e-09
-1.45035795691e-09
-1.51115721344e-09
-1.57118199164e-09
-1.27242215198e-09
-1.21591283972e-09
-1.1593934085e-09
-1.10354688788e-09
-1.36702689134e-09
-1.42533216538e-09
-1.33104973234e-09
-1.23794301161e-09
-1.14299242596e-09
-1.04925134803e-09
-1.02444337505e-09
-9.51117149955e-10
-8.77777794549e-10
-8.05311604864e-10
-2.16348838532e-09
-1.07274960376e-10
-9.63447873842e-11
-8.55509148529e-11
-7.45432828547e-11
-8.28718714373e-11
-8.43193395276e-11
-8.57863786474e-11
-1.02330402237e-10
-1.28190702574e-10
-1.54285287205e-10
-9.31551880464e-11
-8.28093199968e-11
-7.25924660602e-11
-6.21732798055e-11
-8.46943224187e-11
-9.89262989338e-11
-1.1335070417e-10
-1.12901480853e-10
-1.45455934825e-10
-1.78305319526e-10
-4.63329920376e-10
-4.73672578191e-10
-4.83886261925e-10
-4.94302215195e-10
-4.36162194567e-10
-4.18344320403e-10
-4.00285533059e-10
-4.6213879873e-10
-4.95080322444e-10
-5.28320283589e-10
-4.86627466541e-10
-4.38615496057e-10
-3.91202240129e-10
-3.42850022555e-10
-3.49079654965e-10
-3.39374593027e-10
-3.29538310197e-10
-4.84625252704e-10
-6.44045841167e-10
-8.04910718346e-10
-7.78692884949e-10
-8.07877192906e-10
-8.36697569332e-10
-8.66088698125e-10
-7.49076480768e-10
-7.1419501775e-10
-6.78841926966e-10
-7.80826235624e-10
-8.20039700042e-10
-8.59608423242e-10
-8.35131484636e-10
-7.53758109139e-10
-6.73399468589e-10
-5.91449423276e-10
-5.83249520934e-10
-5.52343082081e-10
-5.21018761251e-10
-8.13866307773e-10
-1.08565404393e-09
-1.35990407159e-09
-1.16526684152e-09
-1.21754736578e-09
-1.26917594615e-09
-1.32182696752e-09
-1.13264883159e-09
-1.07685071127e-09
-1.02029815176e-09
-1.17147535182e-09
-1.21837700161e-09
-1.26570356217e-09
2.29470208357e-11
2.55911247267e-10
3.56360444052e-10
4.45523772715e-10
5.58637419956e-10
6.41908356676e-10
8.16959488985e-10
9.46105526534e-10
1.05989044463e-09
1.28995171348e-09
-1.71460877981e-09
-1.79971024303e-09
-1.88375048164e-09
-1.96945503456e-09
-2.05406785837e-09
-1.59220353891e-09
-1.50552541856e-09
-1.41883177702e-09
-1.33317029502e-09
-1.84278612802e-09
-1.86940147382e-09
-1.68902005764e-09
-1.51088801757e-09
-1.32922828993e-09
-1.14988259588e-09
-1.18437859798e-09
-1.08928332567e-09
-9.94171024919e-10
-9.00191114826e-10
-3.00698111991e-09
-1.27982353662e-10
-1.13516451605e-10
-9.92309409388e-11
-8.46625231753e-11
-9.86450369512e-11
-1.01817085779e-10
-1.0503202347e-10
-1.27636125906e-10
-1.61592021096e-10
-1.9585554353e-10
-1.06080084077e-10
-9.43752578095e-11
-8.28163920137e-11
-7.10286169934e-11
-1.05071124454e-10
-1.25144617554e-10
-1.45489521767e-10
-1.42560402454e-10
-1.84181447875e-10
-2.26179563829e-10
-5.68585670846e-10
-5.81912657564e-10
-5.95073455291e-10
-6.08494886549e-10
-5.29528704815e-10
-5.06148246216e-10
-4.82451663449e-10
-5.71883456619e-10
-6.21241963275e-10
-6.71047638863e-10
-5.99703584965e-10
-5.30660617089e-10
-4.6247862262e-10
-3.92946366996e-10
-4.07026642011e-10
-3.96886517412e-10
-3.86609289495e-10
-6.02400440489e-10
-8.19144266912e-10
-1.03785170836e-09
-9.58834323209e-10
-9.96777868556e-10
-1.03424825372e-09
-1.07246069411e-09
-9.11168524924e-10
-8.64270131175e-10
-8.16737630287e-10
-9.65359663822e-10
-1.02836048349e-09
-1.09193206616e-09
-1.03691297147e-09
-9.17084792451e-10
-7.98750884015e-10
-6.78073516999e-10
-6.74472957562e-10
-6.37572200144e-10
-6.00172512341e-10
-1.00968733132e-09
-1.38153990663e-09
-1.75676132209e-09
-1.43720363901e-09
-1.50532232074e-09
-1.57259155502e-09
-1.64119297434e-09
-1.3789850786e-09
-1.30325824822e-09
-1.22650752512e-09
-1.44768533717e-09
-1.52740899214e-09
-1.60785491252e-09
1.73424116747e-10
4.68564774736e-10
6.41909673498e-10
7.22404464777e-10
7.846446598e-10
8.72265657172e-10
1.06310033392e-09
1.31778008212e-09
1.6012681187e-09
1.83438887875e-09
-2.11699161409e-09
-2.22799075279e-09
-2.33760572002e-09
-2.44939147784e-09
-2.55975327669e-09
-1.92708346718e-09
-1.80881211252e-09
-1.69051957935e-09
-1.57363541669e-09
-2.34100843103e-09
-2.33443760237e-09
-2.06389202256e-09
-1.79672017589e-09
-1.52425731701e-09
-1.25526516797e-09
-1.35186519406e-09
-1.23397304466e-09
-1.11605978465e-09
-9.99550379592e-10
-3.89029953056e-09
-1.48669550112e-10
-1.30671367542e-10
-1.1289762429e-10
-9.47718937533e-11
-1.14402818199e-10
-1.19297765704e-10
-1.24258897163e-10
-1.52917167783e-10
-1.94960761835e-10
-2.37385254546e-10
-1.18992373884e-10
-1.05929914851e-10
-9.303034612e-11
-7.98753171793e-11
-1.25428052093e-10
-1.51337364287e-10
-1.77596992954e-10
-1.72190396397e-10
-2.22869190219e-10
-2.74007114263e-10
-6.73738760726e-10
-6.90047165599e-10
-7.0615220287e-10
-7.2257618074e-10
-6.22804150576e-10
-5.93866532976e-10
-5.64537653577e-10
-6.81521075689e-10
-7.47280553078e-10
-8.13635785834e-10
-7.12669415249e-10
-6.22615962443e-10
-5.33685486103e-10
-4.42993850257e-10
-4.64917110797e-10
-4.54342347873e-10
-4.43624604943e-10
-7.20060756924e-10
-9.94071911416e-10
-1.27056550072e-09
-1.13880006156e-09
-1.18549430102e-09
-1.23160625818e-09
-1.27863140636e-09
-1.07310247354e-09
-1.0141988697e-09
-9.54498837829e-10
-1.14971310841e-09
-1.23647808246e-09
-1.32402911355e-09
-1.23849765189e-09
-1.08025217602e-09
-9.2398003866e-10
-7.64613122412e-10
-7.65607419936e-10
-7.22718190478e-10
-6.79249061275e-10
-1.20531736196e-09
-1.67713717876e-09
-2.15323150015e-09
-1.70887520451e-09
-1.79281659605e-09
-1.87571122921e-09
-1.96024748937e-09
-1.62508106298e-09
-1.52944495988e-09
-1.43251577336e-09
-1.7236259227e-09
-1.8361395701e-09
-1.94967254752e-09
4.4159269327e-10
6.95977946562e-10
8.78276641527e-10
8.48665889678e-10
8.99282966854e-10
1.06098058258e-09
1.449388738e-09
1.95847616371e-09
2.36325053623e-09
3.02053221973e-09
-2.5189819866e-09
-2.65585354163e-09
-2.79101829331e-09
-2.92885981786e-09
-3.06494547764e-09
-2.26163677225e-09
-2.11180299754e-09
-1.96194239255e-09
-1.81386600208e-09
-2.83874479579e-09
-2.79902016061e-09
-2.43839835826e-09
-2.08227354947e-09
-1.71909612365e-09
-1.36054495578e-09
-1.51918843305e-09
-1.37852164136e-09
-1.23782966088e-09
-1.09881273487e-09
-4.7727564017e-09
-1.69335306552e-10
-1.47808504292e-10
-1.26550143624e-10
-1.04870787078e-10
-1.30144268236e-10
-1.36760328823e-10
-1.43465844312e-10
-1.78172008635e-10
-2.28294919535e-10
-2.78871924573e-10
-1.3189128152e-10
-1.17472596759e-10
-1.03233714584e-10
-8.87128487312e-11
-1.45763882009e-10
-1.77502965113e-10
-2.0967118827e-10
-2.01789682102e-10
-2.61516836964e-10
-3.21785096689e-10
-7.78782870967e-10
-7.98069604083e-10
-8.17115829514e-10
-8.36539242186e-10
-7.15982926572e-10
-6.81493909357e-10
-6.46538570584e-10
-7.91045067397e-10
-8.73188517712e-10
-9.56076155836e-10
-8.25518168845e-10
-7.14476006171e-10
-6.04818551485e-10
-4.92989464793e-10
-5.22747582465e-10
-5.11738631671e-10
-5.00580830272e-10
-8.37599131351e-10
-1.16881826261e-09
-1.50303811077e-09
-1.31857928516e-09
-1.37401514961e-09
-1.42875972273e-09
-1.48458844528e-09
-1.23486859538e-09
-1.16397222354e-09
-1.092117271e-09
-1.33387549087e-09
-1.44437999038e-09
-1.55588561781e-09
-1.4398734119e-09
-1.24325045451e-09
-1.04907940703e-09
-8.5106303902e-10
-8.5664743144e-10
-8.07775936336e-10
-7.58243656044e-10
-1.40074464354e-09
-1.97242809676e-09
-2.54929078039e-09
-1.98026521224e-09
-2.0800129151e-09
-2.17851675313e-09
-2.2789713394e-09
-1.87092199586e-09
-1.75539725384e-09
-1.63831051666e-09
-1.9992805261e-09
-2.14455018269e-09
-2.29113592604e-09
6.69721386393e-10
6.35646227579e-10
7.38867737641e-10
6.22521431572e-10
6.86885925106e-10
7.90131276225e-10
1.13704459563e-09
1.72113700359e-09
2.36342440541e-09
3.19388999567e-09
-2.92055574019e-09
-3.08327289763e-09
-3.24396095422e-09
-3.40783124157e-09
-3.56961410231e-09
-2.59584334952e-09
-2.41447986577e-09
-2.23308390579e-09
-2.05384761483e-09
-3.33596531142e-09
-3.26312123001e-09
-2.81251655925e-09
-2.36753097831e-09
-1.91373300124e-09
-1.46571563264e-09
-1.68633825986e-09
-1.52292042931e-09
-1.359473336e-09
-1.19797221561e-09
-5.65429870311e-09
