15993.4221277
20588.4794212
25126.2358446
29753.8569938
15362.3299863
15454.0118714
15546.9333755
267.93307995
-3827.29062951
-7959.61547785
25936.0586198
17742.3772511
9650.87199059
1399.1243476
5017.13063437
2141.2881544
-773.438221177
-1872.94537544
-3168.97490528
-4476.74596012
-3355.77230497
3564.17151614
10397.8228763
17366.8063583
28982.8613218
17008.5262022
4872.28764044
5661.09211628
4418.05617773
3163.75881556
-23507.420502
-16096.2395424
-8777.47682485
-1313.77494741
2594.23162267
1525.71888714
442.758928588
2462.07850338
-6247.09384714
-15035.1679222
-20493.630231
-11514.5011998
-2647.34289555
6395.41865268
41046.7605047
18385.3817523
-4582.39858206
10437.8901199
11721.0776356
13015.8903326
-67300.2162955
-46067.5858451
-25099.7286328
-3716.62860871
448.235355168
980.500393276
1519.96211838
6301.67108176
-8973.42776708
-24386.9130885
-41501.3270436
-29998.0354967
-18638.1912611
-7053.37918006
55834.7659547
20073.1401686
-16172.0139516
16293.3199307
20673.1684549
25092.6967083
-120981.707913
-82806.6555066
-45107.6502039
-6662.062129
-2182.34071468
312.168045963
2840.40473812
11008.2684359
-12315.3854754
-35850.3426473
-71354.3698825
-56264.1105501
-41362.0284122
-26164.8287319
-11161.2153293
22471.5337076
-32641.4673714
-87764.3373735
-142230.923989
42254.4741896
-197265.932844
-135014.807131
-73539.9598048
-10847.6781842
51046.0112156
-637.567394955
4716.82319776
10072.1725855
15363.7621067
-52140.4793888
954.787815968
1830.32770447
2694.94951422
3576.69410327
1423.26655698
1374.5231195
1325.12062828
231.97349824
-159.227526616
-553.972681068
2347.41833379
1769.47161234
1198.7319501
616.689485683
451.36989932
243.448828464
32.716483601
-2.478257096
-103.778352862
-205.996188216
1350.82240387
1962.61018912
2566.76891336
3182.8922635
1767.10655998
1794.42460253
1822.11200882
803.352132468
711.895186686
619.609676437
2905.57269224
1671.44081535
452.698698759
-790.179117447
643.368257607
559.105183015
473.70279825
552.170641267
-408.106309207
-1377.0829965
1701.59589602
2079.77467552
2453.23752403
2834.09634828
2071.65056264
2166.33734465
2262.30437443
1309.43035136
1483.46101847
1659.06833594
3399.93798115
1584.61353801
-208.073609571
-2036.26273736
813.423946375
838.686525617
864.290676939
1043.4310941
-677.653927684
-2414.33131241
2131.57630574
2223.39565885
2314.07001452
2406.5400651
2444.9625659
2622.23038337
2801.89501616
1929.78429709
2429.25139291
2933.24346695
4005.93414174
1478.18010127
-1018.05256817
-3563.7200779
1021.8793068
1181.39913913
1343.07581856
1645.62132661
-1008.06713743
-3685.79698998
2742.60109851
2427.48863516
2116.30565891
1798.96008374
1485.65694731
3270.07838576
3568.68171755
3867.33851937
4162.43956479
4743.91338996
4867.08658049
1326.93258591
-2169.07529881
-5734.3173513
-9254.14433044
1668.41180044
2023.45470402
2378.56118408
2729.43982762
-5492.61663705
-706.615351895
-241.991632478
216.838178032
684.75455274
-116.660783396
-180.917802164
-246.043631803
228.000839438
246.004194082
264.170652138
-258.552453485
4.854195748
264.97613508
530.24947183
-53.035566742
33.78376162
121.776962934
204.162846836
234.851283098
265.817744693
1870.78659723
1785.67663205
1701.62799749
1615.91488235
-1239.57212107
113.636568858
1485.14181911
266.690063927
302.454576355
338.543101398
5823.56575305
3634.3371675
1472.40850332
-732.334518492
427.845324632
452.317888581
477.121342914
341.17229483
236.95973812
131.803056055
4153.6283236
3581.61138063
3016.72755187
2440.65688857
-2234.15073444
374.527583192
3018.47750421
300.957662759
352.453486368
404.415842171
11210.584736
6849.02208535
2541.84860091
-1850.62319563
853.768399849
823.019543889
791.854936611
462.523520195
238.827226854
13.104331833
6951.9504398
5783.07978211
4628.78507014
3451.63096071
-3453.31161534
694.32947173
4898.05027949
342.96310649
413.742472836
485.163072796
17814.0273602
10789.6035975
3852.77517214
-3221.42867084
1375.86765334
1277.42802459
1177.6574063
611.27663516
241.116406592
-132.397330117
10928.513447
8911.48224738
6919.60364873
4888.27832639
2882.82860721
1148.78478702
7569.02211804
13990.4091021
20335.3441598
599.909137369
27197.8668789
16389.3773254
5715.670826
-5169.41539877
-15915.8442807
1923.1663919
1725.90302113
1528.60432699
1333.65463708
-339.162849729
-2294.00083187
-2221.98642783
-2150.87005132
-2078.34530181
-1587.98234316
-1667.06179284
-1747.21046557
224.205167791
633.182310691
1045.86462792
-2748.42382786
-1681.14720294
-627.17963498
447.660473847
-534.969108422
-166.540451794
206.869681225
401.597818848
558.394525106
716.611748724
2367.58570453
1616.62569676
875.030242927
118.748396567
-4112.29932755
-1492.27015576
1163.18409285
-246.06300633
-88.7449183394
69.9984105285
8611.55839986
5509.7839154
2446.68890007
-677.066972209
221.924220698
350.288108026
480.387586935
139.574201175
853.287247877
1573.46625804
6496.41949391
5016.53929282
3555.11336069
2064.74567227
-6348.1229423
-1337.45470577
3740.96213032
-662.586246266
-728.166178338
-794.340239165
18673.2569444
11878.8943345
5169.25817398
-1673.25413872
892.315455061
808.050546724
722.64630342
-92.5038601923
1114.47794519
2332.39453772
11557.5705906
9184.1753138
6840.37653731
4450.16168766
-9088.80995393
-1147.68092837
6900.81907947
-1173.16312103
-1511.97288414
-1853.85213234
31006.9519345
19686.1909773
8506.60115489
-2894.38679443
1714.08535525
1369.17869739
1019.60860105
-376.986645094
1434.64718706
3262.69371926
18749.7326753
15106.6054489
11508.9084199
7839.96339373
4217.7544391
-878.002402593
11391.1421125
23662.4836272
35787.7246655
-3359.47429632
48533.7816573
30780.770417
13249.1411804
-4629.68056835
-22280.7567701
2166.57133254
1441.60765557
716.514161486
0.053505530017
4584.69781935
-3830.30735414
-4138.26886616
-4442.39006425
-4752.53401135
-3011.95965499
-3105.38457877
-3200.07268891
220.531633427
1007.90179334
1802.4052216
-5158.17601492
-3312.89637669
-1490.6275786
367.729028166
-1001.39497203
-360.418624122
289.224282397
592.679719906
871.526778867
1152.90008406
2848.39878895
1453.01448968
75.0307861796
-1330.24220215
-6892.5877954
-3046.50194527
851.586336049
-742.316686414
-467.356379001
-189.90503782
11309.8389003
7324.88245782
3389.61886065
-623.577827388
22.6292548325
251.541446103
483.548729616
-55.5368604198
1449.78254473
2968.73956
8763.82422996
6405.29403344
4076.17496799
1700.93054314
-10329.7155769
-2994.3487556
4440.1986153
-1595.12519827
-1774.01361736
-1954.52269617
25895.7949681
16746.9151398
7712.1228497
-1501.59247088
929.622141486
793.563222588
655.66466858
-629.671545851
1961.95193735
4577.0545244
16014.9908996
12475.8302484
8980.80331988
5416.56165026
-14542.9689865
-2930.41903923
8839.14269954
-2640.5033741
-3375.7224902
-4117.6024064
43775.354019
28296.5035887
13010.6761266
-2577.86848548
2041.41987351
1457.97701312
866.645496989
-1333.44954735
2589.77248314
6548.53738399
26319.2803775
21102.3817117
15950.5383463
10696.669013
5509.72497061
-2839.57154754
15090.2737666
33023.3297255
50742.877812
-7191.45252094
69183.1484596
44709.0766477
20540.1992043
-4107.31334833
-28440.8588339
2402.14397861
1166.46035841
-69.44453202
-1290.63495191
9350.11828972
-5439.1508923
-6145.02895833
-6842.10464719
-7552.985069
-4503.17033685
-4611.61805913
-4721.53208909
216.684652414
1400.31373038
2594.66602884
-7681.70512745
-5021.68890997
-2394.84338743
284.023603488
-1489.84322492
-563.45079265
375.46727233
792.783590665
1199.44363384
1609.78785932
3351.91355812
1281.67834715
-762.740802931
-2847.64717819
-9804.14813242
-4674.11709571
525.276429611
-1262.00108202
-863.84405456
-462.079878817
14135.5192476
9225.68123643
4377.06944555
-567.563182029
-186.07546221
148.132441034
486.859126273
-259.860129325
2074.44148484
4429.89096649
11138.2849285
7859.61910343
4621.83860199
1319.93781082
-14499.2998942
-4729.47338525
5172.44968903
-2571.69416109
-2869.2409498
-3169.48339703
33459.3465512
21844.780509
10375.0493833
-1321.82576349
968.69027048
778.391876582
585.520482622
-1192.20170989
2849.43958143
6927.6965757
20682.8691889
15922.9013208
11222.2907758
6428.59037799
-20254.6472151
-4797.3294821
10868.9846522
-4177.12438705
-5327.46940202
-6488.23609677
57146.6187298
37313.3538108
17727.4118877
-2246.40570205
2384.20955571
1550.96795887
706.46020976
-2335.07203445
3799.43724823
9989.52280635
34246.2257696
27381.249735
20601.8807069
13688.2545524
6862.69614595
-4893.7565671
18964.0606525
42826.1500213
66404.1414681
-11204.3583543
90807.4791941
59295.0106081
28175.5059729
-3560.28245685
-34891.8113333
2648.83923369
878.321927272
-892.51242048
-2642.2635198
14340.5390288
-7046.42525419
-8149.8317686
-9239.47868235
-10350.7047229
-5992.92657497
-6116.38244335
-6241.50754261
212.841423531
1792.3429307
3386.15410907
-10202.7729304
-6728.8147823
-3298.17727458
200.399820415
-1977.81507263
-766.284934922
461.626145659
992.692291266
1527.04065699
2066.23001172
3854.93722706
1110.50931633
-1599.69527635
-4363.57216202
-12712.8686958
-6300.14476109
199.28478766
-1781.17860645
-1259.94501815
-733.989255652
16958.4435838
11124.6260819
5363.55692622
-511.603170232
-394.57662031
44.8242953415
490.166294153
-463.984112709
2698.49116745
5889.61724739
13510.4297104
9312.52570585
5166.97002611
939.316677565
-18664.8174315
-6462.90567109
5903.9865659
-3547.310633
-3963.40005856
-4383.25909298
41015.5210678
26937.6737045
13035.3786469
-1142.23439052
1007.7202946
763.235327861
515.444711391
-1754.18321337
3736.06161956
9276.04594184
25346.1946901
19366.6103123
13461.5920098
7439.63202932
-25960.7545913
-6662.41904464
12896.8468102
-5712.24666555
-7277.31268874
-8856.55760325
70504.8418546
46321.4094999
22439.5472078
-1915.26620893
2726.66489997
1643.86820643
546.431158328
-3335.71759483
5007.92217377
13427.1520834
42165.4396612
33653.9937005
25248.6864076
16676.922266
8214.34770865
-6945.93804915
22834.0692626
52619.4091927
82050.130001
-15213.3502231
112410.718762
73866.7182619
35803.365689
-3013.78510879
-41336.4719333
2895.29387598
590.46453029
-1714.77753442
-3992.57378455
19326.0923899
-8652.03385257
-10152.5568207
-11634.3681024
-13145.5248473
-7481.13884423
-7619.5873044
-7759.90770836
209.002177733
2183.96583577
4176.82189875
-12721.2279232
-8434.17140599
-4200.57495528
116.862704216
-2465.28119105
-968.908861863
547.69572477
1192.39380844
1854.29816178
2522.19911192
4357.43956716
939.517683437
-2435.7823383
-5877.92605596
-15618.5746896
-7924.48722722
-126.368999726
-2299.81806034
-1655.63546656
-1005.61682825
19778.4422687
13021.6028794
6349.02202086
-455.701154846
-602.861689837
-58.3767827938
493.470034517
-667.896543981
3321.89409104
7347.83068217
15880.1160246
10763.92653
5711.53648132
559.090016352
-22826.0178669
-8194.54144457
6634.76528506
-4521.91598549
-5056.42519147
-5595.7768436
48563.8644386
32025.2886751
15692.9507712
-962.829144302
1046.70986838
748.094487239
445.441566008
-2315.58228469
4621.76477124
11621.9615015
30004.6871661
22806.7502774
15698.5724538
8449.62584692
-31660.9482132
-8525.57564649
14922.6073116
-7245.77795825
-9225.13517685
-11222.4246043
83849.220647
55320.1293278
27146.7989167
-1584.46990557
3068.76532684
1736.67217309
386.567959447
-4335.32609589
6215.15463729
16861.2186349
50076.4461565
39920.2366553
29890.6762041
19662.4925535
9564.59843283
-8995.99267027
26700.0670335
62402.5187257
97679.9031836
-19218.1872117
133991.568943
88423.3239396
43423.3199656
-2467.85414527
-47774.4533498
3141.49309508
302.905465914
-2536.19046079
-5341.48460089
24306.4787719
14292.3198052
18158.1036094
21975.6806642
25868.8601716
13532.6992059
12918.0733859
12295.1372893
2199.10538543
-1302.64517208
-4836.12023183
18905.7735112
13954.2999023
9064.57171422
4078.00842935
5664.44562464
3487.01105939
1280.13568197
196.792858625
-1120.17526342
-2449.074606
-1879.97519125
3765.35964365
9340.29653195
15025.6382387
19040.4024806
13483.7846155
7852.03643624
5990.98190132
5354.18770221
4711.62439457
-19987.0597061
-11605.6282626
-3328.71419145
5112.11405733
3838.17068116
2933.62289008
2016.84482487
3947.15518595
-510.742866129
-5009.02774601
-16204.0079024
-8982.49929747
-1851.0436995
5421.64166958
23918.6539524
13984.8431332
3916.71853785
9349.50110111
11250.2396766
13168.1982065
-54434.9976986
-34244.4217801
-14305.624565
6028.03618497
2220.61287408
2443.47908297
2669.35863716
7268.90467587
29.0401143311
-7276.41481287
-33762.4996128
-24608.9070318
-15569.4607574
-6350.99928614
29898.4460792
14599.0438967
-907.219531143
13466.3956041
18477.6582258
23534.3209438
-96661.5023345
-61995.2009306
-27761.1921198
7150.7794382
237.800078307
1842.65764201
3469.21427803
11340.7266313
690.70957425
-10055.7925077
-58714.0404645
-46814.8548647
-35064.0534187
-23080.5416969
-11249.6793762
15471.8555082
-7762.28941866
-31000.5948155
-53962.2289549
38265.1269388
-156667.58787
-101430.518671
-46882.2618028
8746.2566928
63666.1632033
988.858752207
4605.85124136
8223.49141473
11798.0605879
-14005.4344952
1438.47950032
2078.77249999
2711.0809755
3355.91154836
1635.16233091
1493.88617107
1350.69983447
519.95249175
128.34848518
-266.803301846
2143.21854161
1785.8064948
1432.85141554
1072.90649187
834.582832935
611.341752351
385.082257882
289.114145048
128.185182593
-34.2017338614
1737.12385666
2143.69584458
2545.19783507
2954.65108228
1900.43644399
1822.06614098
1742.6362032
1029.26693773
904.4289764
778.460031543
2570.39280614
1853.43237041
1145.4125102
423.371181103
1029.68750075
888.034876643
744.466985661
831.705021674
260.552061984
-315.775322056
2001.63742942
2201.19937836
2398.27276783
2180.3737297
2135.39351558
2112.73982862
2089.77984407
1480.37401846
1591.81455434
1704.26469826
2948.74715472
1913.32957452
890.823765469
1426.74343278
1202.49449224
1133.10592959
1062.77917312
1312.2855124
377.791298015
-565.1690716
2325.87987345
2271.68758106
2218.17107251
2163.59473485
2423.40540978
2469.04951023
2515.31075869
2033.34398839
2434.41623052
2839.12203165
3412.53635621
1986.75195374
578.74723967
-857.141288692
1414.32241729
1433.51560739
1452.96830614
1901.38417845
521.503909925
-870.877538782
2786.64545181
2371.85502699
1962.23708442
1544.50715861
1132.09839611
2975.38432096
3120.01258473
3264.66674666
3407.59868108
4451.81403174
4071.60522148
2091.08901897
135.27007143
-1859.28148244
-3828.42586794
1860.41357058
2007.44760043
2154.50795922
2299.81744274
-1305.30536057
18.4429092861
302.397658454
582.811460654
868.778515841
320.773999878
231.791459834
141.605798333
334.446954541
286.438465034
237.995037226
291.364087892
441.484059904
589.732019345
740.915848623
301.000515806
293.650265382
286.20063317
299.313400815
266.098636478
232.582959257
2136.72528935
1964.54145349
1794.504769
1621.10071558
6.88725062338
533.730005215
1067.69613281
481.118163869
412.838909772
343.941072107
5062.44243552
3340.33108133
1639.69464523
-94.6208191278
719.418445982
662.047174885
603.900194224
487.523584385
345.761384211
202.714873472
4012.91825455
3436.72595766
2867.71884211
1774.69023484
-271.126727288
801.161288267
1887.94757191
611.026949274
524.793589397
437.778988716
9288.25468627
5907.88130031
2569.66154244
1305.85329654
1090.01718414
988.341580445
885.291234015
654.22403269
416.319817917
176.260283205
6312.76769577
5241.33922083
4183.27157688
3104.25019507
-611.91805505
1128.9802804
2893.41707791
770.269976545
662.028357969
552.806112301
14468.2826065
9055.20092357
3709.62096483
-1741.82167841
1544.29950833
1388.31536791
1230.22218602
858.56651771
502.810801169
143.832075781
9580.97479644
7805.78964746
6052.74125262
4264.97587467
2499.98356363
1594.82832184
4322.24216538
7050.1443989
9745.56869874
716.265708974
21829.3749143
13527.7077566
5329.56330192
-3030.93539437
-11284.9356661
1956.69917114
1720.38722307
1484.03295932
1250.49268868
97.7498862839
-1338.32919109
-1394.8373565
-1450.64085886
-1507.54948146
-935.056608904
-974.075278422
-1013.62151434
157.205932063
437.485329157
720.303948909
-1477.98782363
-842.947049196
-215.8253031
423.715823505
-208.810009999
-9.88764960378
191.724314394
309.058266374
397.8678653
487.482044757
2518.52395466
1793.36862524
1077.25606258
346.961764932
-1802.30184526
-697.209067729
422.825526852
-42.6098639378
-56.8501753103
-71.2194983822
7443.46798884
4760.98650656
2111.95586354
-589.535597079
422.97228412
446.127521329
469.595837516
158.675881072
427.174519492
698.105651466
5934.59388376
4617.20820907
3316.25047871
1387.0804712
-2570.43334033
-451.984709687
1695.10719191
-219.589568967
-494.690193552
-772.283123126
15345.3288513
9724.47051309
4173.70489685
1190.34897425
982.550887483
850.026672726
715.710615139
25.4800540906
453.131841777
884.657988837
10122.034442
8078.68898924
6060.82427913
4002.9982221
-3512.01388266
-151.387109506
3254.67826521
-436.532433196
-1031.39731269
-1631.65143733
25031.4808763
15808.7412308
6701.01016349
-2587.08839766
1668.48594967
1345.12885831
1017.39969739
-137.792249951
484.9504949
1113.33504755
16072.6078669
12997.6353611
9961.00810078
6864.2441451
3806.92765474
275.777901278
5470.91084306
10666.974062
15801.1738482
-2852.85904172
38796.0127012
24454.8101454
10292.4439635
-4150.39058942
-18409.2481834
2048.69512203
1446.11576163
843.428499113
247.916727233
1438.29718361
-2651.44302093
-3037.45867072
-3418.66066287
-3807.41189506
-2150.47704677
-2141.13958532
-2131.67587326
-14.3318212314
583.671800841
1187.09310385
-3190.40545384
-2086.04767926
-995.461367651
116.722674331
-702.215830951
-303.65830861
100.288058634
318.489561233
525.397018254
734.178976607
2888.03708623
1627.70380357
383.087015634
-886.177888197
-3553.27477723
-1888.53893066
-201.294405227
-549.485348919
-511.425584971
-473.02101432
9747.8768003
6135.9280209
2569.02064022
-1068.52498619
136.065179503
237.155739598
339.613132128
-159.590146812
505.967939433
1177.55572387
7794.43375257
5759.70485223
3750.34924517
1701.2008036
-4795.75276706
-1664.80692225
1508.47203789
-1023.47847344
-1481.36898383
-1943.4078047
21207.4982254
13418.2493553
5726.13327576
-2118.31577122
878.542645906
716.16246801
551.586768652
-583.032173938
488.759326762
1570.26084287
13808.7264403
10824.7383957
7877.96101041
4872.82629676
-6318.79030299
-1390.5547829
3604.31477461
-1604.5023035
-2670.33185986
-3745.81741872
35254.7761013
22344.9658298
9596.14231288
-3405.15608835
1788.6763144
1303.33200606
811.425419874
-1102.09014267
467.664898328
2051.64131132
22355.3528914
18022.4176418
13743.5145715
9379.87305021
5071.81684313
-1000.82805857
6582.61761101
14167.4212259
21661.9214767
-6307.1363439
55216.6972934
35030.2997672
15095.6288393
-5233.82390744
-25304.3142684
2137.7308233
1180.66981898
223.437436561
-722.39830215
2735.70829281
-4026.55577961
-4757.63667473
-5479.60091065
-6215.86276679
-3423.28380068
-3363.30706399
-3302.51938957
-193.968763429
736.76049566
1675.92180094
-4983.6752207
-3387.84155111
-1811.90810298
-204.765217018
-1218.9179052
-611.299407306
4.53462199871
328.366156542
658.947485354
992.523752822
3274.99685328
1454.21708462
-343.85735997
-2177.54047361
-5386.92024202
-3136.11766838
-854.882283172
-1080.29306004
-987.463862385
-893.793668195
12161.088729
7575.78767041
3047.66582061
-1570.12995391
-164.388300727
18.3173139166
203.493267632
-492.883168066
588.481606259
1679.64312614
9742.08632813
6956.14470005
4204.94407063
1399.25927177
-7126.14109007
-2934.89277513
1313.02486821
-1865.32315132
-2514.63400808
-3169.82736943
27346.4510844
17286.4306952
7351.85986721
-2779.45300659
769.62363466
575.977838428
379.713782337
-1220.275427
526.068970488
2288.23457107
17669.4863296
13700.4430674
9780.89421136
5783.72347578
-9258.08922638
-2688.23000275
3970.45944087
-2827.61810193
-4386.64902539
-5959.8041645
45960.7662297
29189.7995642
12627.9686985
-4261.84900664
1914.54149094
1259.56170718
595.726026167
-2111.91755086
449.563158899
3034.24989067
28934.7389632
23284.4460104
17704.6128324
12014.277871
6396.42802437
-2337.70922096
7746.81383359
17833.142694
27799.3854621
-9924.50803117
72412.6877521
46105.1132203
20125.5970378
-6368.41174356
-32524.9322605
2230.97036278
902.690793717
-425.826626468
-1738.5269473
4094.37692379
-5400.32732998
-6476.13691305
-7538.53103223
-8621.96456983
-4694.84912985
-4584.28250865
-4472.2209304
-373.43049777
889.699876303
2164.27372178
-6775.19593222
-4688.3657258
-2627.55852169
-525.939547005
-1735.11601705
-918.640450029
-91.1254220742
338.233118771
792.367694776
1250.61655395
3661.57920136
1280.89957494
-1070.09271457
-3467.64353598
-7218.77727128
-4382.47958737
-1507.83268795
-1610.58305092
-1463.03783861
-1314.15592389
14571.9469453
9014.24296111
3525.84415717
-2071.24568412
-464.548735386
-200.307668967
67.5061668616
-825.851113892
670.914793855
2181.24082035
11687.839272
8151.41760717
4659.09550965
1097.61223687
-9454.25648225
-4203.73985709
1117.7683268
-2706.34674085
-3546.89124325
-4395.05075291
33479.4163511
21150.8392267
8976.0008156
-3439.94540557
660.810856944
435.929937116
208.008431348
-1856.89714854
563.342224469
3005.50802774
21526.4806489
16573.342937
11681.9713974
6693.73221648
-12194.5213215
-3984.63954256
4336.24699003
-4049.54094141
-6101.29219086
-8171.63151107
56656.3143324
36027.9572296
15656.8380098
-5117.70635443
2040.28390561
1215.83409941
380.237013621
-3120.76002971
431.479074898
4015.90008841
35507.7078687
28541.3420899
21661.8476589
14646.1132401
7719.74725374
-3673.28646401
8909.8745641
21495.2888219
33930.8633074
-13538.3515358
89591.9062005
57169.124918
25150.6592858
-7501.89296598
-39738.5076645
2324.11896162
624.982893693
-1074.45743354
-2753.66451723
5451.72038515
-6772.67511689
-8192.85611443
-9595.32729866
-11025.5727124
-5965.09662109
-5803.99254623
-5640.71020394
-552.706239716
1042.48075206
2652.11951944
-8564.85992911
-5987.5420499
-3442.36360825
-846.781015041
-2250.7791462
-1225.66296749
-186.686325008
348.089854976
925.64962879
1508.44187021
4047.76089926
1107.76168985
-1795.57540591
-4756.40954808
-9048.73578173
-5627.54978899
-2160.10638128
-2140.32345441
-1938.11893459
-1734.08252023
16980.3065716
10451.2074507
4003.52691437
-2571.84206286
-764.398086692
-418.706071046
-68.339998201
-1158.47397498
753.262548498
2682.3186636
13631.5756564
9345.45174507
5112.77627053
796.277826019
-11779.9590383
-5471.27191828
922.714147364
-3546.49870171
-4578.07865705
-5619.00432679
39606.0254722
25011.2427227
10598.4585201
-4099.75327665
552.110851732
296.027180086
36.4810341139
-2492.85908151
600.576848811
3722.03810918
25379.4776168
19443.2653611
13581.0783255
7602.79783298
-15127.910127
-5279.70549613
4701.65544054
-5270.19739195
-7814.15831685
-10381.1665413
67340.777673
42859.0278948
18682.5682304
-5972.67669999
2165.89600206
1172.15181051
164.97133179
-4128.55695403
413.413733065
4996.53291343
42073.8646131
33792.7899735
25614.9812458
17275.2210008
9041.69500793
-5007.47952781
10071.7299098
25153.6395371
40055.9865486
-17148.4496882
106753.320274
68221.6699815
30170.5136081
-8634.19945949
-46944.6069892
2417.17102216
347.562807435
-1722.41600594
-3767.75000846
6807.65710895
12591.2174827
15727.7277977
18825.1254839
21983.8633495
11703.0684256
10382.1349003
9043.34120299
4130.2776909
1222.00028535
-1712.62498581
11875.4884026
10166.2225536
8478.27143784
6756.8925111
6311.76061491
4832.73396439
3333.70958511
2266.53109269
928.624378429
-421.403251886
-404.178077526
3966.54777115
8282.77018756
12684.4701191
9097.94363935
9959.04302875
10831.785232
6320.87168636
6290.31922669
6259.48997357
-16466.6989102
-7115.01698282
2120.04844194
11538.0030621
5082.10973965
4341.52689302
3590.93072115
5432.23186853
5225.60811488
5017.11243015
-11914.3855738
-6450.4973952
-1054.74450345
4447.86468649
6790.5474001
9584.30451396
12415.8356578
8261.11208234
10779.4017176
13320.5060805
-41569.7791016
-22421.2577151
-3511.52049728
15772.7009786
3992.990393
3906.45777267
3818.75515594
8236.13826999
9031.50799574
9834.0834628
-26023.6721821
-19219.7785668
-12500.7302537
-5648.61939221
3962.12620361
9124.94762486
14357.5748893
10639.4712774
16282.1479968
21975.9451792
-72341.2967556
-41183.7463546
-10414.7340357
20963.6210054
2657.94087129
3373.14723805
4098.02381793
11673.1848266
13696.8046239
15738.7576319
-46073.7110465
-37365.5991792
-28766.0784251
-19996.2546619
-11338.1434231
8472.17730878
17116.8885341
25763.1477424
34306.4660794
34275.779688
-116069.242895
-67846.2302108
-20224.5638008
28340.1915698
76286.315191
2615.28489937
4494.87928497
6374.81024401
8232.35906917
24129.6103984
2896.59400796
2327.21729551
2727.21243678
2138.07526683
1847.05810484
1613.24922263
1214.89063262
807.93148526
415.924496975
37.9978204127
2295.51994881
1802.14137726
1666.97088098
1287.19027135
1217.79576655
979.234676237
802.458456972
580.706547192
360.148718048
37.8403874845
2123.42530945
2324.78150004
2523.62675678
2215.32864057
2033.766328
1849.70767942
1663.16039757
1255.181743
1096.96276611
937.310386649
2235.21292004
2035.42392547
1838.12632164
1615.67251791
1416.00674389
1216.96457027
1015.23117307
1111.23940208
929.210433174
745.532352391
2301.67896282
2322.6240812
2343.30801164
2283.75305731
2199.13646851
2059.14231258
1917.25531371
1651.31768557
1700.16809021
51.4619012131
2497.5563283
2242.04561102
1989.72114051
1906.61393629
1591.5650381
1427.52533356
1261.26766931
1581.1399307
1433.23652371
51.9329828938
3425.66030836
2319.97950326
2122.2721305
2367.6281488
2401.84825366
2315.8686371
2812.5585499
2136.90367968
2439.58106813
59.2139477345
3170.30851895
2495.32380622
2175.54704751
2263.25180399
1806.76552778
1685.63207565
2120.14468784
2157.14703029
2051.07495728
60.0469014628
2830.6898051
2316.22141882
1808.16850993
1290.05423348
778.53984492
2680.69025615
2671.34345191
2661.99497395
2652.75779737
4159.71467352
3276.12386247
2855.24545203
2439.61544167
2015.75438641
1597.29259456
2052.41534073
1991.44049684
1930.45473437
1870.19505786
2882.00591592
1125.65791854
846.786949386
948.784743276
880.452940661
758.208783152
644.500721833
544.40115031
440.893069644
326.872735985
37.7935288037
1087.74120573
878.113924059
914.48790361
764.644344169
655.036598354
553.516769145
478.228132065
394.463954793
297.345989859
36.6591319885
2402.66398147
2143.40627493
1887.38154051
1451.55858351
1253.34662232
953.823441573
650.250446498
695.546263812
523.223243188
349.339042816
4301.31911798
3046.32499516
1806.98078714
1241.18047195
1010.99156733
871.776461189
730.679045535
633.874873941
454.563030302
273.626690888
3872.2081855
3291.84053469
2718.71013235
1957.39501004
1691.89727986
1227.79499334
757.41763961
921.096235789
697.133692425
46.6304939275
7365.92463656
4966.74051527
2597.47448398
1663.25532799
1326.26596843
1153.663617
978.727531419
845.924545186
593.81240898
46.5629429097
4437.50275809
4699.59865956
3737.75808363
2577.45256514
2229.47550524
1563.63108906
1526.46399205
1197.5768466
910.314243103
51.7184435443
259381.931897
7320.79824961
3566.46675753
2180.63740958
1712.73136332
1499.20271122
1254.55598175
1105.85640026
764.505195746
52.2651370765
8233.43614585
6700.09704753
5185.87885651
3641.67342296
2117.13852005
2040.87185666
1075.46221272
109.879695705
-844.206762335
832.622280579
16460.8829498
10666.0381879
4943.45577783
-892.455389965
-6654.02705153
1990.23195037
1714.87142501
1439.46159165
1167.33074028
534.662622297
-382.657550314
-567.688285168
-750.411666398
-936.753661101
-282.130874652
-281.088764006
-280.032563116
90.206696335
241.788347622
394.743269894
528.492999383
642.408586458
616.904899096
543.541217621
507.684710312
448.320326413
384.655789461
325.567174562
236.137406835
35.5815221444
2669.4622048
1970.11155372
1279.48188223
721.815483187
507.695637021
97.8520203008
-317.53303915
160.843278455
-24.9554322813
-212.437407293
6275.37757781
4012.18909772
1777.22282701
883.372537296
624.020347543
541.966934631
458.804088098
177.777560969
1.0617911072
-177.254955108
5372.76827361
4217.87712532
3077.38759673
1645.57664137
1207.25626165
433.485286401
-350.747746494
223.407108332
-261.214208767
42.0143321667
12017.4007582
7570.04669166
3178.15161973
1430.73866453
1072.7863199
892.002798728
708.774926857
143.463968373
-208.214261636
41.4321452427
8686.49829344
6973.20266469
5281.27202095
3555.83475654
2064.7821886
844.906709362
-391.462549046
300.098254634
-550.821741234
-1409.45074232
1951.61164594
1566.94121452
1525.1856281
1200.23750743
1085.53800235
948.885220935
780.587847288
623.964922304
456.62234663
48.4050491487
13395.4830585
10888.6652733
8413.10778169
5888.52489647
3396.10087039
1429.55820515
-449.320426356
-2328.53550313
-4185.3769692
-2346.24378712
29058.2437451
18128.8498737
7335.74674651
-3671.10061049
-14537.7395966
1930.81891153
1450.62386769
970.34283674
495.779948936
-1708.10345212
-1472.57868773
-1936.64847527
-2394.9312615
-2862.28977878
-1288.99443856
-1176.89459187
-1063.27905761
-249.19527589
159.441808338
571.780986101
-1222.63489277
-859.198981833
-500.295156698
-134.283679504
-403.036689868
-246.897993098
-88.648165129
44.2994025596
179.267257642
315.457869157
2927.67538351
1802.39311746
691.143245089
-442.113574244
-213.961759053
-730.575916054
-1254.1751465
-356.654011424
-555.494790941
-756.13699082
8185.91470028
4946.97358397
1748.42241979
-1513.47214499
249.501104174
222.770033092
195.677534641
-263.643433205
-437.846665862
-613.62811226
6825.04327517
5114.11567102
3424.52352235
1343.79197747
738.210042792
-335.265088899
-1423.25453952
-451.831748612
-1188.7243503
-1932.29291323
16519.2014827
10089.5835708
3740.14370183
1205.70393219
827.463150326
638.761713431
447.508868724
-536.392802025
-984.433283823
-1436.53283866
11602.4619811
9173.64654312
6775.11870093
4329.09094326
1905.38838054
149.309473421
-1630.51315032
-568.501232906
-1964.94122952
-3374.03243103
976.97983108
1153.35105374
1016.06673311
948.964998038
800.812873108
703.080123483
605.825484677
503.724019554
359.52378295
41.6043545478
18391.4254053
14942.4535719
11536.4907968
8063.0770874
4633.90871564
837.915430401
-1925.03854461
-4688.48727366
-7419.03485859
-5422.82016685
41250.2461273
25351.5228867
9651.05847431
-6360.33446654
-22167.7697029
1873.31766799
1194.87927955
516.319405142
-154.161652391
-3878.7017041
-2613.96066692
-3370.24439114
-4117.0971741
-4878.74046457
-2343.3972645
-2114.99606884
-1883.50669005
-604.622179271
73.2072609378
757.177573046
-2285.64531395
-1753.99419224
-1228.97281853
-693.554037524
-947.992585467
-659.148021961
-366.398028332
-136.051277581
118.45133687
375.259646325
3198.08014845
1626.75582209
75.0260829904
-1507.43376904
-969.692351622
-1598.11824105
-2235.04099596
-898.585038059
-1111.08367021
-1325.50745757
10186.6582104
5925.89410438
1718.26219566
-2572.69672579
-142.701139243
-111.497813201
-79.8725910078
-725.906206806
-897.478272319
-1070.60471422
8345.88772778
6052.67029667
3788.04953927
1478.58073271
247.017714071
-1140.31216501
-2546.39995262
-1158.95214156
-2160.02706637
-3170.17134183
21233.5556176
12728.0808814
4328.67035108
-4237.08024969
570.556998841
373.563800273
173.907082051
-1248.34914412
-1797.30164046
-2351.22743355
14656.1034702
11477.9848139
8339.49764697
5138.85657357
1738.46876234
-579.130523407
-2928.06577046
-1478.11181681
-3445.82864876
-5431.37223222
111.731696472
907.57519949
893.856713152
894.568821098
734.752007371
541.60375666
400.149008787
323.586136032
253.071723685
40.9062073814
23623.2521568
19187.6422857
14807.3449579
10340.3011895
5930.15990279
218.338125185
-3470.43298529
-7159.86463316
-10805.3705439
-8644.65770803
54017.89631
32915.2158325
12075.6881027
-9176.54103028
-30158.0531878
1813.10149187
927.059660161
40.8591675442
-834.790374798
-6151.78518127
-3754.22940578
-4802.4420575
-5837.58338211
-6893.22441682
-3396.77168473
-3052.18257394
-2702.93431819
-959.702419071
-12.9431780942
942.393334499
-3347.61893404
-2647.91666931
-1956.93976881
-1252.27891442
-1492.41696147
-1070.99596514
-643.876989808
-316.226053725
57.694732557
435.003096175
3468.22117567
1451.28983356
-540.490152785
-2571.71490993
-1724.68584671
-2464.81441364
-3214.95016356
-1439.98749539
-1666.13065907
-1894.32259212
12185.4503068
6903.8598403
1688.13138812
-3630.88819801
-534.520850463
-445.439633276
-355.15396043
-1187.71811508
-1356.66157974
-1527.13560668
9865.24883353
6990.30950849
4151.22099319
1255.90779617
-243.695533043
-1944.57404309
-3668.44991231
-1865.3828487
-3130.38242793
-4406.84241284
25943.3116343
15364.0047488
4916.62298426
-5737.65642061
313.90141929
108.624546371
-99.4278486959
-1959.6110837
-2609.37717063
-3265.02988635
17706.7666077
13780.0755616
9902.35078502
5947.83240364
1571.71194823
-1306.86004048
-4224.35283013
-2386.83521728
-4925.27169299
-7486.70541889
384.882413615
1333.86394245
803.034346452
711.499842894
589.515327575
520.77322299
428.879248867
273.926881329
190.482684106
37.9366500183
28849.9760762
23428.6904793
18075.0089103
12615.3042143
7225.14679882
-400.634878877
-5014.32013441
-9628.83154899
-14188.4033863
-11863.3528485
66773.0936388
40471.5315741
14497.9528825
-11990.0008232
-38140.5433957
1752.94404726
659.501257096
-434.137332652
-1514.7552499
-8422.65161957
-4893.31638121
-6233.15540812
-7556.28649494
-8905.62057749
-4449.05439796
-3988.39778807
-3521.51269951
-1314.41465716
-99.0043316492
1127.41714014
-4408.49193501
-3540.91269381
-2684.15226121
-1810.4247343
-2036.27710135
-1482.41707311
-921.068374787
-496.214098484
-2.99890420281
494.684628494
3738.08223136
1276.00569626
-1155.36847352
-3634.8930402
-2478.89687389
-3330.61235075
-4193.84376283
-1980.82884848
-2220.60240263
-2462.5482122
14182.1708745
7880.81202205
1658.03180787
-4687.98297088
-925.934483546
-779.035359298
-630.150030919
-1649.05140598
-1815.36899404
-1983.19335497
11383.0352882
7926.97696014
4514.01605974
1033.46563569
-733.900209721
-2748.00239199
-4789.33699034
-2571.08141794
-4099.73212264
-5642.23180998
30648.1865058
17997.1967704
5503.96626905
-7236.67740899
57.5118350841
-156.040127067
-372.47949778
-2670.13587833
-3420.61107362
-4177.88528318
20754.2680676
16079.7804449
11463.5841973
6755.96981903
1405.12795926
-2033.83534577
-5519.29643051
-3294.61682565
-6403.18145684
-9539.90847824
438.349758489
393.835672412
598.94896082
483.179064073
425.950876049
374.51806317
299.996756063
209.289033176
146.855817747
36.9150688327
34071.2830698
27665.3432917
21339.2862875
14887.949448
8518.79158303
-1018.96638534
-6556.60721391
-12095.2396515
-17567.9300863
-15078.7121647
79515.0716051
48020.0160235
16917.7072506
-14800.5447737
-46114.7606285
1692.84894923
392.220148957
-908.641551096
-2194.01541603
-10691.164554
10890.1151603
13297.3519859
15674.5703035
18098.8665274
9873.43764525
7846.19641471
5791.54511672
6061.44999638
3746.64574278
1410.87026021
4845.20329398
6378.14520488
7891.97116147
9435.77659285
6959.07560518
6178.45686938
5387.28348825
4336.26932675
2977.42402028
1606.26810223
1071.6190362
4167.73589866
7225.24384316
10343.3019995
-844.515201879
6434.30144201
13811.5340278
6650.76147141
7226.45075117
7807.35555258
-12946.3381144
-2624.40570304
7568.81107534
17963.8920668
6326.04879815
5749.43089597
5165.01661744
6917.30855111
10961.9590959
15043.2526063
-7624.76324514
-3918.49549292
-258.445307393
3474.08770339
-10337.5591522
5183.76589476
20914.9527777
7172.72306357
10308.5637586
13472.8139544
-28704.5605047
-10598.0936501
7282.58357048
25517.3657723
5765.36791192
5369.43646237
4968.15167471
9203.37186411
18033.9758772
26944.5817385
-18284.8447513
-13830.6501019
-9431.99975001
-4946.23949829
-21974.1936719
3650.85135298
29622.3693097
7812.54695075
14086.6377677
20417.5694147
-48021.0911766
-20372.2917787
6931.7240484
34776.4625726
5078.08166428
4903.63683409
4726.83335783
12005.643022
26702.8996735
41533.3077715
-33433.3816285
-27916.3434937
-22468.1034316
-16911.967627
-11426.60747
1472.49910938
41996.0664868
82526.8903004
122575.161114
30286.4324372
-75470.897921
-34261.9417509
6433.13420123
47934.1264467
88906.4671787
4241.71104653
4383.90732857
4526.12907328
4666.65755042
62264.655292
2405.86286902
2575.66209103
2743.34389806
2914.34643855
2058.95387877
1732.6122742
1401.85824684
1095.91047877
703.500508771
307.5354566
2134.71686154
1804.99394999
1885.21239059
1906.68441838
1498.34377148
1439.80523089
1422.94423006
717.852090906
478.797318426
38.6463140556
2509.72676223
2505.8671555
2502.05567849
2557.35150808
2167.09621201
1877.34921787
1583.68459195
1481.09654826
1289.49655583
1096.16074175
1900.03303395
2217.41548053
2530.84013308
2081.99416543
1802.32598703
1545.8942639
1285.99536048
1390.77378249
1597.86880436
1806.84002684
2601.72049623
2444.04878404
2288.34325545
2387.13238492
2262.87942145
2005.54479655
1744.73078334
1822.26135267
1808.52162608
1255.44072206
2046.36550187
2570.76164753
3088.61851555
2386.48443981
1980.63558396
1721.94473753
1459.75616549
1849.99434899
2488.68174941
676.037560441
2714.48700886
2368.27142546
2026.37318849
1677.70407437
2380.29109754
2162.68776397
1942.14224376
2240.46337098
2444.74590574
2650.87916106
6395.29714472
3205.10859522
2851.16041694
2340.23794476
2101.05411927
2771.66836885
47505.0971824
1870.6783715
2832.80720632
1940.00248097
2874.7341584
2260.58781065
1654.09993544
1035.60130835
424.981293727
2385.99619135
2222.67431908
2059.32320125
1897.91691366
3867.6153153
2480.64250347
3619.40188509
4743.96081191
5890.79025527
7023.01105705
2244.41711088
1975.43339325
1706.40150951
1440.57267298
7069.3171924
1679.00057442
1451.08418265
1459.03585812
1413.60670747
1168.62896537
899.770969777
690.236307742
515.324097309
359.414194975
37.5489742849
1437.80684456
1323.62275572
1328.16445267
1286.889072
1013.45371819
744.478579105
639.40789559
476.712838499
334.427556657
37.2798092973
2668.60267359
2322.27109636
1980.25831202
1699.93293132
2499.80599401
1373.91687793
232.804760191
909.974363754
633.607576605
354.737013525
3540.19580045
2752.31890898
1974.26692905
1617.08185873
1302.56468868
1081.50574749
857.457896845
780.226163496
563.364676393
344.538508304
3731.49811645
3146.95511172
2569.70142259
2140.09978524
3654.92128701
1654.42869842
-373.112292689
1231.1655223
869.473795454
47.1367913398
5443.59458685
4025.59973024
2625.28742552
2020.65735944
1562.51475272
1318.98565356
1072.16382882
1037.62505768
771.305000042
47.0591783265
5034.40220769
4157.85809828
3292.24459037
2409.48866379
5070.86906553
1998.28189772
-1115.84932525
1624.88371665
1158.60012824
688.092191309
2964.39219769
2101.37383663
2628.31682034
1852.67871875
1916.35496211
1764.75142857
1501.04846507
1169.66771291
1108.72726752
55.7216941038
6885.89749525
5594.40444761
4319.01646039
3018.37097124
1734.29347648
2486.91539148
-2171.31773995
-6830.38500749
-11433.9822234
948.978852183
11092.3909852
7804.36861912
4557.34825375
1246.02461444
-2023.11843692
2023.76472961
1709.35562695
1394.89022398
1084.16879188
971.57535831
1186.23114944
1061.71019492
1024.34739156
985.991462476
762.865940917
603.819865882
503.820459158
403.70342143
307.731682426
36.6721372616
601.992285168
636.804293503
799.512550185
757.701131603
659.760743606
522.02812741
432.247045371
367.740895285
282.060396589
36.2005988863
2820.40045493
2146.85448221
1481.70770188
880.713475549
2817.69311931
892.913108331
-1057.89160515
364.296420847
6.9393107478
-353.655316203
5107.28716678
3263.39168888
1442.48979048
1172.88200442
825.068410965
637.806347934
448.012338679
196.879240866
-425.050937278
-1052.61556168
4810.94266346
3818.54604156
2838.52471474
1904.07281154
4984.94586362
1318.95528249
-2396.6026849
666.403785631
-27.7382239818
-1107.33561616
8689.47266506
5415.62287024
2182.59834261
1671.1283548
1163.02175233
933.97892473
701.839238576
261.447882656
-869.560365048
-553.897392781
2688.16568163
2847.47704074
2252.85701129
1934.20053415
1665.92742227
1381.91702274
1176.36679242
945.74204504
595.823132209
51.1030695391
2492.17649582
2533.15685068
2066.5442052
1994.07426847
1683.06600499
1266.06617503
1064.76310275
817.592127374
519.471158801
48.8215832953
10718.3582501
8779.69518545
6865.2074626
4912.80564784
2985.27408603
2583.33850902
-6369.55169577
-15324.0450683
-24171.9277866
-1839.62853252
19320.474789
11802.889602
4379.04952956
-3191.81063156
-10666.2310098
1812.94270103
1455.13197376
1097.25717437
743.643170639
-4854.50408785
-293.71435452
-835.838279823
-1371.20186012
-1917.16766249
-427.511830341
-212.649598427
5.11775803874
-484.058730549
-264.788184164
-43.531131651
745.135668306
367.649715596
-5.1289457455
-385.290033338
-103.857548785
-190.137677586
-277.584388892
-229.890756114
-166.862502971
-103.263238294
2967.31368079
1977.08243134
999.199474543
1.95073970984
3125.35125912
427.387098554
-2307.05588778
-163.82267393
-599.563996911
-1039.25296732
6623.95260025
3758.01914705
927.824199365
-1958.41930379
362.937028845
208.384326586
51.7419371544
-367.696719597
-1381.66127116
-2404.81194839
5855.65279778
4468.52648981
3098.69779953
1675.64072386
6272.17285265
994.276744451
-4354.98111693
119.814976219
-896.079716773
-1921.17802177
11830.90474
6760.91778633
1754.15412789
1332.84650939
776.383654746
561.360958853
343.430968796
-489.753430111
-2457.62589441
-4443.32652018
1866.21914937
1814.81655445
1637.86898378
1689.4000311
1431.54010558
1269.55878922
1059.23474505
1003.70027642
512.160799229
45.5038183291
1429.67540394
1340.49757119
1365.65810416
1273.12050078
1255.43733268
1085.64568763
985.275336972
722.24407948
466.132218356
44.3721075064
14427.4979192
11862.489502
9329.46702209
6746.28112459
4196.00058816
2676.65891937
-10432.6947002
-23544.3957732
-36499.9911939
-4538.50398981
27283.7949611
15672.7460061
4206.48810932
-7486.84502565
-19031.2251374
1608.90451268
1209.08874012
809.201373723
414.074997368
-10493.111701
-1201.36555423
-1982.85210755
-2754.59343755
-3541.61816236
-1263.51072833
-866.685073699
-464.493990528
-1015.27559511
-590.345973784
-161.566654853
412.384592801
-120.146833381
-646.03753408
-1182.34285803
-677.067265738
-706.996636617
-737.330678663
-600.468711704
-422.044811613
-242.004460172
3121.16344362
1799.29455957
493.909525951
-837.327064472
3447.53553878
-60.118813724
-3615.19970874
-716.877016078
-1234.70347804
-1757.22124695
8212.22769174
4276.00053835
388.85857071
-3575.26349767
-121.01397776
-241.312940318
-363.238449648
-958.929245546
-2383.4381509
-3820.85255457
6949.68912743
5149.1958933
3371.15500791
1557.90219366
7620.17651821
654.268445111
-6405.82477344
-452.581131789
-1805.42012466
-3170.51531424
15120.6601508
8169.73106761
1305.48083495
-5694.70749279
371.490363021
171.149762118
-31.8996182342
-1276.42286124
-4120.6722514
-6990.68943818
250.388403909
1282.64378489
1376.21820646
1470.57525981
1597.46835691
1396.08102875
1250.68172706
1148.76986416
408.374787887
41.0038617101
1170.94511782
1475.50073225
1240.24379626
1145.63690106
1164.18402075
1183.94504555
934.403832787
568.414461715
354.616374911
40.4151268013
18311.7653504
15090.8385611
11910.0770834
8666.32450811
5463.89178122
2774.38547133
-14687.6798042
-32152.8719604
-49410.1265499
-7364.80738489
35623.104868
19725.3184447
4025.77916755
-11984.670317
-27791.1741151
1395.23262096
951.428526606
507.544961556
68.9461977011
-16397.9472863
-2108.13148157
-3128.74720195
-4136.63573198
-5164.4842638
-2098.69423961
-1520.08263924
-933.647705982
-1545.97434037
-915.586232491
-279.487052787
79.9580641387
-607.467612807
-1286.32101592
-1978.61828184
-1249.7179059
-1223.35148024
-1196.62855754
-970.685226221
-676.978229662
-380.610361599
3274.86314998
1621.68009217
-10.8875910022
-1675.78628389
3769.40557785
-547.14923992
-4922.06763916
-1269.39193986
-1869.22347953
-2474.48926036
9798.95366826
4793.4767195
-149.581380925
-5190.5307119
-604.49296554
-690.571597585
-777.814087722
-1549.58511626
-3384.23795333
-5235.51203371
8042.65839506
5829.20140981
3643.34647672
1414.20335547
8966.86541617
314.591770906
-8454.66815141
-1024.41895655
-2713.87361262
-4418.63407278
18407.2069176
9577.17027097
857.245152926
-8035.36743566
-33.008018365
-218.680844375
-406.864128739
-2062.32501886
-5782.09656572
-9535.56780045
125.137339515
1481.83040447
1285.56804854
1129.83270248
1150.3532455
1279.73399357
1243.86706668
992.576384861
298.082685308
40.8224075193
121.02947273
1776.93928605
1241.22684908
1208.0214881
1269.50086224
1152.76465165
1020.0087037
367.166302417
241.692486809
38.2601793628
22192.2442837
18316.0388686
14488.1701616
10584.4951884
6730.54634391
2872.01670626
-18938.5148329
-40752.9519199
-62307.6700799
-10188.3541612
43954.281077
23773.9382302
3845.24647919
-16478.1086804
-36542.579127
1181.76913289
694.019620499
206.182768232
-275.845982581
-22297.0236243
-3013.95764552
-4273.45470182
-5517.24569122
-6785.6684426
-2933.01217482
-2172.8030299
-1402.31519509
-2076.12307461
-1240.48941536
-397.285239168
-252.123940903
-1094.28333772
-1925.94091418
-2774.06845356
-1821.77505651
-1739.17117873
-1655.45042457
-1340.51805194
-931.647437196
-519.072613218
3428.40356345
1444.24970267
-515.161541134
-2513.37653232
4090.94203395
-1033.67491252
-6227.58114438
-1821.33424255
-2503.08587066
-3191.01390417
11384.0351774
5310.41659336
-687.463298633
-6804.12387889
-1087.4708804
-1139.36464755
-1191.96006364
-2139.62883697
-4384.00053658
-6648.70537353
9134.49491998
6508.50217522
3915.25584895
1270.65344535
10312.1586189
-24.7328656989
-10501.388128
-1595.66413416
-3621.38558822
-5665.45929318
21690.3475394
10983.150818
409.474017998
-10373.6015413
-437.087181564
-608.107434219
-781.440029674
-2847.41267514
-7441.79899604
-12077.8086755
164.983609508
1568.22604016
1323.64704068
1470.99438838
1560.66368627
1554.65303832
1352.82055564
1429.06081237
205.606666992
37.100746093
180.537026901
1815.5259185
1300.28471843
1269.86862697
1317.58228842
1400.65512046
1415.94975947
1142.51688648
200.348765134
36.0323847164
26068.7015264
21537.8966099
17063.5913292
12500.6778952
7995.88815813
2969.54675713
-23184.9443376
-49344.1188402
-75191.8467212
-13008.9746412
52276.8229361
27818.3620654
3664.90089316
-20966.8900879
-45284.9142678
968.52687631
436.877490478
-94.867096247
-620.280823601
-28189.9862169
9189.01283783
10866.9761742
12524.0151231
14213.8697052
8043.80686491
5310.25792914
2539.74903045
7992.62230185
6271.29120021
4534.36550623
-2185.08181463
2590.06785615
7305.67088509
12114.6606746
7606.39059545
7524.17977438
7440.85739139
6406.00756082
5026.22366213
3633.93945634
2547.41614992
4368.92402617
6167.71749876
8002.13387988
-10786.9740431
2909.55985528
16791.2828236
6980.65125645
8162.58227565
9355.22113159
-9425.97731854
1866.20557673
13017.5737087
24389.7810715
7569.98785664
7157.33489891
6739.10251372
8402.38523368
16698.3100769
25069.3927825
-3335.14091652
-1386.49359064
537.853888661
2500.3107203
-27465.6657045
783.22727557
29414.0698976
6084.33404481
9837.72579961
13625.1218283
-15839.3419077
1225.07041496
18076.6876382
35262.030566
7537.74543083
6832.41515207
6117.54819349
10170.6054582
27036.4437586
44055.0800142
-10546.0173205
-8441.52163705
-6363.2692463
-4243.85960436
-47910.5135475
-1823.24491891
44887.1637301
4985.62262408
11891.1275387
18859.1936502
-23700.8855977
439.162797311
24278.1821325
48589.3041398
7498.22245726
6434.12643013
5355.64289773
12338.1012173
39708.9947232
67327.8579111
-20793.0522105
-18467.0878083
-16170.1284381
-13827.680592
-11515.0715169
-5527.17909001
66875.2444396
139290.632858
210843.856148
26297.0851864
-34872.5529466
-677.653290931
33090.8322033
67528.0613237
101526.619166
5868.13719369
4272.93537217
2677.44790255
1100.95603167
100399.700186
4665.79923808
2824.10688655
2759.47535934
3360.99351129
2270.8496527
1851.97532576
1429.62518355
1383.88947228
991.076520566
40.5253751395
2022.26128762
1834.81114218
2135.20981186
2189.23937544
1984.22163378
1715.02052401
1442.34247587
1163.89135148
824.075788958
39.3295327555
2896.02821502
2686.95281097
2480.4846002
2899.37437559
2300.42609602
1904.99075631
1504.20878633
1707.01135353
1482.03034554
1255.01109686
1564.85314785
2399.40703559
3223.55394452
2548.31581295
2188.64523017
1874.82395753
1556.75954789
1670.30816289
2266.52717556
2868.14770129
2901.76202963
2565.47348688
2233.37849926
2490.51171253
2326.62237439
1951.94728052
1572.20625298
1993.20501977
1916.87516195
2459.41954292
1595.17467545
2899.47768404
4187.51589059
2866.35494332
2369.70612983
2016.3641415
1658.24466167
2118.84876729
3544.12697511
1300.14213799
3274.63455855
2416.56334767
1930.47424648
1989.32522234
2358.73394142
2009.50689083
1976.95566063
2344.02306227
2449.91074335
3852.11618497
7648.97582809
3512.46751117
5369.14666319
3256.20936119
2591.65174876
2189.86501217
7149.88163802
2668.67273397
5110.21705199
2026.06454706
2918.77851169
2204.95420248
1500.03136096
781.148383216
71.4227425337
2091.30212654
1774.00518626
1456.65142854
1143.07602995
3575.51595708
1685.16114446
4383.55831815
7048.30618215
9765.82612413
12448.7295195
2436.41888102
1959.42628967
1482.34828465
1010.9502881
11256.6284689
2312.30763582
1935.56553125
1680.73130852
1525.48776798
1633.0783497
1469.91924583
1113.34065933
653.78529985
407.741277888
38.7173944163
2123.80292301
1751.37365237
1563.99967214
1558.21985556
1363.10876345
1073.24977667
751.97712172
584.76506275
359.84069662
38.5934286394
2934.5413657
2501.1359178
2073.13508353
1948.30727913
3746.2653657
1794.01031429
-184.640926116
1124.4024637
743.991910021
360.134984234
2779.07248292
2458.31282281
2141.55307096
1992.98324551
1594.13781003
1291.2350338
984.236748155
926.577453051
672.166322483
415.450325721
3590.78804739
3002.06968875
2420.69271282
2322.80456044
5617.94529416
2081.06240349
-1503.64222499
1541.23480882
1041.81389848
47.6430887521
3521.26453714
3084.4589452
2653.10036706
2378.05939089
1798.76353701
1484.30769011
1165.60012623
1229.32557018
948.797591105
47.5554137432
3236.88647714
3616.11753701
2846.73109712
2781.86574398
7912.26262582
2432.93270639
2567.18623966
2052.19058671
1406.88601337
52.7821248848
3565.4178221
3851.99290168
3280.15834292
2850.08821426
2049.5950733
1720.97739785
1665.15793342
1600.43616536
1287.8939849
52.7153445606
5538.35884466
4488.71184769
3452.15406428
2395.06851953
1351.4484329
2932.9589263
-5418.09769261
-13770.6497107
-22023.7576845
1065.33542379
5723.89902064
4942.69905036
4171.24072967
3384.50461884
2607.79017769
2057.29750885
1703.83982889
1350.31885631
1001.00684348
1408.48809432
1664.34962593
1344.79904386
1367.36350519
1366.21487063
1129.78170009
856.750642052
687.004546457
483.540698529
338.626432179
37.6041537365
1135.12229568
897.991127026
1066.20506909
1083.90864485
831.179858369
618.211638923
507.034391225
428.532064367
309.552305165
35.8373970517
2971.33870507
2323.59741069
1683.93352153
1039.61146791
5127.69060159
1687.97419636
-1798.25017115
567.74956324
38.8340537769
-494.873225114
3939.19675575
2514.59428003
1107.75675395
1462.39147153
1026.11647439
733.645761237
437.22058926
215.980920763
-851.163665663
-1927.97616825
4249.11705331
3419.21495781
2599.66183276
2162.5689817
8762.63546559
2204.42527858
-4442.45762331
1109.40046293
205.737760803
-2256.68556449
5361.54457194
3261.19904882
1187.04506548
1911.51804508
1253.25718475
975.955050732
694.903550295
379.431796939
-1530.90646846
-1149.2269308
1765.20181953
1808.00006878
2698.83008012
2991.11005019
2789.26163049
1792.97557769
1371.28193762
1025.50583549
673.608701178
51.9243150158
5830.26572861
4180.87360562
3217.84977935
2024.79172626
1847.15518353
1491.44309877
1191.67319766
955.928866177
568.280922421
48.9884464225
8041.23344164
6670.72509765
5317.30714351
3937.08639922
2574.44730168
3737.11881289
-12289.7829652
-28319.5546334
-44158.4786039
-1333.01327792
9582.70583291
5476.92933037
1422.35231261
-2712.52065263
-6794.72242296
1695.06649053
1459.64007982
1224.17151199
991.506392342
-8000.90472359
885.149978687
264.971915624
-347.47245875
-972.045546207
433.970777873
751.595395021
1073.51457369
-718.922185208
-689.018176666
-658.843249403
2712.90622938
1594.49841303
490.037265207
-636.296387173
195.321592299
-133.377362075
-466.520612655
-504.080914787
-512.992263583
-521.984345744
3006.95197807
2151.77174523
1307.255704
446.015053663
6464.6642773
1585.35011316
-3359.93662905
29.0086635653
-643.633202881
-1322.36894382
5061.99050023
2569.06471012
107.225978937
-2403.36646259
476.372953516
193.99862008
-92.1936603326
-471.75000599
-2325.47587645
-4195.99578452
4886.26232038
3822.9373086
2772.87207672
2007.48947026
11806.1356625
2323.8185778
-7286.70769434
691.46170105
-603.435083243
-1910.0631303
7142.60799726
3432.25200184
-231.835446045
1459.9890866
725.304159166
483.960204274
239.353068867
-443.114058198
-3930.81850499
-7450.12020171
7189.93306257
5871.46283789
4569.43408199
3241.62023626
18353.7457476
3229.03798607
-12100.1690002
1503.50090829
-554.159968847
-2630.46245567
2242.50799676
1998.54058205
1916.02738747
1390.05996682
1144.22077782
1133.13571107
996.421274374
738.339140395
505.566299221
47.1645546424
10463.570433
8782.52543214
7122.44324737
5429.48516178
3758.09246067
4515.40240834
-18940.3508558
-42400.3042728
-65580.9475291
-3654.18781277
13317.3437949
5993.96912564
-1238.08225567
-8613.35558475
-15894.6805719
1344.49135737
1223.29820069
1102.0833423
982.311647127
-17107.5216979
211.229558466
-595.459823954
-1392.08970101
-2204.49586015
-183.624192152
381.625921445
954.518708993
-1425.92901096
-1253.89920851
-1080.31088275
3110.41449955
1513.70052548
-63.1022496303
-1671.13167854
-406.14194601
-754.845251273
-1108.26332899
-1064.88614583
-962.540960097
-859.268566669
3044.24673879
1971.83329704
912.792968912
-167.220359901
7864.76342917
1477.8806136
-4995.35842152
-535.168994097
-1358.32328586
-2188.93503633
6237.79717312
2626.10697233
-940.545054237
-4577.83026956
-99.3268162764
-371.128067435
-646.604308288
-1191.95228429
-3869.39802947
-6571.10039493
5553.49052708
4245.72148992
2954.26047656
1637.22365461
14993.3353223
2448.84905523
-10265.2495943
253.789877978
-1450.81318294
-3170.85928664
9007.764684
3611.38125382
-1717.70868118
-7152.33473589
172.423727202
-31.2642760363
-237.70631852
-1304.49657835
-6444.04286235
-11630.1514428
8629.33775144
7033.068307
5456.70451818
3849.12276916
23731.5847398
3639.06843529
-16725.1161931
1220.90075342
-1564.1878955
-4374.50836766
1638.74316586
1591.71960229
1515.77254882
1285.81608509
1340.67841803
1447.47297571
1431.74452056
1013.75674133
415.113307637
42.34335724
13000.2785439
10994.0348365
9012.80920892
6992.34782669
4997.62365964
5330.43281747
-25904.926623
-57145.8792876
-88014.8825559
-6084.95706175
17228.313426
6535.42105696
-4024.12976757
-14792.7996037
-25424.2950423
977.363750051
975.797393051
974.230755568
972.682770201
-26644.1093914
-462.033557358
-1455.05234639
-2435.68808186
-3435.74411078
-800.616794484
12.0172954633
835.638906227
-2132.24626167
-1818.22928689
-1501.36744007
3507.53506232
1432.98144369
-615.70226303
-2704.95764926
-1007.01885032
-1375.70699535
-1749.38012527
-1625.14439872
-1411.65119188
-1196.22381937
3081.50512429
1792.07035078
518.714970781
-779.857657839
9263.49700241
1370.5159338
-6629.18511477
-1098.79638433
-2072.31629999
-3054.65592859
7412.45702975
2683.09359869
-1987.29414997
-6750.17322579
-674.465080617
-935.703561894
-1200.47421501
-1911.45211744
-5411.81432692
-8943.88846075
6220.0679566
4668.09331113
3135.47196026
1572.49891477
18177.4263654
2573.7575849
-13240.8863905
-183.455064404
-2297.3647973
-4430.42573271
10871.1022009
3790.33579312
-3202.13267841
-10333.0784507
-379.91745602
-545.98623512
-714.300408783
-2165.03895403
-8954.81596082
-15806.1057145
10067.3385252
8193.54081092
6343.10956028
4456.03277796
29104.1784877
4048.69896367
-21345.5524705
938.576230992
-2573.23069724
-6116.85323453
454.697991808
1448.86781788
1517.51795375
1565.86221835
1595.09026645
1596.36761701
1417.70573277
1284.94388568
358.997821954
41.4195741482
15534.5124912
13203.387258
10901.3314129
8553.6861625
6235.94588899
6144.6682914
-32862.7095314
-71877.0722907
-110426.936774
-8513.35547396
21135.4685153
7076.34488627
-6807.45992409
-20966.2165376
-34944.6148582
610.594218532
728.537983902
846.502869115
963.063284744
-36171.395629
-1134.59890984
-2313.75399551
-3478.2048875
-4665.71630771
-1416.96995168
-357.208271734
716.882309333
-2837.83149206
-2381.97449907
-1921.98761847
3904.2440532
1352.34601837
-1167.72956715
-3737.71217281
-1607.27301166
-1995.92528435
-2389.83247434
-2184.8220054
-1860.29597019
-1532.82985493
3118.72489555
1612.49370908
125.045391253
-1391.86002444
10660.7809418
1263.26252571
-8261.31852593
-1661.83963663
-2785.5693387
-3919.47959615
8585.89948034
2740.02116467
-3032.95840513
-8920.26478691
-1249.00727726
-1499.6939358
-1753.77009636
-2630.20626797
-6952.63207913
-11314.2173921
6885.95455176
5090.02739029
3316.49563815
1507.84125502
21358.2174474
2698.53666059
-16213.4392657
-620.246850382
-3143.0390538
-5688.68677637
12732.5085729
3969.10486568
-4685.01823306
-13510.5256737
-931.686198212
-1060.17474137
-1190.40056157
-3024.68947196
-11462.9869185
-19977.7320679
11503.848969
9352.81061242
7228.5959408
5062.31379114
34471.2041318
4457.90495496
-25961.2001726
656.544306948
-3581.22773683
-7857.39235212
141.155312371
2410.32941378
1634.96794231
1824.05798879
1945.71267045
1964.78754591
1781.77203472
1680.4929385
317.248354732
38.7083167592
18066.1199831
15410.4499281
12787.8963709
10113.4063425
7472.98473324
6958.05989959
-39813.2814613
-86592.9980288
-132815.763356
-10939.2371177
25038.5742671
7616.70810738
-9587.90546431
-27133.2354022
-44455.0679072
244.204803387
481.534831999
718.907358602
953.453768828
-45688.8078799
7487.91051538
8436.60036242
9373.45994269
10328.8728831
6214.17608457
2774.31944357
-712.047055821
9923.79460733
8795.93665764
7657.86075225
-9215.36692325
-1198.00949258
6719.37060871
14793.5447563
8253.70558572
8869.90267938
9494.43129454
8475.74579488
7075.02330399
5661.61081046
4023.21326364
4570.11215367
5110.19115437
5660.96576027
-20729.4328843
-615.181731456
19771.0316194
7310.54104149
9098.71380013
10903.0867106
-5905.61652269
6356.81685651
18466.3363421
30815.6700763
8813.92691513
8565.23890185
8313.18841
9887.46191626
22434.6610579
35095.5329586
954.481412103
1145.50831164
1334.15308471
1526.5337372
-44593.7722568
-3617.31134362
37913.1870175
4995.94502604
9366.88784063
13777.4297023
-2974.12331076
13048.23448
28870.791706
45006.6953597
9310.12294975
8295.39384177
7266.94471227
11137.8390523
36038.91164
61165.5782898
-2807.18988978
-3052.39317215
-3294.5387426
-3541.47971043
-73846.833423
-7297.3411908
60151.9581506
2158.69829742
9695.61730962
17300.8178856
619.31998128
21250.6173733
41624.6402166
62402.145707
9918.36325025
7964.61602617
5984.45243763
12670.5594127
52715.0897728
93122.4080507
-8152.72279246
-9017.83212279
-9872.15344458
-10743.3935571
-11603.5355637
-12526.8572894
91754.4223924
196054.375416
299112.551182
22307.7379356
5725.79202786
32906.635169
59748.5302053
87121.9962006
114146.771154
7494.56334086
4161.96341578
828.766731826
-2464.74548708
138534.745079
3373.24623772
3072.55168207
2775.60682062
2472.78132874
2482.74542663
1971.33837732
1453.0166592
1671.86846579
1278.65253236
881.874215046
1886.0107167
2123.25861159
1974.10195899
2314.65337943
1887.68788124
1754.35122121
1571.23901216
1134.16268088
815.128072222
39.5356279496
3282.32966781
2868.03846643
2458.91352192
2041.68635739
2433.75598003
1932.63229476
1424.73298071
1932.92615879
1674.56413526
1413.86145197
1229.67326175
2581.39859065
3916.26775596
5277.5723753
2574.96447331
2203.75365115
1827.5237353
1949.8425433
2935.18554675
3929.45537573
3201.80356303
2686.89818972
2178.41374306
2593.89104014
2390.36532732
1898.34976448
1399.68172262
2164.14868688
2025.22869782
1885.05014752
1143.98384903
3228.19372055
5286.41326563
3346.22544683
2758.77667569
2310.78354547
1856.73315786
2387.70318559
4599.57220081
6831.47989166
3103.09414427
2464.85526987
1834.57530447
1191.81341388
2337.1767853
1856.3260177
1368.97372882
2447.58275357
2455.07558096
2462.63629047
2911.72049426
2468.87965122
3146.91713697
1837.43899692
2280.72524428
2134.83911331
6769.40208643
2682.12245754
3153.79855363
2236.53212544
2962.82286499
2149.32059431
1345.96278647
526.695458085
-282.135808659
1796.60806173
1325.33605343
853.979655836
388.235146243
3283.41659886
889.679785453
5147.71475121
9352.65155239
13640.861993
17874.447982
2628.42065117
1943.41918608
1258.29505979
581.327903222
15443.9397454
2918.67595401
2479.95482218
2046.70459114
1604.87436824
2070.51313297
1882.62850783
1692.20351888
760.231414953
448.17554884
133.292577579
3827.15169967
2428.36275183
1759.26522627
1473.60686136
1350.23813012
1226.10565678
1015.19138752
663.585796452
416.537031948
38.4375869105
3200.48005782
2680.00073924
2166.01185504
1641.84404853
4992.72473739
2214.10375065
-602.086612423
1338.83056364
854.376243438
365.532954943
2017.94916539
2164.30673664
2308.83921287
2456.23397833
1885.71093138
1500.9643201
1111.01559947
1072.92874261
780.967968574
486.362143137
3450.07797834
2857.18426578
2271.68400306
2505.50933564
7580.96930131
2507.69610857
-2634.17215729
1851.30409533
1214.15400151
571.231574894
1598.93448743
2143.31816016
2680.9133086
2735.46142234
2035.0123213
1649.62972667
1259.03642363
1421.02608267
1126.29018217
828.884088692
3756.03671962
3074.37697574
2401.21760386
1714.72713252
10753.6561861
2867.58351506
-5125.11572841
2479.49745677
1655.1718985
823.378270318
277683.742845
4020.15617996
3492.08734106
2091.68937823
2713.66659218
1909.37115018
1947.07472186
1595.14882161
1370.109375
56.9303361121
4190.82019407
3383.01924777
2585.29166816
1771.76606781
968.603389322
3379.00246111
-8664.87764527
-20710.9144139
-32613.5331456
1181.69199539
355.407056084
2081.0294816
3785.13320559
5522.98462324
7238.69879229
2090.83028808
1698.32403083
1305.74748864
917.844895078
1845.40083034
2484.35737202
1913.75892882
1350.27591099
775.633799967
1676.6463281
1797.87077925
1920.73429057
-110.791010848
-345.302596981
-581.938767152
2452.42766882
1550.56094654
1207.02579653
1107.35323812
1042.09765467
824.240499116
660.651850829
482.504956204
341.029319696
36.1624710092
3122.2769552
2500.34033917
1886.15934118
1259.8152384
7437.68808388
2483.03528439
-2538.60873716
771.202705632
70.7287968059
-636.091134025
2771.10634472
1765.79687119
773.023717418
-239.410096559
1227.16453781
829.48517454
426.428839842
235.082600659
-1277.27639405
-2803.33677483
3687.29144316
3019.88387405
2360.79895078
2421.06515187
12540.3250676
3089.89527466
-6488.31256171
1552.39714023
439.213745589
-684.054658969
2033.61647882
1106.77522739
191.491788358
2151.90773536
1343.49261717
1017.93117673
687.967862014
497.415711222
-2192.25257187
-4906.28820669
4379.88984775
3656.74369101
2942.61524641
2214.34435987
18795.1704024
3833.78816596
-11329.8849918
2509.99031812
890.904973129
-742.848657288
2934.61488046
2734.76251759
3590.3620542
2268.55171445
2472.78509051
1555.10667414
1669.89623418
1145.62385143
757.531930832
50.1531678548
5364.10863323
4561.75500984
3769.40682442
2961.36715059
2163.62051732
4890.89911676
-18210.0142346
-41315.0641986
-64145.0294213
-826.39802332
-155.06312319
-849.03094129
-1534.34490434
-2233.2306737
-2923.21383616
1577.19028002
1464.14818588
1351.08584962
1239.36961405
-11147.3053593
2064.01431189
1365.78211107
676.256942624
-26.9234299213
1295.45338609
1715.84038847
2141.91138934
-953.785639867
-1113.24816917
-1274.15536715
4680.67679045
2821.34711045
985.20347616
-887.302741008
494.500733382
-76.6170465629
-655.456836418
-778.27107346
-859.122024196
-940.705453195
3046.59027535
2326.46105912
1615.31193345
890.079367617
9803.97729547
2743.31312777
-4412.81737033
221.84000106
-687.702408851
-1605.48492032
3500.0284002
1380.1102732
-713.37224149
-2848.31362139
589.808878187
179.612913574
-236.12925782
-575.803292382
-3269.29048175
-5987.17962064
3916.87184298
3177.34812739
2447.0463539
1702.28184544
17340.0984724
3653.36041115
-10218.4342718
1263.10842588
-310.790449712
-1898.94823884
2454.31125455
103.586217344
-2217.82501998
-4585.20897258
674.224663585
406.559449696
135.275168939
-396.474686285
-5404.01111558
-10456.9138832
4983.66860331
4220.37098527
3466.59177251
2697.88488276
26577.9244311
4768.90224239
-17334.9969251
2539.50197889
151.23066149
-2258.67746799
33403.128265
4706.61332191
3373.77574046
2622.34734718
1978.97270185
1715.61645665
1588.0802174
1385.64902285
1113.30542793
47.9840537672
6499.64294693
5702.56136225
4915.41947265
4112.68919897
3320.18433319
6354.14589731
-27448.0070115
-61256.2127724
-94661.9038644
-2769.87163573
-649.107371255
-3684.80775487
-6682.65262066
-9739.86614386
-12758.1360065
1080.07820206
1237.50766126
1394.96531089
1550.54829689
-23721.9316948
1623.82467116
791.932459639
-29.5859644627
-867.373557937
896.262344022
1629.93691659
2373.53140851
-1836.5824268
-1917.45244323
-1999.05511065
5808.4444063
3147.54788434
519.83303482
-2159.92049904
-135.216626281
-802.693865929
-1479.19597933
-1529.30357995
-1503.03710858
-1476.53267317
2967.33003396
2144.37203451
1331.67641187
502.886344671
12281.9913196
3015.88004093
-6375.51713431
-353.460972116
-1481.94309369
-2620.6488257
4263.36665451
976.213406303
-2269.94867918
-5580.39704144
-77.639654793
-500.943194553
-929.970166928
-1424.97532303
-5355.35790805
-9321.34823528
4157.29192673
3342.24708654
2537.3659452
1716.54511555
22366.4941265
4243.42966535
-14124.6744151
960.160887745
-1096.20624123
-3171.20325904
2894.86921721
-946.968559963
-4740.8981973
-8609.96197899
-26.6429086177
-233.678314191
-443.513018805
-1332.57029547
-8767.4134733
-16269.6134474
5615.95489206
4810.61005355
4015.30795379
3204.25586695
34728.1427285
5748.16791463
-23623.6414044
2570.40703854
-623.367518871
-3846.07643539
2654.83445108
2033.35860538
1819.27369044
1997.32062348
1620.55307854
1825.93975336
1758.11843376
1487.82021076
974.089269847
43.2330640544
7688.79173754
6897.23111193
6115.54133442
5318.37114526
4531.35553806
7886.48016362
-37122.1734419
-82138.8866148
-126619.638562
-4805.10673861
-1166.47801607
-6654.47633082
-12074.0387027
-17600.9288904
-23057.4159696
559.494879141
1000.1662595
1440.91654958
1876.4193427
-36890.2714964
1184.06436685
218.642509157
-734.740431739
-1707.00395776
497.460650639
1544.11723017
2604.92551844
-2718.51818297
-2720.87234128
-2723.24782736
6935.1120605
3473.43050019
54.916489857
-3431.29701668
-764.319794747
-1528.06251045
-2302.13169301
-2279.60357121
-2146.3241541
-2011.83727715
2888.14709859
1962.46060939
1048.31753256
116.070968207
14757.588427
3288.18110753
-8336.30259038
-928.200828805
-2275.40912045
-3634.82259683
5025.96039125
572.710477888
-3825.00691902
-8309.81573967
-744.437195693
-1180.8355262
-1623.13434231
-2273.31911863
-7439.39070051
-12652.2648878
4397.47751814
3506.98521245
2627.5974438
1730.79447407
27387.9873146
4832.9233989
-18027.1046296
657.508827745
-1880.85598199
-4442.21739264
3334.99748419
-1996.49868472
-7261.51050975
-12630.7894658
-726.826893674
-873.291625865
-1021.73668883
-2267.75288919
-12127.5353559
-22076.6436286
6247.62448403
5400.27343556
4563.4889479
3710.13296512
42870.4117575
6726.47846575
-29906.1522906
2601.28195513
-1397.21019936
-5431.92714235
2029.82457655
1492.41174557
1798.46819448
1743.38319374
1857.08448667
2153.49517441
1775.42627202
1621.54855292
867.741239223
43.0249915777
8876.78069872
8090.73564735
7314.49266426
6522.87713662
5741.34543408
9417.31987653
-46786.9042299
-103001.192662
-158546.203467
-6838.35678667
-1683.34404642
-9621.24845763
-17460.1663274
-25454.3243948
-33346.6505894
39.4193041696
763.056347305
1486.82297
2201.97255207
-50045.7676337
744.759825844
-354.053289198
-1439.16408378
-2545.76417281
99.0722714502
1458.38648643
2836.07981376
-3599.53990951
-3523.45958278
-3446.68999778
8060.6120473
3798.97537446
-409.518220121
-4701.35589207
-1392.77096681
-2252.67938997
-3124.21452412
-3029.12595886
-2788.94450318
-2546.58709664
2809.04622765
1780.7377155
765.252323641
-270.343516563
17230.6198496
3560.19996394
-10295.0559075
-1502.3450307
-3068.05280673
-4647.94528812
5787.76378325
169.625735983
-5378.45351163
-11036.4056949
-1410.54367411
-1860.02322405
-2315.58012907
-3120.78369897
-9521.26362167
-15979.7294107
4637.41418354
3671.55260537
2717.73542736
1745.02906469
32404.276276
5421.80618688
-21925.4904034
355.170433395
-2664.69251938
-5711.91425956
3774.66960652
-3044.94108667
-9779.51048411
-16647.449806
-1426.28521486
-1512.24204852
-1599.36109346
-3201.96626878
-15484.1748409
-27877.6554602
6878.63941978
5989.32569618
5111.10181257
4215.48577719
51004.242218
7703.77510533
-36182.1520436
2632.12487325
-2170.25087683
-7016.13428907
1609.54340444
2708.44411619
3234.50580416
3203.58128488
1876.55532978
2429.55859253
2521.07470552
2150.56198259
1369.25042027
39.0274020927
10063.5384397
9283.00324628
8512.20141259
7726.13478969
6950.08130834
10946.5730421
-56441.618585
-123841.877217
-190439.679991
-8869.49959416
-2199.67440183
-12584.9458507
-22840.7118218
-33299.5807164
-43625.2215465
-480.117269535
526.19217352
1532.68181345
2527.18836126
-63187.6295428
