9496.23573689
6140.03197549
2825.68044431
-554.307772352
7844.62586185
-996.446882079
-9957.05863134
-11704.8333398
-3363.48755693
5053.42758437
-5810.41726128
1060.12547859
7844.99179448
14764.2241039
8790.09142317
-3067.78319979
-15085.9866176
-7765.94882783
-793.228951254
6242.66106372
11383.3805098
6902.40926527
2477.31622521
-2035.41037979
1719.40333511
600.379552986
-533.774405508
7115.30134533
23365.5335184
39762.9864939
2791.12659957
2987.22288793
3180.873834
3378.35980062
4047.38573823
836.45442207
-2417.89148266
20341.0500979
10660.8578182
892.966749957
13054.8515944
7577.65772193
2168.76505971
-3347.2441178
-3705.79375999
2014.71153833
7812.56305166
23784.563495
47039.8093279
70505.7386708
10409.6368763
4694.08059335
-950.202073851
-6706.262868
-153.296439866
4294.49345857
8802.4213511
45235.8205749
20805.9060997
-3845.33392795
15103.7516336
8405.38163655
1790.5410504
-4955.2983773
-10356.0353604
3748.40881069
18043.557354
44217.8525817
76059.8893526
108190.40263
19748.4559252
6786.35778063
-6014.1015738
-19068.0583973
-5302.51975495
8533.38001945
22556.3532119
75751.9908371
33241.7717351
-9653.57346861
18015.3464262
9581.62088363
1253.06482663
-7240.42811449
-15625.7285124
6212.08388193
32582.338731
58957.3156241
85018.2765896
161742.293519
33019.4093106
9759.59378362
-13210.1692842
-36634.8204652
-59761.0817371
14557.0609217
42101.4142771
69650.6999189
96871.9885156
-17907.3875527
640.501504596
702.19981372
763.12873814
825.264285518
650.87032203
-302.439605628
-1268.63911398
-1049.65915311
-192.396226753
672.633169312
-98.2449467651
588.854685086
1267.38610892
1959.35501917
730.57040183
-465.153796248
-1677.04522713
-644.665416826
37.991831082
726.833688955
408.539662145
633.112018397
854.883932655
1081.04776891
1248.04129161
1029.23055132
807.461299211
653.852030686
2251.8943946
3864.41440269
49.5362348966
566.369912902
1076.75861807
1597.2549484
1131.01953125
537.431923635
-64.1815055297
1747.30602078
979.888355733
205.518184204
203.087744545
571.919971111
936.152819226
1307.5988542
1776.96415038
2208.70983319
2646.29309375
2162.67622205
4416.83751638
6691.42063798
180.428138654
546.454828967
907.917126176
1276.53774286
1485.70304587
1425.43641839
1364.3549336
3865.9092941
1814.13956328
-256.218405718
-48.7565415456
496.91036476
1035.7727447
1585.30663616
2425.32120306
3654.52314645
4900.34497093
4012.20265017
7070.63876242
10156.7831199
340.876278744
522.042790596
700.95013611
883.400523169
1920.47638638
2513.95805712
3115.46411706
6462.90685493
2836.77007576
-822.21809659
-406.640527042
390.317766262
1177.33790195
1979.94401053
2772.32629286
5709.09996003
8103.4713227
10498.2714384
12864.5594768
15081.2455943
568.881530451
487.351999226
406.839150227
324.731842555
243.67044126
4060.80459637
5603.88243038
7147.23657881
8672.21581884
-1626.53344678
-337.841648269
101.451674452
535.2669611
977.673429842
-143.864624972
-225.768688328
-308.780165971
127.478330321
157.932205493
188.661980966
532.811104071
536.790729475
540.720728512
544.728556382
-159.810564872
-177.626574946
-195.683472996
142.063123351
129.821502071
117.468976449
-803.913209123
-59.4927813712
675.644641732
1425.34056395
1195.96725509
1076.60815173
955.635209321
-59.9808970813
-80.648986553
-101.504320901
-253.34279138
298.924563923
844.305084536
1400.48620049
808.832027081
504.397213444
195.84617592
-306.85027239
-89.6232102471
129.571844848
-1216.71944874
-202.0435851
799.979158863
1821.84573987
2382.67549172
2230.14192436
2075.54597029
-226.01621278
-291.963756651
-358.508759698
-949.650527352
88.2431030064
1113.19408559
2158.44297098
1666.77260853
1108.47542602
542.629579246
-704.459280046
-283.988526872
140.291528288
-1722.74000052
-376.783279994
952.38921212
2307.88434261
3837.35010436
3644.151065
3448.33980632
-429.54337396
-550.994765158
-673.546458867
-1803.18904241
-170.011591021
1442.79995784
3087.5512703
2718.44170836
1848.95839627
967.718912356
-1191.85096685
-522.24278596
153.431785407
-2441.82183726
-625.097583264
1168.97191938
2998.57077809
4804.86368305
5653.53247538
5399.15209963
5144.72617273
4893.32939706
-1121.23161032
-3016.1121954
-537.005103586
1911.18724999
4407.86306406
6872.73550726
2901.22366979
1571.79322783
242.124728667
-1071.71296659
172.104782367
-1272.59833186
-472.532348115
317.55672477
1123.2925471
-903.193088829
-152.513560847
608.315808301
1252.17279659
492.653047084
-273.747656844
1135.75278104
487.0462913
-153.570757128
-806.874444051
-1010.52389294
97.0909319307
1219.68167412
893.741876297
217.560040903
-464.747739729
-1962.34971643
-721.241129863
504.390696057
1754.29466388
1146.21318513
1121.87501798
1097.2077776
-742.011632657
-2309.274504
-3890.73616924
-542.728160206
43.3942556472
622.207660479
1212.4837581
500.998398355
472.834242873
444.289283475
-2269.49121136
-1111.4866347
57.0090144152
-2573.27237133
-941.52605084
669.872213482
2313.18225302
2961.40159921
2250.61918779
1530.22637898
-2508.28926999
-4790.98176352
-7094.35456593
-2029.38270817
-349.554690217
1309.3256875
3001.05816573
1839.77528493
805.635461137
-242.486833954
-5071.21194614
-2288.64226166
519.136425229
-3322.14530315
-1211.55272817
872.720525165
2998.27026553
5186.47126808
3634.24107337
2061.02337421
-4673.40379317
-7833.07453327
-11021.3706651
-3851.73344437
-831.234043212
2151.59939805
5193.50421378
3480.85662976
1213.58534159
-1084.34142951
-8505.57929846
-3731.60722373
1085.61518687
-4386.33315363
-1595.27484858
1160.97865229
3971.81638856
6746.84886949
5600.44059498
2815.31384113
29.6883628144
-2722.77193883
-16601.8672271
-6441.38975372
-1515.72575536
3348.51467093
8309.08543996
13206.4670392
1793.30359276
-2280.66111794
-6355.35534152
-10381.5369582
1890.61132184
-2177.27637499
-1028.04668831
106.851977714
1264.22592619
-1638.08784898
-81.6156399847
1495.90142918
2340.67679633
816.603227153
-721.277857598
1719.292975
438.90253178
-825.521301717
-2114.98550546
-1833.86293123
362.968567149
2589.50314114
1621.23307826
302.475325288
-1028.22986157
-3083.51000437
-1361.69571176
338.647367153
2072.66366475
1098.06010375
1165.68528506
1234.22481773
-1402.09595412
-4466.18721445
-7558.03795348
-822.801674286
-203.913587466
407.25689681
1030.53086633
203.070253269
442.286906917
684.737978114
-4168.97820645
-2100.46849427
-13.218886164
-3886.1740761
-1657.21341824
543.951854942
2788.70851889
3521.50543331
2270.43753296
1002.45410474
-4717.12324738
-9145.230177
-13613.4540384
-3074.37122079
-773.26500737
1499.14615836
3816.55965278
2007.21107383
512.540293568
-1002.33973771
-9297.45105863
-4228.79016302
885.790834911
-4870.08487371
-2019.46092942
795.615420618
3666.44092075
6492.18035342
3624.64996587
718.348069449
-8780.70509073
-14880.8312279
-21036.2221425
-5834.35969716
-1471.17965112
2837.59105962
7231.69171359
4218.73853128
598.657348172
-3070.37048614
-15583.9661677
-6837.70059569
1987.80275107
-6268.2739019
-2534.23370845
1153.2425929
4913.74486024
8626.34477374
5549.05710737
314.618440357
-4920.7575422
-10093.8020409
-31584.3662904
-9756.44858462
-2462.95309224
4739.59170878
12084.7741158
19336.3914877
721.034215242
-6009.15102339
-12740.5414165
-19391.7890362
3553.81968455
-3124.66897062
-1609.78974781
-113.801235591
1411.81350261
-2407.68081038
-7.37025978492
2425.39458046
3480.57472741
1155.84877896
-1189.93828517
2330.38513447
388.485655144
-1529.19812399
-3484.85928901
-2696.07608484
641.39966743
4024.00099929
2383.07292101
391.399901598
-1618.31690309
-4257.60609676
-2032.38948324
165.078434238
2406.06452087
1047.63346513
1211.56406256
1377.71114448
-2093.3462872
-6724.93898454
-11398.4921158
-1116.09891465
-462.898119239
182.157190379
839.987032836
-108.924628033
410.297272459
936.539505363
-6158.1498552
-3136.14532769
-86.7626109403
-5261.06469419
-2406.69210606
412.086141802
3286.68685133
4108.05468058
2291.19160522
449.762958325
-7030.24775729
-13705.0652894
-20440.3540801
-4168.69907245
-1216.98089084
1697.92904025
4670.56520362
2182.55237657
205.606579771
-1798.0692464
-13723.2328856
-6260.54253077
1269.75690497
-6491.11071684
-2865.51467596
714.869783331
4366.15938544
7859.53875113
3614.60601234
-687.721915029
-13081.9334303
-22261.3491469
-31523.9268105
-7910.59604007
-2141.34041731
3555.97195299
9366.11263877
4991.45967253
-45.3045919116
-5150.17029695
-22996.5604711
-10090.4487797
2932.5872793
-8239.0708543
-3517.52569635
1145.14127392
5900.14667076
10594.5814483
5495.24753825
-2304.14778769
-10104.9397284
-17812.8567852
-47274.2670063
-13228.028573
-3454.90395493
6196.34872374
16038.7326782
25755.7415297
-401.862572723
-9913.68231616
-19427.2053132
-28827.4619457
5295.55675863
-4071.13753235
-2190.96540756
-334.239236057
1559.25713034
-3176.52315372
66.8027056112
3353.98115596
4619.36086562
1494.76344957
-1658.1416075
2940.88126873
338.117952319
-2232.18861913
-4853.39697407
-3557.44828382
919.559201541
5457.09972822
3144.16970766
480.237745835
-2207.82840662
-5430.55704128
-2702.42909742
-8.32120921827
2739.14019639
997.256009838
1257.39809246
1521.05752267
-2783.92241326
-8981.48769412
-15235.2005133
-1409.11008925
-721.630051942
-42.7229663519
649.62904517
-420.615206926
378.338838907
1188.09543944
-8145.38137684
-4170.81201967
-160.234605269
-6634.61432063
-3155.43979416
280.349043125
3784.17948347
4694.03184041
2311.9254351
-102.389123963
-9341.11617455
-18260.4529928
-27260.5955442
-5261.95957774
-1660.26399857
1896.5180404
5523.73780507
2357.72266118
-101.027767998
-2593.0226449
-18144.6980517
-8290.31324055
1653.34847593
-8110.55550176
-3710.74322887
634.202900835
5065.19538376
9225.5635037
3604.57185512
-2092.42049725
-17378.9665916
-29634.6685203
-42001.4023562
-9984.80733783
-2810.84754606
4273.6521777
11498.4517688
5763.42714467
-688.638447429
-7227.94158701
-30401.9249434
-13340.0244145
3876.4503174
-10207.9456013
-4499.85863608
1137.04785653
6885.58639996
12560.8984146
5441.49045197
-4920.35981719
-15284.0655524
-25524.382794
-62948.864668
-16696.2225758
-4445.88732406
7651.68489913
19988.8347699
32168.8304957
-1523.66414978
-13814.4053468
-26107.3474108
-38253.931826
7035.59503948
-5016.62518326
-2771.53874251
-554.448776724
1706.54794893
-3944.56867633
140.898798868
4281.60535336
5756.96677696
1833.32687232
-2125.85968847
3550.74469073
287.802450091
-2934.45054176
-6220.51631997
-4417.92776504
1197.43045382
6888.71320757
3904.47770101
568.983519395
-2796.72894616
-6602.29235087
-3371.77428906
-181.541142971
3071.87067553
946.93076525
1303.18462042
1664.25533806
-3473.78283293
-11235.6977386
-19067.9325836
-1701.81758991
-980.093837387
-267.370059476
459.468342671
-731.982752735
346.413526765
1439.3906634
-10130.5533511
-5204.40639316
-233.630453937
-8006.7404136
-3903.41148744
148.748475495
4281.15651909
5279.40169922
2332.63777665
-653.968961204
-11649.5896303
-22811.1195368
-34073.7685764
-6354.08703848
-2103.08769201
2094.90122484
6376.02618673
2532.71140102
-407.344322911
-3387.15216144
-22561.5808543
-10317.9803157
2036.54249632
-9728.32190985
-4555.09579512
553.619620712
5763.50690797
10590.1725215
3594.5480972
-3495.66326353
-21671.5463496
-37000.3462572
-52468.0191482
-12056.8689432
-3479.66080413
4990.58860561
13628.5809633
6534.59455723
-1331.305558
-9303.55949511
-37799.614568
-16586.2322208
4819.33514502
-12174.7798256
-5481.17349551
1128.96282707
7870.00482901
14525.1775092
5387.78907902
-7533.86042999
-20457.8237808
-33227.9166522
-78607.2173292
-20160.8221762
-5435.84364767
9105.51277828
23934.8430143
38575.2729987
-2644.30310259
-17711.0857061
-32780.5662741
-47670.6322046
8773.82996159
7188.75998144
5347.87428774
3529.9446412
1676.01311758
7289.22480214
2046.71819223
-3266.67167401
-4900.57438147
-1146.9852984
2640.6098463
-2027.72256003
2321.74102235
6616.96631526
10997.2533009
7641.1095371
880.417792841
-5971.68439333
-3031.99232388
179.274411968
3419.63397927
9184.3049004
6082.18261118
3018.74412826
-105.362013565
2555.45944813
2355.77942106
2153.39954608
8630.80491522
20023.0456138
31518.4955958
3995.68716449
3701.14527657
3410.2763584
3113.64713644
3791.16711479
2317.9654728
824.844861242
16037.9400895
8893.37353173
1684.07997124
10951.7875429
6732.56998338
2565.96653109
-1683.15141544
-1637.30415113
2629.5193666
6954.0340553
20615.7408637
38773.6444218
57096.0515454
9330.70720621
4922.90333031
570.065253762
-3868.97546638
381.218112165
3591.22198933
6844.62791529
32928.4516557
16611.5756092
146.874992705
13118.3791692
7529.81902027
2010.94883134
-3617.21584354
-6776.8208212
2965.0715579
12838.6828085
35306.9526715
61758.2494122
88449.1846449
15870.4091928
6420.54223489
-2911.48384225
-12428.3193021
-3798.71937492
5151.98804186
14223.7168203
53632.9497045
26072.5975107
-1737.44078744
16197.2199013
8662.75186216
1222.23946852
-6365.62318873
-13856.8294804
3441.90888237
21201.0784053
38963.4280104
56514.3021436
133003.636944
25163.6699107
8548.7659414
-7858.94834711
-24591.5973844
-41111.1011507
7369.91874808
24709.7905273
42052.7673064
59189.2615941
-4415.15268553
779.236691578
850.65249901
921.177743465
993.09965428
919.794205455
326.347641104
-275.122837774
-263.60541278
82.2416294445
431.221911769
207.764298975
701.472356047
1189.02381932
1686.23064406
923.89878054
214.565216917
-504.359154418
-79.1524839245
190.996261623
463.592450054
649.629501252
823.533580225
995.269056196
1170.40554359
1391.79947612
1325.95350085
1259.21723064
1113.21004616
2161.22673274
3218.73804413
324.446672706
708.214745569
1087.19718833
1473.68491567
1239.95153168
959.834107753
675.929252232
1764.45270508
1029.91039025
288.713406869
534.834561249
799.513966443
1060.89279033
1537.26649782
1809.86128727
2211.31869091
2618.20414838
2332.67516693
4002.61353851
5687.68090422
427.793918011
714.186576288
997.007886603
1338.95950635
1519.8839684
1619.92941107
1721.32755527
3397.3601582
1772.94861847
133.820540048
394.118183181
770.070568905
1141.33478701
1519.95143967
2322.32415256
3296.60505292
4284.0590798
3827.50337949
6259.79736495
8714.12699078
554.477638061
721.506884912
886.453258675
1054.66619398
1863.02695536
2429.07849255
3002.78353963
5398.98864912
2683.7696724
-56.0481354091
194.152803821
728.22995135
1255.64709808
1793.50909746
2324.5196568
4838.85409368
6651.32661393
8464.1236883
10255.3379133
13014.8661664
734.501871817
731.909428746
729.349313724
726.738498751
724.160941085
3578.92192412
4823.79993846
6068.90086945
7299.17784342
-325.861516322
71.1403260727
353.818918811
632.972478394
917.654333396
216.127107001
136.288555664
55.3705175621
248.666830444
218.041295133
187.138304349
454.731202504
522.472093178
589.36824749
657.589198463
181.810436688
141.004708958
99.6472522409
247.064469199
192.291240791
137.021788172
-293.24446263
242.580816986
771.724296403
1311.34681638
1263.24336365
1212.18279463
1160.43184224
282.69873301
187.930364345
92.3034310065
-81.1360721513
377.568746581
830.553465749
1292.50899422
958.104286523
809.793638287
659.477700886
187.579654943
161.189048748
134.559353892
-615.985275481
144.055641083
894.618763783
1476.51665668
2190.68919098
2165.11769201
2139.2004441
312.841275283
161.26068279
8.30682890347
-555.761372561
249.225782453
1044.17465906
1380.8573856
1645.67883923
1402.14954712
1155.32752683
134.893105175
133.641392938
132.378340674
-1011.60304607
23.2828448145
1045.26359477
2087.4834257
3327.55826963
3333.23143718
3338.98131089
349.79019807
128.568815076
-94.656747868
-1137.5601279
91.902149005
1306.03289603
2544.20802013
2488.51216191
2128.26324182
1763.1434425
70.309592555
99.87329872
129.704840599
-1573.79672007
-148.341655145
1259.33782827
2694.89468517
4112.16500808
4993.18254873
5043.93306896
5094.69267694
5144.84794977
-240.973409596
-1964.32678023
-131.663014315
1678.14723277
3523.79856215
5345.93945682
3160.1090185
2626.88184898
2093.55919605
1566.58619067
125.905656283
-605.409418606
-120.880074441
357.607135486
845.570200405
-456.190700277
-45.3031485055
371.139960908
738.116674056
347.790907792
-46.0710585642
690.695406907
351.446526544
16.4281170493
-325.224923011
-527.216899165
70.7214180075
676.744382118
558.748029653
193.52852694
-174.999722853
-1194.11215607
-312.489739491
558.138748545
1446.00897081
1140.41459444
1103.48072244
1066.04747232
-510.812213007
-1697.45306544
-2894.84442387
-468.649574334
61.6534600582
585.343557258
1119.40469744
688.813705412
666.437668317
643.759087708
-1319.0416348
-668.829618799
-12.7269340524
-1715.53458069
-482.201157106
735.75246297
1418.47330056
2554.55071261
2120.97500814
1681.53698242
-1617.00637012
-3508.9548703
-5418.04369028
-1495.49798629
-195.020398829
1089.24009001
1420.88865943
1765.86938375
1194.07206145
614.54354123
-2982.22676618
-1432.63254788
131.000393171
-2354.6975528
-690.234507731
953.472500006
2629.73111818
4288.00788973
3368.22606802
2436.00799481
-2972.98630465
-5729.5054698
-8510.99762975
-2754.21539449
-509.652871013
1706.91971081
3967.38880634
3086.13118301
1840.84970464
578.730935869
-5020.96983044
-2368.90710611
307.182278155
-3262.98177632
-985.860848094
1262.86413158
3556.12236395
5820.1684168
5140.63546891
3508.15101242
1875.37423174
262.037009897
-12906.2479648
-4542.91907983
-956.762173591
2584.67496142
6196.24593504
9761.81168425
2759.95477655
527.839338779
-1704.67579734
-3910.61099316
557.546009447
-1260.18911673
-580.304183234
91.1025103313
775.805593722
-1106.87463647
-221.05158707
676.748561632
1211.81697972
473.365431879
-271.776200646
919.066745071
185.924227891
-538.075921427
-1276.41400975
-1213.42912315
2.69970579221
1235.27165593
860.402223199
194.725999643
-476.980992382
-2065.99169044
-849.699211916
351.42596556
1576.33796069
1021.5382146
998.276470164
974.70020668
-1278.78952995
-3522.16854677
-5785.87170761
-843.693650508
-244.096290895
348.024023665
951.870558117
428.18836811
527.694612866
628.546268734
-2777.1828004
-1472.13991025
-155.273837539
-2779.70254143
-1088.30623732
581.998168763
2285.38091428
2906.70388268
2078.25274943
1238.60023515
-3484.75529565
-7061.07007071
-10669.7848709
-2404.99571516
-624.971607534
1132.8554036
2925.49403251
1882.1924318
992.690101988
91.1609257929
-5999.0438213
-2948.506859
129.666785322
-3654.57390717
-1380.79226846
864.635063011
3154.53034127
5217.55212098
3402.09464014
1562.09059263
-6188.84236328
-11399.0783904
-16656.5171356
-4318.84985893
-1091.85102793
2094.90677256
5344.77442048
3664.51999374
1562.68457252
-567.569494587
-9948.42184692
-4758.24698974
478.948839151
-4897.81216375
-1796.43031272
1266.27696536
4389.63742173
7473.21161895
5283.34364273
2021.78741642
-1240.35284717
-4463.65463121
-25163.9787749
-7038.5373264
-1755.31125691
3462.03240213
8782.69918233
14035.5897867
2372.67671487
-1503.66009197
-5380.69102304
-9211.56269229
975.297020909
-1945.88436764
-1061.42009207
-187.985183339
702.747037354
-1788.28074322
-405.098022874
996.786532802
1707.88313887
604.868981923
-508.138055593
1158.22068107
12.5867612135
-1118.7609776
-2272.51367709
-1932.04099283
-68.5336650007
1820.16990529
1176.29907908
195.980011256
-793.220367198
-2979.03718923
-1412.27313569
134.953197697
1712.82045956
897.049063004
888.104978336
879.039961853
-2083.02704759
-5433.03832996
-8813.39941557
-1236.44550682
-564.28207673
99.4994014191
776.426261312
155.25755403
382.400776647
612.615173509
-4304.17038914
-2313.37865577
-304.551121229
-3894.11540264
-1723.02868861
420.984335186
2607.45691923
3275.48403423
2033.51335084
774.750141869
-5440.6903556
-10780.8990919
-16169.4880487
-3357.43555895
-1075.22304748
1178.53002284
3476.91592104
2004.00769554
781.799853536
-456.933303208
-9158.30048955
-4535.95347513
128.270210914
-5015.82418037
-2103.95485026
771.603148882
3704.10806334
6190.9849667
3437.56232358
646.911007696
-9556.5357009
-17336.3413162
-25186.6289538
-5957.35884866
-1701.53778582
2501.21272006
6787.19356845
4270.21754642
1271.38581875
-1767.99272628
-15108.5244836
-7260.4000279
658.825392252
-6609.83139082
-2645.27097471
1269.85093677
5262.50705761
9204.3035824
5432.78981116
465.24486966
-4503.18959551
-9412.47073656
-38000.4607664
-9651.9866814
-2591.56399293
4380.8144477
11491.2723306
18511.1551665
1967.11324301
-3631.07716959
-9230.2700337
-14762.7998729
1412.77222889
-2630.91082963
-1542.06674727
-466.800670435
629.759738228
-2469.02224446
-588.964950048
1316.51235678
2203.46546276
736.244270737
-744.269376366
1397.14135966
-160.581641765
-1698.87966596
-3267.64180437
-2649.95196857
-139.697558736
2404.49767751
1491.88782677
197.232799776
-1109.15129976
-3891.19215435
-1974.29835623
-81.3084346993
1849.16984102
772.681331186
778.040941639
783.473018693
-2886.48015681
-7342.04435732
-11837.9742418
-1628.81429486
-884.155571204
-148.782823769
601.153083091
-117.407058553
237.248651935
596.699616585
-5829.66863933
-3153.79690393
-453.682808181
-5007.44132768
-2357.13206702
260.127545524
2929.2187892
3643.90449819
1988.81758856
311.352462101
-7394.71770557
-14497.0999993
-21663.8271227
-4308.94644602
-1525.03533728
1224.1600936
4027.79998341
2125.70414746
571.115295672
-1004.49295166
-12314.475795
-6121.85178436
126.874998648
-6375.74676596
-2826.41209961
678.661972894
4253.14975795
7163.46838031
3472.99541382
-267.375962109
-12920.9443782
-23267.8133669
-33708.4209766
-7594.26972808
-2310.62988924
2907.1223794
8228.20586122
4875.32433548
980.371181543
-2967.24513209
-20263.5942439
-9760.11260552
838.526503793
-8320.18080982
-3493.28372486
1273.42142231
6134.52534511
10933.7071353
5582.09021814
-1089.7795123
-7762.84395484
-14356.4600426
-50824.4227691
-12262.8870236
-3427.00109466
5298.7003645
14197.2036876
22982.3553293
1561.94533515
-5756.41928323
-13076.0943797
-20308.6226864
1849.82074795
-3315.22733686
-2022.21526496
-745.327195873
556.848082429
-3149.05823183
-772.641319328
1635.90682003
2698.53416994
867.48340348
-980.155972935
1635.81442319
-333.570574695
-2278.39712495
-4261.73859053
-3367.11890835
-210.787698904
2988.21985811
1807.14950137
198.484289918
-1424.75480458
-4802.40177095
-2535.7410993
-297.345935644
1985.3779113
648.442492876
668.090974238
688.005120184
-3689.10057504
-9249.07190941
-14859.4144282
-2020.77643572
-1203.6975519
-396.807731674
426.061556286
-389.789084185
92.2469614723
580.800554389
-7353.58587798
-3993.3441508
-602.659936504
-6119.61341257
-2990.57826686
99.4374662733
3250.64718831
4011.94313475
1944.16814854
-151.564956819
-9346.7199206
-18209.4494723
-27152.4719171
-5259.47119646
-1974.381446
1269.7428738
4578.11311489
2247.27447436
360.649089234
-1551.48511462
-15467.3800711
-7706.106484
125.481232366
-7734.25994101
-3548.12060128
585.817120236
4801.62243108
8134.94392157
3508.39178155
-1180.71537379
-16281.8662152
-29193.1380977
-42221.3810971
-9229.48412899
-2919.09073554
3312.61135792
9667.72470287
5479.80399775
689.658149072
-4165.25464438
-25413.3213401
-12257.2345053
1018.04137485
-10028.7576393
-4340.41760284
1276.98820745
7005.63988134
12661.3183511
5731.23589162
-2643.19228212
-11019.1200401
-19295.3254463
-63635.0941423
-14871.0814542
-4261.57235751
6215.63499326
16900.3306437
27448.9215838
1157.19733937
-7879.55871298
-16917.9329507
-25848.697863
2286.41631417
4881.28422599
4555.71659998
4234.20883809
3906.33400751
6733.82374243
5089.88326655
3423.71528332
1903.68457686
1069.51696012
227.792108232
1754.97214122
3583.35656611
5388.94083604
7230.28249793
6492.12765102
4828.61878547
3142.6178309
1701.96418007
1151.77777519
596.606894814
6985.22929097
5261.9559571
3560.17203132
1824.68635266
3391.51556115
4111.17928914
4840.57349766
10146.3084851
16680.5577093
23274.0046978
5200.24772941
4415.06766521
3639.67888281
2848.93447226
3534.94849134
3799.47652353
4067.58120515
11734.8300812
7125.88924528
2475.19319253
8848.72349138
5887.48224483
2963.16800248
-19.058713069
431.185457724
3244.32719486
6095.50505894
17446.9182324
30507.4795157
43686.3644199
8251.7775361
5151.72606727
2090.33258138
-1031.68806476
915.732664196
2887.95052009
4886.83447948
20621.0827365
12417.2451188
4139.08391336
11133.0067048
6654.25640399
2231.35661227
-2279.13330977
-3197.60628196
2181.73430511
7633.80826308
26396.0527614
47456.6094719
68707.96666
11992.3624604
6054.72668914
191.133889298
-5788.58020691
-2294.91899489
1770.59606426
5891.08042866
31513.908572
18903.4232863
6178.69189373
14379.0933765
7743.88284069
1191.41411041
-5490.81826297
-12087.9304484
671.733882817
9819.8180795
18969.5403967
28010.3276976
104264.98037
17307.9305108
7337.93809918
-2507.72740997
-12548.3743037
-22461.1205644
182.776574408
7318.1667775
14454.8346939
21506.5346726
9077.08218163
302.132858248
999.1051843
1079.22674879
1342.12594667
1188.71808888
955.134887836
686.640271778
522.44832755
356.879485642
37.6668708996
264.088629553
814.090027008
1110.66152972
1163.96369146
1117.22715925
894.284230081
660.307457898
486.360448977
344.000692163
35.7882719922
890.719340359
1013.95514205
1135.65417974
1434.6569927
1535.55766062
1622.67645038
1710.97316207
1572.56806163
2070.55907087
2573.06168556
599.357110516
850.059578236
1097.6357586
1271.96748049
1348.88353211
1382.23629187
1416.04000999
1781.59938938
1079.93242477
371.908629534
866.581377954
1027.10796178
1185.63276143
1516.61306204
1842.75842417
2213.92754864
2590.11520301
2502.67411182
3588.38956065
38.5702333076
675.159697367
881.918323609
1086.09864703
1367.62797935
1554.06489094
1814.42240374
2078.30017693
2928.8110223
1731.75767365
43.2207693847
1164.86190889
1043.23077305
1246.89682932
1617.07534059
2219.32710206
2938.6869594
4743.38240514
3642.80410882
5448.95596747
39.0903510576
888.044274695
920.970979228
1071.95638124
1484.88923602
1805.57752433
2344.19892797
2874.96337367
4335.07044331
2530.76926905
47.5000860652
794.946134685
1066.14213644
1333.95629421
1607.07418439
1876.71302075
3968.60822733
5199.18190515
6429.97593819
7646.11634967
10948.4867385
900.122213184
976.466858265
1051.85947722
1128.74515495
1204.65144091
3097.03925187
4043.71744654
4990.56516009
5926.13986801
974.810414131
249.804970398
606.186163171
730.677995687
691.13749209
576.118838974
498.345799656
442.868399616
369.855330566
278.150384774
35.9906039749
158.513219602
508.15345688
638.015766468
588.014710146
523.431438249
459.635992862
404.635854968
352.065815046
254.76097951
35.8069669543
217.424283863
544.654415342
867.803951075
1084.61502463
1330.51947222
1347.75743753
1365.22847516
625.378363101
456.509715243
286.111182914
91.0706470775
456.212929239
816.801846961
973.504742196
1107.37654596
1115.19006313
1123.10922585
682.009582277
412.001307742
139.546862937
-15.2511022258
490.154867266
989.258368704
1433.1236963
1998.70289023
2100.09345965
2202.8549179
851.698763347
614.48512223
43.6623317222
-161.87221777
410.208461899
975.155232541
1314.93877058
1624.58506994
1695.82366822
1768.02547441
974.245490395
551.271312748
42.7687418749
390.005873238
423.348969623
1138.13797741
1860.32787448
2817.7664349
3022.31180935
1628.56515168
1129.1237701
808.132395311
48.0793870918
380.586033109
353.815889031
1169.26583422
1733.47080538
2258.58261546
2407.56808737
1577.64546857
1332.47015196
721.9893834
46.7770365261
-705.771602876
328.414272973
1349.70373715
2391.21859224
3419.46633311
4332.83262208
4688.71403829
5044.65918114
5396.36650249
639.284791127
-912.541365058
273.679074956
1445.10721555
2639.73406024
3819.14340638
3418.99436721
3681.97047014
3944.99366343
4204.88534792
79.7065301999
61.7794946436
230.772199233
397.657546201
567.84785371
-9.18831172517
61.9072638365
133.964113514
224.060551524
202.9287685
181.605539716
103.426540599
496.326977814
477.123933837
436.780282158
412.228889628
367.07726116
326.140482749
267.86597513
198.936397389
34.7837896338
-425.87459572
96.261650882
611.886801034
750.16788485
1134.61600375
1085.08642691
1034.88716704
-279.612793357
-1085.63162688
-1898.95267849
-394.570988461
79.9126644693
548.479454036
688.338909932
876.629012469
860.04109376
843.22889194
-368.592058242
-226.172602902
-82.46288252
-857.796790042
-22.876263372
801.632712458
1353.35389119
2147.69982602
1991.33082848
1832.84758587
-725.723470252
-2226.92797707
48.5275704808
-961.613264413
-40.486107441
869.154492525
1264.5969351
1691.96348258
1582.50866176
1471.57391641
-893.241586208
-576.62283411
42.3368527829
-1387.24980244
-168.916287296
1034.22447485
2261.19197084
3389.54451139
3102.21106267
2810.99261541
-1272.56881612
-3625.93640633
-6000.62459439
248.090139211
742.957716336
1102.36963668
980.547068162
791.842249693
679.227106342
591.512436663
498.691608572
356.981891659
46.9393039231
-2139.630399
-376.44684761
1364.74961088
3140.42833934
4893.48796411
4680.83034283
4200.98818371
3721.06010066
3246.84595862
-9210.62870248
-2644.44840595
-397.79859182
1820.83525191
4083.40643012
6317.15632929
3726.60596034
3336.3397955
2946.00374684
2560.31497188
-775.519302943
-343.101858473
-132.561678154
75.3530429483
287.385261253
-575.661423955
-360.487534155
-142.404305918
82.9571631029
130.127636604
177.725456305
118.840515147
-67.0540759983
-250.630541137
-437.842514034
-592.995315074
-357.569155565
-118.959829289
99.5713681418
86.9766739972
74.2678768072
-1048.47337651
-337.702712071
364.204563967
1080.01225663
945.016325442
830.867655265
715.175595627
-1155.48310577
-2578.14987909
-4013.70546173
-864.585626729
-284.278994324
288.791150519
873.210249903
653.306482952
613.102318815
572.354559355
-1385.38739434
-843.81132622
-297.328788914
-1673.23100677
-519.399056397
620.044482584
1276.15092227
2291.90233205
1886.06796589
1474.74636557
-2252.38734391
-4976.90996441
-7726.11570342
-1735.62020953
-476.678207698
766.564648843
1215.87500134
1757.17378977
1472.83991041
1184.6615893
-2700.63658398
-1668.22355498
-626.457264268
-2439.06294063
-742.123607507
933.654705405
2642.6197618
3942.92388854
3179.53931441
2405.83311582
-3596.97963583
-7917.32555288
-12276.8121287
163.327078938
762.108860062
649.153682675
577.016525882
555.559975789
508.755353102
446.618933669
391.029066343
297.355796309
41.5790743008
-3527.3504256
-1058.62691698
1379.31133783
3865.52998323
6320.07846416
5017.63017808
3728.95639249
2440.05184786
1166.49277852
-18743.5912594
-4320.62606818
-1047.66942158
2184.47309548
5480.62424888
8734.78808578
4024.31921449
3001.83083945
1979.15937042
968.663651575
-1603.22564274
-767.099764648
-513.050436327
-262.169131086
-6.31942790281
-1168.88067607
-802.825785963
-431.821514861
-64.8084496727
53.8891848864
173.662173989
-13.9437723204
-363.312132717
-708.323831216
-1060.16806517
-1168.00590082
-778.466997431
-383.66118872
-30.474762857
0.560120913372
31.8761686969
-1700.4682817
-792.156788136
104.827961156
1019.57639825
746.464660878
564.645894109
380.368779224
-2072.70780798
-4141.13767537
-6228.30671533
-1356.79209898
-665.666034221
16.8416124595
712.865489788
419.439736094
354.504280836
288.690841654
-2450.19092307
-1490.61198385
-522.339631518
-2527.16611109
-1039.36527117
429.882528571
1928.22698713
2442.91338788
1775.83509646
1099.73732541
-3851.13295391
-7856.73289446
-11898.6220173
-2546.17204545
-933.465204123
659.13100543
2283.26663846
1825.46301451
1357.9931273
884.202639986
-4593.36809355
-2811.3644195
-1013.21648314
-3540.53764389
-1342.39502456
828.336514433
3042.05674124
4522.43118228
3260.51863482
1981.54393042
-6031.13797149
-12411.3334856
-18849.3310971
275.479971108
631.925281997
595.286580658
550.122667789
490.324486205
451.26312957
364.452969519
284.961354085
213.518298211
40.5225391575
-4980.59192735
-1773.01625306
1394.56059961
4624.86744445
7814.02571645
5370.33208408
3234.63752701
1098.56053739
-1012.08468787
-28726.6545264
-6075.9447898
-1728.22403093
2565.28017166
6943.81198292
11266.5688032
4336.08905875
2651.52797697
966.665245792
-698.137800197
-2470.01230085
-1190.68412691
-893.168086983
-599.362104813
-299.737653883
-1761.5213352
-1244.73260571
-720.956442397
-212.42994011
-22.2749080969
169.602854773
-146.598549399
-659.281235848
-1165.57071278
-1681.88663467
-1742.45565331
-1198.95431901
-648.104373205
-160.394054112
-85.7721462835
-10.4741929052
-2351.82726742
-1246.16761504
-154.29566018
959.199485643
548.106652535
298.683790814
45.8885147193
-2989.03790036
-5702.60102052
-8440.74797036
-1848.51850048
-1046.68109047
-254.842681186
552.677121011
185.80108982
96.1584649628
5.30379372579
-3513.95590182
-2136.78178819
-747.131011094
-3380.26833474
-1558.82433989
239.906047923
2074.25809494
2593.77715596
1665.70974202
725.094048165
-5448.31923658
-10733.7470058
-16067.0587012
-3355.9333143
-1389.80667599
551.802146801
2531.86216175
1893.68563374
1243.25835934
584.036741579
-6484.25353836
-3953.39032817
-1399.59847863
-4640.93803015
-1942.08097034
723.121044953
3441.10413214
5101.37325692
3341.41897253
1557.66857303
-8462.92216486
-16900.9582136
-25415.439597
306.782891391
466.529289588
510.740497306
434.23862162
386.257201364
333.340621936
274.131873167
213.021992172
169.514536005
39.1798156594
-6432.41601838
-2486.70881363
1409.7949881
5383.46429026
9306.5158559
5722.6899843
2740.80079259
-241.622357265
-3188.5372913
-38699.9808701
-7829.55147143
-2408.11486527
2945.71582986
8405.57260524
13795.8801628
4647.55482008
2301.56678037
-44.8413485245
-2363.31354678
-3335.95354359
-1613.82949046
-1272.8917874
-936.205615023
-592.851784068
-2353.54778732
-1686.18143752
-1009.79171331
-359.89843707
-98.3600653552
165.547742595
-279.115844357
-954.94359948
-1622.34370813
-2302.96086108
-2316.31005167
-1619.00585163
-912.273491347
-290.178698277
-172.014939559
-52.7806630046
-3002.51119103
-1699.70790953
-413.150728317
898.885147078
349.954220502
32.9973280549
-288.245097693
-3904.41831715
-7262.44608025
-10650.8962728
-2339.73528153
-1427.30126641
-526.245403873
392.654769901
-47.5954156341
-161.91960382
-277.789554623
-4576.61840489
-2782.28190843
-971.689419071
-4232.48641154
-2077.74504628
50.1264570515
2220.13785752
2744.48457029
1555.69852042
350.839047565
-7043.85021094
-13607.7794077
-20231.1752579
-4164.85535445
-1845.67519998
444.584522756
2780.20004306
1961.83754771
1128.64250138
284.181932189
-8373.17928789
-5094.23265229
-1785.58003159
-5740.19797216
-2541.14540745
618.014619761
3839.7379542
5679.71532163
3422.23546591
1134.23251595
-10892.1860807
-21385.9299382
-31974.743046
122.271066381
101.806359536
914.464409918
553.158302933
447.966800377
348.846782639
241.229016152
155.715725219
122.947914181
36.9365345546
-7882.73545304
-3199.66171017
1425.01358782
6141.27493368
10797.4591931
6074.68270423
2247.47586575
-1580.41629941
-5362.73424041
-48662.9709555
-9581.34073215
-3087.30106735
3325.75720824
9865.81827308
16322.5701688
4958.69778133
1951.96828015
-1055.29962725
-4026.76352142
-4200.99733325
2573.80847054
3763.55891222
4938.47303498
6136.65489744
6178.42268273
8133.04834086
10114.1022407
8707.94353519
3286.01921865
-2185.02562984
5537.66684247
4844.97210987
4160.91535682
3463.31169495
5343.14576495
8776.8197781
12256.9200551
6435.92068403
2124.28113841
-2226.42018964
4786.15368154
4441.72930301
4101.59993438
3754.73471888
4227.57167417
5866.57915722
7527.74744925
11661.812055
13338.0698047
15029.5137997
6404.80829433
5128.99005385
3869.08140721
2584.22180809
3278.7298679
5280.98757425
7310.31754905
7431.72007285
5358.40495883
3266.30641381
6745.65943986
5042.39450628
3360.36947386
1645.0339893
2499.67506658
3859.13502313
5236.97606258
14278.0956011
22241.3146095
30276.6772945
7172.84786598
5380.54880422
3610.59990899
1805.59933687
1450.24721623
2184.67905085
2929.04104367
8313.71381724
8222.91462835
8131.29283401
9147.63424037
5778.69378771
2451.76439321
-941.050775999
381.608257282
1398.39705231
2428.93371763
17485.1528512
33154.9695316
48966.7486751
8114.315728
5688.9111434
3293.75162085
851.158888275
-791.118614855
-1610.79591333
-2441.55596293
9394.8674394
11734.249062
14094.8245749
12560.9668516
6825.01381922
1160.5887523
-4616.01333721
-10319.0314165
-2098.44111674
-1561.44224625
-1024.34721696
-493.646748483
75526.323795
9452.19111087
6127.11025696
2843.49352717
-505.151222882
-3811.13997799
-7004.36559926
-10073.4569723
-13143.0979185
-16176.1922489
22569.3170488
1056.70706554
1147.55786959
1237.27575411
1328.7703918
1457.64197231
1583.92213457
1711.90971463
1308.50206788
631.517341839
-51.6006033171
497.957623055
636.907195185
980.259827195
1204.41889801
1821.99046325
1479.40491752
1120.49386995
799.855042122
393.795106668
35.363349593
1131.80917947
1204.37670388
1276.03930328
1452.25532511
1679.31584513
1919.39939991
2162.7290935
2031.9260771
1979.89140901
1927.38532699
874.267548325
991.904410903
1108.07432886
1303.82967178
1457.81553255
1804.63847599
2156.15076776
1798.74607367
1129.95445929
455.103852199
1198.32819466
1254.70195711
1310.37273254
1495.95962627
1875.65556106
2216.53640636
2562.02625764
2672.6730567
3174.16558278
36.4316840717
922.525476723
1049.65007093
1175.18940746
1396.29645236
1588.24581347
2008.91539642
2435.27279859
2460.26188641
1690.56672883
509.913025367
1279.86763263
1316.3909772
1352.45887163
1389.24104668
2116.33005156
2580.76886588
3051.48729755
3458.10483815
4638.11457
5828.81473247
1136.37723633
1090.11348873
1324.96534957
1446.51905943
1735.31395591
2432.35776407
2390.11198399
2689.35646382
2804.04655183
50.1916790749
1395.73946555
1404.05432153
1412.26549034
1420.63927132
1428.90638469
3098.36236098
3747.03719638
4395.82818807
5036.89478608
8882.10731066
1065.74255455
1221.02428778
1374.36964072
1530.75181114
1685.14194074
2615.15657963
3263.63495462
3912.22945073
4553.10189259
2275.48234459
246.345295875
704.239828624
886.873784308
1002.51344778
1043.55781081
765.279495038
626.678785235
476.736709569
338.81433213
37.4065652681
268.733081978
543.271053191
733.45964466
931.839632153
902.795127257
664.331717631
516.672798893
425.952962983
300.174359211
36.2701530319
728.093030356
846.728013699
963.883605746
1168.7257125
1397.79558078
1483.33208043
1570.02510808
968.057993193
725.089066141
479.918934822
263.277366306
534.857111896
803.050228174
1046.91643869
1256.64880541
1420.58648797
1586.74075082
1176.43950961
662.813566737
144.534371981
585.483071029
836.254093448
1083.89797362
1389.73073592
1806.71658949
2035.0692273
2266.5093917
1390.55625141
1067.70956167
43.3987211793
232.016937021
571.191141345
906.135806019
1249.02015557
1603.49130065
1989.49778933
2380.723422
1813.59787562
968.901232558
42.0023564858
410.670862822
823.415094431
1231.01236006
1646.68159188
2307.97460017
2711.39218153
3120.26432001
1908.45734213
1487.69597555
1063.12267413
536.576082529
489.956075489
760.429575974
1514.46222512
1773.70351215
2758.76275209
2333.81441204
1790.57394555
1067.15833126
48.79528344
162.253514318
805.170201092
1440.06964604
2087.54249932
2726.76765814
3672.48269542
4333.49500762
4994.62568535
5647.88505521
1519.54299185
139.244050111
679.021164226
1212.06719833
1755.66955833
2292.34735593
3677.87971592
4737.0590913
5796.42813081
6843.18450518
33.5074041166
164.62505197
626.873607827
702.549661109
670.131037592
578.522501443
520.137284176
437.595031363
372.96768522
273.811071063
35.7114316413
180.18981192
514.108067091
663.027846214
633.074245282
554.075086282
463.106259197
404.639437039
326.315614743
238.800062228
34.0525077246
342.362964633
505.013041255
665.634853523
897.827715617
1128.81741305
1066.69213137
1003.72686176
-48.4133737069
-473.810188316
-903.060933118
-320.492402588
98.1718688803
511.615350815
801.449026738
1064.44431953
1053.6445192
1042.69869617
581.857518317
216.484412995
-152.198830988
-0.0589993966416
436.448630362
867.512961945
1288.23448182
1740.84893943
1861.68664883
1984.15818932
165.559429617
-944.901083837
50.0553676556
-427.728542537
114.048183947
649.068895036
1108.30521076
1618.0575814
1970.94526207
2328.6042916
1195.74359376
279.386879663
-405.062279043
390.241203518
460.464716728
989.550548667
1500.06231133
1748.53169844
1385.68844196
1065.80626837
766.470294387
497.190021421
47.2837027547
386.299804163
303.093308992
1295.21325708
1772.56682728
1549.71423664
1223.66890902
884.632624161
648.453692627
448.816290436
45.4257116969
-1016.27902168
232.967152874
1466.63509017
2724.73431474
3966.80751141
4221.02521676
4893.825355
5566.74596958
6231.65490734
-5515.00944017
-745.977732064
161.164989951
1056.9955424
1970.5669252
2872.50097433
4693.25714412
6144.84025221
7596.68329102
9031.24093692
-2108.58461533
573.985399787
315.180826925
59.6035755652
-201.035071216
-44.4482114443
-499.92348124
-961.557173468
-1045.90265351
-213.11015867
627.227113256
-681.385714777
-320.032379887
36.8148391534
400.728981682
27.4384930049
-717.838016922
-1473.19131451
-661.259486916
-20.7726516484
625.516745997
-30.9550625752
174.293787774
376.983162374
583.686552569
868.494436286
663.458840366
455.650984574
-1032.17668159
-1634.13121141
-2241.53921586
-885.47760295
-324.461697753
229.558277374
794.549941688
878.424597794
698.510024764
516.162849975
6.40801170936
-215.482742194
-439.383740289
-566.759472096
49.5081245261
658.090796405
1190.00417851
1677.10078142
1693.88318236
1710.89249598
-1020.01939218
-2892.74985812
-4782.44653593
-1066.2447039
-328.384807862
400.273894083
972.118197446
1632.15514775
1952.98971883
2278.1622528
597.770653349
-387.940250963
-1382.58131386
328.503920162
1155.41931493
1424.68504742
1555.13400155
1214.04928573
1085.89677818
881.366117055
603.871565424
392.55606458
45.7186729546
258.659689152
1340.28446526
1675.47197557
1355.10451182
1102.21878649
904.437030482
661.773402016
460.239053992
350.293513812
43.9749994595
-2156.88868745
-320.823521242
1492.3457103
3341.42254473
5166.94530937
4751.91671344
5436.12536855
6120.45654289
6796.64018826
-12323.2037439
-1602.71480996
-340.027586251
906.913788834
2178.54931543
3433.98638484
5675.96171412
7507.32177086
9339.00976388
11148.8899954
-4181.74830638
411.684838341
35.3192194124
-336.353078833
-715.38589316
-549.48060891
-1200.55354905
-1860.42956252
-1837.50003822
-497.09061215
855.462403571
-1186.10822572
-739.211026648
-297.886684829
152.177546753
-403.970808816
-1488.40032986
-2587.49228273
-1237.24860479
-194.859769429
856.972704592
-421.899374175
-172.040440582
74.7027246152
326.332336943
595.880258752
241.186809882
-118.302403405
-2062.38856837
-2849.23702079
-3643.21401509
-1477.13869114
-767.049991711
-65.8161765001
649.304718264
683.621918158
326.607785024
-35.2334901999
-596.211457013
-667.845311935
-740.128141808
-1160.21681955
-355.70185372
438.780721955
1248.99705503
1610.34274154
1518.15684208
1424.72450896
-2261.57555221
-4932.56669701
-7627.7559859
-1734.90853195
-791.707360767
139.73198802
1089.61735589
1646.91833348
1934.18640107
2225.33858318
-28.4356975534
-1086.77536387
-2154.70317719
206.476292267
1082.26141024
1279.01542839
1134.28115986
1162.21905806
1134.21558335
944.466752755
463.103694076
310.429817852
41.3284058493
181.943588641
1166.86174166
1076.79502176
883.292774409
902.06958145
676.308874068
520.75624671
390.632203079
291.249998556
41.673902193
-3351.35246387
-900.761531419
1519.27026245
3987.2278313
6423.74785051
5307.874357
6004.03018436
6700.31067029
7388.30136081
-19452.8482864
-2499.90289821
-864.884068933
749.745895627
2396.35163529
4021.9824399
6705.06487448
8934.13312353
11163.6005253
13366.5242725
-6352.79683058
249.542575812
-244.269426694
-731.923539191
-1229.23504599
-1054.02042594
-1900.50026137
-2758.42524158
-2628.32534298
-780.794086931
1083.47508591
-1690.33845846
-1157.98082993
-632.261759609
-96.1314649652
-834.959338061
-2258.21107929
-3700.70642392
-1812.675935
-368.777092343
1088.20291395
-812.462380494
-518.036873845
-227.282885661
69.2291302674
323.531973884
-180.673360011
-691.695989255
-3091.59564391
-4063.15768372
-5043.52169888
-2068.2227061
-1209.20660973
-360.902538603
504.201158931
489.009238193
-44.9317220094
-586.092029133
-1198.24316431
-1119.76667245
-1040.57921401
-1753.09534179
-760.516612749
219.684550322
1219.29740067
1543.64981373
1342.60189548
1138.83563423
-3501.9207676
-6970.3940123
-10470.2902797
-2402.92018258
-1254.57801469
-120.555799997
1035.9243401
1661.66712002
1915.40142301
2172.56643482
-654.0312817
-1784.92887198
-2926.07195591
142.929801156
1156.54370606
1125.10829838
1146.8968367
1247.68485617
1259.92429044
1193.92628934
968.891474157
261.038677146
39.2882565154
135.213259161
1171.51793198
970.868774731
923.213977505
861.927119781
784.034163269
444.180502497
275.015308386
220.442763205
39.1215856013
-4544.65122694
-1480.1339024
1546.16855389
4632.40323542
7679.32457653
5863.28975047
6571.38109747
7279.59924031
7979.38546005
-26575.5389711
-3396.21591923
-1389.22863587
592.731295219
2613.94152291
4609.40499641
7733.16430501
10359.552844
12986.4116826
15581.9955928
-8521.72783512
87.5683559463
-523.568309848
-1127.08403417
-1742.55165057
-1558.03734281
-2599.72155572
-3655.49024664
-3418.33104408
-1064.20353419
1311.25145813
-2194.0461119
-1576.31662427
-966.290291315
-344.18313164
-1265.50119499
-3027.22400435
-4812.76684081
-2387.50689792
-542.514169035
1319.19347857
-1202.62061111
-863.67471977
-528.955520989
-187.607617146
51.4659481285
-602.096318128
-1264.49531557
-4119.73605926
-5275.82025108
-6442.37811741
-2658.69412734
-1650.90498093
-655.683076071
359.247983515
294.598252917
-416.086169113
-1136.37966364
-1799.6509318
-1571.21966607
-1340.71890164
-2345.35941051
-1164.9118257
0.815447829667
1189.62852674
1477.02600582
1167.22889231
853.243051949
-4740.98050128
-9006.10934319
-13309.8785986
-3070.23951244
-1716.96895397
-380.573828283
982.286971224
1676.40062106
1896.63591353
2119.848979
-1278.97850467
-2482.35882058
-3696.64129554
207.811259114
1459.48250148
1248.97608356
1078.47280737
1045.23722718
984.827307867
947.75336192
327.393075169
186.164705031
38.58655678
188.632192938
1118.75016793
1061.42771157
928.649093609
926.188748295
759.83035909
458.658463323
252.247030182
172.913771754
38.6733650743
-5736.71326677
-2058.90581749
1573.0389682
5276.90998601
8933.60003505
6418.12951683
7138.14401362
7858.28744129
8569.85696547
-33690.8477686
-4291.60001015
-1913.0297772
435.879423215
2831.30590249
5196.21875389
8760.19822329
11783.4952733
14807.3336962
17795.1708202
-10688.4109807
266.332715089
2971.40122446
5642.73723186
8366.97578738
5623.02162302
11176.2134152
16804.489198
15512.2024935
5502.52147717
-4597.84336791
9320.36154372
6106.58765363
2932.8898776
-303.659108034
4194.16387887
12725.0207707
21371.2222794
11169.877188
3096.78450163
-5049.44727409
2587.07807211
3621.50264893
4643.02783744
5684.7830851
5063.62778718
7621.97902529
10214.9214008
13177.3156249
9995.58190018
6785.02290167
7609.36885925
5842.91244249
4098.48393161
2319.50914391
3022.51124445
6762.49862498
10553.053893
3128.61006452
3590.92067238
4057.4196351
4642.59538833
4197.30676774
3757.57094524
3309.12669166
4568.16467544
4473.9428514
4378.44706622
11109.2729698
13975.1497034
16866.990169
6093.91819587
5609.37154118
5130.8672366
4642.88673849
1984.76176826
1481.4075816
971.247607855
-3993.65510198
4028.58413791
12123.5017547
7162.26177595
4903.13117144
2672.17217415
397.031757769
3960.82279652
615.059799525
-2775.94082783
8574.25294097
18853.3295913
29225.5306903
4236.26899559
5323.09559765
6396.36935239
7490.89798346
712.681765176
-4992.18789092
-10774.1923545
-12724.1736932
4565.07483758
22010.9572561
10742.8403268
5906.14479775
1129.76339418
-3741.20841145
-8550.13238454
-4868.61611629
-12942.702572
-21018.2348306
-28997.6211945
46787.6672205
1596.45171098
4916.28241473
8194.71446431
11538.0718579
14838.8406084
-14191.5077729
-27465.0807221
-40741.030531
-53858.9191704
36061.551916
1184.88743081
1296.01055488
1395.32475944
1463.69757191
1726.56585573
2212.7093813
2186.77831211
2094.55580821
906.155198037
37.5634313232
955.599189978
1039.32536893
953.936950519
1234.89969597
1503.88391667
2253.72225641
4139.19531988
1617.38631478
650.009553244
36.0366465583
1372.89901857
1394.79826571
1416.42442682
1469.85365752
1823.07402964
2216.12234944
2614.48502493
2491.28409258
1889.22374714
1281.70896843
1149.17798613
1133.74924357
1118.51289912
1335.69186307
1566.74753298
2227.04066011
2896.26152552
1815.89275797
1179.97649381
538.299074864
1530.07501136
1482.29595244
1435.11270364
1475.3061905
1908.55269796
2219.14526408
2533.93731227
2842.67200159
2759.94160492
34.2931348359
1169.89125608
1217.38181825
1264.28016789
1424.96492537
1622.426736
2203.40838909
2792.24542026
1991.71275051
1649.37578402
976.605281349
1978.09399605
1589.55118134
1458.02091394
1481.98994059
2013.33300106
2222.85077235
2832.48589233
3273.40556747
3827.27317252
32.4102368583
1288.24677539
1319.89916786
1442.96262637
1534.39642108
1690.67866228
2174.43979882
1983.52136273
2207.23403169
2224.76846234
1518.14479835
1996.53279641
1741.96650662
1490.57468647
1234.20435825
981.099748633
2228.11649463
2294.8924876
2361.68043796
2427.67322249
6815.72788278
1231.36289592
1465.5817173
1696.87980422
1932.75846734
2165.63244056
2133.27390738
2483.5524627
2833.89374137
3180.06391718
3576.15427504
360.645674712
1110.92065189
926.089030274
1147.27033166
1296.10230292
1222.46028764
933.653422394
612.232330811
398.368564055
37.390838621
337.809514194
479.516184285
735.310804424
1049.45493558
1206.67344137
1096.89856067
877.672946243
562.068506741
379.700456949
35.6166920736
1238.76177685
1148.80161206
1059.96326042
1252.83640038
1465.07168934
1618.90672333
1774.82174099
1310.73762328
993.668417039
673.72668673
435.484085535
613.501294554
789.298609387
1120.32813519
1405.92106485
1725.98291281
2050.37227579
1670.86943694
913.625825732
149.521881025
1186.21724428
1182.35331963
1178.53757854
1346.33777554
1614.73028875
1970.04499495
2330.1638655
1929.41373947
1520.93400111
43.1351106364
625.906091812
732.173820791
837.116379497
1183.10154055
1582.39753136
2283.17191043
2993.42136958
2652.95026084
1386.53115237
41.2359710968
1175.06855618
1223.48121924
1323.8867427
1460.95236444
1798.18276544
2400.4725537
71454.6895731
2687.79091416
2167.25955578
46.4424187665
892.20642991
877.643369083
895.731710599
1260.04958584
1798.72352256
2966.17777847
6849.03019367
3856.79127077
1966.22155276
44.4713135647
1030.27863151
1281.92612921
1530.43555492
1783.8664064
2034.06898317
3012.13276877
3978.27597695
4944.59218955
5899.40360793
2399.80119257
1191.02946528
1084.3632535
979.027181113
871.605056423
765.551305493
3936.76506464
5792.14771245
7647.86259819
9481.48366244
-12.6917219667
326.288345167
1034.41582658
1066.71154247
1063.98617747
990.987791908
851.629271552
702.746525585
503.02317375
316.98865049
36.3724278978
250.291432626
577.526033848
736.569944103
904.183194983
711.549755258
563.421845759
494.932997719
399.907483319
278.166865372
35.1638107101
1110.60052499
913.764431627
719.382906011
1045.48754638
1123.01882236
1048.29783584
972.566556478
182.786045943
138.011250244
92.8308122565
-246.413816715
116.431073291
474.751247593
914.559143545
1252.25962658
1247.24794465
1242.16850041
1532.30709488
659.141428892
-221.934779455
857.678791249
895.773524096
933.393211433
1223.11507244
1333.99805284
1732.04246917
2135.46879277
1056.84232949
337.125809391
51.5831648304
106.156179339
268.582475335
428.983297547
952.01348642
1544.15168023
2359.38186238
3185.63466678
3284.72877373
1135.39659344
-852.461410869
461.204008435
356.525852658
922.494510643
1415.48756491
1817.22910131
3289.36444399
2035.98424074
1124.18169055
625.794870768
46.8307974551
550.983400649
473.374752252
1232.09270437
1544.11735085
1884.39603455
1855.21434533
1301.16400789
945.068139947
514.493436063
45.8070314886
107.072355639
842.381153358
1568.52056946
2309.04029013
3040.12705872
3761.22009069
5586.66252629
7412.4318385
9216.46385606
-1819.39017787
1152.49294182
720.128571723
293.155832895
-142.272579721
-572.154380632
5659.90832791
8953.34070893
12247.3628352
15502.166902
-3441.64992772
1491.07265805
762.923332004
43.8541081822
-689.455403684
486.765001066
-639.359428325
-1780.71004102
-2174.76247012
-556.347953945
1076.72877021
-1481.6119447
-573.010683776
324.260219444
1239.3004774
647.872301083
-1078.10687828
-2827.42279972
-1422.09034197
-128.521977294
1176.76561519
986.563251356
686.290287619
389.761760781
87.3608485102
791.97254713
496.050025468
196.126373521
-908.870257413
-690.112543729
-469.372969982
-906.369579171
-364.644401182
170.325404228
715.889633474
1103.54271264
783.917730713
459.971140596
1398.20341776
412.845841832
-581.438691665
539.712062574
618.41530545
696.137110226
1103.85743475
1062.29923079
1501.69839883
1947.0386264
212.348559558
-808.589751823
-1838.77736844
-396.869198274
-180.091408026
33.9831393233
728.361393553
1507.13650572
2433.13952725
3371.66291631
3896.17789067
892.343053057
-2138.70536345
-8.04100754667
535.213714403
1071.69399019
1618.79860284
1393.66742366
2734.42866295
4093.31816218
1586.74581907
-953.819877875
-3517.40211493
339.590568203
1040.5992041
1229.24290122
1336.93391082
1370.67310294
1372.39422524
1119.10137629
687.174752107
438.310517854
45.9342328275
-786.426949297
416.979874495
1605.38008277
2817.31510622
4013.81215458
4486.2032488
7143.29434462
9800.86123793
12426.787598
-5902.81622836
1115.19644826
367.61424908
-370.645517814
-1123.52561803
-1866.81531611
7327.60421374
12012.8127023
16698.8601573
21329.1163393
-6760.27097002
1590.46944133
583.688875152
-410.537026581
-1424.45235842
69.9194582448
-1598.28131214
-3289.03761019
-3610.19162676
-1048.07040919
1537.26263315
-2358.27267911
-1115.10992058
112.550461558
1364.52315868
360.064283192
-2198.33366229
-4791.32337673
-2444.02244672
-390.279659772
1682.06924049
856.669533352
448.075906972
44.5774880741
-366.911724367
445.295856625
-82.2722743449
-616.973586033
-2052.06932875
-1557.3363662
-1058.12131484
-1597.4852833
-868.433949202
-148.47396546
585.74394674
947.804100222
298.711289213
-359.157822054
1257.76800905
154.921359981
-957.916652097
206.732472001
327.961563727
447.67891534
569.767122934
777.772095191
1260.4785877
1749.7116925
-672.018150518
-2008.40049956
-3356.8899545
-923.645018446
-649.949517411
-379.66702939
-104.03192669
1468.37365245
2510.37967483
3566.47452637
4536.49669845
637.813691763
-3296.18987124
-589.964570945
180.724626846
941.803245536
1717.95409705
1185.32361343
2906.43125731
4650.80977587
1019.65748732
-2561.31782432
-6174.73538375
470.845263341
1266.14230121
1308.46895381
1273.21965205
1293.53204274
1343.40941217
1176.10239564
878.252961663
348.305833227
41.4254272177
-1722.1130004
-28.5068097743
1643.97992529
3349.58821815
5033.46998457
5245.41662991
8773.4228417
12302.0608032
15788.6874095
-10179.0420464
1076.13899339
-1.54410693373
-1065.78838041
-2151.10871235
-3222.60392337
9074.04069022
15216.7382701
21360.5358048
27431.1863453
-10235.5813603
1689.76927853
404.629233594
-864.484973569
-2158.73243811
-346.519516679
-2556.26791703
-4795.89404075
-5044.22074584
-1539.31326576
1997.34731705
-3234.07836753
-1656.68042402
-98.9528064351
1489.62370474
72.5369771926
-3317.46783957
-6753.30847463
-3464.95781588
-651.782038402
2186.88002081
726.902506437
210.093867348
-300.270111142
-820.741225108
98.9572952322
-660.030510836
-1429.28049323
-3194.15338747
-2423.71434692
-1646.2954274
-2287.92691172
-1371.73212899
-466.96239602
455.725196851
792.217386566
-186.021908982
-1177.48785199
1117.4695732
-102.751556712
-1334.02741692
-125.922348848
37.7911143874
199.463052721
364.336706403
493.522471496
1019.49404893
1552.57722029
-1555.52229862
-3207.0410188
-4873.5218582
-1449.90705086
-1119.3493534
-792.913746795
-460.013481561
1429.6486063
2587.54448668
3761.09612806
5176.19097496
383.532584213
-4452.5454332
-1171.32055855
-173.418711823
812.03918907
1817.01288051
977.183010143
3078.26608994
5207.75764332
453.122261902
-4167.2479069
-8829.47683789
194.338692155
1482.62844035
1352.27383305
1404.86758252
1470.06577502
1501.26583265
1598.18173508
1221.79691801
293.499388835
40.3149031673
-2656.8864355
-473.558991174
1682.54211967
3881.34218057
6052.13329716
6003.88951663
10401.9614024
14800.8208379
19147.3082114
-14451.0970722
1037.11963298
-370.342406473
-1760.25323942
-3177.68955943
-4577.07017003
10818.7737899
18417.5389076
26017.6647137
33527.3047324
-13707.5021267
1788.96620235
225.755167707
-1317.96245332
-2892.25151706
-762.5268983
-3513.26167391
-6301.18877998
-6476.7636511
-2030.04700303
2456.95517366
-4108.97637945
-2197.68964905
-310.236874499
1614.59459781
-214.692338304
-4435.44215707
-8713.26019027
-4484.83509756
-913.013398512
2691.16762015
597.269968806
-27.6415300052
-644.760313662
-1274.10038137
-247.022324245
-1237.18996431
-2240.74553345
-4335.05380137
-3289.19442192
-2233.85996203
-2977.65297314
-1874.50869544
-785.120748269
325.84119713
636.791921467
-670.252734405
-1994.96977265
977.316541287
-360.157423702
-1709.74838421
-458.232409476
-252.078605122
-48.4955613921
159.119195958
209.567441347
778.759264194
1355.64705633
-2438.11079162
-4404.43927866
-6388.58193935
-1975.62367042
-1588.26270796
-1205.73217932
-815.626100611
1390.96369441
2664.62932567
3955.51602581
5815.22227855
129.51501113
-5607.70255949
-1752.07403447
-527.19501978
682.40961881
1915.96900042
769.258121749
3249.92283462
5764.12829542
-112.825811918
-5771.51361918
-11481.4669438
186.23771477
2122.3574049
1693.05868791
1652.70171465
1674.83153624
1646.06852254
1532.20541102
1334.50457019
270.263142887
41.3185765101
-3590.69108051
-918.149924822
1721.06434857
4412.54503835
7069.74087701
6761.57632943
12028.8121615
17296.991182
22502.4481714
-18718.7245817
998.140711857
-738.758487042
-2453.99836181
-4203.2064681
-5930.13266105
12561.6986652
21615.0222664
30669.9670196
39617.1051618
-17175.8246281
-2041.14304036
2179.2435367
6347.00142875
10597.2966773
5067.62056332
14219.3784895
23494.8761553
22316.4614518
7719.0237357
-7010.66110598
13103.056245
7368.20319739
1704.86439838
-4070.62991102
3045.1819928
16673.2217634
30485.5245036
15903.8336919
4069.28786486
-7872.47435855
388.00246268
2801.27599484
5184.4557405
7614.83145133
5899.6839002
9377.37889337
12902.0953524
14692.8191948
6653.09399563
-1459.46799638
8813.92942417
6556.83483112
4327.88645602
2054.79647973
2766.29262101
8244.00967571
13795.7902369
-1174.49994382
1823.43638593
4848.53285638
2539.5313368
3352.21902919
4154.77241662
4973.21939403
6636.65428429
5088.75067966
3519.91806985
7940.45033848
5708.98479729
3457.30304355
5014.98852575
5838.19427814
6651.13456422
7480.17414011
2519.27632029
778.136112362
-986.545827957
-16301.0240212
-165.746352538
16115.7106753
5176.88931153
4027.56855516
2892.57995509
1735.11429154
7540.03733576
-168.277453265
-7980.81537329
-336.646969217
4551.68965093
9484.3127054
358.22226317
4957.2800519
9498.98708394
14130.6370786
2216.48214521
-8373.57986851
-19106.8287461
-34843.2148257
-2604.0993868
29927.0899372
8924.71380194
4987.27577628
1098.93803607
-2866.40348569
-6781.23335258
-7638.79111585
-24323.9628978
-41012.1224443
-57501.5956406
18049.0106459
-6259.28768892
3705.45457251
13545.9354014
23581.2949387
33488.8211947
-21378.6499466
-44856.7044719
-68338.9631435
-91541.6460919
49553.7867831
1334.17743951
1444.46324017
1553.37376477
1664.44112933
1995.48973915
2841.49662803
3698.94226704
2880.60954854
1180.79305423
-534.423118403
746.752124823
763.950610198
761.330016891
702.901529666
1325.22281695
1847.71468151
2219.19159919
1808.80478569
1105.67488748
36.459991342
1613.98885768
1585.21982754
1556.80955036
1527.83664233
1966.83221415
2512.84529897
3066.24095636
2950.64210805
1798.55608528
636.032609861
1424.08842394
1275.59407624
1128.95146939
979.404784746
1675.67953341
2649.44284422
3636.37228328
1833.03944227
1229.99852832
621.494297528
1861.82182807
1709.88994777
1559.85267475
1454.65275472
1941.44983485
2221.7541218
2505.8483669
3012.67094647
2345.71762706
1672.72196918
1417.25703544
1385.11356557
1353.37092831
1453.63339837
1656.60765853
2397.90138177
3149.21804192
1523.16361462
1608.1848392
1693.97632311
2165.61708209
1862.71138549
1563.58295625
1258.53065369
1910.33595056
1864.93267883
1818.9155153
3088.7062968
3016.43177505
2943.50247415
1550.41682042
1433.48951103
1390.3375147
1499.62414483
1521.35335528
1756.79216329
1929.26037433
1622.89525521
2350.20090266
1657.7905886
2597.32612727
2079.87869171
1568.8838826
1047.76944518
533.293112577
1357.87062828
842.747778825
327.53268784
-181.5483411
4749.3484549
1396.98323728
1710.13914682
2019.38996771
2334.76512354
2646.12294039
1651.39123513
1703.46997078
1755.55803201
1807.02594176
4876.82620549
1707.06822344
1363.28789625
1023.79454757
677.577947613
1656.09403489
1584.51753163
1511.97325169
733.420830934
458.477653695
181.043597881
550.801171327
834.326481405
905.192970193
1287.56277533
1574.41328695
1426.8767814
1312.1796819
834.14463062
419.447441193
35.3979171714
1749.43052334
1450.87521041
1156.04291509
855.371826126
1532.34779791
1754.48136623
1979.61837391
1653.41725338
1262.24776794
867.534438638
607.690804764
692.145477211
775.546990599
860.600169133
1555.19332429
2031.37933766
2514.00380075
2165.29936428
1164.43808473
154.509390069
1786.95141754
1528.45254581
1273.17718346
1302.94481516
1422.74398801
1905.02076259
2393.8183393
2468.27122754
1974.15844055
1475.56918331
1019.7952466
893.156500238
768.096952974
1117.18292554
1561.30376206
2576.84603153
3606.11931716
3492.30264606
1804.16107218
100.725590218
1832.94477172
1623.54734405
1416.76112534
1205.87975805
1288.39093071
2089.55292588
2901.54732914
3467.12448619
2846.82313601
2220.90209613
1039.19147034
1030.26304094
1098.18212028
1322.34429067
1689.40683081
2634.7794746
2668.05094044
5187.89066475
2422.43777811
48.7166375104
1898.30374871
1758.68205733
1620.80146381
1480.19031347
1341.3703082
2351.78284212
3623.05694628
4894.55869376
6150.92216065
3280.0593933
2242.81488045
1489.70534277
745.987163893
-12.4594454868
-761.244744948
4195.65041335
6847.23633361
9499.29706557
12119.7828197
-58.89084805
2063.34623439
1285.72902026
517.808778347
-265.319186375
1331.81885393
383.538500862
-577.563428667
-1318.10781607
-231.657649377
864.635334556
333.109428115
906.742266656
994.112659532
1286.07864452
1221.27984811
854.648207065
645.736952346
467.350816897
303.022716009
34.8288816354
1878.83808534
1322.515822
773.1309585
212.866198539
1117.22023167
1029.9035403
941.406251198
413.985465593
749.832688804
1088.72255763
-172.335230843
134.690277702
437.887144371
747.088454802
1440.07493364
1440.85137009
1441.63830464
2482.75667143
1101.79844479
-291.670727923
1715.41658189
1355.09841783
999.273460921
1157.99566307
927.147166243
1602.39828952
2286.77939622
1948.12522935
1619.15270262
1287.19981235
640.040901215
423.116766723
208.897700058
795.721762082
1470.24577905
2747.81846269
4042.66504197
5373.71395369
1991.40630721
-1421.54373506
1515.09344864
1395.03837401
1276.48039937
1155.5745288
694.154376363
2304.16604662
3935.94647722
3828.68364945
2684.77078407
1530.49451169
714.851076836
889.276172948
1156.66385795
1820.38972652
17174.5115117
3520.10906828
2998.47969004
1453.54360518
577.432294423
47.4687929651
1230.42373296
1451.79515384
1670.40604875
1893.34626552
2113.44660603
3301.41496461
6279.49969758
9258.11770742
12201.2728048
1876.22908444
3050.96361571
1279.09215349
-470.683876613
-2255.11208464
-4016.80973559
6626.5595117
11761.8411656
16898.0423794
21973.092867
-4774.71524011
2408.15991631
1210.66583708
28.1046407991
-1177.87573615
1017.97821358
-778.795375411
-2599.86290857
-3303.62228674
-899.585749219
1526.23042716
-2281.83817462
-825.988987665
611.705599734
2077.87197311
1268.30610916
-1438.37573964
-4181.65428494
-2182.92119703
-236.27130294
1728.01448438
2004.08156529
1198.28678746
402.540359188
-408.964855549
715.450657974
328.641210569
-63.398237532
-785.563833236
253.90612395
1302.79327589
-927.261555393
-404.82710461
111.092531083
637.229325259
1328.66082748
869.325436662
403.779431216
2789.99882382
1041.17442586
-723.49364304
1646.18359724
1187.32248637
734.183424048
272.070495844
447.497680156
1309.51361529
2183.18475681
1444.71651129
1275.57035447
1104.89179906
272.506307356
-31.7980081904
-332.307615437
-638.768448553
1382.1178637
2913.28933567
4465.16357981
7194.585128
2172.62635708
-2894.82941304
1207.469959
1173.88237536
1140.71363258
1106.88802336
119.039191216
2511.87333721
4937.06068537
4178.60854652
2527.93295963
862.302891968
1137.18480093
1278.72345799
1394.72287999
1746.68848516
1914.24260849
1921.07934897
1585.91750505
1092.97146553
781.232407961
45.0097167823
584.034788853
1154.78327023
1718.41445524
2293.20766772
2860.67899979
4220.48978415
8850.46332068
13481.265933
18056.9350077
517.571287157
3833.10770648
1075.25608441
-1648.20482446
-4425.60055148
-7167.61701706
8979.24671337
16518.3036337
24058.7105508
31509.3426832
-9338.79363367
2769.25404432
1132.05853089
-484.720974328
-2133.51882367
689.3195254
-1996.00907523
-4717.64565785
-5382.8832153
-1599.05020622
2219.06286274
-3530.43713251
-1491.00881451
522.987607946
2576.8687706
1124.0993752
-2908.26699472
-6995.15447074
-3650.79628865
-585.699550114
2507.16577638
2135.23844088
1068.19225453
14.4522515331
-1060.15578568
294.711454499
-405.731358572
-1115.64476866
-2041.75008914
-265.435711616
1526.9713854
-1717.83187547
-969.817906693
-231.131754419
522.183175215
1211.98628229
270.814793401
-683.082153909
3111.74747511
977.688031898
-1175.70516239
1573.68176355
1011.62498117
456.577108724
-109.462809165
-54.7985511557
1002.80033333
2074.69887605
917.539251176
915.765697892
913.976076903
-112.381504946
-508.191674054
-899.0660468
-1297.68120927
1289.82897142
3086.5729486
4907.61046957
9101.42909445
2362.40274739
-4437.67656529
885.321965529
942.284452549
998.536611087
1055.90277495
-483.230170991
2729.38756856
5985.44269859
4545.05521673
2363.69000632
162.562472939
316.025839762
1188.74736164
1724.10115559
2095.41649367
2054.12442871
2261.08264033
1662.10667868
1117.94885738
416.508835494
42.8479409977
-92.8735369192
843.747911871
1768.68958813
2711.948605
3643.19211862
5182.95890283
11542.8154991
17903.8109361
24189.0734582
-905.235806378
4652.18088498
861.795855065
-2881.32265644
-6698.56905999
-10467.1902866
11443.0165059
21499.3434167
31557.4710843
41495.848418
-14118.3658901
3129.99598125
1053.52789388
-997.046407947
-3088.22983022
360.981392581
-3212.03557269
-6833.36283993
-7460.11614871
-2297.8324446
2911.21954819
-4777.81827659
-2155.3800181
434.356146739
3075.37887444
980.033292446
-4376.72459985
-9805.91052535
-5117.23969677
-934.786984462
3285.55712767
2266.26739337
938.224608541
-373.257336624
-1710.71158048
-125.617383419
-1139.38766166
-2166.8649972
-3296.71113102
-784.271010117
1750.93084408
-2507.63111734
-1534.25764825
-573.022253437
407.249234771
1095.42553494
-327.112095954
-1768.88367485
3433.18231071
914.263559027
-1627.47561983
1501.2506441
836.098841524
179.24155512
-490.623987864
-556.604870733
696.38620239
1966.31880636
390.876170362
556.31197471
723.246563298
-496.893919139
-984.120692102
-1465.27169359
-1955.95130322
1197.63009258
3259.68755035
5349.6258213
11006.4132316
2551.9940404
-5979.01891048
563.488177251
710.912417438
856.498261129
1004.9672547
-1084.91211325
2946.68964865
7032.80217846
4911.14447528
2199.60724643
-536.495458306
320.347432706
1927.18218092
2009.21233593
1768.48275518
1629.97999382
1955.65924009
1565.49262521
1294.47141716
336.046853868
43.4481376401
-769.121644058
533.015920054
1818.91568546
3130.28112572
4424.94201779
6144.4892828
14232.5417072
22322.0424355
30315.2309627
-2326.65517322
5470.45518519
648.543822924
-4113.23777406
-8969.32064176
-13763.5453365
13904.3832749
26475.5249712
39048.9177449
51472.613872
-18893.2764182
3490.36404875
975.078645262
-1508.84087247
-4041.95138356
32.9835462079
-4426.80179211
-8946.88731331
-9535.19625811
-2995.89047186
3602.65888919
-6023.90664699
-2819.06267384
345.816542317
3573.37232725
836.116518378
-5843.66030979
-12613.7535397
-6582.1632972
-1283.51262799
4063.14176173
2397.16054872
808.391659759
-760.565106335
-2360.59314559
-545.510596619
-1872.28361049
-3216.99575133
-4550.37154348
-1302.56859276
1974.65819336
-3296.61181895
-2098.11240996
-914.558420468
292.434410745
978.985590018
-924.419299697
-2853.55988166
3754.28401438
850.904818663
-2078.77786677
1428.89459155
660.754615457
-97.8065706139
-871.390134825
-1057.89112312
390.289636079
1858.05106072
-135.241081958
197.230785871
532.714719906
-881.007828406
-1459.55646195
-2030.89053036
-2613.53917245
1105.52676776
3432.62273782
5791.18307263
12909.4230618
2741.38884284
-7518.76382345
241.98793438
479.780174054
714.607118334
954.084523538
-1685.97047819
3163.76651897
8079.07618516
5276.85432249
2035.69454032
-1234.82889271
208.577569848
2226.99490351
1967.93206907
1661.85193854
2144.59601471
2222.71354207
2066.3171657
1980.9878347
343.189345729
42.5466493711
-1444.66889424
222.605967851
1869.08972894
3548.18009069
5205.88171897
7105.02314204
16919.4803094
26735.6949227
36435.0393772
-3746.60139485
6287.88143386
435.512803114
-5343.87614683
-11237.7188387
-17056.484076
16363.1991072
31446.5492595
46532.600343
61439.0395033
-23663.2382755
