-2.16949974362e-10
-3.39232812477e-10
-4.59990770146e-10
-5.83140191729e-10
-7.080691254e-10
-7.95204901342e-10
-8.83518828884e-10
-8.35616316054e-10
-8.73133599183e-10
-9.10990774349e-10
3.26708065978e-11
-8.5336221303e-11
-2.01871688581e-10
-3.20714998506e-10
-4.2012594721e-10
-4.41756516826e-10
-4.63679550586e-10
-7.00283304616e-10
-8.05827966904e-10
-9.12328822907e-10
-3.68547325261e-10
-4.86566730891e-10
-6.03114421547e-10
-7.21970196919e-10
-7.45660940331e-10
-6.52504245144e-10
-5.58087990286e-10
-6.67553112575e-10
-8.25573691564e-10
-9.85025875726e-10
3.95511064478e-12
-2.97721478955e-10
-5.95636128287e-10
-8.99450613516e-10
-7.50955343645e-10
-7.70913055599e-10
-7.91140613205e-10
-5.21504712676e-10
-5.84668879243e-10
-6.48405288666e-10
-5.02819264629e-10
-6.17062487201e-10
-7.29881084216e-10
-8.44933915802e-10
-7.78956547841e-10
-5.26112235368e-10
-2.69849247528e-10
-5.18697132352e-10
-7.83449201959e-10
-1.05059982266e-09
-2.14787914851e-11
-4.85834135733e-10
-9.44398917741e-10
-1.41204501538e-09
-1.0439756662e-09
-1.06245170423e-09
-1.08117755438e-09
-3.63157959816e-10
-3.88785115886e-10
-4.14644444052e-10
-6.67410674177e-10
-7.77025027193e-10
-8.85272477166e-10
-9.95663635723e-10
-8.19770518338e-10
-3.71180094353e-10
8.34756629501e-11
-3.36228511433e-10
-7.31812730831e-10
-1.13098078987e-09
-5.26558328055e-11
-7.16423844041e-10
-1.37191459514e-09
-2.04038654025e-09
-1.40316186805e-09
-1.41982166061e-09
-1.43670670808e-09
-1.69055488567e-10
-1.48669534996e-10
-1.28098892591e-10
-9.0130372985e-10
-1.0043402156e-09
-1.10609182504e-09
-1.20985850087e-09
-1.3123033671e-09
-1.51013367647e-10
5.85568956787e-10
1.32228317885e-09
2.05022620841e-09
-1.24520637485e-09
-9.69600494188e-11
-1.04410395585e-09
-1.97943687354e-09
-2.93329291769e-09
-3.87499847064e-09
-1.92766317758e-09
-1.94193234755e-09
-1.95620407266e-09
-1.97030588108e-09
2.79097417381e-10
-3.63339238387e-12
-4.80172134902e-12
-5.95548112341e-12
-7.13208970148e-12
1.24075068555e-12
3.61030885387e-12
6.01190551285e-12
1.48094186641e-11
1.92561812103e-11
2.37432297009e-11
7.09051103597e-12
1.28624954138e-11
1.85625025112e-11
2.437539129e-11
2.75038665756e-11
3.64457785323e-11
4.55085929284e-11
4.05072008465e-11
5.36549138881e-11
6.69217401118e-11
-1.77408996403e-12
4.20190352582e-12
1.01033757193e-11
1.61217193642e-11
3.32417540454e-11
5.47975362419e-11
7.6644771392e-11
6.33059148035e-11
5.24032018792e-11
4.14017146032e-11
4.81390938179e-11
5.07055546804e-11
5.32400114934e-11
5.58246601293e-11
8.70600050567e-11
9.35068016627e-11
1.00040764575e-10
9.43377597327e-11
1.21260395203e-10
1.48426939311e-10
-1.27279249316e-13
1.21765427007e-11
2.43269346371e-11
3.6717950251e-11
6.15854998784e-11
1.00134794786e-10
1.39205309742e-10
1.06259954241e-10
8.17619916144e-11
5.70420869453e-11
8.44964099963e-11
8.42236928879e-11
8.39543765919e-11
8.36797268155e-11
1.39809727711e-10
1.44046565007e-10
1.48340688033e-10
1.42016254746e-10
1.81139535796e-10
2.20617258601e-10
1.89139194937e-12
2.19519068505e-11
4.17622649234e-11
6.19649429509e-11
9.63294463834e-11
1.55709498807e-10
2.15892421268e-10
1.58913292907e-10
1.17750185483e-10
7.62141562678e-11
1.29063442731e-10
1.25310442949e-10
1.21604243487e-10
1.1782464727e-10
2.04470678062e-10
2.05998532977e-10
2.07547045821e-10
2.00460861537e-10
2.54539772651e-10
3.09108617731e-10
4.76002996855e-12
3.58432138003e-11
6.65387869092e-11
9.78422483665e-11
1.28746957375e-10
2.34684078206e-10
3.2486884291e-10
4.15069756735e-10
5.04196754031e-10
1.03458675831e-10
1.9239554188e-10
1.83696877246e-10
1.75106685917e-10
1.66346376336e-10
1.57697658085e-10
2.94035540093e-10
2.91682396362e-10
2.8932883126e-10
2.87003287299e-10
4.34859496495e-10
1.99328994556e-11
3.21447767649e-11
4.42043706204e-11
5.65027900083e-11
7.96022328986e-11
9.18599526214e-11
1.04283407393e-10
1.08760769592e-10
1.17843538106e-10
1.27008592981e-10
4.26451080214e-12
2.37110642168e-11
4.29151169704e-11
6.24994825421e-11
7.69560691652e-11
8.92754964389e-11
1.01761493101e-10
1.22346526612e-10
1.48606859077e-10
1.75105099971e-10
3.87454281239e-11
5.84198961313e-11
7.78490213578e-11
9.76629166878e-11
1.19291549331e-10
1.32937172852e-10
1.46767297091e-10
1.44048053896e-10
1.49398285465e-10
1.54796988058e-10
5.30203488635e-11
8.91982638888e-11
1.24925036333e-10
1.61359333885e-10
1.79640310302e-10
1.89004162623e-10
1.98494622385e-10
1.6237336811e-10
1.99248403192e-10
2.36457511793e-10
5.54079535158e-11
8.16921447131e-11
1.07648569154e-10
1.3411902889e-10
1.54444943885e-10
1.69319853628e-10
1.84395885109e-10
1.75302505707e-10
1.77346775983e-10
1.79409566554e-10
9.62040911465e-11
1.4720121217e-10
1.97562393482e-10
2.48920916503e-10
2.70589209595e-10
2.77335266958e-10
2.84172536894e-10
1.97825713438e-10
2.44102342266e-10
2.90798219408e-10
7.58329846414e-11
1.10219417168e-10
1.44177047097e-10
1.78807166428e-10
1.97536201726e-10
2.1391797845e-10
2.30521251066e-10
2.1361441438e-10
2.11606215972e-10
2.09579824065e-10
1.49139001042e-10
2.18301600385e-10
2.86601734504e-10
3.5625446939e-10
3.82074957115e-10
3.8561210453e-10
3.89197077259e-10
2.41283427065e-10
2.99084590163e-10
3.57409409386e-10
1.04858028872e-10
1.50758172762e-10
1.96085936807e-10
2.42311361876e-10
2.87947954255e-10
2.77294261092e-10
2.96067823743e-10
3.14844748121e-10
3.33398117674e-10
2.52453347897e-10
2.24362294051e-10
3.19338994165e-10
4.13131324377e-10
5.08781097176e-10
6.03212455801e-10
5.394791895e-10
5.38442476726e-10
5.37405578311e-10
5.36381025029e-10
4.52067416198e-10
4.24492821171e-11
6.74452599807e-11
9.21295352499e-11
1.17302652453e-10
1.5447260841e-10
1.76177959135e-10
1.9817678511e-10
1.98526464741e-10
2.12038699084e-10
2.2567334903e-10
1.56441258134e-12
3.40763150659e-11
6.61827905489e-11
9.8925095579e-11
1.24205111338e-10
1.39751581196e-10
1.55508252869e-10
2.00539803189e-10
2.39328570701e-10
2.78468749407e-10
7.74597485925e-11
1.1022240613e-10
1.42576509723e-10
1.75571346836e-10
2.01507713494e-10
2.07595586273e-10
2.13765772396e-10
2.21193024903e-10
2.42072110995e-10
2.6314035351e-10
5.76841376014e-11
1.25976072469e-10
1.93416399394e-10
2.62192299654e-10
2.68096041651e-10
2.80246991033e-10
2.92562231837e-10
2.27377900995e-10
2.73761943246e-10
3.20566206935e-10
1.08469018899e-10
1.48110735577e-10
1.87258115686e-10
2.27180761861e-10
2.43167377997e-10
2.35422627453e-10
2.27573161135e-10
2.41269121047e-10
2.68673132973e-10
2.96325414621e-10
1.07390179762e-10
2.07373000455e-10
3.06109024371e-10
4.06800394692e-10
3.95542294214e-10
4.04685782604e-10
4.13952898922e-10
2.51148787624e-10
3.04260073215e-10
3.57852526459e-10
1.46480382501e-10
1.94554494254e-10
2.42029116542e-10
2.90443915762e-10
2.94234063517e-10
2.69533194061e-10
2.44498347331e-10
2.65878529222e-10
3.01280837333e-10
3.37003876627e-10
1.68320166927e-10
3.07149879921e-10
4.44248371118e-10
5.84061930545e-10
5.5176673284e-10
5.57223656142e-10
5.627543618e-10
2.80287293813e-10
3.41644877692e-10
4.03558337489e-10
2.00496530778e-10
2.60553519741e-10
3.19861591444e-10
3.80344187096e-10
4.40056338139e-10
3.18006104503e-10
2.68549927715e-10
2.19084894954e-10
1.70208784346e-10
3.9481011211e-10
2.54904885529e-10
4.48938077057e-10
6.40551653336e-10
8.35959902546e-10
1.02887898557e-09
7.73988002748e-10
7.74209072207e-10
7.74430181251e-10
7.7464865781e-10
4.68508700532e-10
6.42411316567e-11
1.01609842741e-10
1.38512561887e-10
1.7614609433e-10
2.26933801784e-10
2.57782777237e-10
2.89048857712e-10
2.85403675522e-10
3.03202844152e-10
3.21163266349e-10
-1.04880176371e-12
4.41080324309e-11
8.87017559341e-11
1.34178603685e-10
1.69933771815e-10
1.88603444343e-10
2.07525547108e-10
2.76216973176e-10
3.27131035219e-10
3.78506358922e-10
1.14928318005e-10
1.60358012752e-10
2.05221194206e-10
2.50972836194e-10
2.8107832242e-10
2.79851638082e-10
2.78608367904e-10
2.95855621742e-10
3.31763874212e-10
3.67997441526e-10
6.21978547464e-11
1.61570443156e-10
2.59703844453e-10
3.59780657948e-10
3.53705440702e-10
3.68553803817e-10
3.83602929737e-10
2.90290715247e-10
3.45877783429e-10
4.01968448895e-10
1.59822683057e-10
2.1239210619e-10
2.64305982832e-10
3.17247950418e-10
3.29034897839e-10
2.99398343402e-10
2.6936107693e-10
3.05113059823e-10
3.5706078655e-10
4.0947913954e-10
1.18216321941e-10
2.65608578369e-10
4.1116283714e-10
5.59599620295e-10
5.16474633145e-10
5.27938407923e-10
5.39557182923e-10
3.02756029653e-10
3.6248204613e-10
4.22749157158e-10
2.14854485378e-10
2.7617583363e-10
3.36732497921e-10
3.98488413014e-10
3.87820377386e-10
3.2335882089e-10
2.58025687995e-10
3.16460887147e-10
3.88069904901e-10
4.60327672589e-10
1.86884120438e-10
3.93139195727e-10
5.96822247532e-10
8.04538993495e-10
7.15998159365e-10
7.23313083923e-10
7.30726912634e-10
3.18036092473e-10
3.82835658473e-10
4.48222283415e-10
2.93057572887e-10
3.66815867361e-10
4.39654387786e-10
5.13935386177e-10
5.87270171957e-10
3.57407920479e-10
2.41917503719e-10
1.26406406429e-10
1.22705643487e-11
5.32586114291e-10
2.84464676196e-10
5.74366915131e-10
8.60654041246e-10
1.15261073436e-09
1.44084839958e-09
1.0009507814e-09
1.00238916012e-09
1.00382779641e-09
1.00524930454e-09
4.84420936517e-10
8.70618876765e-11
1.37387513025e-10
1.87085572288e-10
2.37767840937e-10
3.02816264716e-10
3.43240582945e-10
3.84211473171e-10
3.7638281097e-10
3.98671322337e-10
4.21161758974e-10
-3.78539954021e-12
5.46133993127e-11
1.12283958718e-10
1.7109661314e-10
2.17821520028e-10
2.39761857858e-10
2.61998848169e-10
3.55467255691e-10
4.1907911044e-10
4.83267263928e-10
1.54165973323e-10
2.12860781943e-10
2.70823659841e-10
3.29934421766e-10
3.64405873361e-10
3.55519273648e-10
3.46512519366e-10
3.74043427838e-10
4.25690451745e-10
4.77805377663e-10
6.69246879378e-11
1.98845409084e-10
3.29121064322e-10
4.61976669854e-10
4.43356904438e-10
4.61030040209e-10
4.78942132171e-10
3.5617397045e-10
4.2139858725e-10
4.87214113788e-10
2.13601020611e-10
2.79708534413e-10
3.44991680244e-10
4.11567679072e-10
4.18956669591e-10
3.66394685415e-10
3.13122017424e-10
3.71971402778e-10
4.4962168065e-10
5.2797543993e-10
1.29553622561e-10
3.26593760597e-10
5.21176786429e-10
7.19613291515e-10
6.43116816344e-10
6.57010430291e-10
6.71091898001e-10
3.56799917808e-10
4.23452980996e-10
4.90709895093e-10
2.86456885028e-10
3.61650940667e-10
4.35907318158e-10
5.11634252543e-10
4.85825387549e-10
3.79725835322e-10
2.72191724721e-10
3.69431501092e-10
4.78956735437e-10
5.89474225935e-10
2.0632457468e-10
4.83188514063e-10
7.56599929656e-10
1.03542592452e-09
8.87983805132e-10
8.97244456843e-10
9.06630320632e-10
3.57567208118e-10
4.25971270105e-10
4.94995046369e-10
3.89988902883e-10
4.78095412711e-10
5.65103224667e-10
6.53834120108e-10
7.41434736015e-10
3.98670100979e-10
2.14027624564e-10
2.9352084763e-11
-1.53124739901e-10
6.76867237627e-10
3.15420138218e-10
7.05717900568e-10
1.09114860687e-09
1.48421229774e-09
1.87226903084e-09
1.23862965247e-09
1.24134281595e-09
1.24405646527e-09
1.24673780635e-09
5.01084471868e-10
1.09860385603e-10
1.73130287765e-10
2.35611207284e-10
2.99329485129e-10
3.78624716124e-10
4.28615037874e-10
4.79281272322e-10
4.67273210442e-10
4.94046685891e-10
5.21062718647e-10
-6.51932819184e-12
6.51085198454e-11
1.35843160736e-10
2.07978614827e-10
2.65662561203e-10
2.9087037431e-10
3.1641901901e-10
4.346402419e-10
5.10937504637e-10
5.8792599099e-10
1.93365358421e-10
2.65312342861e-10
3.36362140488e-10
4.0881899261e-10
4.47652151257e-10
4.31113107223e-10
4.14350440905e-10
4.52154973908e-10
5.19525418533e-10
5.87506213263e-10
7.16469108397e-11
2.3608401909e-10
3.98470578507e-10
5.64073005469e-10
5.32920927136e-10
5.53416080437e-10
5.74188346063e-10
4.219929668e-10
4.96845732291e-10
5.72376634813e-10
2.67326905773e-10
3.46959305946e-10
4.25598681326e-10
5.05795413522e-10
5.0879073666e-10
4.33325682932e-10
3.56840275936e-10
4.38764535834e-10
5.42092296015e-10
6.46356165638e-10
1.40879865411e-10
3.87519461278e-10
6.31083434246e-10
8.79470894324e-10
7.6963547982e-10
7.85956563006e-10
8.02498321454e-10
4.10791094568e-10
4.84364448213e-10
5.58604347914e-10
3.57989447689e-10
4.4704268005e-10
5.34985408805e-10
6.24669735931e-10
5.8373480909e-10
4.36037872511e-10
2.86343944684e-10
4.22350450454e-10
5.69754920026e-10
7.18494816935e-10
2.25746067788e-10
5.73150003316e-10
9.1622177354e-10
1.26608766131e-09
1.05980170569e-09
1.0710061868e-09
1.08236216226e-09
3.97059767316e-10
4.69064809666e-10
5.41722189779e-10
4.86825691464e-10
5.89266422199e-10
6.90429705749e-10
7.93596404616e-10
8.95448936555e-10
4.3989203665e-10
1.86164947642e-10
-6.76075755301e-11
-3.18358726794e-10
8.21007637201e-10
3.46345408008e-10
8.36940773579e-10
1.32141836096e-09
1.81549043544e-09
2.30326887847e-09
1.47607670482e-09
1.48006340971e-09
1.48405082848e-09
1.48799077374e-09
5.17731754535e-10
1.32635255389e-10
2.0883601904e-10
2.84086550783e-10
3.60827327432e-10
4.54354600391e-10
5.13901011548e-10
5.74252542057e-10
5.58069411988e-10
5.89323203347e-10
6.20860141936e-10
-9.25042342642e-12
7.55927633374e-11
1.59377946226e-10
2.44822392366e-10
3.13454020388e-10
3.41925922392e-10
3.70782789314e-10
5.13731173996e-10
6.02700697687e-10
6.92476250765e-10
2.32524117657e-10
3.17709543491e-10
4.01832697692e-10
4.87621808253e-10
5.3081215352e-10
5.06628596083e-10
4.82118055883e-10
5.30185565931e-10
6.13263135673e-10
6.97093355984e-10
7.63642396758e-11
2.73284035363e-10
4.67748219529e-10
6.66063529435e-10
6.22392126553e-10
6.45706372671e-10
6.69335847706e-10
4.87743748982e-10
5.72214684644e-10
6.5745089423e-10
3.20997109951e-10
4.14140379433e-10
5.06122142096e-10
5.99925491266e-10
5.98531700577e-10
5.00187313814e-10
4.00513225271e-10
5.05488445137e-10
6.34467075734e-10
7.64614202712e-10
1.52194369852e-10
4.48382019157e-10
7.40876175883e-10
1.03916282227e-09
8.96023020584e-10
9.14769057203e-10
9.33768556568e-10
4.64726315398e-10
5.45212787377e-10
6.26428435584e-10
4.29447874699e-10
5.32345920266e-10
6.33960815883e-10
7.37588070442e-10
6.81542758259e-10
4.92291548453e-10
3.00481497425e-10
4.75214555132e-10
6.6045900226e-10
8.4738169225e-10
2.45147432649e-10
6.63018257356e-10
1.0756781869e-09
1.49651034251e-09
1.23144153585e-09
1.24458783179e-09
1.25791187711e-09
4.36511396811e-10
5.12113687502e-10
5.88400905632e-10
5.8356211934e-10
7.00322215134e-10
8.15626299685e-10
9.33213840852e-10
1.04930351828e-09
4.81071250307e-10
1.58331147327e-10
-1.64466747775e-10
-4.83421466791e-10
9.64998651067e-10
3.77238627149e-10
9.68027648481e-10
1.55144946571e-09
2.14642523971e-09
2.73382204206e-09
1.71327766936e-09
1.71853659577e-09
1.72379646388e-09
1.7289937089e-09
5.3436178412e-10
-1.43875312713e-10
-2.39366527991e-10
-3.33666957307e-10
-4.29834891492e-10
-5.25230235827e-10
-5.93870106426e-10
-6.63438047871e-10
-6.50212323775e-10
-6.90480215778e-10
-7.31112919269e-10
5.02775458178e-11
-4.31140668562e-11
-1.35341075844e-10
-2.29394528141e-10
-3.24782089907e-10
-3.43326554113e-10
-3.62121755631e-10
-5.47341733812e-10
-6.51774493413e-10
-7.57153373323e-10
-2.34672629073e-10
-3.41382005412e-10
-4.46760704086e-10
-5.54226299227e-10
-5.64206960226e-10
-5.07739057164e-10
-4.5050765886e-10
-5.42782519203e-10
-7.02971713373e-10
-8.64612159529e-10
-6.13457546033e-11
-2.96324327006e-10
-5.28372690754e-10
-7.65016489031e-10
-6.73431469997e-10
-6.69508695284e-10
-6.6553288124e-10
-4.76124798296e-10
-5.97991229675e-10
-7.20961723669e-10
-3.15093109277e-10
-4.31738571127e-10
-5.46929451233e-10
-6.64401546079e-10
-5.98729201837e-10
-4.31451556389e-10
-2.61912171451e-10
-4.47630406583e-10
-7.14035611243e-10
-9.82854343758e-10
-1.60212106405e-10
-5.2059627171e-10
-8.76486406817e-10
-1.23942451153e-09
-9.82235206649e-10
-9.58412877464e-10
-9.34268449636e-10
-4.13046941125e-10
-5.5035462465e-10
-6.88906262547e-10
-4.13673052753e-10
-5.42498232327e-10
-6.69716947735e-10
-7.99455074477e-10
-6.41046788328e-10
-3.37937845761e-10
-3.07306062399e-11
-3.30992333049e-10
-7.27597808632e-10
-1.12779637604e-09
-2.81403118291e-10
-7.95510268443e-10
-1.30320644586e-09
-1.82095692621e-09
-1.36076881932e-09
-1.31255348788e-09
-1.26368624315e-09
-3.3572569685e-10
-4.91961366877e-10
-6.49612471494e-10
-5.53760340851e-10
-6.99893540347e-10
-8.44204442765e-10
-9.91373246412e-10
-1.13666737173e-09
-2.05049941186e-10
2.97790565376e-10
8.00721114109e-10
1.29766385844e-09
-1.33376663244e-09
-4.53621924655e-10
-1.18617752696e-09
-1.9095980803e-09
-2.64734509444e-09
-3.37569447604e-09
-1.81580593426e-09
-1.73180626552e-09
-1.64779155521e-09
-1.56477710956e-09
-5.93773926313e-10
-1.20583504051e-12
-2.31678647975e-12
-3.41388423231e-12
-4.53270866637e-12
3.02170525514e-12
5.17364403061e-12
7.35467889298e-12
1.4230092332e-11
1.85553594809e-11
2.29198118731e-11
7.72689010611e-12
1.17554068384e-11
1.57336875237e-11
1.97907532008e-11
2.23227200484e-11
3.01135307777e-11
3.80096800549e-11
3.40878998382e-11
4.5500658129e-11
5.70168115845e-11
3.5984032552e-12
8.07045670365e-12
1.24867431535e-11
1.69904887645e-11
3.1934167093e-11
5.1838155714e-11
7.20112636004e-11
5.84170273769e-11
4.92038514342e-11
3.99072076899e-11
3.85415095643e-11
4.12847662173e-11
4.39938141581e-11
4.67565114857e-11
7.47657767044e-11
8.13694471905e-11
8.80624050543e-11
7.91028434236e-11
9.88595153764e-11
1.18795175116e-10
7.85358574568e-12
1.72705863804e-11
2.65701559809e-11
3.06966581009e-11
5.7542347578e-11
9.31695803479e-11
1.29278524341e-10
9.75540269882e-11
7.63496585929e-11
5.4953186842e-11
6.58344582272e-11
6.74393416673e-11
6.90242120342e-11
9.16123767901e-11
1.21215341171e-10
1.26767544585e-10
1.32394818625e-10
1.18973222028e-10
1.4612021751e-10
1.73513154245e-10
1.30696158953e-11
2.85481646938e-11
4.38336942855e-11
5.94219351283e-11
8.89330204305e-11
1.43833907318e-10
1.99477102024e-10
1.45528413609e-10
1.09625164142e-10
7.33966451574e-11
9.92903307818e-11
9.9499788993e-11
9.97066352372e-11
9.99175778188e-11
1.78153516969e-10
1.82416825262e-10
1.86737777196e-10
1.67846589349e-10
2.04052691093e-10
2.40586806079e-10
2.04818692658e-11
4.45741970339e-11
6.83660908237e-11
9.26291540217e-11
1.16583147379e-10
2.15830582487e-10
2.99232975572e-10
3.82650303279e-10
4.65074478664e-10
9.96057701319e-11
1.46832886517e-10
1.45059372035e-10
1.43307973473e-10
1.41521890601e-10
1.39758559364e-10
2.61497382013e-10
2.63961981481e-10
2.66427022277e-10
2.68862714723e-10
3.35901995528e-10
1.45556707751e-11
2.38714420073e-11
3.30710445472e-11
4.24528339834e-11
6.13806911945e-11
7.1353402383e-11
8.14609533143e-11
8.7634811943e-11
9.68865381271e-11
1.06222081363e-10
3.0260780025e-12
1.78171485847e-11
3.24237728892e-11
4.73196635544e-11
6.06693557128e-11
7.13695735264e-11
8.22144676063e-11
9.83217268743e-11
1.22532596112e-10
1.46962806437e-10
2.99215546608e-11
4.66764508081e-11
6.32224115568e-11
8.00960448567e-11
9.7793256216e-11
1.13657821973e-10
1.29736890479e-10
1.24834948746e-10
1.32300949233e-10
1.3983458879e-10
4.95766217744e-11
7.85823562348e-11
1.07226385995e-10
1.36437675792e-10
1.57423367154e-10
1.64323211391e-10
1.71316347533e-10
1.40441987904e-10
1.75844566769e-10
2.1156787927e-10
4.35313375309e-11
6.68751728888e-11
8.99279080511e-11
1.13131401309e-10
1.30044385235e-10
1.51127450753e-10
1.72495577683e-10
1.57783641342e-10
1.6366799907e-10
1.69605666797e-10
9.0807103401e-11
1.32402968725e-10
1.73480129031e-10
2.04750454693e-10
2.43119777288e-10
2.46653576356e-10
2.50235155467e-10
1.77748504817e-10
2.23063740779e-10
2.68789515208e-10
6.02142971782e-11
9.16348967297e-11
1.22663677947e-10
1.54306946293e-10
1.69578027258e-10
1.97057963451e-10
2.24909452319e-10
1.98172361299e-10
2.02117931128e-10
2.06099246289e-10
1.41347693782e-10
1.98376622745e-10
2.54694394688e-10
3.12127471345e-10
3.4816698971e-10
3.47574668895e-10
3.46974339387e-10
2.23479073935e-10
2.80945308921e-10
3.38932165713e-10
8.39216608876e-11
1.26819767451e-10
1.69182929905e-10
2.12385043069e-10
2.55036835354e-10
2.62327639389e-10
2.99392326802e-10
3.36463651279e-10
3.73093610959e-10
2.57958543462e-10
2.13168532744e-10
2.92128657405e-10
3.70104140623e-10
4.49623833083e-10
5.28130580948e-10
4.90988853029e-10
4.84445811273e-10
4.77901597875e-10
4.71435298752e-10
4.38608563799e-10
2.9614980856e-11
4.88929506037e-11
6.79305219473e-11
8.73451091479e-11
1.17139707849e-10
1.34584765792e-10
1.52265696117e-10
1.57769255121e-10
1.71727960136e-10
1.85813125605e-10
-1.46530676292e-12
2.36088317942e-11
4.83702930845e-11
7.36221248835e-11
9.73075985168e-11
1.10787605517e-10
1.24449873955e-10
1.59693852757e-10
1.96132660331e-10
2.32901589372e-10
5.50719751828e-11
8.35624972939e-11
1.11697739459e-10
1.40390165745e-10
1.6071823663e-10
1.72723341104e-10
1.84890765049e-10
1.88293864697e-10
2.11695962452e-10
2.35310074138e-10
6.01201052775e-11
1.1421828975e-10
1.67641863909e-10
2.22123426728e-10
2.36398453652e-10
2.43581276711e-10
2.50861217795e-10
1.99048393132e-10
2.49399833256e-10
3.00207437904e-10
7.76195987294e-11
1.14269810077e-10
1.50462989256e-10
1.91893568701e-10
1.99316362123e-10
2.06503222095e-10
2.13787254675e-10
2.15329947464e-10
2.47096193075e-10
2.79150228553e-10
1.14667184513e-10
1.94472381082e-10
2.73282398068e-10
3.12848082992e-10
3.59593211057e-10
3.61198528339e-10
3.62825550909e-10
2.3390527175e-10
2.96579329276e-10
3.59821189461e-10
1.05258621141e-10
1.51911032197e-10
1.97981682554e-10
2.44964705892e-10
2.46630193372e-10
2.47910818148e-10
2.49208758087e-10
2.48470952147e-10
2.90490024161e-10
3.32889772675e-10
1.81531346157e-10
2.92848364006e-10
4.02777246392e-10
5.14883136079e-10
5.10606139489e-10
5.05374514206e-10
5.00072152792e-10
2.76633058443e-10
3.54412259881e-10
4.32896110724e-10
1.44535126674e-10
2.05401189948e-10
2.65508246715e-10
3.26805650356e-10
3.8732223013e-10
3.06753191486e-10
2.99544578726e-10
2.9233467514e-10
2.85210611423e-10
4.09256493268e-10
2.7654883902e-10
4.32645813423e-10
5.86796241379e-10
7.43999430354e-10
8.99200120128e-10
7.10256178333e-10
6.95106797572e-10
6.79954704056e-10
6.64983008754e-10
5.36739419888e-10
4.41897118145e-11
7.31093160288e-11
1.01668289596e-10
1.30792838767e-10
1.71104508486e-10
1.95781467692e-10
2.20792080884e-10
2.25646909194e-10
2.44161131673e-10
2.62843085829e-10
-5.81216755771e-12
2.92141499743e-11
6.38036854724e-11
9.90782244897e-11
1.32766894381e-10
1.48937242393e-10
1.65326227597e-10
2.19091143755e-10
2.67364418543e-10
3.16075030483e-10
7.94131044001e-11
1.19261623002e-10
1.58613226192e-10
1.98744139838e-10
2.2161841434e-10
2.29888247441e-10
2.38269895889e-10
2.49710796943e-10
2.88536199547e-10
3.27713345245e-10
7.03243201185e-11
1.48707528676e-10
2.26113289997e-10
3.05051977915e-10
3.12832276446e-10
3.20288972623e-10
3.27846489827e-10
2.55768958952e-10
3.2058823524e-10
3.85994749038e-10
1.10610966404e-10
1.60139380607e-10
2.09050170034e-10
2.58929577929e-10
2.66359302382e-10
2.60097109504e-10
2.53750246323e-10
2.71024526093e-10
3.27839831093e-10
3.85169860727e-10
1.37759494918e-10
2.5454452124e-10
3.69873225434e-10
4.87485873806e-10
4.72318757704e-10
4.72057647969e-10
4.71793007803e-10
2.88255023841e-10
3.67729330029e-10
4.47923642615e-10
1.48853506926e-10
2.10247599606e-10
2.70876101195e-10
3.32705276235e-10
3.21202971596e-10
2.97127327517e-10
2.72726159757e-10
2.97151032792e-10
3.76018476214e-10
4.55600428092e-10
2.20421967252e-10
3.84280189545e-10
5.46095081775e-10
7.11114520382e-10
6.67818315375e-10
6.58096669361e-10
6.48243578224e-10
3.2807665177e-10
4.25515188158e-10
5.23836479903e-10
2.03198169772e-10
2.81454016079e-10
3.58734003372e-10
4.37544426459e-10
5.15350939827e-10
3.49749216273e-10
2.9969193148e-10
2.49625683077e-10
2.00155514795e-10
5.5568597119e-10
3.37889691095e-10
5.68641402399e-10
7.96515614471e-10
1.02890259709e-09
1.25832936784e-09
9.22467910287e-10
8.98989125665e-10
8.75506136766e-10
8.52302732284e-10
6.31712617103e-10
5.9452591574e-11
9.84690619305e-11
1.36998992608e-10
1.76291961521e-10
2.27617267844e-10
2.59867583959e-10
2.92553952443e-10
2.9672942011e-10
3.20014249712e-10
3.4351003084e-10
-1.03642662435e-11
3.50841243593e-11
7.99657685303e-11
1.25736238867e-10
1.69900407902e-10
1.88888121909e-10
2.08132566349e-10
2.81292889579e-10
3.41959398288e-10
4.03175522044e-10
1.04903504841e-10
1.56646289982e-10
2.07743836897e-10
2.59853308344e-10
2.85394005969e-10
2.89752206121e-10
2.94169332936e-10
3.14027541776e-10
3.69004463615e-10
4.24479455048e-10
8.10103289788e-11
1.8482518383e-10
2.87345456017e-10
3.91896017026e-10
3.92874937281e-10
4.00618437548e-10
4.08466636685e-10
3.1516759749e-10
3.95137811685e-10
4.75832525011e-10
1.45160028021e-10
2.0817469197e-10
2.70403556125e-10
3.33864786958e-10
3.36567688309e-10
3.16221442893e-10
2.95600098515e-10
3.29348735252e-10
4.12395795929e-10
4.96195230774e-10
1.61942113319e-10
3.17452979361e-10
4.71024607792e-10
6.27637534823e-10
5.90366663302e-10
5.88151002829e-10
5.85905384696e-10
3.45170910213e-10
4.42238692122e-10
5.40185870496e-10
1.94506733854e-10
2.71338539568e-10
3.4721224421e-10
4.24588534937e-10
3.99296718273e-10
3.48667604097e-10
2.97353940193e-10
3.4812955306e-10
4.65585171024e-10
5.84104891342e-10
2.61148816703e-10
4.80028986786e-10
6.96179697064e-10
9.16611008253e-10
8.32453295198e-10
8.18029631237e-10
8.03410946774e-10
3.81949164517e-10
4.99975255238e-10
6.19070616575e-10
2.64631000037e-10
3.61097691418e-10
4.56361432542e-10
5.53511755748e-10
6.49424550341e-10
3.94775306861e-10
2.99846241524e-10
2.04900177519e-10
1.11084524981e-10
7.09029145833e-10
4.02126763617e-10
7.11058049969e-10
1.01613692919e-09
1.32725752313e-09
1.63441497392e-09
1.14469926108e-09
1.11249779815e-09
1.080290569e-09
1.04846679356e-09
7.31169992582e-10
7.47005847717e-11
1.2380407335e-10
1.72295236023e-10
2.21746706968e-10
2.84074907808e-10
3.23891194202e-10
3.64245831474e-10
3.6774260111e-10
3.95793384849e-10
4.24098297812e-10
-1.49119250661e-11
4.09483734987e-11
9.61120879937e-11
1.52368252503e-10
2.06997703466e-10
2.28800035564e-10
2.50897154186e-10
3.43433967288e-10
4.1648162225e-10
4.90191060642e-10
1.30369043367e-10
1.93994494042e-10
2.56826528345e-10
3.20902874374e-10
3.49107394443e-10
3.49557776834e-10
3.50014248788e-10
3.78281555643e-10
4.49394243424e-10
5.21151184583e-10
9.16859153019e-11
2.20907611837e-10
3.48517899597e-10
4.78655353303e-10
4.72839528968e-10
4.80869553593e-10
4.89008151147e-10
3.74508301909e-10
4.6961467663e-10
5.65582678227e-10
1.79675392409e-10
2.56163152368e-10
3.31697101544e-10
4.08726908362e-10
4.0670759689e-10
3.72291035737e-10
3.37409132695e-10
3.87616058229e-10
4.96869289591e-10
6.07112312867e-10
1.86101145342e-10
3.8030008008e-10
5.72077332732e-10
7.67652499726e-10
7.08299431555e-10
7.04131126704e-10
6.9990646274e-10
4.02031284002e-10
5.16675381937e-10
6.32358110946e-10
2.4011543317e-10
3.32369894833e-10
4.23473933208e-10
5.16382175831e-10
4.77314296665e-10
4.00157611166e-10
3.21957700064e-10
3.99058351722e-10
5.55064507474e-10
7.12484018505e-10
3.01835943456e-10
5.7568439599e-10
8.46117928187e-10
1.12190706631e-09
9.96927699243e-10
9.77806603421e-10
9.58426973726e-10
4.35769133019e-10
5.7436269812e-10
7.14211867181e-10
3.26003912145e-10
4.40663686757e-10
5.53893641362e-10
6.69365976972e-10
7.83367392932e-10
4.39757481512e-10
3.00000401063e-10
1.60218294724e-10
2.21004100437e-11
8.62222758095e-10
4.66301182881e-10
8.53335792284e-10
1.23554403752e-09
1.6253214504e-09
2.01013376707e-09
1.36671385981e-09
1.32579822618e-09
1.28487526591e-09
1.24443952735e-09
8.30530362884e-10
8.99327750976e-11
1.49112827811e-10
2.07554898754e-10
2.6715434356e-10
3.40474035623e-10
3.87848450999e-10
4.3586340974e-10
4.38682184739e-10
4.71493983227e-10
5.04603043887e-10
-1.94548707393e-11
4.68065449873e-11
1.12241673569e-10
1.7897266498e-10
2.44056551753e-10
2.68670584901e-10
2.9361742122e-10
4.05510642589e-10
4.90926612104e-10
5.77116417183e-10
1.55808189657e-10
2.31303990786e-10
3.05858350969e-10
3.81889169228e-10
4.1275475098e-10
4.09301365636e-10
4.05801287513e-10
4.42468977275e-10
5.29700708048e-10
6.17722724479e-10
1.02350437551e-10
2.56952644367e-10
4.09626944652e-10
5.65324773049e-10
5.52721246129e-10
5.61037498162e-10
5.69466193166e-10
4.33787506199e-10
5.44014354476e-10
6.55239815258e-10
2.14154985409e-10
3.04101877993e-10
3.9292712293e-10
4.83511443392e-10
4.76774813153e-10
4.283025186e-10
3.79174836399e-10
4.4582299352e-10
5.81255235747e-10
7.17914441575e-10
2.1023513918e-10
4.43082046675e-10
6.73025327611e-10
9.07522354482e-10
8.26109975434e-10
8.19991049907e-10
8.13789391176e-10
4.58832728253e-10
5.91034926291e-10
7.24434824982e-10
2.85676864073e-10
3.93337997795e-10
4.99656585333e-10
6.0808068269e-10
5.55251018397e-10
4.51594254492e-10
3.46535960839e-10
4.49934368273e-10
6.4445110841e-10
8.40730094789e-10
3.42480902467e-10
6.71240668858e-10
9.95900764787e-10
1.32699035753e-09
1.16123164361e-09
1.1374179843e-09
1.11328234358e-09
4.89533323029e-10
6.4867304658e-10
8.0925451432e-10
3.87313217964e-10
5.20147220672e-10
6.51324768749e-10
7.85100128007e-10
9.17171418463e-10
4.84693037075e-10
3.00154400832e-10
1.15582719799e-10
-6.67914826229e-11
1.01525760199e-09
5.30409092401e-10
9.9546607933e-10
1.45472375446e-09
1.92307646712e-09
2.38546316892e-09
1.58849836476e-09
1.53887759172e-09
1.48924793323e-09
1.4402091569e-09
9.29787757065e-10
-7.0800651064e-11
-1.39500243505e-10
-2.07343144469e-10
-2.76529591255e-10
-3.42391346254e-10
-3.92535311509e-10
-4.43357266858e-10
-4.64808331495e-10
-5.07826832374e-10
-5.5123506419e-10
6.78842850379e-11
-8.91912409401e-13
-6.88104631065e-11
-1.38074057776e-10
-2.29438232604e-10
-2.44896591401e-10
-2.60563960676e-10
-3.94400163007e-10
-4.97721019923e-10
-6.01977923739e-10
-1.00797932884e-10
-1.96197279932e-10
-2.90406986625e-10
-3.86482401536e-10
-3.82752980122e-10
-3.62973869183e-10
-3.42927327435e-10
-4.18011925831e-10
-5.80369735182e-10
-7.44198443332e-10
-1.26646619851e-10
-2.94927175056e-10
-4.6110925322e-10
-6.30582364546e-10
-5.95907596349e-10
-5.68104334969e-10
-5.39925149275e-10
-4.30744883915e-10
-6.11313580108e-10
-7.93518158672e-10
-1.27366953925e-10
-2.46414655054e-10
-3.63977818249e-10
-4.83869176356e-10
-4.18501855833e-10
-3.36790877409e-10
-2.53975095375e-10
-3.76563680814e-10
-6.44622020527e-10
-9.15108864858e-10
-2.98945421325e-10
-5.55358407686e-10
-8.08573895893e-10
-1.06680400768e-09
-9.20494747094e-10
-8.54374050701e-10
-7.87359344891e-10
-4.62935922433e-10
-7.11924133414e-10
-9.63168081041e-10
-1.5993543133e-10
-3.0797143746e-10
-4.54161418305e-10
-6.03246513232e-10
-4.62323058318e-10
-3.0469559717e-10
-1.4493687543e-10
-3.25756154664e-10
-7.23382886433e-10
-1.12461196221e-09
-5.10150403776e-10
-8.74596692846e-10
-1.23449829659e-09
-1.60152731218e-09
-1.31837577059e-09
-1.20528531515e-09
-1.09066577823e-09
-5.02395905133e-10
-8.35253198758e-10
-1.1711260504e-09
-2.06216951853e-10
-3.95446865091e-10
-5.82317060488e-10
-7.7288799195e-10
-9.61031376361e-10
-2.59086514724e-10
1.00121739651e-11
2.79159049366e-10
5.45101508471e-10
-1.42232689003e-09
-8.10283799891e-10
-1.32825109807e-09
-1.83975928705e-09
-2.36139727119e-09
-2.87639048144e-09
-1.70394869094e-09
-1.52168018349e-09
-1.33937903776e-09
-1.15924833805e-09
-1.46664527001e-09
-6.90243723092e-13
1.68148389515e-13
-8.72287341197e-13
3.14613855683e-12
4.80265982473e-12
6.73697920736e-12
8.57814143862e-12
1.36507659998e-11
1.78545377515e-11
3.837611187e-11
9.27021346744e-12
1.0648318263e-11
1.29048725362e-11
1.63801082023e-11
1.71415735213e-11
2.37812830231e-11
2.87002249241e-11
2.766859883e-11
3.73464023698e-11
5.45802611083e-11
8.97089647443e-12
1.19390098815e-11
1.48701105878e-11
1.80107959648e-11
3.06265801406e-11
4.88787751861e-11
6.73777558089e-11
5.35281399503e-11
4.60045009893e-11
3.84127007766e-11
2.89439253106e-11
3.18639777543e-11
3.47476168227e-11
4.8282353448e-11
6.24715483522e-11
6.92320927183e-11
7.60840455336e-11
6.38679271145e-11
7.64586355501e-11
8.9163410922e-11
1.58344507407e-11
2.23646300601e-11
2.88133773248e-11
3.11766353834e-11
5.34991952776e-11
8.62043659102e-11
1.19351738941e-10
8.88480997351e-11
7.09373255714e-11
1.66885386308e-11
4.71725064582e-11
5.06549904466e-11
5.40940474765e-11
7.65386278084e-11
1.02620954631e-10
1.09488524163e-10
1.16448949217e-10
9.59301893093e-11
1.11100899224e-10
1.18998609346e-10
3.3409119624e-11
3.51444225371e-11
4.59051236477e-11
4.73154062835e-11
8.15365944777e-11
1.3195831583e-10
1.38781778477e-10
1.3214353431e-10
1.01500142801e-10
4.20175403847e-12
6.78086645714e-11
7.36891350372e-11
7.78090269876e-11
1.11175351218e-10
1.51836355876e-10
1.58835117546e-10
1.329021123e-10
1.35232317161e-10
1.53565609534e-10
1.56087961361e-10
3.62037085631e-11
5.33051802676e-11
7.01933947381e-11
8.74160596769e-11
1.04419337382e-10
1.96977086769e-10
2.73597108235e-10
3.50230849823e-10
4.25952203296e-10
9.57528644324e-11
1.01270231154e-10
1.06421866824e-10
1.1150926103e-10
1.16697404866e-10
1.21819460643e-10
2.28959223933e-10
2.362415666e-10
2.43525213294e-10
2.50722142147e-10
2.36944494562e-10
7.25898152022e-12
1.55981072498e-11
2.19377184741e-11
3.37598004556e-11
4.31591494904e-11
5.08468521445e-11
5.54690310992e-11
6.6508854294e-11
7.59295381479e-11
9.40372721006e-11
2.11891722498e-13
1.19232329527e-11
2.1932428808e-11
3.58789269808e-11
4.43826422604e-11
5.34636506139e-11
6.50162232643e-11
7.42969271369e-11
9.64583331471e-11
1.26081675024e-10
2.10976811977e-11
3.49330054849e-11
4.85958017558e-11
6.42837913082e-11
7.62949631012e-11
9.43784710938e-11
1.12706483868e-10
1.05621843596e-10
1.15203613001e-10
1.24872189523e-10
4.61328946854e-11
6.79664485809e-11
8.95277356568e-11
1.12173596382e-10
1.35206424006e-10
1.39642260158e-10
1.4413807268e-10
1.18510607698e-10
1.52440730345e-10
1.86678246747e-10
3.16547215461e-11
5.20582010645e-11
7.22072469482e-11
9.13193260633e-11
1.05643826585e-10
1.32935047877e-10
1.60595270256e-10
1.40264776977e-10
1.49989222157e-10
1.27381319298e-10
8.54101156556e-11
1.1760472528e-10
1.4939786458e-10
1.79748874994e-10
2.1565034498e-10
2.15971885755e-10
2.1629777404e-10
1.57671296196e-10
2.02025139292e-10
2.10414952539e-10
5.21156726795e-11
7.30503762912e-11
1.01150308797e-10
1.24459658989e-10
1.41619852791e-10
1.80197948451e-10
2.10626084177e-10
1.82730308219e-10
1.92629646284e-10
1.46579407079e-10
1.50342704916e-10
1.78451645105e-10
2.22787054873e-10
2.62583087486e-10
3.14259022304e-10
3.0953723326e-10
2.30357976771e-10
2.05674720805e-10
2.62806027679e-10
2.58970475956e-10
6.29852929027e-11
1.0288136214e-10
1.42279923003e-10
1.82458724262e-10
2.22125716454e-10
2.47361017687e-10
3.02716829861e-10
3.58082554438e-10
4.12789104243e-10
2.63463739028e-10
2.01974771438e-10
2.64918320646e-10
3.27076956868e-10
3.9046656899e-10
4.53048706095e-10
4.42498516557e-10
4.3044914582e-10
4.18397617439e-10
4.06489572476e-10
4.25149711401e-10
1.67806795948e-11
3.03406412266e-11
4.37315086448e-11
5.73875658429e-11
7.9806807287e-11
9.29915724498e-11
1.06354607123e-10
1.170120455e-10
1.31417221187e-10
1.4595290218e-10
1.97384004453e-11
3.66435625388e-11
5.81479561358e-11
7.47078972359e-11
8.73374549401e-11
8.91797069519e-11
9.62258353808e-11
1.04854975211e-10
1.10609177813e-10
1.53741271312e-10
3.2684201773e-11
5.69025884576e-11
8.08189691952e-11
1.08495264082e-10
1.19928759766e-10
1.37851095935e-10
1.56015757702e-10
1.55394704491e-10
1.81319813909e-10
2.07479794766e-10
6.25560729536e-11
1.02460507031e-10
1.41867328424e-10
1.73218400733e-10
2.04700865652e-10
2.06915562388e-10
2.09160203752e-10
1.7071888527e-10
2.25037723266e-10
2.79848668873e-10
4.67701785595e-11
8.04288845764e-11
1.13667862826e-10
1.48782581075e-10
1.55465346248e-10
1.77583816737e-10
2.00001348215e-10
1.89390773882e-10
2.25519253177e-10
2.33142591558e-10
1.21944189265e-10
1.8157176171e-10
2.40455771765e-10
2.78360970442e-10
3.23644127899e-10
3.17711274074e-10
3.11698202897e-10
2.16661755877e-10
2.88898585337e-10
2.97758577869e-10
6.40368597815e-11
1.09267570141e-10
1.53934248566e-10
1.99485496022e-10
1.99026323226e-10
2.26288442235e-10
2.53919168843e-10
2.31063375072e-10
2.7969921099e-10
3.28775668722e-10
1.06322104099e-10
1.85881580978e-10
2.67678261653e-10
3.53788341394e-10
5.27277582227e-10
5.68688049811e-10
5.73018433481e-10
6.3160848312e-10
6.54629871501e-10
7.95331093167e-10
8.85737225708e-11
1.50248860155e-10
2.11154901987e-10
2.73267113615e-10
3.3458812212e-10
2.9550027847e-10
3.30539229737e-10
3.65584455325e-10
4.00212438499e-10
4.23702874427e-10
2.9819279251e-10
4.16353549789e-10
5.33040829422e-10
6.52038958161e-10
7.69521254689e-10
6.46524353917e-10
6.16004522937e-10
5.85479226862e-10
5.55317359698e-10
6.04970139244e-10
2.41382919723e-11
4.46087893161e-11
6.48240173055e-11
8.54395832038e-11
1.15275215187e-10
1.33780158147e-10
1.52535304056e-10
1.65890142865e-10
1.85119419194e-10
2.0452290531e-10
-1.05755333517e-11
1.43202675177e-11
3.89056150108e-11
6.3977845294e-11
9.56000169464e-11
1.09271040442e-10
1.23126908085e-10
1.61965314334e-10
2.07597801867e-10
2.53643702044e-10
4.38978907949e-11
7.81652332519e-11
1.12005258178e-10
1.46515443481e-10
1.62158506261e-10
1.799248568e-10
1.97931423875e-10
2.03565972144e-10
2.45308524883e-10
2.87429248964e-10
7.84507854907e-11
1.35844614196e-10
1.92522735542e-10
2.50323297882e-10
2.7195911219e-10
2.72024141428e-10
2.72090049917e-10
2.21247202658e-10
2.95298687051e-10
3.7002104918e-10
6.13992497521e-11
1.07886655024e-10
1.53794357236e-10
2.04396781015e-10
2.03683706926e-10
2.20795875607e-10
2.38139415716e-10
2.36935992363e-10
2.98618875636e-10
3.60860581914e-10
1.57302667894e-10
2.43480464112e-10
3.28583613727e-10
3.73799921674e-10
4.28162882263e-10
4.16176888015e-10
4.04028832683e-10
2.7375401803e-10
3.72976613929e-10
4.73098128072e-10
8.28525284738e-11
1.44319365583e-10
2.05019704469e-10
2.66922139456e-10
2.54585565805e-10
2.70895834144e-10
2.8742663152e-10
2.77841178437e-10
3.63967047527e-10
4.50873183595e-10
-1.76755186923e-11
1.33622853294e-10
2.70193087782e-10
4.22929903859e-10
6.07283629922e-10
7.02437873378e-10
7.34079155581e-10
9.37303743648e-10
1.16725346853e-09
1.45914204086e-09
1.13338766657e-10
1.96092164798e-10
2.77813618958e-10
3.61153466741e-10
4.43431707698e-10
3.42090512066e-10
3.57466359242e-10
3.72844959725e-10
3.88040465242e-10
5.78785828089e-10
3.91314705994e-10
5.62915889667e-10
7.32377187696e-10
9.05194459833e-10
1.07581033611e-09
8.43985039177e-10
7.95589091212e-10
7.47184477127e-10
6.99356160032e-10
7.79004297688e-10
3.18432954715e-11
5.95506108358e-11
8.69124129287e-11
1.14816082105e-10
1.52418270972e-10
1.76494584974e-10
2.00896431715e-10
2.17076029251e-10
2.41357177087e-10
2.65858302706e-10
-1.69431329468e-11
1.5554849406e-11
4.76475783429e-11
8.03758645933e-11
1.21979295776e-10
1.38014385959e-10
1.54266284529e-10
2.07118523466e-10
2.64839686136e-10
3.23083780159e-10
5.56410363589e-11
1.0043179802e-10
1.44664013954e-10
1.89772194921e-10
2.06382138577e-10
2.23985138594e-10
2.41826146506e-10
2.54011655715e-10
3.12318475484e-10
3.71153532432e-10
9.50959700198e-11
1.70804958575e-10
2.45569847713e-10
3.21815364197e-10
3.42392970123e-10
3.40206834887e-10
3.37991141198e-10
2.74161224531e-10
3.68877036119e-10
4.64450936234e-10
7.67190354306e-11
1.36640849526e-10
1.95815432006e-10
2.56161894844e-10
2.54178707027e-10
2.66048200371e-10
2.78078179606e-10
2.86726067725e-10
3.75169911208e-10
4.64415021618e-10
1.94330604076e-10
3.08312198125e-10
4.20872429155e-10
5.35661778131e-10
5.37616510259e-10
5.19291575367e-10
5.00718871391e-10
3.33541902617e-10
4.61024403247e-10
5.896618459e-10
1.0255658268e-10
1.81026138469e-10
2.58517170262e-10
3.3754281733e-10
3.12768048997e-10
3.17609372873e-10
3.22516155665e-10
3.26827605028e-10
4.5221360661e-10
5.78735556749e-10
-4.54189722896e-11
1.31723615507e-10
2.3074151123e-10
3.0407178091e-10
4.22789124964e-10
5.07407252207e-10
6.70864736722e-10
1.23634870307e-09
1.69680947328e-09
2.55758811556e-09
1.39273097192e-10
2.44099970124e-10
3.47619640417e-10
4.53189391389e-10
5.57414364667e-10
3.90880512743e-10
3.85664858485e-10
3.80448270274e-10
3.75293789864e-10
7.4119105404e-10
4.88833389017e-10
7.16398199371e-10
9.41125251499e-10
1.17030274852e-09
1.39656091701e-09
1.05076886969e-09
9.83652780349e-10
9.16524672724e-10
8.50195780775e-10
9.61255513297e-10
3.95407839399e-11
7.4477858936e-11
1.08979264763e-10
1.44163928808e-10
1.89525099492e-10
2.19167350531e-10
2.49210390627e-10
2.68211991778e-10
2.97540083806e-10
3.27133876977e-10
-2.33045219403e-11
1.6788227152e-11
5.63810152514e-11
9.67578901791e-11
1.48332845728e-10
1.66729696819e-10
1.85375289362e-10
2.52227692676e-10
3.22025739864e-10
3.92456130294e-10
6.73727283135e-11
1.22676645222e-10
1.77290916202e-10
2.32986756138e-10
2.50562637628e-10
2.68002446446e-10
2.85678056671e-10
3.04408137378e-10
3.79263068316e-10
4.54796155904e-10
1.11724919764e-10
2.05731204584e-10
2.98565220688e-10
3.93237701137e-10
4.12758130799e-10
4.08323026749e-10
4.0382795623e-10
3.27023637018e-10
4.42383620968e-10
5.58788721642e-10
9.20238790444e-11
1.6536699879e-10
2.37795521763e-10
3.11658403202e-10
3.0462445712e-10
3.11256388542e-10
3.17977989454e-10
3.36467580624e-10
4.51646283168e-10
5.67868460096e-10
2.31322425274e-10
3.73080698881e-10
5.13071231218e-10
6.55834105129e-10
6.4696338329e-10
6.22305690402e-10
5.97314604027e-10
3.93271473436e-10
5.48986315661e-10
7.06111873978e-10
1.2224141865e-10
2.17697109616e-10
3.11962457611e-10
4.08094615732e-10
3.70893784239e-10
3.64277349821e-10
3.57571455445e-10
3.7576625299e-10
5.40374094921e-10
7.06473220074e-10
1.33173865969e-10
8.81925579347e-11
2.29041669936e-10
3.42001647384e-10
4.89596961369e-10
6.00423782984e-10
5.5957152892e-10
1.10702682108e-09
2.06951189767e-09
3.88083019242e-09
1.65182132827e-10
2.92060951315e-10
4.17357576975e-10
5.45135549328e-10
6.71285849309e-10
4.39622926375e-10
4.13835854484e-10
3.88044164979e-10
3.62559546882e-10
9.0343787899e-10
5.86256957754e-10
8.69730810988e-10
1.14966971408e-09
1.43515246536e-09
1.71699865567e-09
1.25735101479e-09
1.17153304265e-09
1.08569970334e-09
1.00088828096e-09
1.14332897123e-09
4.72302948062e-11
8.93896365815e-11
1.31023246726e-10
1.73481359687e-10
2.26593470855e-10
2.61795890449e-10
2.97474277422e-10
3.19294957491e-10
3.53664763108e-10
3.88345945838e-10
-2.96593180522e-11
1.80203266373e-11
6.51054009109e-11
1.13122937593e-10
1.74659083117e-10
1.9541524741e-10
2.16452053125e-10
2.97290111182e-10
3.79152526521e-10
4.61756583601e-10
7.90922616567e-11
1.44898438082e-10
2.09884004245e-10
2.76156530204e-10
2.9469734844e-10
3.11974135188e-10
3.29484519144e-10
3.54752388618e-10
4.46138280424e-10
5.38352092974e-10
1.28336635427e-10
2.40621253371e-10
3.51505669775e-10
4.64586016663e-10
4.83050365706e-10
4.76368623653e-10
4.69596538627e-10
3.79831263416e-10
5.15814024308e-10
6.53028736286e-10
1.07312860867e-10
1.94063376553e-10
2.79732103763e-10
3.67097395519e-10
3.55017925729e-10
3.56417723386e-10
3.57836447526e-10
3.86157541903e-10
5.2804339576e-10
6.71214680437e-10
2.68275908508e-10
4.37782074193e-10
6.05174479339e-10
7.75881886696e-10
7.56196930285e-10
7.25213042611e-10
6.93810225785e-10
4.52939141108e-10
6.36857065205e-10
8.22441214379e-10
1.41905853448e-10
2.54330075325e-10
3.65352354784e-10
4.78573294937e-10
4.28959278535e-10
4.10896960531e-10
3.92590424253e-10
4.24654181413e-10
6.2844321456e-10
8.34078497328e-10
5.46515822603e-10
1.83793372207e-10
7.89945247519e-10
1.07144172756e-09
1.30928031785e-09
1.38412856928e-09
1.71566252217e-09
2.28969865104e-09
3.90833627581e-09
6.32632116224e-09
1.91064316589e-10
3.39972226211e-10
4.87023237814e-10
6.36986415163e-10
7.85039318652e-10
4.88314823843e-10
4.41977654338e-10
3.95632187372e-10
3.49838501545e-10
1.06551655291e-09
6.83579557652e-10
1.02290451018e-09
1.35799804321e-09
1.69972769454e-09
2.03710429579e-09
1.46371906016e-09
1.35921858768e-09
1.25469940259e-09
1.15142460491e-09
1.32521373001e-09
2.27401058489e-12
-3.96339590191e-11
-8.10193316308e-11
-1.23224291018e-10
-1.59552456681e-10
-1.91200516593e-10
-2.23276485845e-10
-2.79404339216e-10
-3.25173448969e-10
-3.7135720911e-10
8.54910242579e-11
4.13302420374e-11
-2.2798503694e-12
-4.67535874115e-11
-1.340943753e-10
-1.46466628689e-10
-1.59006165721e-10
-2.41458592203e-10
-3.43667546433e-10
-4.46802474156e-10
3.30767633041e-11
-5.10125544529e-11
-1.34053269165e-10
-2.18738503844e-10
-2.01299000017e-10
-2.18208681203e-10
-2.35346996009e-10
-2.93241332459e-10
-4.57767756991e-10
-6.23784727135e-10
-1.91947485099e-10
-2.93530023107e-10
-3.93845815687e-10
-4.96148240061e-10
-5.183837227e-10
-4.66699974654e-10
-4.1431741731e-10
-3.85364969535e-10
-6.2463593054e-10
-8.66074593675e-10
6.03592014268e-11
-6.109073898e-11
-1.81026185266e-10
-3.03336806633e-10
-2.38274509829e-10
-2.42130198429e-10
-2.46038019298e-10
-3.05496955045e-10
-5.75208429811e-10
-8.47363385957e-10
-4.37678736244e-10
-5.90120543663e-10
-7.40661384969e-10
-8.94183503836e-10
-8.5875428754e-10
-7.50335223937e-10
-6.40450240145e-10
-5.12824903742e-10
-8.73493642179e-10
-1.23742989954e-09
9.38021900934e-11
-7.34446425938e-11
-2.38605888874e-10
-4.07037951986e-10
-2.83599328309e-10
-2.71453348578e-10
-2.5914314462e-10
-3.2051997628e-10
-7.19167964235e-10
-1.12142754838e-09
-7.38897689261e-10
-9.53683117248e-10
-1.16579014731e-09
-1.38209769814e-09
-1.27598272186e-09
-1.09801714241e-09
-9.17645313299e-10
-6.69066113416e-10
-1.17854503064e-09
-1.6926396293e-09
1.41326437146e-10
-9.10001898346e-11
-3.20429678212e-10
-5.54402737489e-10
-7.85395380992e-10
-3.13123088262e-10
-2.77766217446e-10
-2.42403015378e-10
-2.07460841497e-10
-1.51088714762e-09
-1.16694567513e-09
-1.47032466918e-09
-1.7699204938e-09
-2.07544944794e-09
-2.37708648685e-09
-1.59209144762e-09
-1.31155410146e-09
-1.03096652031e-09
-7.53719566528e-10
-2.3395166137e-09
3.64927964622e-12
2.65308325878e-12
1.66930954991e-12
6.66053403855e-13
6.58361439432e-12
8.3003143841e-12
1.00402256532e-11
1.30714396677e-11
1.71537160221e-11
2.12729762174e-11
1.5891155114e-11
1.59122815536e-11
1.53441702574e-11
1.45317804933e-11
1.482158901e-11
1.49616101023e-11
1.49494637998e-11
2.29358791872e-11
2.56921743228e-11
3.6735166455e-11
1.43433896937e-11
1.58075630593e-11
1.7253478022e-11
1.89821921804e-11
2.93189931882e-11
4.59193946582e-11
6.27442480174e-11
4.86392525238e-11
4.28051505444e-11
3.69181938633e-11
1.9346341057e-11
2.24431892913e-11
2.55014194874e-11
3.82793859231e-11
5.017732e-11
5.70947382461e-11
6.4105686013e-11
4.86330108053e-11
5.40577557238e-11
5.95316467277e-11
2.38153157357e-11
2.74586737398e-11
3.10565986687e-11
3.16566126658e-11
4.94560429772e-11
7.92391514725e-11
1.0942495354e-10
8.0142172482e-11
6.55249925498e-11
3.828303216e-11
2.85105546892e-11
3.3870639226e-11
3.91638829188e-11
6.14648788267e-11
8.40265680909e-11
9.22095037405e-11
1.00503079809e-10
7.28871565908e-11
7.60815809382e-11
9.69457092005e-11
3.54260637872e-11
4.17406803804e-11
4.79765530098e-11
5.43359194832e-11
7.41401685249e-11
1.20082724341e-10
1.66646463535e-10
1.18758655011e-10
9.33751214597e-11
6.77616229365e-11
6.27553305274e-11
6.64625380186e-11
5.84946320646e-11
7.70542477419e-11
1.17667750742e-10
1.00335652463e-10
4.27543226182e-11
7.05771067455e-11
9.55364660963e-11
1.50493881703e-10
5.19255478604e-11
6.20361635012e-11
7.20206986525e-11
8.2202965332e-11
9.22555273852e-11
1.7812359105e-10
2.47961240897e-10
3.17811396367e-10
3.86829927929e-10
9.1899958733e-11
5.57075757913e-11
6.77843616128e-11
7.97105485862e-11
9.18729191316e-11
1.03880361921e-10
1.96421065853e-10
2.08521151719e-10
2.20623404311e-10
2.32581569571e-10
1.37986993595e-10
3.4190871913e-12
7.17784988093e-12
9.50916929799e-12
1.5864896879e-11
2.02500052913e-11
2.6792312801e-11
3.25651001948e-11
4.54718048166e-11
5.72800618518e-11
7.63675003736e-11
-1.93678786436e-12
4.45092583238e-12
9.85060447487e-12
1.98963655176e-11
2.33134767422e-11
3.10341847611e-11
3.55266872637e-11
4.47237306391e-11
6.25307681679e-11
8.87235204674e-11
1.22738077346e-11
2.31895601617e-11
3.39691919548e-11
4.57415911706e-11
5.47966699863e-11
7.50991202146e-11
9.56760772563e-11
8.64087384457e-11
9.81062767697e-11
1.09909790255e-10
4.26891675963e-11
5.73505409269e-11
7.18290853188e-11
9.22911375077e-11
1.12989480858e-10
1.14961308926e-10
1.16959797827e-10
9.65792274922e-11
1.29036893922e-10
1.61788614224e-10
1.97781055612e-11
3.72412292403e-11
5.44865858454e-11
6.95072508179e-11
8.1243267935e-11
1.14742645002e-10
1.4869496283e-10
1.22745912612e-10
1.36310445245e-10
1.23536224598e-10
8.00131279101e-11
1.02806481835e-10
1.25315600129e-10
1.54747295295e-10
1.88180912673e-10
1.85290195153e-10
1.82360392614e-10
1.37594087574e-10
1.80986537806e-10
1.93856371827e-10
2.8976922252e-11
5.44658558527e-11
7.96369396468e-11
1.05306506023e-10
1.13661678324e-10
1.63337933451e-10
2.13685854824e-10
1.67288255138e-10
1.8314136144e-10
1.99138090738e-10
6.98543842144e-11
8.97516893768e-11
8.15956271476e-11
1.06669805185e-10
1.90708315545e-10
1.76355427333e-10
1.6601442694e-10
2.32959866258e-10
2.10153270983e-10
2.1188784096e-10
4.20489249177e-11
7.89429568284e-11
1.15376916101e-10
1.52532405454e-10
1.89214597553e-10
2.32394395985e-10
3.0604133292e-10
3.79701457596e-10
4.52484597528e-10
2.68968934593e-10
1.90781010132e-10
2.37707983886e-10
2.84049773114e-10
3.31309304897e-10
3.77966831243e-10
3.94008180085e-10
3.76452480368e-10
3.58893637002e-10
3.41543846199e-10
4.11690859002e-10
-9.91682020497e-12
1.92525296303e-12
1.57688106085e-11
3.40456562319e-11
4.29692786954e-11
5.10720863169e-11
5.78308272052e-11
7.33389730821e-11
8.51624028305e-11
1.19266972186e-10
3.76636808591e-12
1.12143001119e-11
1.66959813174e-11
2.85790063121e-11
2.93108599905e-11
3.93666277046e-11
4.59253560855e-11
6.15134504121e-11
8.50246062669e-11
1.10846961008e-10
1.02964283633e-11
3.02426796212e-11
4.99401989312e-11
7.13088238759e-11
7.91392829024e-11
1.02978850766e-10
1.27140750356e-10
1.22495544285e-10
1.50943665366e-10
1.79649515394e-10
6.49920406297e-11
9.07027243118e-11
1.16092792939e-10
1.43896594793e-10
1.73003277653e-10
1.70249848065e-10
1.6745918971e-10
1.42389377407e-10
2.00675613276e-10
2.59489899842e-10
1.59207583895e-11
4.65879590761e-11
7.68727363956e-11
1.05671593449e-10
1.11614330373e-10
1.48664411379e-10
1.86215441755e-10
1.634516003e-10
2.03942313279e-10
2.04991275615e-10
1.29221194016e-10
1.68671142337e-10
2.07629145462e-10
2.43873857891e-10
2.87695044742e-10
2.74224019809e-10
2.60570854884e-10
1.99418240004e-10
2.81217841399e-10
2.86449537462e-10
3.89006463574e-11
8.0644098078e-11
1.26694018179e-10
1.92926758923e-10
2.52424969637e-10
3.25229844731e-10
4.24230717357e-10
3.8413438513e-10
3.43293155513e-10
3.17826724552e-10
5.06244773413e-12
4.77912934459e-11
9.56470731537e-11
1.95036420793e-10
2.84826291008e-10
3.49450570111e-10
3.47318242795e-10
3.90065661102e-10
4.14825900133e-10
4.30248818416e-10
3.26123184675e-11
9.50965303616e-11
1.56801557258e-10
2.19728576874e-10
2.8185401411e-10
2.84247365454e-10
3.61533880747e-10
4.3883423551e-10
5.15214265576e-10
4.38149255585e-10
3.19836746e-10
4.00061286154e-10
4.79285417465e-10
5.60078485969e-10
6.3984238925e-10
5.82792529501e-10
5.36902248303e-10
4.91003749667e-10
4.45651710642e-10
6.732008586e-10
4.08687213013e-12
1.61082626034e-11
2.79797450147e-11
4.00863276409e-11
5.94459218889e-11
7.17788486017e-11
8.42785272274e-11
1.06133376537e-10
1.26077706715e-10
1.46202724791e-10
-1.53388991457e-11
-5.73614938886e-13
1.40075445491e-11
2.88774660983e-11
5.84331395122e-11
6.96048384918e-11
8.09275885737e-11
1.04839484913e-10
1.47831185192e-10
1.91212373605e-10
8.38267718977e-12
3.70688435019e-11
6.53972901635e-11
9.42867471242e-11
1.02698598181e-10
1.29961466159e-10
1.57592951861e-10
1.57421147345e-10
2.02080850218e-10
2.47145152683e-10
8.65772508629e-11
1.22981699717e-10
1.58932181087e-10
1.95594617848e-10
2.31085947934e-10
2.23759310233e-10
2.16333610007e-10
1.86725446363e-10
2.70009138862e-10
3.54047349322e-10
1.21875330997e-11
5.56339294405e-11
9.85385444382e-11
1.40672238319e-10
1.41008111469e-10
1.81494641709e-10
2.22528585108e-10
2.02847458633e-10
2.69397920179e-10
3.36551303101e-10
1.76845840871e-10
2.32416406983e-10
2.87294002021e-10
3.30132502153e-10
3.84007006823e-10
3.60296128061e-10
3.36264657563e-10
2.59253012219e-10
3.78223897828e-10
4.9827261353e-10
6.50505335075e-13
1.93834260101e-12
3.69745337256e-11
1.14779128463e-10
1.90000861914e-10
2.60773328392e-10
2.85092375965e-10
3.11785133621e-10
5.02293299931e-10
7.21355426816e-10
-5.56991457055e-11
6.22123962469e-11
1.38576558134e-10
2.66891032147e-10
4.15038138644e-10
5.2008688072e-10
5.50117318193e-10
7.0427987443e-10
7.94112275199e-10
1.12457260777e-09
2.34793635422e-11
1.10730313516e-10
1.96893234544e-10
2.84762507023e-10
3.71512475568e-10
3.3443180786e-10
4.15240787003e-10
4.96064236373e-10
5.75925415689e-10
6.01885684988e-10
4.44739720893e-10
5.57190376935e-10
6.68238760921e-10
7.81486322571e-10
8.93291304377e-10
7.65502168066e-10
6.92189056759e-10
6.18862817488e-10
5.4640958778e-10
9.26295978273e-10
4.23399936899e-12
2.06321597411e-11
3.68258332489e-11
5.33402026892e-11
7.72192741006e-11
9.31215859888e-11
1.09238910987e-10
1.37422638392e-10
1.62700104462e-10
1.88206574573e-10
-2.35219996501e-11
-3.97442554732e-12
1.53293881554e-11
3.50154903199e-11
7.40581836498e-11
8.71406500087e-11
1.00400002709e-10
1.32944157354e-10
1.87719973985e-10
2.42992038275e-10
6.37856787662e-12
4.42173060584e-11
8.15841910114e-11
1.19691081499e-10
1.27370271185e-10
1.58218071067e-10
1.89482960076e-10
1.93995769653e-10
2.55632487354e-10
3.17827609817e-10
1.09181611061e-10
1.56784733321e-10
2.03794239408e-10
2.51734711368e-10
2.91911002965e-10
2.79795232226e-10
2.67515645712e-10
2.33154851572e-10
3.42616260554e-10
4.53069347457e-10
8.27804284052e-12
6.51070070824e-11
1.21227307887e-10
1.7845900273e-10
1.71789725745e-10
2.1587495785e-10
2.60556260697e-10
2.44103400198e-10
3.37944026486e-10
4.32634812462e-10
2.26719094833e-10
2.9917141689e-10
3.70720250518e-10
4.43686021439e-10
4.84866357217e-10
4.50432147904e-10
4.15532358085e-10
3.21912895022e-10
4.79810114372e-10
6.39137821304e-10
-1.37177370226e-10
-3.98615834132e-11
2.99942943892e-11
7.7905597773e-11
5.05236470123e-11
1.89276428738e-10
2.76586546818e-10
3.10099992311e-10
5.40934730599e-10
8.02966434726e-10
-7.2845034724e-11
1.14424450791e-11
1.8642985229e-10
3.40825705186e-10
4.25831371388e-10
4.82741878405e-10
6.49802239373e-10
8.75918690952e-10
1.25546093977e-09
1.8208880146e-09
1.39151943463e-11
1.27102248831e-10
2.38877848291e-10
3.52867027029e-10
4.65404178993e-10
3.86985718625e-10
4.71483475445e-10
5.5599636303e-10
6.39503054746e-10
7.73352962247e-10
5.75540014416e-10
7.21738348772e-10
8.66113573811e-10
1.01334797391e-09
1.15870686009e-09
9.56838478304e-10
8.54807762548e-10
7.52758776452e-10
6.51924767989e-10
1.19134103401e-09
4.38098310815e-12
2.51516445217e-11
4.56632935019e-11
6.65811506469e-11
9.49752911757e-11
1.1444350686e-10
1.3417494978e-10
1.68681382446e-10
1.99286782764e-10
2.30169456142e-10
-3.16971188146e-11
-7.37191919473e-12
1.66499425092e-11
4.11475278551e-11
8.96679879907e-11
1.04659358073e-10
1.19853424538e-10
1.61021418065e-10
2.27569857477e-10
2.94721199947e-10
4.37641325994e-12
5.13587964033e-11
9.77553040589e-11
1.45070637902e-10
1.52017880814e-10
1.86447116058e-10
2.21341864555e-10
2.30534719114e-10
3.09131893208e-10
3.88441127224e-10
1.31763924226e-10
1.90554797331e-10
2.48612541779e-10
3.07820048971e-10
3.5267673263e-10
3.35776499906e-10
3.18647761313e-10
2.79538972128e-10
4.15152565307e-10
5.51994765056e-10
4.37236568009e-12
7.45708452126e-11
1.43893941981e-10
2.14589898042e-10
2.0254131735e-10
2.50221741347e-10
2.98546846212e-10
2.85319103019e-10
4.06423276744e-10
5.28624607325e-10
2.76543705205e-10
3.65861317682e-10
4.54065129704e-10
5.44015710531e-10
5.85627335024e-10
5.404802541e-10
4.94722745313e-10
3.8451166287e-10
5.81297249385e-10
7.7986563701e-10
-1.09363048777e-10
5.66374523396e-11
1.18490851289e-10
1.92383451384e-10
2.16046048594e-10
2.98137722737e-10
3.25224919446e-10
6.67911154931e-10
1.21514303634e-09
1.95946423654e-09
-1.36571270135e-10
7.89221399585e-11
2.19376946776e-10
3.28879521598e-10
5.47193342612e-10
8.40391248429e-10
8.34532664628e-10
1.09897232126e-09
1.6361229297e-09
2.53089722413e-09
4.36035350764e-12
1.43458215873e-10
2.80821512588e-10
4.20905121684e-10
5.59204305686e-10
4.39488371237e-10
5.27671307905e-10
6.15870035233e-10
7.03018683719e-10
9.44652999885e-10
7.06212732627e-10
8.86125829693e-10
1.06379539064e-09
1.24498348032e-09
1.42386354428e-09
1.14798816978e-09
1.01726785912e-09
8.86524140763e-10
7.57337034575e-10
1.45612757958e-09
4.52781451479e-12
2.96664453523e-11
5.44915946971e-11
7.98083758149e-11
1.12712906087e-10
1.357433299e-10
1.59085145105e-10
1.99907730242e-10
2.35835542989e-10
2.72088847788e-10
-3.98637653651e-11
-1.07658917128e-11
1.79691282532e-11
4.72732102062e-11
1.05261614482e-10
1.22159909919e-10
1.3928668503e-10
1.89069579776e-10
2.67378440939e-10
3.46396750019e-10
2.37633365682e-12
5.84928853769e-11
1.13909657522e-10
1.7042389118e-10
1.766399459e-10
2.14646904741e-10
2.53167750775e-10
2.67035799962e-10
3.62575852799e-10
4.58981461468e-10
1.54322833302e-10
2.24289862375e-10
2.93384394897e-10
3.63847260276e-10
4.13379485283e-10
3.91699749144e-10
3.69726884087e-10
3.25875020633e-10
4.8761369414e-10
6.50817657315e-10
4.70736325469e-13
8.4024875113e-11
1.66537084596e-10
2.50683347646e-10
2.33261038305e-10
2.84532928171e-10
3.36498058654e-10
3.26492090286e-10
4.74831555773e-10
6.24514919299e-10
3.26316677836e-10
4.32482101711e-10
5.37323631068e-10
6.4424141891e-10
6.86283885135e-10
6.30435035315e-10
5.73831060394e-10
4.47045553963e-10
6.82679204118e-10
9.20447603777e-10
-2.06915263163e-10
-3.72149015272e-11
1.58836083855e-10
2.77904858421e-10
3.9537888107e-10
5.8926433639e-10
7.93162272599e-10
1.39960857117e-09
2.40723858118e-09
3.40925966231e-09
-1.72729145268e-10
-2.99664690347e-10
-2.61784603954e-10
-2.55546352107e-10
4.26484795354e-11
1.78592424e-10
5.54609953165e-10
1.23252026278e-09
2.14465634403e-09
3.53094872428e-09
-5.18458478692e-12
1.59797231749e-10
3.22721706879e-10
4.88872702319e-10
6.5290721884e-10
4.91936610611e-10
5.83800907843e-10
6.75681654945e-10
7.66468485713e-10
1.11577550383e-09
8.36750022903e-10
1.05034294103e-09
1.26127233196e-09
1.47637892195e-09
1.68874542265e-09
1.33893975557e-09
1.17955958363e-09
1.02015087195e-09
8.62640052914e-10
1.72063970295e-09
7.53486722338e-11
6.02323254669e-11
4.53044812076e-11
3.00810092186e-11
2.32864328919e-11
1.01342783237e-11
-3.19570483173e-12
-9.40003469372e-11
-1.42520065565e-10
-1.9147935403e-10
1.03097763478e-10
8.35523964842e-11
6.42507623677e-11
4.45668829535e-11
-3.87505179974e-11
-4.80366659767e-11
-5.74483707662e-11
-8.85170213991e-11
-1.89614072942e-10
-2.91627024572e-10
1.66951459492e-10
9.41721710265e-11
2.23004482962e-11
-5.09946061524e-11
-1.98450199128e-11
-7.34434932229e-11
-1.27766664584e-10
-1.68470739087e-10
-3.351657788e-10
-5.03371010938e-10
-2.57248350347e-10
-2.92132871157e-10
-3.26582378154e-10
-3.61714115576e-10
-4.40859849052e-10
-3.65295614339e-10
-2.88709685345e-10
-3.39985055154e-10
-6.37958280973e-10
-9.38631028678e-10
2.48085356779e-10
1.24233177094e-10
1.92544771753e-12
-1.2280443691e-10
-5.80471638255e-11
-1.4746951945e-10
-2.38100943222e-10
-2.34430229276e-10
-5.05794839095e-10
-7.79617907056e-10
-5.76412051164e-10
-6.2488267964e-10
-6.72748874044e-10
-7.21562999988e-10
-7.97013827986e-10
-6.46296397174e-10
-4.935411354e-10
-5.62713885051e-10
-1.03506315094e-09
-1.51169171803e-09
3.47539811517e-10
1.61082152273e-10
-2.30503594434e-11
-2.10829390741e-10
-1.04875598299e-10
-2.38211099986e-10
-3.7334941381e-10
-3.15283797896e-10
-7.14953042036e-10
-1.11824313456e-09
-9.67644974746e-10
-1.03276954165e-09
-1.09708199804e-09
-1.16266808411e-09
-1.23358967313e-09
-9.90748969681e-10
-7.44624848371e-10
-8.35736321699e-10
-1.52183686252e-09
-2.2141532082e-09
4.88869826144e-10
2.13446485422e-10
-5.85422959353e-11
-3.35917483028e-10
-6.09759385624e-10
-3.67159661801e-10
-5.65544608857e-10
-7.63965080122e-10
-9.60023191466e-10
-1.59944740521e-09
-1.52360755036e-09
-1.6123982403e-09
-1.70008170056e-09
-1.78950162469e-09
-1.87778249225e-09
-1.4802342043e-09
-1.10142801943e-09
-7.22554002863e-10
-3.48190795011e-10
-3.2123879574e-09
5.52166245406e-12
5.13801812805e-12
4.21090644102e-12
6.19858664347e-12
8.36456896391e-12
9.86364956085e-12
1.00664016586e-11
1.24921133355e-11
1.64528942927e-11
3.07115713755e-11
8.09728616849e-12
8.43414111223e-12
7.24724256116e-12
7.82432482903e-12
6.77928046702e-12
1.11167875139e-11
1.20527636399e-11
1.48299968135e-11
2.10378908515e-11
3.60414310044e-11
1.97158829129e-11
1.96761162372e-11
1.96368454563e-11
1.9953588396e-11
2.80114062359e-11
4.29600141303e-11
5.81107402259e-11
4.37503650972e-11
3.96058000995e-11
3.54236869499e-11
9.7487568033e-12
1.30224008283e-11
1.6255222152e-11
2.82764183981e-11
3.78830916478e-11
4.49573837739e-11
5.21273264923e-11
3.33980944962e-11
3.16568758974e-11
2.98998825333e-11
3.17961807307e-11
3.25527174195e-11
3.32998200126e-11
3.21365899482e-11
4.54128906767e-11
7.22739370347e-11
9.94981681393e-11
7.14362452289e-11
6.01126595283e-11
5.98775256892e-11
9.84860292015e-12
1.70862880053e-11
2.42337183611e-11
4.63911298451e-11
6.54321815507e-11
7.49304833184e-11
8.45572104005e-11
4.98441238723e-11
4.10622626524e-11
7.48928090555e-11
4.69191081083e-11
4.83369382237e-11
5.0047982372e-11
4.7070591851e-11
6.6743742572e-11
1.08207132853e-10
1.29222146365e-10
1.05373775713e-10
8.52501001185e-11
7.66700448395e-11
1.96027810766e-11
2.20678271256e-11
3.40138104883e-11
6.85962600058e-11
9.92020336898e-11
1.11671702115e-10
7.00911813585e-11
7.0003772785e-11
5.25914464166e-11
9.7261784297e-11
6.76473871577e-11
7.07671467349e-11
7.38480025669e-11
7.69898709872e-11
8.00917173886e-11
1.59270095332e-10
2.2232537356e-10
2.85391942911e-10
3.47707652561e-10
8.80470530335e-11
1.01449204282e-11
2.91468564018e-11
4.79118361428e-11
6.70484333968e-11
8.59412631996e-11
1.63882907773e-10
1.80800736838e-10
1.97721595328e-10
2.14440996994e-10
3.90294926279e-11
-2.32881922679e-12
-9.48562265281e-13
-3.28933672184e-13
4.05898913376e-12
6.71606608216e-12
9.83375166756e-12
1.53058681849e-11
2.42569389961e-11
3.40155381896e-11
5.56187737887e-11
-1.16034207164e-12
1.35401688638e-13
9.49740645555e-13
7.67331432189e-12
1.18092153556e-11
1.76518047889e-11
2.33713720466e-11
2.62473276621e-11
4.43098072177e-11
6.79977754343e-11
3.44993427145e-12
1.14461148384e-11
1.93425821538e-11
2.71993910331e-11
3.32983768715e-11
5.58197693354e-11
7.86456706448e-11
6.71956332958e-11
8.10089405379e-11
9.49473909875e-11
3.92454405072e-11
4.6734633273e-11
5.41304349809e-11
7.24086786338e-11
9.07725377095e-11
9.02803576931e-11
8.97815229741e-11
7.46478472862e-11
1.05633057499e-10
1.36898981701e-10
7.90148957635e-12
2.2424257416e-11
3.67659247426e-11
4.76951755725e-11
5.68427092849e-11
9.65502421269e-11
1.36794655404e-10
1.05227048247e-10
1.22631668332e-10
1.19691129898e-10
7.46161401647e-11
8.80082383906e-11
1.01233335678e-10
1.29745715596e-10
1.60711480366e-10
1.54608504551e-10
1.48423011187e-10
1.17516878953e-10
1.59947936319e-10
1.77297791115e-10
2.64889063361e-11
3.58813354143e-11
5.81235704966e-11
7.28190404918e-11
8.57035038562e-11
1.46477918452e-10
1.75060806408e-10
1.51846202058e-10
1.73653076596e-10
1.56581274324e-10
1.17579064871e-10
1.38601689825e-10
1.58972375242e-10
2.0002982542e-10
2.46443087493e-10
2.3346236199e-10
1.67613051039e-10
1.70066014545e-10
2.26527465195e-10
2.40228103174e-10
2.11125569328e-11
5.50045515172e-11
8.84739091996e-11
1.22606086647e-10
1.56303478653e-10
2.17427774282e-10
3.09365835979e-10
4.01320360755e-10
4.92180090812e-10
2.74474130159e-10
1.79587248826e-10
2.10497647127e-10
2.41022589359e-10
2.72152040804e-10
3.0288495639e-10
3.45517843614e-10
3.22455814915e-10
2.99389656566e-10
2.76598119922e-10
3.98232006603e-10
-7.9836708163e-12
1.96384519304e-12
9.33947883163e-12
2.26253286773e-11
3.52678141425e-11
4.65319309668e-11
5.32850596049e-11
5.7924333701e-11
7.2533423974e-11
9.81742963172e-11
-4.15149559479e-13
5.16726336553e-12
1.01958896267e-11
2.13074273553e-11
2.88404160871e-11
3.88005470721e-11
4.97466091238e-11
5.79698300548e-11
7.30448507955e-11
1.0577803106e-10
-1.20913450465e-11
3.58277078489e-12
1.90614286671e-11
3.41223836693e-11
3.83498060384e-11
6.81066055973e-11
9.82657430088e-11
8.95963840783e-11
1.20567516824e-10
1.51819236023e-10
6.74280083057e-11
7.89449415928e-11
9.03182574544e-11
1.14574788854e-10
1.41305689654e-10
1.33584133742e-10
1.25758175668e-10
1.14059869544e-10
1.76313503286e-10
2.39131130811e-10
-1.49286617804e-11
1.27470335759e-11
4.00776099656e-11
6.25606058225e-11
6.77633144988e-11
1.19745006021e-10
1.72429535295e-10
1.37512426718e-10
1.82365373382e-10
1.76839959671e-10
1.36498198767e-10
1.55770522965e-10
1.74802519159e-10
2.09386745341e-10
2.51745961585e-10
2.30736765544e-10
2.09443506872e-10
1.82174724131e-10
2.7353709746e-10
2.75140497054e-10
2.85584072063e-11
5.07244946014e-11
9.45203890558e-11
1.19246292951e-10
1.62341499656e-10
2.31503467178e-10
3.03146737989e-10
3.00532243884e-10
2.97152596286e-10
3.32239843891e-10
3.79483700266e-11
6.78603985715e-11
1.25211538698e-10
2.11100335282e-10
2.66749631864e-10
3.31833669017e-10
2.80518001131e-10
2.75715914954e-10
2.79874726503e-10
4.71615098411e-10
-2.33490856359e-11
3.99442005684e-11
1.02448212529e-10
1.66190040134e-10
2.291199061e-10
2.72994452438e-10
3.92528531758e-10
5.12084015695e-10
6.30216092652e-10
4.52595636743e-10
3.41480699491e-10
3.8376902252e-10
4.25530005508e-10
4.68118013776e-10
5.1016352381e-10
5.19060705085e-10
4.57799973668e-10
3.96528272472e-10
3.35986061586e-10
7.41431577956e-10
-1.59645477121e-11
-1.23922641093e-11
-8.86452727607e-12
-5.26692792201e-12
3.6166285904e-12
9.77753905646e-12
1.60217503991e-11
4.63766102082e-11
6.70359942355e-11
8.78825442715e-11
-2.01022649397e-11
-1.54674973955e-11
-1.08905259125e-11
-6.22291309747e-12
2.1266262078e-11
2.99386365413e-11
3.87282690622e-11
4.77136554919e-11
8.80645685159e-11
1.28781045166e-10
-2.71325364154e-11
-4.02754624816e-12
1.87893221493e-11
4.20580507675e-11
4.3238690102e-11
7.99980755177e-11
1.17254479847e-10
1.11276322546e-10
1.58853175554e-10
2.06861056402e-10
9.47037162351e-11
1.10118785237e-10
1.25341626632e-10
1.40865937815e-10
1.90212783679e-10
1.75494479038e-10
1.60577170097e-10
1.52203690068e-10
2.44719590673e-10
3.38073649465e-10
-3.70241835526e-11
3.38120385738e-12
4.32827316403e-11
7.69476956235e-11
7.83325160122e-11
1.42193407812e-10
2.06917754501e-10
1.68758924903e-10
2.40176964721e-10
3.12242024288e-10
1.96389013847e-10
2.21352349854e-10
2.46004390315e-10
2.86465082632e-10
3.39851131382e-10
3.04415368107e-10
2.68500482443e-10
2.44752006407e-10
3.83471181727e-10
5.23447098987e-10
-4.91494284305e-11
1.24628975351e-11
7.33069110163e-11
1.35355865898e-10
1.21350754225e-10
2.18432847399e-10
3.16827575045e-10
2.39221469727e-10
3.39864190153e-10
4.41418694601e-10
9.73179853861e-11
1.43923877728e-10
2.1394801823e-10
3.05936911402e-10
4.64823051804e-10
5.71874458242e-10
4.91927235274e-10
5.60023208926e-10
6.37768301997e-10
8.11703008956e-10
-6.63800395728e-11
2.53684622351e-11
1.1597285013e-10
2.08371547305e-10
2.99593243438e-10
3.26773103653e-10
4.73015214764e-10
6.1928351302e-10
7.63810366136e-10
6.24985541887e-10
4.98164735792e-10
5.51464864203e-10
6.04100334147e-10
6.57778185308e-10
7.10772272644e-10
6.87019296956e-10
5.88789022306e-10
4.9054115785e-10
3.93463015528e-10
1.07358765886e-09
-2.33752967335e-11
-1.82862913537e-11
-1.32607464309e-11
-8.13567672674e-12
2.02027722895e-12
9.74858700355e-12
1.75813902588e-11
5.77692475329e-11
8.40430318367e-11
1.10554846439e-10
-3.01008663534e-11
-2.35037005006e-11
-1.6988802032e-11
-1.03448839535e-11
2.61370715236e-11
3.62669140588e-11
4.65337208896e-11
5.87697912415e-11
1.10600261833e-10
1.6290029639e-10
-4.28839006057e-11
-1.19971859031e-11
1.85043680684e-11
4.96099680761e-11
4.83584037922e-11
9.24510035392e-11
1.37139773646e-10
1.33979883591e-10
1.98946499223e-10
2.64501687201e-10
1.23267252102e-10
1.42764508066e-10
1.62018631103e-10
1.81654058539e-10
2.41429035808e-10
2.19383629565e-10
1.97040150225e-10
1.92148478612e-10
3.16355484988e-10
4.4168775868e-10
-6.01629497496e-11
-6.42683536117e-12
4.66391837678e-11
1.00756110616e-10
8.94007444626e-11
1.65701715328e-10
2.43034341788e-10
2.01480732672e-10
3.00718141765e-10
4.00854603305e-10
2.59107585591e-10
2.90030635654e-10
3.20568071881e-10
3.51710264748e-10
4.32116204174e-10
3.81572720442e-10
3.3034584478e-10
3.10283887427e-10
4.98595825497e-10
6.88613796708e-10
-8.13437196679e-11
4.01336270874e-13
8.1127022367e-11
1.63451382116e-10
1.39710710446e-10
2.55492910424e-10
3.72840586609e-10
2.84223708964e-10
4.25470477784e-10
5.67996887562e-10
1.52941183674e-10
2.35179187889e-10
3.1616378354e-10
3.26188911718e-10
3.70144515355e-10
4.85348255694e-10
4.37231493042e-10
7.34156483861e-10
9.08312266848e-10
1.20359644823e-09
-1.11442708499e-10
1.01045275375e-11
1.30136056166e-10
2.52544662669e-10
3.73393993318e-10
3.83090924507e-10
5.57302092406e-10
7.31544455786e-10
9.03712319628e-10
8.05514870453e-10
6.62246639816e-10
7.27078498173e-10
7.91101896123e-10
8.563931993e-10
9.20852803177e-10
8.62908086916e-10
7.25962744748e-10
5.8899288018e-10
4.53653755204e-10
1.42142655473e-09
-3.07788177236e-11
-2.41745698926e-11
-1.76526777587e-11
-1.10016275138e-11
4.2548285959e-13
9.71966318885e-12
1.91395089327e-11
6.91507731145e-11
1.01033481722e-10
1.33205035307e-10
-4.00897156888e-11
-3.15320655415e-11
-2.30811302331e-11
-1.44628344689e-11
3.10031302532e-11
4.25890193273e-11
5.43315597146e-11
6.98151434529e-11
1.33113975091e-10
1.96986269599e-10
-5.86199017937e-11
-1.99590524159e-11
1.82196919159e-11
5.71545196657e-11
5.34731239993e-11
1.04891785669e-10
1.57005672438e-10
1.56661300849e-10
2.390007181e-10
3.22086098544e-10
1.51802928688e-10
1.75378390078e-10
1.9865986287e-10
2.22402396805e-10
2.92595334461e-10
2.63229973062e-10
2.33467566396e-10
2.32054307237e-10
3.87921509646e-10
5.4520080847e-10
-8.32791476843e-11
-1.62253083652e-11
4.99923621991e-11
1.17521392882e-10
1.0045817758e-10
1.89187094152e-10
2.79115702971e-10
2.34170625413e-10
3.61200270321e-10
4.89380754555e-10
3.21764985137e-10
3.58641936484e-10
3.9505902819e-10
4.32197315934e-10
5.24291286759e-10
4.58654817799e-10
3.92130886599e-10
3.75751852303e-10
6.13608183109e-10
8.53619400042e-10
-1.13506610389e-10
-1.16484608191e-11
8.89395064172e-11
1.91519495534e-10
1.58052759389e-10
2.9251682713e-10
4.28798966205e-10
3.29182055525e-10
5.10993269817e-10
6.94451623213e-10
-8.86108210768e-11
-9.13244913541e-11
3.86309301823e-11
8.25171454966e-11
2.60999445741e-10
3.44140050494e-10
3.04459043697e-10
6.6500366737e-10
1.03341188667e-09
1.54774795988e-09
-1.56461425811e-10
-5.14451956947e-12
1.44285448201e-10
2.96674694039e-10
4.47122762063e-10
4.393538161e-10
6.41506761327e-10
8.43695905487e-10
1.04347782056e-09
9.85868120779e-10
8.261685075e-10
9.02520848398e-10
9.77921067203e-10
1.05481449528e-09
1.13072843288e-09
1.03862532476e-09
8.6300267559e-10
6.8734857819e-10
5.13785788189e-10
1.76892618793e-09
-3.81746657766e-11
-3.00567458769e-11
-2.20400573316e-11
-1.38646080574e-11
-1.1676586804e-12
9.69076935052e-12
2.06960127877e-11
8.05205029937e-11
1.1800632287e-10
1.55831749739e-10
-5.0068212678e-11
-3.95521100628e-11
-2.91671444045e-11
-1.85765171806e-11
3.58641458469e-11
4.89045724274e-11
6.21213169353e-11
8.08490483687e-11
1.55604355356e-10
2.31036916437e-10
-7.43395943431e-11
-2.79126673278e-11
1.7935310799e-11
6.46912521554e-11
5.85825433601e-11
1.17319674293e-10
1.76850982405e-10
1.79319211306e-10
2.79013425174e-10
3.79610829963e-10
1.80309031177e-10
2.0795847138e-10
2.3526312002e-10
2.6310850389e-10
3.43708604859e-10
3.07030874635e-10
2.69857229547e-10
2.7191877785e-10
4.59413363972e-10
6.48606578343e-10
-1.06371388216e-10
-2.60136263271e-11
5.33420654289e-11
1.34269299772e-10
1.11504150882e-10
2.12648132957e-10
3.15159669781e-10
2.66826638669e-10
4.21619715786e-10
5.77815158162e-10
3.84357447164e-10
4.27182129229e-10
4.69472782796e-10
5.12600951123e-10
6.16370839985e-10
5.35657028019e-10
4.53851895003e-10
4.41151966818e-10
7.28501343032e-10
1.01845399317e-09
-1.45636167803e-10
-2.36857696167e-11
9.6743893685e-11
2.19558519432e-10
1.76375798811e-10
3.2950237261e-10
4.84699351081e-10
3.74093807694e-10
5.9642742686e-10
8.20775302405e-10
-2.60657406189e-10
-2.19940062356e-10
-2.62341436612e-10
-3.03867758529e-10
-2.04494221761e-10
-3.07505156535e-10
-3.685739918e-10
3.21908653342e-11
8.01935480609e-10
1.52889463482e-09
-2.01433486163e-10
-2.03777627123e-11
1.58420175944e-10
3.40758989475e-10
5.20775119028e-10
4.95558397379e-10
7.25624161348e-10
9.55731122518e-10
1.18309846988e-09
1.16603445475e-09
9.89920488155e-10
1.07778137188e-09
1.16454662071e-09
1.25303014937e-09
1.34038654951e-09
1.21416045097e-09
9.99900579581e-10
7.85602341311e-10
5.73855500919e-10
2.1160656759e-09
1.48423333883e-10
1.60098609953e-10
1.71628294046e-10
1.83386309455e-10
2.06125322465e-10
2.1146907324e-10
2.16885076181e-10
9.1403645342e-11
4.01333178396e-11
-1.16014989498e-11
1.20704502698e-10
1.25774550931e-10
1.30781375105e-10
1.35887353318e-10
5.65933393057e-11
5.03932967356e-11
4.41094241888e-11
6.44245494051e-11
-3.55605994518e-11
-1.36451574988e-10
3.00826155681e-10
2.39356896506e-10
1.78654165757e-10
1.16749291539e-10
1.61608960192e-10
7.13216947574e-11
-2.01863331587e-11
-4.37001457145e-11
-2.12563800609e-10
-3.82957294741e-10
-3.22549215596e-10
-2.90735719208e-10
-2.59318940621e-10
-2.27279991091e-10
-3.63335975404e-10
-2.63891254023e-10
-1.6310195338e-10
-2.94605140773e-10
-6.51280631406e-10
-1.01118746368e-09
4.35811512131e-10
3.09557093167e-10
1.84877080701e-10
5.77279328134e-11
1.22180182178e-10
-5.28088404702e-11
-2.30163867145e-10
-1.63363503507e-10
-4.36381248379e-10
-7.11872428155e-10
-7.15145366084e-10
-6.59644815616e-10
-6.0483636312e-10
-5.4894249614e-10
-7.35273368432e-10
-5.4225757041e-10
-3.46632030654e-10
-6.1260286636e-10
-1.19663265971e-09
-1.78595353652e-09
6.0127743294e-10
3.95608947139e-10
1.92505169987e-10
-1.46208294956e-11
7.38481317104e-11
-2.04968851394e-10
-4.87555683e-10
-3.10047619512e-10
-7.10738119838e-10
-1.11505872073e-09
-1.19639226023e-09
-1.11185596605e-09
-1.02837384876e-09
-9.4323847007e-10
-1.1911966244e-09
-8.83480796948e-10
-5.71604383443e-10
-1.00240652998e-09
-1.8651286944e-09
-2.73566678711e-09
8.36413215143e-10
5.17893160678e-10
2.03345086341e-10
-1.17432228566e-10
-4.34123390255e-10
-4.21196235339e-10
-8.53323000267e-10
-1.28552714487e-09
-1.71258554143e-09
-1.68800766281e-09
-1.8802694256e-09
-1.75447181141e-09
-1.63024290731e-09
-1.50355380144e-09
-1.37847849766e-09
-1.36837696098e-09
-8.91301937406e-10
-4.14141485412e-10
5.73379765068e-11
-4.08525930109e-09
8.50439433295e-12
7.62295299732e-12
6.75250333213e-12
5.86481547408e-12
1.01455235335e-11
1.14269847376e-11
1.27257724135e-11
1.19127870034e-11
1.57520725633e-11
1.96261405617e-11
1.64665254732e-11
1.60770382493e-11
1.41376300751e-11
1.32894918699e-11
1.12081602563e-11
1.20666014833e-11
1.07397266489e-11
1.57869853198e-11
2.05608987193e-11
2.32762445112e-11
2.50883761321e-11
2.3544669415e-11
2.20202128905e-11
2.04655663658e-11
2.67038192835e-11
4.00006336024e-11
5.34772324344e-11
3.88614776706e-11
3.64064496545e-11
3.39291800366e-11
1.51172549635e-13
3.60161236524e-12
7.00902481667e-12
1.04839169115e-11
2.55888632955e-11
3.28200293017e-11
4.01489669716e-11
1.81631781871e-11
9.25599607114e-12
2.68118338995e-13
3.97770457257e-11
3.76467610992e-11
3.55430413565e-11
3.26165672307e-11
4.13697383763e-11
6.5308722597e-11
8.95713827386e-11
6.27303179758e-11
5.47003265068e-11
4.65975864287e-11
-8.81334884887e-12
3.01936784682e-13
9.30355380336e-12
3.13173808634e-11
4.68377950106e-11
5.76514628964e-11
6.86113409922e-11
2.68010911539e-11
6.04294436664e-12
-1.49032631815e-11
5.77825116791e-11
5.4933196067e-11
5.21194117341e-11
4.9249903838e-11
5.93473166191e-11
9.63315413645e-11
1.33815825047e-10
9.19888964145e-11
7.71250787773e-11
6.21266007157e-11
8.84565580629e-11
9.99473747427e-11
9.89002462691e-11
1.14206274572e-10
1.52707127541e-10
9.70929739004e-11
6.01843240221e-11
8.212567108e-11
1.14727342901e-10
1.19320849852e-10
8.33692264549e-11
7.94981299686e-11
7.56753064814e-11
7.17767766424e-11
6.79279073919e-11
1.40416599613e-10
1.96689506222e-10
2.52972489455e-10
3.08585377193e-10
8.41941473341e-11
-3.54177349348e-11
-9.49064880924e-12
1.61131236993e-11
4.2223947662e-11
6.80021644782e-11
1.31344749693e-10
1.53080321957e-10
1.74819786345e-10
1.96300424418e-10
-5.9928008339e-11
-6.95324394682e-12
-9.22189702282e-12
-1.14622597453e-11
-1.37469901162e-11
-1.1505475622e-11
-1.06727985709e-11
-9.82886300075e-12
3.13098134715e-12
1.30585382104e-11
2.30760348895e-11
1.09464296893e-11
1.20870303278e-11
1.41470603393e-11
1.40941490211e-11
1.5964632759e-11
1.89218760297e-11
2.31305235064e-11
2.83589736034e-11
3.74548605919e-11
5.47563402314e-11
-5.37393919166e-12
-2.97330484807e-13
4.71597235285e-12
9.82855753232e-12
1.18000837567e-11
3.65404184562e-11
6.16152640333e-11
4.79825281458e-11
6.39116043062e-11
7.998499172e-11
3.58017134181e-11
3.6118725619e-11
3.64317846429e-11
3.67510434186e-11
6.85555945614e-11
6.55994064605e-11
6.26032481213e-11
5.27164670801e-11
8.22292210751e-11
1.12009349178e-10
-3.97512640851e-12
7.60728559172e-12
1.90452636398e-11
2.58831003271e-11
3.24421506349e-11
7.83578392516e-11
1.24894347978e-10
8.77081838818e-11
1.0895289142e-10
1.3039006777e-10
6.92191524192e-11
7.32099949458e-11
7.71510712269e-11
1.04744135897e-10
1.33242048059e-10
1.23926813949e-10
1.1448562976e-10
9.7439670332e-11
1.38909334832e-10
1.80754698412e-10
-2.26045267434e-12
1.72968149759e-11
3.66102013464e-11
5.63060657537e-11
5.77453293888e-11
1.29617903453e-10
2.02462257329e-10
1.36404148978e-10
1.64164791752e-10
1.92176935186e-10
7.38236655312e-11
9.55577313733e-11
9.67639144525e-11
9.85410840265e-11
1.74851530377e-10
1.50826531393e-10
1.13537730167e-10
1.42083602754e-10
1.96074138691e-10
1.4546788873e-10
1.76188947914e-13
3.10661462059e-11
6.15709022979e-11
9.267976784e-11
1.23392359752e-10
2.0246115258e-10
3.12690339038e-10
4.22939263913e-10
5.31875584097e-10
2.79979325724e-10
1.68393487519e-10
1.83287310367e-10
1.97995405605e-10
2.12994776711e-10
2.27803081537e-10
2.97027507142e-10
2.68459149462e-10
2.3988567613e-10
2.11652393646e-10
3.84773154205e-10
-2.17222241887e-11
-2.53162869046e-11
-2.88655312628e-11
-3.24850640722e-11
-3.2191894398e-11
-3.1788007578e-11
-3.13786598564e-11
-5.2595833612e-12
1.04850043421e-11
2.63722319049e-11
6.53587984882e-12
9.17300231203e-12
1.21080060461e-11
2.07417540777e-11
2.88783917407e-11
3.65736298992e-11
3.94898016197e-11
5.12624477143e-11
5.98540701651e-11
8.36200570145e-11
-3.44791184562e-11
-2.30771380514e-11
-1.18173415969e-11
-3.34558621088e-13
-2.43967082566e-12
3.32343604283e-11
6.9390735662e-11
5.66972238721e-11
9.0191368281e-11
1.23988956651e-10
6.98639759818e-11
6.71871588737e-11
6.45437219695e-11
6.18479350248e-11
1.09608101655e-10
9.69184194197e-11
8.40571616264e-11
8.57303616814e-11
1.51951393296e-10
2.1877236178e-10
-4.57780819503e-11
-2.10938919244e-11
3.28248353569e-12
1.94496181962e-11
2.39122986242e-11
9.08256006625e-11
1.58643628835e-10
1.11573253136e-10
1.60788433484e-10
2.10449484283e-10
1.43775203518e-10
1.42869903592e-10
1.41975892856e-10
1.7489963279e-10
2.15796878427e-10
1.87249511279e-10
1.58316158859e-10
1.64931208258e-10
2.65856353521e-10
3.67695841467e-10
-5.96284242979e-11
-1.86628160267e-11
2.17919466015e-11
6.30478664111e-11
5.62147127885e-11
1.61421314498e-10
2.68050401112e-10
1.78840643846e-10
2.47326771475e-10
3.16433356864e-10
6.05977541468e-12
3.5515843281e-11
5.10680102607e-11
7.74391630634e-11
1.54216893162e-10
1.69830991809e-10
1.43867676639e-10
1.85897598979e-10
2.44389607405e-10
3.69746688973e-10
-7.93104897392e-11
-1.52081292248e-11
4.80948678003e-11
1.12651503393e-10
1.7638579809e-10
2.61741539422e-10
4.23523182769e-10
5.8533379588e-10
7.45217919729e-10
4.67042017901e-10
3.63124652981e-10
3.67476758886e-10
3.71774593551e-10
3.76157541584e-10
3.80484658371e-10
4.5532888067e-10
3.78697699033e-10
3.02052795277e-10
2.2632041253e-10
8.09662297312e-10
-3.60159675542e-11
-4.08927908219e-11
-4.57087995668e-11
-5.06201834849e-11
-5.22126647081e-11
-5.22237704888e-11
-5.22350264292e-11
-1.33801561204e-11
7.99428175632e-12
2.95623637522e-11
-2.48656307337e-11
-3.0361379852e-11
-3.57885963741e-11
-4.13232922932e-11
-1.59006153561e-11
-9.72756540919e-12
-3.47105044933e-12
-9.41217392908e-12
2.82979518403e-11
6.6349716727e-11
-6.26477500206e-11
-4.51239359982e-11
-2.7818645865e-11
-1.01706455893e-11
-1.62212179774e-11
3.00346848767e-11
7.69160078329e-11
6.51314977474e-11
1.15625500889e-10
1.66576960121e-10
1.02830181607e-10
9.72558707574e-11
9.17510721772e-11
8.6137257782e-11
1.49339619423e-10
1.27229647843e-10
1.04820730187e-10
1.17681933774e-10
2.19430042484e-10
3.22099949607e-10
-8.6235900205e-11
-4.88715217258e-11
-1.19730811577e-11
2.56560879755e-11
1.56569205554e-11
1.02892173915e-10
1.91306923894e-10
1.34670391173e-10
2.10956009264e-10
2.87932745475e-10
2.15932186824e-10
2.10288292726e-10
2.04714778608e-10
1.99030887849e-10
2.95695255941e-10
2.48534608153e-10
2.00736307323e-10
2.30251000596e-10
3.88718465626e-10
5.48621584444e-10
-1.15150406883e-10
-5.34653364886e-11
7.45051429004e-12
6.95727291193e-11
5.47333484344e-11
1.92201354026e-10
3.31528046807e-10
2.19911615372e-10
3.27812761466e-10
4.36691450104e-10
-1.80821825925e-11
-2.38786966402e-11
-3.34704412362e-11
5.93013317267e-11
1.38475271896e-10
1.84128714577e-10
1.96498063368e-10
2.3686473726e-10
2.61983655231e-10
4.25209223951e-10
-1.56239442688e-10
-5.99933890463e-11
3.50524657157e-11
1.31980587587e-10
2.27674011309e-10
3.19114399447e-10
5.30789642526e-10
7.42502789668e-10
9.51695316582e-10
6.48085398787e-10
5.51589750692e-10
5.45739351471e-10
5.39961907372e-10
5.34070048046e-10
5.28253240911e-10
6.08536425845e-10
4.85388987853e-10
3.62219498211e-10
2.40516443276e-10
1.22087933944e-09
-5.0984592836e-11
-5.72047424484e-11
-6.33473261106e-11
-6.96115561427e-11
-7.31787196427e-11
-7.36244119817e-11
-7.40761304693e-11
-2.18841433263e-11
5.38595921172e-12
3.29031183047e-11
-3.66797330567e-11
-4.3032975454e-11
-4.93069922195e-11
-5.57052582269e-11
-2.17840406027e-11
-1.46068218911e-11
-7.33256093021e-12
-1.54045748708e-11
3.34805496808e-11
8.28085545055e-11
-9.21463690879e-11
-6.82116778646e-11
-4.45754548746e-11
-2.04711453464e-11
-3.06534636001e-11
2.66839360119e-11
8.47965872157e-11
7.39639975296e-11
1.42260511092e-10
2.11175764586e-10
1.37352893143e-10
1.28744282812e-10
1.20243022799e-10
1.11573405711e-10
1.9094706865e-10
1.58972026904e-10
1.26564654739e-10
1.51142105653e-10
2.90094709422e-10
4.30306169903e-10
-1.2860394234e-10
-7.79606778047e-11
-2.79489403512e-11
2.30532185017e-11
7.01176318061e-12
1.15528472806e-10
2.2551242288e-10
1.58858065145e-10
2.63492257044e-10
3.69074394149e-10
2.91496076348e-10
2.80889854419e-10
2.70415893244e-10
2.59734508056e-10
3.79366051131e-10
3.1271329298e-10
2.45159331474e-10
2.98654879831e-10
5.17381536622e-10
7.38089772111e-10
-1.73293870842e-10
-8.99110648281e-11
-7.56805158065e-12
7.64056645091e-11
5.31820411698e-11
2.24434679199e-10
3.98002802081e-10
2.62921760931e-10
4.12098913371e-10
5.62627552969e-10
1.07889589757e-10
1.38844514433e-10
1.64402822737e-10
2.20351835446e-10
2.97666720917e-10
2.63584902969e-10
8.33263997537e-11
2.99547178979e-10
5.27548990681e-10
6.34038386228e-10
-2.36800611345e-10
-1.06893193756e-10
2.13942640407e-11
1.52222298309e-10
2.81383807644e-10
3.79196130389e-10
6.43120709366e-10
9.07092548541e-10
1.16792158451e-09
8.3767677866e-10
7.48953265215e-10
7.32418647574e-10
7.16090218434e-10
6.99438424692e-10
6.82998746262e-10
7.68977695528e-10
5.97117726947e-10
4.25226983908e-10
2.55382742419e-10
1.65151207544e-09
-6.59386185554e-11
-7.35007843068e-11
-8.09686490193e-11
-8.85844056746e-11
-9.41243254566e-11
-9.50041804823e-11
-9.58959319145e-11
-3.03798362173e-11
2.78018067948e-12
3.62406144715e-11
-4.84823125631e-11
-5.56922118882e-11
-6.28122029753e-11
-7.0073196793e-11
-2.76617274843e-11
-1.94813194184e-11
-1.11903051091e-11
-2.13911311588e-11
3.86580927043e-11
9.92513392515e-11
-1.21616216847e-10
-9.12769012351e-11
-6.13159202271e-11
-3.07615985705e-11
-4.50716328151e-11
2.33364552807e-11
9.26694803209e-11
8.27878825841e-11
1.68869542992e-10
2.55731069864e-10
1.71841933151e-10
1.60201982825e-10
1.48707183961e-10
1.36984744639e-10
2.32513936292e-10
1.90683446218e-10
1.48287371479e-10
1.84569642347e-10
3.60690453985e-10
5.38406851885e-10
-1.70930661049e-10
-1.07021461943e-10
-4.39092175826e-11
2.04528877217e-11
-1.6249621898e-12
1.28152446957e-10
2.59684559729e-10
1.83022147808e-10
3.15977263897e-10
4.50136901784e-10
3.66986265068e-10
3.51422555285e-10
3.36052926675e-10
3.20378921336e-10
4.62955238493e-10
3.76829381497e-10
2.89539027886e-10
3.66992041737e-10
6.45919116833e-10
9.27373163074e-10
-2.31380624908e-10
-1.26321246037e-10
-2.25719691797e-11
8.32319354346e-11
5.16322469638e-11
2.56636565785e-10
4.64412721585e-10
3.05889956793e-10
4.96302857265e-10
6.88440824782e-10
9.57690032807e-11
-5.45212703001e-12
7.98697566021e-12
1.58195778375e-10
3.15297154461e-10
2.94683161135e-10
3.21958433424e-10
6.13472999249e-10
1.01164611623e-09
1.5454244522e-09
-3.1728320513e-10
-1.53747255012e-10
7.74938381393e-12
1.72444266395e-10
3.35041218439e-10
4.39219260962e-10
7.55342214748e-10
1.07152177574e-09
1.3839369574e-09
1.02708324167e-09
9.46124282373e-10
9.18915867102e-10
8.92046743764e-10
8.64645510244e-10
8.37593321476e-10
9.29262479742e-10
7.0873749206e-10
4.88173015617e-10
2.70234541802e-10
2.08172479628e-09
-8.0877146068e-11
-8.97799371061e-11
-9.85717093602e-11
-1.0753759193e-10
-1.15048223448e-10
-1.16361791199e-10
-1.1769311953e-10
-3.88667242548e-11
1.77102750768e-13
3.95746516897e-11
-6.02726599909e-11
-6.83383284129e-11
-7.63034170622e-11
-8.44262445673e-11
-3.35333227884e-11
-2.43507650638e-11
-1.50440511595e-11
-2.73714830381e-11
4.38302697727e-11
1.15677082855e-10
-1.51055522343e-10
-1.14318220032e-10
-7.80390359242e-11
-4.1041386869e-11
-5.94748591798e-11
1.9992443846e-11
1.00534214036e-10
9.160262265e-11
1.95450997549e-10
3.00240198458e-10
2.06295229053e-10
1.91627080384e-10
1.77141845143e-10
1.62369747503e-10
2.74037724436e-10
2.22362000126e-10
1.69987575007e-10
2.17962535067e-10
4.31213033804e-10
6.46395499372e-10
-2.13213512758e-10
-1.36052127767e-10
-5.98529537379e-11
1.78552518992e-11
-1.02527365421e-11
1.40763337743e-10
2.93821280909e-10
2.07161187051e-10
3.684078758e-10
5.31115397024e-10
4.42398216491e-10
4.21882156747e-10
4.01621934524e-10
3.80960483337e-10
5.46457794835e-10
4.40879020723e-10
3.33872729611e-10
4.35258379674e-10
7.74323481946e-10
1.11646038257e-09
-2.89407178428e-10
-1.62693692087e-10
-3.75603368645e-11
9.00511316795e-11
5.00840589494e-11
2.88805078649e-10
5.30753814495e-10
3.48813620834e-10
5.80419533009e-10
8.14123704944e-10
-2.22131007271e-11
-2.39411116089e-10
-2.92902677492e-10
-4.90858240848e-10
-4.30873934707e-10
-4.33614807968e-10
-3.92202545264e-10
2.36931985246e-10
6.59556028141e-10
1.03445284959e-09
-3.97682387538e-10
-2.00552757174e-10
-5.88135499171e-12
1.9264527663e-10
3.88643019216e-10
4.99180184147e-10
8.67447414853e-10
1.23578059009e-09
1.59972845405e-09
1.21629340567e-09
1.14309095341e-09
1.10521980273e-09
1.06782090946e-09
1.02968137678e-09
9.92027676377e-10
1.08938114637e-09
8.20241575534e-10
5.51053810671e-10
2.85070948925e-10
2.51149164884e-09
