-0.0203308653052
-0.0210887299114
-0.0218371438626
-0.0226003792383
-0.0183987312925
-0.0156340538956
-0.0128319956519
-0.00848390305714
-0.00439847613702
-0.000276036833138
-0.0210591227853
-0.0212315549468
-0.0214018368603
-0.0215754909992
-0.016870108413
-0.0137402650594
-0.0105681034971
-0.00679360097341
-0.00333917677376
0.000146543169693
-0.0217298724967
-0.0222860662823
-0.0228353242703
-0.0233954596421
-0.0192134367079
-0.0163172468217
-0.0133818979253
-0.00883177413193
-0.00455911779531
-0.000247752849009
-0.0232713773034
-0.0232542552069
-0.0232373466248
-0.0232201031888
-0.0183108081728
-0.014921588454
-0.011486543532
-0.00739268517832
-0.00363941680207
0.000147854730337
-0.0229689931519
-0.0233465642108
-0.0237194269171
-0.024099673714
-0.019935032933
-0.0169223605563
-0.0138689542245
-0.00913988851246
-0.00470140040694
-0.000222701320208
-0.0252308027337
-0.0250457897229
-0.0248630838447
-0.0246767596996
-0.0195868565315
-0.0159679034606
-0.0123000189915
-0.00792330261696
-0.00390534368429
0.000149016398335
-0.0244879152455
-0.0246465294135
-0.0248031656454
-0.0249629038667
-0.0208195702411
-0.017664112876
-0.0144659909785
-0.00951757710794
-0.00487581135022
-0.000191992994582
-0.0276326790676
-0.0272418642909
-0.0268559230175
-0.0264623386484
-0.0211510448421
-0.0172504831461
-0.013297182458
-0.00857373689657
-0.00423131857217
0.000150440378463
-0.0266463834837
-0.0264938483858
-0.0263432154173
-0.0261895993468
-0.0260379400817
-0.018718181962
-0.0153144116288
-0.0119100317926
-0.00854618391565
-0.000148354847639
-0.0310458717527
-0.030362601835
-0.0296878523684
-0.0289997403124
-0.0283203936246
-0.0190730963834
-0.0147142042261
-0.0103545315348
-0.00604676435494
0.00015246392917
0.00213892432525
0.00208508140174
0.00203190990541
0.00197768541251
0.0017024895282
0.00144342414196
0.00118085596601
0.000772761002754
0.000394447019571
1.27056583921e-05
0.00238882514899
0.00229361592386
0.00219959396823
0.00210371002258
0.00171483111596
0.00139259438558
0.0010660007339
0.000682013700154
0.000335887113509
-1.33752457999e-05
0.0021842660199
0.00212895189402
0.00207432754139
0.00201862142014
0.00173531647657
0.00147137104315
0.00120385683753
0.000788400990683
0.000403513940434
1.51399627498e-05
0.00245687069755
0.00235706194304
0.00225849781467
0.00215798174409
0.00176279160932
0.00143291126789
0.00109857065688
0.00070322161572
0.000346583433648
-1.32857520673e-05
0.00222442580658
0.00216780861576
0.00211189744754
0.0020548790269
0.00176439177369
0.00149612401277
0.00122422903801
0.000802253551419
0.000411544641769
1.72960608951e-05
0.002517139612
0.0024132569886
0.00231066979295
0.00220605098314
0.00180527090344
0.00146862050651
0.00112741830295
0.000722005769507
0.000356057317199
-1.32064861899e-05
0.0022736539322
0.00221543943596
0.00215795088089
0.00209932383518
0.00180003246049
0.00152646636263
0.0012492014128
0.000819234109742
0.000421388727277
1.9939019912e-05
0.00259101763615
0.002482141238
0.00237462254051
0.00226497456649
0.00185734229623
0.00151239312159
0.00116277993361
0.000745031506407
0.000367670464778
-1.31093215659e-05
0.00234360968966
0.00228312533834
0.00222339523355
0.00216248224696
0.00210234518741
0.00156958443874
0.00128468847171
0.000999741489197
0.000718187036328
2.3694803778e-05
0.0026960021968
0.00258002938188
0.00246550276073
0.00234870807968
0.00223340116269
0.00157459631144
0.00121303067192
0.000851400287907
0.000494075412895
-1.29712455213e-05
0.00462128933922
0.00464522368123
0.00466885955936
0.0046929635172
0.00392318532127
0.00333006993191
0.0027289351058
0.00179539714605
0.000923948405844
4.46046779562e-05
0.00497925285476
0.00489257488509
0.00480697779924
0.00471968556761
0.0037680147208
0.00306440713797
0.00235128616768
0.00150788722317
0.000741892250535
-3.10423395395e-05
0.00482619644155
0.00482621733056
0.00482623795909
0.00482625899614
0.00404964397348
0.00343658048039
0.00281522783481
0.00185119626137
0.000951763995314
4.41832216795e-05
0.00529921607589
0.00518648930753
0.00507516825436
0.00496164262366
0.0039804359497
0.00323968554563
0.0024889195508
0.00159762232496
0.000786939471401
-3.10878544649e-05
0.00500768558932
0.0049865259914
0.00496563025599
0.00494432070606
0.00416165020829
0.00353091839476
0.00289165853765
0.00190061833494
0.000976400660272
4.38099318344e-05
0.00558261207175
0.00544681351025
0.00531270837176
0.00517594744473
0.00416858046673
0.00339493213528
0.00261082340443
0.00167710198654
0.000826838438455
-3.11281676846e-05
0.00523015615756
0.0051830333821
0.00513649823284
0.00508904151177
0.00429894817354
0.00364655841882
0.00298534778629
0.00196120023158
0.00100660044313
4.3352350734e-05
0.00593000071184
0.00576592059747
0.00560388658018
0.00543864367701
0.00439920922954
0.00358523440646
0.00276025393468
0.00177452866848
0.000875746849681
-3.11775838894e-05
0.005546298544
0.00546228072678
0.00537931062099
0.00529469739356
0.00521116199363
0.00381088897933
0.00311848513962
0.0024259573132
0.00174167460367
4.27021039071e-05
0.00642365825302
0.00621938856351
0.00601766613951
0.0058119488492
0.00560885204458
0.00385566394971
0.00297260258294
0.00208938308896
0.00121667905399
-3.12478069172e-05
0.00699306173944
0.00709130826789
0.00718832965131
0.00728727242478
0.00604494620722
0.00513266318005
0.00420804529162
0.00277247350931
0.00142985981161
7.50825544048e-05
0.00745427361228
0.00737574681946
0.0072981992644
0.00721911597468
0.00572972630598
0.00466173844184
0.0035793104514
0.00229696699869
0.00112980932676
-4.79223411056e-05
0.00735042540147
0.00740331605796
0.00745554716214
0.00750881263958
0.00626086514818
0.0053142372624
0.00435481014296
0.00286664261029
0.00147558879194
7.19325653716e-05
0.0080149312436
0.00788986197583
0.00776635233558
0.00764039673771
0.00609928132918
0.00496596566208
0.00381732657988
0.00245217631076
0.00120767707072
-4.80968498765e-05
0.00766694750212
0.00767966581488
0.00769222552888
0.00770503397268
0.00645210763875
0.00547506002105
0.00448480186842
0.00295004952829
0.00151609160308
6.91425750851e-05
0.00851151371707
0.00834522111432
0.00818100219863
0.00801353112782
0.00642660149259
0.00523542405715
0.00402814086509
0.00258964741574
0.00127664564394
-4.82514147879e-05
0.00805494233518
0.00801841712982
0.00798234739778
0.00794556334875
0.00668653391751
0.00567219759618
0.00464414656415
0.00305229026649
0.00156574021029
6.57225869919e-05
0.00912022771679
0.00890340328409
0.00868928267592
0.00847092167053
0.00682783266063
0.00556572789627
0.00428655837601
0.00275816038314
0.00136118776596
-4.84408814534e-05
0.00860630341374
0.00849980057736
0.00839462584307
0.00828736825157
0.00818147693797
0.00595234046609
0.00487058376335
0.00378863335362
0.00271956445893
6.08626039122e-05
0.00998524234799
0.00969660952534
0.00941157598575
0.00912089770492
0.0088339221672
0.00603510703606
0.00465378325994
0.00327221213422
0.00190708975613
-4.87101235571e-05
0.00928851514617
0.00945868264035
0.00962672812714
0.00979810154964
0.00809843298084
0.00687725250573
0.00563956060678
0.00371810946767
0.00191949197857
0.000104579712445
0.00984965304625
0.00977901514138
0.00970925809895
0.00963811960346
0.00762831385207
0.00620767075086
0.00476781931733
0.00306065573152
0.00150524399076
-6.42591772611e-05
0.00979342961422
0.00989748879255
0.0100002503415
0.0101050469574
0.00840093355357
0.00713147472436
0.0058448517059
0.00384941388326
0.0019825579319
9.87889894984e-05
0.0106432600128
0.0105062454031
0.0103709393806
0.0102329537876
0.00814994641163
0.00663669746328
0.00510298807088
0.00327923242195
0.00161487615762
-6.4558529108e-05
0.0102406395716
0.0102861456702
0.0103310843027
0.01037691289
0.00866886263228
0.00735664297515
0.00602668096512
0.00396571207992
0.0020384163477
9.36600634603e-05
0.0113461690403
0.0111503636348
0.0109569999444
0.0107598069221
0.00861196382153
0.00701669255142
0.00539985182403
0.00347282891919
0.00171197893398
-6.48236693152e-05
0.0107888324227
0.0107625637783
0.0107366227069
0.0107101679042
0.00899729182553
0.00763265566966
0.00624956844416
0.00410827115971
0.00210688795417
8.7372992833e-05
0.0122077994611
0.0119399279189
0.0116753967644
0.0114056268934
0.00917830774334
0.00748249298205
0.00576374932789
0.00371014075451
0.00183100814372
-6.51486798919e-05
0.0115678433162
0.0114395789846
0.0113129141233
0.011183740819
0.0110562129613
0.00802488423554
0.00656630328281
0.00510746114627
0.00366598773269
7.84387345732e-05
0.013432221638
0.0130619403227
0.0126962764561
0.0123233710632
0.0119552158458
0.00814441990978
0.00628086683338
0.004416980056
0.00257528439323
-6.56105370271e-05
0.0116923488389
0.0119378330614
0.0121802560686
0.0124274799676
0.0102488755381
0.00870421296101
0.00713866520028
0.00470839381457
0.00243224222501
0.000135469584627
0.0123581307933
0.0122957542518
0.0122341555526
0.0121713369664
0.00961654358415
0.00782659455919
0.00601244386411
0.00386040217871
0.00189840487657
-8.13673603624e-05
0.0123517807534
0.0125094243854
0.012665102184
0.0128238629914
0.0106420457114
0.00903451341202
0.00740524587554
0.00487858689599
0.00251346371994
0.000126913444995
0.0133956858439
0.0132461618906
0.0130985025174
0.0129479189306
0.010297434051
0.00838631319646
0.00644935232313
0.00414533815078
0.00204130122983
-8.17974497758e-05
0.0129358490205
0.0130156909867
0.0130945373148
0.0131749450982
0.0109902821507
0.00932706524006
0.00764136018791
0.00502932933954
0.00258540275831
0.000119335149892
0.0143146631744
0.0140879515135
0.013864066972
0.0136357486704
0.0109005084645
0.00888206398948
0.00683632838683
0.00439771001176
0.00216786657129
-8.21783861134e-05
0.0136518036706
0.0136362758528
0.0136209416687
0.0136053038097
0.0114171526246
0.0096856771583
0.00793079063533
0.00521411039937
0.00267358609567
0.000110045626862
0.0154411515151
0.0151198226642
0.0148025008195
0.014478894803
0.0116397609713
0.00948975850995
0.00731068614234
0.00470706906715
0.00232301118341
-8.26453403337e-05
0.0146692129101
0.0145181596099
0.014368989961
0.0142168661893
0.0140666802138
0.0101952835684
0.00834208653431
0.00648855765364
0.00465709656826
9.68447257149e-05
0.017041950736
0.0165861658783
0.016136064708
0.0156770498336
0.0152238820219
0.0103533244075
0.00798477347911
0.00561579842131
0.00327502797211
-8.33089068572e-05
0.0140938379663
0.0144145654574
0.0147312934414
0.0150542938364
0.0123972206736
0.0105293915009
0.00863630765076
0.00569771229335
0.00294449236345
0.000166329328551
0.0148641619111
0.0148100386752
0.0147565903621
0.0147020835703
0.0116028341078
0.00944393935952
0.00725585447351
0.00465936859781
0.00229118229517
-9.8458857096e-05
0.0149076366195
0.015118812442
0.0153273548787
0.0155400272438
0.0128809720135
0.0109356959819
0.00896411812372
0.00590675611077
0.00304385169208
0.000155010469466
0.0161454271124
0.0159834060164
0.0158234053412
0.0156602360481
0.0124428271507
0.010134222452
0.00779440340676
0.00501059912838
0.00246731039081
-9.90195565618e-05
0.0156284297125
0.015742574057
0.0158552950089
0.0159702482617
0.0133094374859
0.011295565665
0.00925446454263
0.00609190920619
0.00313185566888
0.000144985194276
0.017280262005
0.0170226742328
0.0167682986085
0.0165088853855
0.0131868209886
0.0107456160483
0.0082714038905
0.00532168902689
0.00262330956123
-9.95161760886e-05
0.016511982536
0.0165071850689
0.0165024474266
0.0164976159612
0.0138346532264
0.0117366962443
0.00961037305613
0.0063188710651
0.00323973151139
0.000132696147268
0.0186713499378
0.0182966159174
0.0179265548716
0.0175491652185
0.0140988134351
0.011495066263
0.00885611416088
0.00570302503151
0.00281453435078
-0.000100124935509
0.0177675576011
0.0175937375594
0.0174220850728
0.0172470332183
0.0170742112244
0.0123635660148
0.0101161377858
0.00786830711649
0.00564723873154
0.000115232764679
0.0206481591055
0.0201069541009
0.0195724979823
0.0190274576127
0.0184893601233
0.0125600744629
0.00968701822932
0.00681344752604
0.00397408906011
-0.000100990014684
0.0164928382137
0.016888730992
0.0172796869438
0.0176783853009
0.0145433392851
0.0123526784436
0.0101323979592
0.00668600545208
0.00345621161083
0.000197157089737
0.0173675958026
0.0173217173187
0.0172764109446
0.0172302073331
0.0135870660593
0.0110596079594
0.00849797642426
0.00545750697589
0.00268355264308
-0.000115532640369
0.0174608436215
0.0177254961542
0.0179868484406
0.01825337649
0.015117577914
0.0128349081846
0.0105213747719
0.00693385974097
0.00357368997529
0.000183078374454
0.0188923185758
0.0187178132889
0.0185454841023
0.0183697421464
0.0145859967858
0.0118803201915
0.00913806049254
0.00587496335792
0.00289287804004
-0.000116223814524
0.0183182198399
0.0184666310121
0.0186131914806
0.0187626544003
0.0156261892711
0.0132620259552
0.0108658970917
0.00715338782541
0.00367774224096
0.000170608655203
0.0202427873177
0.019954355434
0.0196695203276
0.0193790444097
0.0154707640006
0.0126072367398
0.00970499209587
0.00624471043915
0.00307828053448
-0.000116835997347
0.0193691971399
0.0193751189025
0.01938096682
0.0193869305484
0.016249648354
0.013785589674
0.011288214774
0.00742248676763
0.00380529017952
0.000155323192896
0.0218982006143
0.0214701167731
0.0210473711844
0.0206162536356
0.0165553173608
0.0134982957346
0.0103999405129
0.00669794879679
0.00330554810831
-0.000117586415001
0.0208626911978
0.0206661280099
0.0204720159865
0.0202740598116
0.0200786252591
0.0145296012744
0.0118883504279
0.00924662662043
0.00663635472112
0.000133601746459
0.0242506300358
0.0236240934128
0.0230053697705
0.0223743930618
0.021751453915
0.014764537464
0.0113874987896
0.00800985539889
0.00467242564801
-0.000118652797983
-0.0171825262621
-0.0178022402369
-0.0184142263103
-0.0190383320207
-0.0155805615844
-0.0132664793141
-0.0109211086356
-0.00721938196157
-0.00373904669555
-0.000227180941526
-0.0178912764757
-0.0180351764632
-0.018177282002
-0.0183222017675
-0.014388578222
-0.011741398979
-0.0090584275666
-0.00582077360679
-0.00286298739049
0.000121595222053
-0.0183150625734
-0.0187707321294
-0.0192207194359
-0.0196796181916
-0.0162361401728
-0.0138176625649
-0.0113664850328
-0.00750407477339
-0.00387404596233
-0.000211130497788
-0.0196570587946
-0.0196444301731
-0.0196319590318
-0.0196192409147
-0.0155302369093
-0.0126794201969
-0.00979005795913
-0.00629687018377
-0.00310177024641
0.000122276057472
-0.0193181661634
-0.0196285392341
-0.0199350419185
-0.0202476145143
-0.016816795494
-0.0143058534442
-0.0117609612704
-0.00775623126385
-0.00399361674147
-0.000196914390478
-0.02122103742
-0.0210697691732
-0.0209203872581
-0.0207680470166
-0.016541420318
-0.0135102389899
-0.0104380734496
-0.00671855572338
-0.00331326363309
0.00012287908313
-0.0205477770157
-0.0206800447174
-0.0208106630263
-0.0209438680713
-0.017528566533
-0.0149042809736
-0.0122445127874
-0.00806532631667
-0.00414018737397
-0.000179488194419
-0.0231381725091
-0.0228169589153
-0.0224997508905
-0.0221762609479
-0.0177809354641
-0.0145286620264
-0.0112324150187
-0.00723546057839
-0.00357251359095
0.000123618275871
-0.0222951187531
-0.0221742893515
-0.0220549667057
-0.0219332810207
-0.0218131454027
-0.0157546779891
-0.0129316649431
-0.0101081463884
-0.00731824415887
-0.000154724652652
-0.0258625223725
-0.0252998074963
-0.0247441097364
-0.0241774070608
-0.0236179232061
-0.0159758947626
-0.0123612161957
-0.00874589035894
-0.00517360796827
0.000124668707661
0.00178968054633
0.00174558547638
0.00170204027681
0.00165763271772
0.00142968953162
0.00121465625044
0.00099671553197
0.000652841592141
0.000333471270715
1.12075780147e-05
0.00199762930391
0.00191888916675
0.00184113092776
0.00176183278178
0.00143989492362
0.00117134921251
0.000899172529442
0.000574735632883
0.000282669929851
-1.20417752011e-05
0.00182793025654
0.00178248095601
0.00173759841325
0.00169182702653
0.00145741294025
0.00123826212389
0.00101614819759
0.000666059790662
0.000341034358852
1.30643226582e-05
0.0020538418448
0.00197131519424
0.00188981766009
0.00180670616678
0.00147955601415
0.00120476272697
0.000926253995153
0.000592463507092
0.000291654478396
-1.18797634611e-05
0.0018618085713
0.00181515980939
0.00176909276266
0.00162559049227
0.00148196795933
0.00125917018324
0.00103335998714
0.000677767337924
0.000347733094058
1.47088679139e-05
0.0021036300953
0.00201774967573
0.00193294019444
0.00175389897424
0.00151468440862
0.00123435755406
0.000950240436211
0.000608165338534
0.000299612221393
-1.17362673485e-05
0.0019033368281
0.00185521775869
0.00180769873937
0.00175923866388
0.00151206766013
0.00128479941728
0.00105445830981
0.00069211852489
0.000355944446892
1.67247620983e-05
0.00216466085398
0.00207466936272
0.00198580007526
0.00189517084006
0.0015577450212
0.00127063508404
0.000979643170412
0.000627412744818
0.000309366874098
-1.1560368888e-05
0.00196235066672
0.00191214221296
0.00186255986416
0.00181199559747
0.00176207543287
0.00132121990776
0.00108444013676
0.000847617966306
0.00061361535978
1.9589453834e-05
0.00225138877421
0.0021555552337
0.00206091674799
0.00196440406262
0.00186912078345
0.00132218736349
0.00102142600322
0.000720610786504
0.000423377023892
-1.13104079177e-05
0.00388564776247
0.00390514457542
0.00392439826096
0.00394403324224
0.00330890838251
0.00281446937192
0.00231334511519
0.00152253074604
0.000783385412526
3.75437088985e-05
0.00419486945104
0.00412332789185
0.00405267846377
0.00398062991003
0.00318855606409
0.00259789369165
0.00199924504939
0.00128128378684
0.000630188522877
-2.68054117109e-05
0.00405324084022
0.00405311089634
0.00405298257287
0.00405285170811
0.00341212003556
0.00290157545771
0.00238412787241
0.00156866086236
0.000806698172019
3.78323951566e-05
0.00445236809073
0.00435932909794
0.00426745031162
0.00417375197812
0.00335872424592
0.00273862710686
0.00211014571428
0.00135356724705
0.000666545340881
-2.67007173633e-05
0.00420168042337
0.00418416678058
0.00416687153484
0.0039060117752
0.00350353607112
0.00297872656226
0.00244682117166
0.00160951896539
0.000827346616141
3.80880886994e-05
0.00468043831446
0.00456835873761
0.00445767680542
0.00405713605553
0.00350944463554
0.00286327670318
0.00220837201747
0.00141758974038
0.00069874709397
-2.66079880841e-05
0.00438363862207
0.004344815929
0.00430647735918
0.0042673795408
0.00361559443729
0.00307329888397
0.00252367102236
0.00165960309168
0.000852657612162
3.84015194938e-05
0.00496000826612
0.00482458861851
0.0046908576688
0.0045544783409
0.00369419866152
0.00301607298255
0.00232877845364
0.00149606892575
0.00073822021066
-2.64943199353e-05
0.00464221079917
0.00457310682413
0.00450486458326
0.00443527088813
0.0043665636974
0.00320769113062
0.00263287870493
0.00205796334928
0.00148989283672
3.8846921149e-05
0.00535729188165
0.00518870476504
0.00502221994832
0.00485243810308
0.00468481898756
0.00323320453743
0.00249988233662
0.00176642882195
0.00104170767837
-2.63327915134e-05
0.00588823689301
0.00596849248715
0.00604774728521
0.00612857162777
0.00510440557146
0.00434300872279
0.00357131712544
0.00235347410866
0.00121325528984
6.27065306461e-05
0.0062942196708
0.00622955598351
0.00616569865951
0.00610057671917
0.00485931205967
0.00396088374521
0.00305030789727
0.00195635429482
0.000962224707267
-4.09113088709e-05
0.00617941092181
0.00622258129786
0.00626521333457
0.00630868964672
0.00527974236873
0.00449078600324
0.0036911622604
0.00243104987373
0.0012516160522
6.14970175742e-05
0.00674403684987
0.00664095385346
0.00653915631336
0.00643534279727
0.00515417307089
0.00420415581897
0.0032412935062
0.0020807628182
0.00102473432426
-4.08613783509e-05
0.00643730791874
0.00644763138734
0.00645782612115
0.00608483730218
0.00543504067489
0.00462167445165
0.00379731080851
0.00249975983707
0.00128559272743
6.04257345676e-05
0.00714244635133
0.007005334824
0.00686993309249
0.00625776090717
0.00541533568082
0.00441962537001
0.00341045218839
0.00219095322462
0.00108009998503
-4.0817154176e-05
0.00675343972144
0.00672349923897
0.00669393211761
0.00666377945551
0.0056254063405
0.00478211835615
0.00392742838362
0.00258398495343
0.00132724155513
5.91125489466e-05
0.00763081928861
0.00745199536852
0.00727540140239
0.00709531020838
0.005735470493
0.00468374933581
0.00361780799237
0.00232602533572
0.0011479675692
-4.07629438972e-05
0.00720267965159
0.00711552197549
0.0070294511652
0.0069416758276
0.00685501859737
0.00501011758885
0.00411233230614
0.00321438625965
0.00232713100398
5.72464430642e-05
0.00832482293631
0.00808672351074
0.0078515932112
0.00761180644316
0.00737507414758
0.00505908339247
0.00391247150329
0.00276565429369
0.00163249089207
-4.06859082377e-05
0.00782638662506
0.00796544590174
0.00810277109395
0.00824281584392
0.00684212717525
0.0058223626692
0.00478881005866
0.00315767934031
0.00162929279591
8.70596620418e-05
0.00832601690962
0.00826800977776
0.00821072600122
0.00815230778943
0.00647630639753
0.00528001544666
0.00406754959999
0.00260970235519
0.00128357661715
-5.45633058703e-05
0.00823716501179
0.00832224238823
0.00840625884044
0.00849193913589
0.00708726827077
0.00602885886403
0.00495613884009
0.00326568889469
0.00168221734585
8.44001587618e-05
0.0089619641939
0.00884916039025
0.00873776326245
0.00862416005055
0.00689184786696
0.00562252668565
0.0043360431762
0.00278455865923
0.00137139748725
-5.4566376985e-05
0.00860099729718
0.00863826213341
0.00867506227304
0.0087125911945
0.0073043932411
0.00621175549375
0.0051043443322
0.0033613545
0.00172909337579
8.20445987139e-05
0.00952523178854
0.00936389378989
0.00920456769383
0.00904208633896
0.00725989888273
0.00592589378303
0.00457385177228
0.00293943138567
0.00144918168649
-5.45690971152e-05
0.00904698525992
0.00902564117589
0.00900456325494
0.0089830679115
0.00757054643053
0.00643595136243
0.00528601558061
0.00347862201619
0.00178655431573
7.91571380099e-05
0.01021568884
0.00999485731202
0.00977677957745
0.00955438307961
0.00771105819239
0.00629776312822
0.00486535908361
0.00312927537291
0.00154453005975
-5.45724314683e-05
0.00968075762802
0.00957612718362
0.00947280149238
0.00936742956198
0.00926339988938
0.0067545454916
0.00554417998623
0.00433359774427
0.00313742848576
7.5053904378e-05
0.0111968646501
0.0108914896856
0.0105899227805
0.010282383711
0.00997876216226
0.0068262090398
0.00527960631549
0.00373272664557
0.0022042638583
-5.45771697596e-05
0.00985604647952
0.0100566858662
0.0102548232577
0.0104568845183
0.00866189564779
0.00737156460438
0.0060637871612
0.00399985528082
0.00206497359499
0.000112562631346
0.0104537458564
0.0104027095705
0.0103523097128
0.0103009117474
0.00816964744244
0.00666143021194
0.00513282057061
0.00329389837327
0.00162010122093
-6.88598846045e-05
0.0103920763676
0.0105210393917
0.0106483942327
0.0107782711809
0.0089801368653
0.00763955213874
0.00628084153883
0.00413973556189
0.00213314956463
0.000108384676284
0.0112846114155
0.0111616278348
0.0110401778729
0.0109163227428
0.00871156732174
0.00710786621294
0.00548248166811
0.00352158435991
0.00173442841996
-6.89184598366e-05
0.010866845697
0.0109323239428
0.0109969856678
0.0110629279392
0.00926200765795
0.00787691252631
0.00647308970188
0.00426362952512
0.00219353399487
0.000104684201801
0.0120205209108
0.0118338125832
0.011649432529
0.0114614010529
0.00919155350054
0.00750328095669
0.00579218149732
0.00372324909092
0.00183568965338
-6.89703407565e-05
0.011448821004
0.0114364791991
0.0114242912978
0.01141186203
0.00960752669411
0.00816787042076
0.00670874874044
0.00441549954457
0.00226755361904
0.000100148136305
0.0129226035179
0.0126577809844
0.0123962608171
0.0121295615622
0.00977992365521
0.00798798290063
0.00617181354602
0.00397045101927
0.00195981632662
-6.90339367228e-05
0.0122758385456
0.0121529103527
0.0120315150879
0.0119077157381
0.0117854933798
0.00858133690234
0.00704363263736
0.0055056530202
0.00398598432319
9.37021484951e-05
0.0142045103806
0.0138286834494
0.0134575431213
0.0130790528121
0.0127053838208
0.00867676987361
0.00671129066787
0.00474545950955
0.00280303319807
-6.9124309938e-05
0.0118837267169
0.0121458861519
0.0124047764298
0.0126687937136
0.0104798892196
0.00891925553439
0.00733752072218
0.00484120980988
0.00250022945532
0.000138040726477
0.012579399535
0.0125353272962
0.0124918046431
0.0124474200769
0.00986133689692
0.0080414976223
0.00619705253534
0.00397742706472
0.00195629759737
-8.3142519253e-05
0.012544885943
0.0127176918112
0.0128883427712
0.0130623732652
0.0108711592613
0.00924867443304
0.00760425219644
0.0050129297327
0.00258364196926
0.000132345800646
0.0136049932566
0.0134718398276
0.0133403468365
0.0132062497873
0.0105295119236
0.0085917570229
0.00662780198783
0.00425789120681
0.00209710527253
-8.32565444669e-05
0.0131304841146
0.0132241482523
0.0133166443879
0.0134109722966
0.0112177127269
0.00954044545756
0.00784050007364
0.00516502452149
0.00265752162447
0.000127301723482
0.0145133762672
0.0143013223555
0.0140919127793
0.0138783561022
0.0111213240902
0.00907912963486
0.00700932293147
0.0045063023041
0.00222182064196
-8.33575382277e-05
0.0138483141314
0.0138449658253
0.0138416592729
0.0138382872382
0.0116425202007
0.00989810026182
0.0081300942457
0.00535146329485
0.00274808378246
0.000121118661151
0.0156268780221
0.0153181073896
0.0150131871608
0.0147022283592
0.011846771262
0.00967655412694
0.00747699376561
0.00481080622981
0.00237469754642
-8.34813370314e-05
0.0148683883659
0.0147271802711
0.0145877330568
0.0144455242606
0.0143051269608
0.0104063465626
0.00854162280598
0.00667656513877
0.00483371252658
0.000112332204155
0.0172092226213
0.0167630124381
0.0163223665451
0.0158729941981
0.0154293460847
0.0105255257736
0.00814157863518
0.00575720461037
0.00340121853161
-8.36572616471e-05
0.0139093054863
0.0142329212107
0.0145525014114
0.0148784105077
0.0122959986406
0.0104653424526
0.00860993419808
0.00568169236728
0.00293503422071
0.000163492416358
0.0147028502068
0.0146657347976
0.0146290822216
0.0145917037861
0.0115512731009
0.00942013474422
0.00726018154041
0.00466024735367
0.00229214554316
-9.74103515179e-05
0.0146954643675
0.0149120676415
0.0151259698488
0.0153441081282
0.0127602218202
0.0108561290487
0.00892629128411
0.00588521893358
0.00303366748796
0.000156282091932
0.0159229702765
0.0157796575392
0.0156381319274
0.0154938035737
0.0123455724254
0.0100741099429
0.00777193530873
0.00499343495247
0.00245940625035
-9.75797692457e-05
0.0153917765194
0.0155135973374
0.0156338990363
0.0157565831636
0.0131713909221
0.0112022543195
0.0092064932746
0.00606548532086
0.0031210283818
0.000149895804583
0.0170036480526
0.0167662748246
0.0165318616669
0.0162928062428
0.0130490946843
0.0106533451188
0.00822520293209
0.00528854396854
0.00260755144814
-9.77298249475e-05
0.0162453204475
0.0162509563194
0.0162565219113
0.016262197723
0.0136754046599
0.0116265369095
0.00954996668229
0.00628645702141
0.00322811592909
0.000142067452349
0.0183283498426
0.0179756766584
0.0176274013476
0.0172722288694
0.0139114768081
0.0113633753344
0.00878082130912
0.00565029050438
0.00278914878736
-9.79137641949e-05
0.0174582512928
0.0172987822412
0.0171413017863
0.0169807026232
0.0168221492182
0.0122294648006
0.0100380604722
0.00784626373541
0.0056805621527
0.000130942951806
0.0202108208074
0.0196943003169
0.0191842208938
0.0186640399704
0.0181504852605
0.0123723656409
0.00957038426594
0.00676790114841
0.0039987839117
-9.81751515464e-05
-0.0140341872189
-0.0145157505624
-0.0149913087579
-0.015476284803
-0.0127623918762
-0.0108989047325
-0.00901022161925
-0.00595486086601
-0.00307961725408
-0.000178325049914
-0.0147234301661
-0.0148387979796
-0.0149527271437
-0.0150689125357
-0.011907048031
-0.00974253289866
-0.00754875163609
-0.00484794624017
-0.00238679800722
9.66472744129e-05
-0.0149002526501
-0.0152553979764
-0.0156061146014
-0.015963776741
-0.0132588436378
-0.011318078308
-0.00935107214036
-0.00617637541484
-0.00318897412934
-0.000174508146568
-0.0160427402859
-0.0160346051392
-0.0160265714388
-0.0160183786407
-0.0127496656458
-0.0104372519399
-0.00809357238623
-0.00520105518922
-0.00256412369076
9.66973846082e-05
-0.0156673391748
-0.0159105142574
-0.0161506569199
-0.0163955553147
-0.0136985580551
-0.0116893463321
-0.00965296831619
-0.00637257401524
-0.003285833076
-0.000171127460747
-0.0172112721062
-0.0170937486235
-0.0169776906716
-0.0168593343336
-0.0134959841045
-0.0110525745192
-0.00857612790779
-0.00551380882981
-0.00272118358189
9.6741767924e-05
-0.0166076387858
-0.0167135600212
-0.0168181604071
-0.016924832276
-0.0142375628248
-0.0121444490712
-0.0100230345963
-0.0066130755254
-0.00340456339772
-0.000166983394257
-0.0186436659505
-0.0183920535397
-0.0181435787634
-0.0178901832475
-0.0144108260862
-0.0118068409068
-0.00916764757937
-0.0058971842602
-0.00291370860973
9.6796173279e-05
-0.0179438540225
-0.0178547303171
-0.0177667179942
-0.0176769626946
-0.0175883507238
-0.0127911740163
-0.0105489182574
-0.00830626098432
-0.00609030440208
-0.000161094457666
-0.0206791729924
-0.0202370131575
-0.0198003671044
-0.0193550738093
-0.0189154527876
-0.0128786931418
-0.0100082281653
-0.00713724918307
-0.0043004515816
9.68734861517e-05
0.00136841855745
0.00140608955103
0.00137217064821
0.00128719448786
0.00115688953503
0.000985888358913
0.000775377982598
0.000532922181527
0.00027249552186
5.88929545768e-07
0.00150801003258
0.00154416240964
0.00148266788728
0.00134704884866
0.00116495873128
0.000950104039432
0.000712312763863
0.000467457565613
0.000229452746194
1.20945095942e-06
0.00147159449319
0.00143601001799
0.0014008692851
0.00130071830563
0.00117950940393
0.00100515320464
0.00082843955765
0.000543718590641
0.00027855477727
1.09886825666e-05
0.00165081299205
0.00158556844544
0.0015211375055
0.00138251123637
0.00119632041899
0.000976614186038
0.000753937333424
0.000481705398465
0.000236725523144
-1.04737748549e-05
0.00149919133602
0.00146251100301
0.00142628807778
0.00131269654423
0.00119954414496
0.00102221635372
0.000842490936261
0.000553281124428
0.000283921546347
1.83434366375e-06
0.00169012057861
0.00162224236286
0.00155521059593
0.00141392077976
0.00122409791381
0.0010000946016
0.000773062569474
0.000494324907562
0.000243167125586
1.33683606251e-06
0.00143671510412
0.00149499608142
0.00145744659784
0.00132737954638
0.00122410285977
0.00104313247194
0.00082029028828
0.000565002940038
0.000290500166506
2.55140027714e-06
0.00165202147871
0.00166719748744
0.00159697761
0.0014524228007
0.00125814774618
0.00102887704649
0.000773869003744
0.000509793983229
0.000251063283418
1.41017900066e-06
0.00158109164377
0.00154115908758
0.00150172449476
0.00146150894798
0.00142180567834
0.00107285537678
0.000884191801814
0.000695494443416
0.000509043683233
1.548410389e-05
0.00180677535163
0.00173108108553
0.00165633073526
0.00158010004557
0.00150484040421
0.00106977841554
0.000829821334525
0.000589821285102
0.000352678634888
-9.64957031418e-06
0.00288763155914
0.00316506546961
0.00317993696257
0.00299376957486
0.00269463144375
0.00229886881194
0.00181054631706
0.00124966434602
0.000642822419207
2.75637581427e-06
0.00307810337301
0.00335408089861
0.00329837912831
0.00301153767163
0.00260909740738
0.00213138024534
0.0016016329219
0.0010546803505
0.000518484795219
1.42565821365e-06
0.0032802852389
0.00328000446211
0.00327972718664
0.00308397108539
0.00277459609765
0.00236657043503
0.00195302791001
0.00128612546334
0.000661632348724
3.14815686336e-05
0.00360552010557
0.00353216888835
0.00345973236887
0.0031574344443
0.00273701254214
0.00223756866808
0.00173137187776
0.00110951216914
0.00054615121036
-2.23135802618e-05
0.00339567525742
0.00338180756976
0.00336811281368
0.00316386385186
0.00284542193395
0.00242653472977
0.00200198380568
0.00131841959583
0.00067829257201
1.78974839903e-06
0.00377826455716
0.00368990396497
0.00360264523909
0.00328665730009
0.00285030880435
0.00233162127108
0.00180592063052
0.00115807749422
0.000570655749486
1.41094955636e-06
0.00325594849547
0.0035065984759
0.00347645648553
0.00326179692044
0.00293224070104
0.00250003934913
0.00191746715029
0.00135800595178
0.000698714781199
1.23320534177e-06
0.0037124483503
0.00388325663954
0.00377782875741
0.00344505951041
0.00298918809351
0.00244691155863
0.00184435689947
0.00121760918303
0.000600693571639
1.40248093549e-06
0.00373812305434
0.00368393292147
0.00363041854553
0.0035758443827
0.00352196540118
0.0026044932819
0.00214727227024
0.00168996938536
0.00123811106977
3.4991738391e-05
0.00429092551027
0.00415802096656
0.00402677375714
0.00389292735697
0.00376078593055
0.00261074512515
0.00202716209029
0.00144347455494
0.000866736302754
-2.14177761097e-05
0.00478341204658
0.00484567670642
0.0049071649191
0.00496987083076
0.0041638649357
0.00355335426553
0.00293458895925
0.00193447470801
0.000996650768077
5.03305068874e-05
0.00521834462427
0.00586345733815
0.00593733633732
0.00544668447806
0.00471778868134
0.0038530960168
0.00291306272852
0.0019299751765
0.000957117616142
2.35950976832e-07
0.00500839644215
0.00504184653776
0.005074879507
0.00478777761741
0.00429861958928
0.00366733474409
0.00302751437785
0.00199545713717
0.00102764331246
5.10614697767e-05
0.00547314245614
0.0053920457311
0.00531196029114
0.00485328249782
0.00420906481259
0.00344234597586
0.00266526043252
0.00170934932563
0.000841791577803
-3.36259068253e-05
0.00520766833536
0.0052155969598
0.00522342671343
0.00493255923055
0.00441797371103
0.00376828888224
0.00310981974861
0.00204947014585
0.00105509385178
1.74713991178e-06
0.0057733789856
0.00566544853367
0.00555886398635
0.00507596095478
0.00440406986906
0.00360382668288
0.00279276351169
0.0017922590335
0.000883554326117
1.48176119694e-06
0.0054519371077
0.00542858134812
0.00540551683743
0.00538199556227
0.00456427876349
0.00389203911611
0.00321071020308
0.00211567964036
0.00108874289997
5.25025109013e-05
0.00756977658332
0.00855747660616
0.00865074216649
0.00795307280793
0.00692341451617
0.00569026719027
0.00431128665949
0.00286867368096
0.00143374056746
4.53740975786e-06
0.00579905588943
0.00573124337362
0.00566427648733
0.00559598340363
0.00552856025676
0.00406789471161
0.00335408084892
0.00264013916568
0.00193469754903
5.36302822162e-05
0.00666440352463
0.00647683749613
0.00629161043665
0.0061027151814
0.00591622612796
0.00408305974888
0.00317115974665
0.00225909645316
0.001357892028
-3.26616929183e-05
0.00636425810394
0.00647220916314
0.00657881406075
0.0066875301382
0.00558582136965
0.00476747283266
0.00393805951055
0.00259724921296
0.00133909361324
6.9539611639e-05
0.00680238077299
0.00675700441415
0.00671219390349
0.00666649597539
0.005324298943
0.00435236014246
0.00336727988264
0.00215874897885
0.00106190924354
-4.48674344795e-05
0.00668090040936
0.00674699598392
0.0068122673394
0.00687883131437
0.00577360298797
0.00492624300371
0.00406742597428
0.00268196390613
0.00138187675979
7.00113280253e-05
0.00728066837502
0.00719207537745
0.0071045871443
0.00701536631351
0.00563374932228
0.00460835590801
0.00356909828152
0.00228988489651
0.00112791881689
-4.4574224862e-05
0.00696135502273
0.00699037859661
0.00701904024334
0.00664434145388
0.00593992384992
0.00506686801235
0.00418200769929
0.00275699692008
0.00141977040389
7.04291339675e-05
0.00770429453683
0.00757742394494
0.0074521354433
0.00680768832013
0.00590783394393
0.00483509501465
0.00374785172053
0.00240603385215
0.001186384439
-4.43145249151e-05
0.00730513809718
0.00728871857346
0.00727250380302
0.00725596791883
0.00614380103553
0.0052392470552
0.00432246271705
0.00284897287266
0.00146622067729
7.09412831869e-05
0.0124931542612
0.0159903184068
0.0174121018647
0.0163065216325
0.014305089555
0.0118403831598
0.00906195889932
0.00611444686521
0.00311025463564
8.64086288288e-06
0.00779367193982
0.00771267538267
0.0076326888615
0.00755111830493
0.00747058681746
0.00548420674767
0.00452205668966
0.00355973434227
0.00260886923883
7.16690741828e-05
0.00896150766218
0.00872103904848
0.00848356910485
0.00824139635892
0.00800230847873
0.00550799816982
0.0042783457976
0.00304847323514
0.00183324332337
-4.35438024921e-05
0.00801974412015
0.00817553867107
0.0083293904468
0.0084862890691
0.00707491575749
0.00603891624775
0.00498890912213
0.00329131674706
0.00169770496498
8.96556780656e-05
0.00854936091943
0.00850966488928
0.008470463873
0.00843048652846
0.00672275130074
0.0054962658647
0.00425319727711
0.00272739456784
0.00134179756528
-5.63524088465e-05
0.00843237198173
0.00853265439798
0.00863168628146
0.00873267937048
0.00731822801917
0.00624459086545
0.00515643720213
0.00340088422778
0.00175283540931
8.9855907574e-05
0.00917353698718
0.00907709377908
0.0089818532284
0.0088847265549
0.00712570059249
0.00582941922943
0.00451561101308
0.00289783056903
0.00142755561008
-5.60394698973e-05
0.00879784237342
0.00884895689895
0.00889943402073
0.00895091078028
0.00753373316523
0.00642675981257
0.00530481921584
0.0034979297107
0.00180166523143
9.00332537101e-05
0.00972637864719
0.0095796736529
0.00943479808604
0.00928705343546
0.00748259853662
0.0061244979239
0.0047480346078
0.00304878817009
0.00150351273547
-5.57622953995e-05
0.00924583833742
0.00923668254531
0.00922764092694
0.00921842025036
0.00779790076362
0.00665006368322
0.00548670684556
0.00361688868976
0.00186152114242
9.02506457479e-05
0.0166000500664
0.0222739199267
0.0253097342511
0.0241258372563
0.02138314692
0.017896114
0.0138937249157
0.00955344477963
0.00497128704898
3.27252615483e-06
0.009882464181
0.0097876610954
0.00969404021471
0.00959856528678
0.0095043065458
0.00696739023625
0.00574517874041
0.00452274838675
0.00331487207812
9.05595712752e-05
0.0113670700253
0.0110712010204
0.0107790215345
0.0104810557907
0.0101868856197
0.00700021533976
0.00543780785663
0.00387512059779
0.00233103842403
-5.49397130189e-05
0.00967361546761
0.00987720684638
0.0100782594183
0.0102832935908
0.0085625577657
0.00730911956783
0.0060387337936
0.0039847073264
0.0020559665472
0.000109752124403
0.0102946371589
0.0102606159171
0.010227018924
0.0101927565835
0.00811983968603
0.00663905588508
0.00513825059716
0.00329548553162
0.00162141289957
-6.78261814099e-05
0.0101821352664
0.0103165711804
0.0104493306637
0.0105847192866
0.00886134650924
0.00756165288422
0.00624438626916
0.00411910335464
0.00212343224644
0.000109681131827
0.0110645594008
0.0109602736389
0.0108572883318
0.0107522635265
0.00861619669663
0.00704929159376
0.00546120056891
0.00350518328525
0.00172690015425
-6.74935323719e-05
0.0106325385168
0.0107057224477
0.0107779937669
0.0108516963314
0.00912598796781
0.00778532525016
0.00642653560465
0.0042381398368
0.00218318758006
0.000109618252688
0.0117464905295
0.0115799704782
0.0114155269502
0.0112478268189
0.00905582719173
0.00741264322145
0.00574724197245
0.00369091558131
0.00182033172269
-6.71989003669e-05
0.0111846457269
0.0111827465817
0.0111808711191
0.0111789585153
0.00945038717508
0.00805950427938
0.00664981543526
0.0043840555246
0.00225643605353
0.000109541175033
0.0226149307556
0.0246188911081
0.0242664844823
0.0221421265623
0.0191499419366
0.0158008565366
0.012186476991
0.00840062420462
0.00442858794838
1.13354248504e-05
0.0119692191307
0.0118606229828
0.0117533810408
0.011644015303
0.0115360426973
0.00844912711037
0.00696710782612
0.00548482316104
0.00402018632161
0.00010943164363
0.013770286137
0.0134190707753
0.0130722351079
0.0127185307835
0.012369332046
0.00849097708428
0.00659613904103
0.0047009616947
0.00282834800311
-6.632450861e-05
0.0113257727589
0.0115771114294
0.0118253158789
0.0120784357146
0.0100486579962
0.00857800646155
0.00708747043699
0.00467737928249
0.0024138568306
0.000129827742978
0.012038104611
0.0120097522764
0.0119817534985
0.011953200239
0.00951548014251
0.007780661529
0.00602238665656
0.00386298773146
0.00190073844324
-7.92880626671e-05
0.0119300851134
0.0120986391288
0.0122650912571
0.0124348397665
0.0104028657263
0.00887734991271
0.00733120779635
0.00483657812619
0.00249364500062
0.000129485809409
0.0129536219773
0.0128415017894
0.0127307797526
0.012617865001
0.0101051480651
0.00826789969425
0.00640581012491
0.00411190654701
0.00202593446065
-7.89357239676e-05
0.0124653331989
0.0125605636626
0.012654606592
0.0127505119268
0.010716592573
0.00914248268375
0.00754708945751
0.00497758281632
0.00256431452264
0.000129182953963
0.0137645087875
0.0135781942152
0.0133942030062
0.013206568076
0.010627425368
0.00869945349776
0.00674541376831
0.00433237749793
0.00213682236179
-7.86236525482e-05
0.0131214437552
0.0131267937363
0.0131320770026
0.0131374648975
0.0111011609657
0.00946748414501
0.00781171859054
0.00515042727519
0.00265094167866
0.000128811711802
0.0400991157432
0.0266288023392
0.0216779684653
0.0185700531074
0.0154248155133
0.012327743201
0.00924794918309
0.00623368937523
0.00329275368806
0.000184082992271
0.0140538113879
0.0139314364726
0.013810587586
0.0136873454347
0.0135656731773
0.00992932832681
0.00818777051642
0.00644590085039
0.00472476958429
0.000128284157153
0.0161710115789
0.0157645072209
0.015363072017
0.014953686879
0.014549516606
0.00998019381783
0.00775326974226
0.00552594689794
0.00332514217538
-7.76975051097e-05
-0.0108858481757
-0.0112292608878
-0.0115683912056
-0.0119142375853
-0.00994422216804
-0.00853133015093
-0.00709933460292
-0.00469033977044
-0.00242018781261
-0.000129469158302
-0.0115555838565
-0.0116424194959
-0.0117281722853
-0.011815623304
-0.00942551784003
-0.00774366681828
-0.00603907570557
-0.00387511887356
-0.00191060862395
7.16993267729e-05
-0.0114854427268
-0.0117400638234
-0.011991509767
-0.0122479352904
-0.0102815471027
-0.00881849405118
-0.0073356592479
-0.0048486760563
-0.00250390229636
-0.000137885795347
-0.0124284217771
-0.0124247801054
-0.0124211838457
-0.0124175163666
-0.00996909438222
-0.00819508368282
-0.00639708681334
-0.00410524019467
-0.0020264771351
7.1118711744e-05
-0.0120165121863
-0.0121924892807
-0.0123662719213
-0.012543496115
-0.0105803206162
-0.00907283921997
-0.00754497536202
-0.00498891676663
-0.00257804941054
-0.000145340531017
-0.0132015067925
-0.0131177280738
-0.013034994085
-0.0129506216505
-0.010450547891
-0.00859491004855
-0.00671418236593
-0.00430906193623
-0.00212910353069
7.06044527184e-05
-0.012667500556
-0.012747075325
-0.012825657788
-0.0129057964806
-0.0109465591167
-0.00938461716881
-0.00780155640513
-0.00516082473414
-0.00266893942147
-0.000154478594095
-0.014149159392
-0.0139671481641
-0.0137874066363
-0.013604105547
-0.0110407167082
-0.0090850197872
-0.00710288014008
-0.00455890794201
-0.00225490362851
6.9974070687e-05
-0.0135925892919
-0.0135351712828
-0.0134784692826
-0.0134206443686
-0.0133635560448
-0.00982767004348
-0.00816617157166
-0.0065043755802
-0.0048623646453
-0.00016746426268
-0.0154958236123
-0.0151742188188
-0.0148566244724
-0.0145327405578
-0.0142129823692
-0.00978149152106
-0.00765524013492
-0.0055286080072
-0.00342729519494
6.90782646424e-05
0.0010911929885
0.00106659362568
0.00104230101961
0.00101752732814
0.000884089538445
0.00075712046739
0.000628434663887
0.000413002770914
0.000211519773005
8.21141725976e-06
0.00103919002359
0.00105859270062
0.0010186753146
0.000930610325603
0.000809895373374
0.000664620783398
0.000500631383902
0.000328825502248
0.00016033532881
4.96655460186e-07
0.00111525872984
0.00108953907997
0.00106414015696
0.000990501542886
0.000901605867615
0.000772044285392
0.000640730917711
0.000421377390621
0.000216075195688
8.91304247507e-06
0.0012477841393
0.00119982169664
0.00115245735092
0.00105087862556
0.000913084823822
0.00074846564511
0.000581620671695
0.000370947289837
0.000181796567893
-9.06778624866e-06
0.00113657410074
0.00110986219663
0.0010834833929
0.000999802596185
0.000917120330594
0.000785262524194
0.000651621885384
0.000428794910933
0.000220109998636
1.03683781526e-06
0.00127661106191
0.00122673504999
0.00117748099742
0.00107394258529
0.000933511419001
0.000765831649149
0.000595884702737
0.000380484476589
0.00018672202978
9.80716266391e-07
0.00116270261991
0.00113477440415
0.00110719445631
0.00107906832128
0.000936138059408
0.000801465526597
0.000664972103822
0.000437887355186
0.00022505588612
1.0296246471e-05
0.00114400193351
0.00115190002209
0.00110619979016
0.00101117019888
0.000881405685078
0.000725196894483
0.000548242451505
0.000362413720689
0.000178276140693
7.38574491595e-07
0.00119983262083
0.0011701759622
0.00114088912537
0.00111102229849
0.0010815359238
0.0008244908458
0.000683943466866
0.000543370920526
0.000404472006686
1.1378753946e-05
0.00136216192904
0.00130660693735
0.00125174472252
0.00119579602851
0.00114056002497
0.000817369467589
0.000638216665827
0.000459031783699
0.000281980245885
-7.98873271063e-06
0.00207748934951
0.00224530752327
0.00225671143531
0.00213807595223
0.0019380329549
0.00166554726793
0.0013196146215
0.000915497201006
0.00047177754773
3.39576669187e-06
0.00223448143557
0.00240730163215
0.00237286696054
0.00218099479524
0.00190163486082
0.00156199380679
0.00117921023128
0.00077897763538
0.000383048182437
1.75354247467e-06
0.00250732963757
0.00250689802789
0.00250647180042
0.00236512600825
0.00213707215973
0.00183156541235
0.00152192794761
0.00100359006433
0.000516566525429
2.51307421107e-05
0.00275867212041
0.00270500867876
0.00265201442613
0.00242986015692
0.00211530083835
0.00173651022931
0.00135259804124
0.000865457091231
0.00042575707984
-1.79264431602e-05
0.00258967009148
0.00257944835893
0.00256935409252
0.00242171592853
0.00218730779679
0.00187434289728
0.00155714643969
0.00102732022627
0.000529238527878
2.18027847047e-06
0.00287609079987
0.00281144919233
0.00274761367275
0.00251617854464
0.00219117297316
0.00179996583898
0.00140346924356
0.000898565248062
0.000442564405001
1.18542140707e-06
0.0026906035511
0.0026683810228
0.00264643561188
0.00262405559888
0.00224888696479
0.00192677981429
0.0016003174945
0.00105640881188
0.000544771950236
2.84998570134e-05
0.0025249137084
0.00269418511985
0.00262699322026
0.0024108142811
0.00210511764766
0.0017339548965
0.00131221959286
0.00086847009279
0.000427975227941
1.85732690793e-07
0.00283403530951
0.00279475901882
0.0027559725078
0.00271641787728
0.00267736710496
0.00200129543319
0.00166166583555
0.00132197542143
0.000986329302826
3.11365556329e-05
0.0032245591389
0.00312733716809
0.00303132756595
0.00293341661086
0.00283675287353
0.00198828571286
0.00155444184397
0.00112052028794
0.000691764927135
-1.65027607059e-05
0.00361627659781
0.00419631571429
0.0044269652295
0.00425513703574
0.00387363550607
0.00333411861916
0.002651093235
0.00184953828005
0.000962612464046
5.1420179657e-06
0.0034379689777
0.00382083884491
0.00386699303902
0.00357030952007
0.00311553219079
0.00255990032542
0.00194205291823
0.00128799491231
0.000638794447497
4.16697509897e-06
0.00383738196248
0.00386111177766
0.00388454567943
0.00367850915267
0.00331749680983
0.00284388348493
0.0023638664953
0.00155986440061
0.000803670572728
4.06259219792e-05
0.00420224806241
0.00414313760874
0.00408476426893
0.00374740625431
0.0032639565543
0.00268053613275
0.00208922735885
0.00133793583307
0.000658848831344
-2.63904352997e-05
0.00397802875199
0.00398356253227
0.0039890273057
0.00378028115893
0.00340090674717
0.00291490331284
0.0024223286887
0.00159918045463
0.000824594976125
3.27277734636e-06
0.00440431161986
0.00432556224334
0.00424779488021
0.0038941610024
0.00339280405729
0.00278802799574
0.00217507483499
0.00139356484238
0.000687008667203
1.38100666554e-06
0.0047431845864
0.00542341053143
0.00559663315991
0.00533780351848
0.00484940911269
0.00417440555495
0.00331907347161
0.00231448056106
0.00120271017341
6.45634801783e-06
0.00524419438886
0.00600334811458
0.00608092184647
0.0056364593575
0.00494158290343
0.00408469973996
0.00310782533254
0.00207208513479
0.00103484111822
7.82535313637e-06
0.00439543212728
0.00434696477174
0.00429910180946
0.00425029097965
0.00420210191616
0.00312567183436
0.0025958293917
0.00206589207171
0.00154226409408
5.00141213682e-05
0.00500398411296
0.00486695148153
0.0047316276621
0.00459362391964
0.00445737810834
0.00310703610528
0.00242984799
0.00175253861263
0.00108329316394
-2.46374775989e-05
0.00490212958283
0.00497897242454
0.00505485702755
0.00513224443248
0.00432951556405
0.00371258299612
0.00308730896244
0.00203681908561
0.00104889443057
5.20195612363e-05
0.00527874463635
0.00524599905053
0.00521366180577
0.00518068416135
0.00417229148846
0.00342470483826
0.00266701016529
0.00170779560252
0.000840241869929
-3.51715630887e-05
0.00512463580693
0.00517174957961
0.00521827583836
0.00526572349286
0.00445993770518
0.00382362714338
0.00317871310847
0.00209823891756
0.00108153617374
5.56224972888e-05
0.00559937255615
0.00553499036464
0.00547141102615
0.00540657257648
0.00437565077761
0.00359418513038
0.00280215338684
0.00179521113379
0.000884440146523
-3.4582072739e-05
0.00532171274828
0.00534249505982
0.00536301821364
0.00509513041939
0.00457545445874
0.00392198053095
0.00325967106638
0.00215263934016
0.00111044743198
5.8813669221e-05
0.00588335728511
0.0057909541
0.00569970319277
0.00522780268183
0.00455576900513
0.00374429624626
0.00292185166878
0.00187263631863
0.000923587191506
-3.40599527151e-05
0.00836277901134
0.010429344955
0.0116741956215
0.0114296325468
0.0104746133803
0.00905466987247
0.00723074431907
0.00508009225447
0.00267692573731
1.06726706438e-05
0.00894644021526
0.0115220829604
0.0126160238602
0.0119682993047
0.0105816856987
0.00879986274685
0.00675104823647
0.00455427557275
0.00230582674899
6.95964332449e-06
0.00590658625163
0.00584922358172
0.00579257623062
0.00573480704789
0.00567777374554
0.00421386800373
0.00349993339308
0.00278587094026
0.00208030999189
6.82842439877e-05
0.00672615067427
0.00655058841137
0.0063772154292
0.0062004090068
0.0060258547952
0.00418978729984
0.00327708527971
0.00236421982471
0.00146222278843
-3.25104352247e-05
0.00618344176078
0.00629439147591
0.00640395763588
0.00651569361987
0.0054879358672
0.00470626789111
0.00391403108305
0.00258277821331
0.00133043633496
6.67487247847e-05
0.00664497598248
0.00661662020803
0.00658861803321
0.0065600613095
0.00527585515903
0.00433110151745
0.00337357398362
0.0021608907624
0.00106349390964
-4.38449330885e-05
0.00647266759589
0.00654426940425
0.00661497833017
0.00668708756004
0.00565631917304
0.00484962959217
0.00403203286542
0.00266203289367
0.00137252125399
7.13271388637e-05
0.00706246255881
0.00699255972333
0.0069235285839
0.00685313036703
0.00553983386324
0.00455097224591
0.00354874035806
0.00227407677816
0.00112068280021
-4.3160479958e-05
0.00672883904985
0.00676558985506
0.00680188237369
0.00683889362134
0.00580545867251
0.00497660709882
0.00413654872981
0.00273222989628
0.00140979646799
7.53823056193e-05
0.00743223638357
0.0073255347226
0.00722016364308
0.00711270581799
0.00577364357269
0.00474571489111
0.00370388771828
0.00237432724926
0.00117133581756
-4.25542500425e-05
0.011015631066
0.0153117280153
0.0186627780876
0.0189012308237
0.0175146037545
0.0151998705031
0.0121905353439
0.00862797906862
0.0046103961304
7.39720357113e-06
0.0120804308998
0.0163541070539
0.0197632327773
0.0192481788278
0.0172034430602
0.014441429679
0.0112147266475
0.00769718017408
0.00399025369482
1.03313170822e-05
0.00748908981643
0.00742241183813
0.00735656534155
0.0072894148355
0.00722311971181
0.00535344357017
0.00444672484346
0.0035398437533
0.00264375983305
8.74169940553e-05
0.00852962966994
0.0083137185914
0.00810049994776
0.00788305876922
0.00766838741862
0.00532366080591
0.00416432504539
0.00300478168603
0.00185904364999
-4.07551160998e-05
0.00746350421829
0.00760852754089
0.0077517424067
0.00789779346808
0.00664522631177
0.00569898360127
0.00473994686501
0.00312820484293
0.00161170363907
8.14635223284e-05
0.00800987478273
0.00798590453808
0.00796223320501
0.0079380930901
0.00637834247514
0.00523661414786
0.00407944865899
0.00261354399853
0.00128652820176
-5.25098435668e-05
0.00781938458982
0.00791545054959
0.00801031855626
0.00810706530798
0.00685153375714
0.00587463133539
0.00488452034187
0.00322527697658
0.00166322252362
8.70164630069e-05
0.00852412554508
0.00844870745015
0.00837422982716
0.00829827726578
0.00670288146962
0.00550682616463
0.00429459914998
0.00275247536368
0.00135669503598
-5.1730520277e-05
0.0081345929189
0.00818729664301
0.00823934314587
0.00829242036619
0.00703426320875
0.00603020504275
0.00501257113566
0.0033112551521
0.00170885353565
9.19347818935e-05
0.00897960479173
0.00885861860084
0.00873914112106
0.00861729753567
0.0069903302933
0.00574615680805
0.00448516101343
0.00287552885853
0.00141884280342
-5.10402625061e-05
0.0130248795623
0.0180321244914
0.0209807230658
0.0204361916252
0.0183693271827
0.0155769154696
0.0122703860641
0.00857485095951
0.00457186372826
2.45319993348e-05
0.014339686773
0.0194223598957
0.0214276319081
0.0199968462987
0.017429697048
0.0144620660267
0.0111935211176
0.00772283401149
0.00410511488356
9.73234810064e-05
0.00907004989551
0.00899406569444
0.00891902902472
0.00884250634537
0.00876695843381
0.00649190765814
0.00539259284626
0.00429308118331
0.00320666011665
0.000106531083105
0.0103313496528
0.0100751291126
0.0098221036707
0.00956406736889
0.00930931800732
0.00645642839498
0.00505069944689
0.00364471877903
0.00225547747461
-4.89917555729e-05
0.00874224003152
0.00892130164804
0.0090981303465
0.00927846092144
0.00780131735179
0.00669067047052
0.00556500667589
0.00367306619769
0.00189267944048
9.61630695991e-05
0.00937335901515
0.00935376975517
0.00933442477542
0.00931469669196
0.00747968718412
0.00614118831379
0.00478459177272
0.00306572810925
0.00150933134332
-6.11657738163e-05
0.00916470585936
0.00928521061613
0.00940421266532
0.0095255714048
0.00804550963247
0.00689857077677
0.00573612430859
0.0037879373188
0.00195362251328
0.000102689526887
0.00998427367805
0.00990334603963
0.00982342757776
0.00974192642834
0.00786472370477
0.00646168944565
0.0050396849411
0.00323037814156
0.00159246267096
-6.02916786896e-05
0.00953888987831
0.00960752998787
0.0096753141477
0.00974444069006
0.00826179422393
0.00708271104802
0.00588768564042
0.00388968031177
0.00200760066348
0.000108470103342
0.0105253695223
0.0103901136059
0.0102565443456
0.0101203299091
0.00820575605164
0.00674556187673
0.00526562460453
0.00337621102732
0.00166609327545
-5.95174801488e-05
0.0171889068607
0.0197236233989
0.0199149438562
0.0180777883306
0.0155681946938
0.0127895551273
0.00986171206776
0.00683974726441
0.00368941385531
0.000148136149466
0.0195850772889
0.0208482685414
0.0198223257686
0.0174442264582
0.0146656270101
0.0118030346677
0.0089141843934
0.0060201452576
0.00314137942679
2.02224330263e-05
0.0106493714829
0.010564090704
0.0104798733857
0.0103939882463
0.0103091971364
0.00762919185301
0.00633748056066
0.00504553796537
0.00376897701587
0.0001256253625
0.0121312023505
0.011834714125
0.0115419231403
0.0112433337876
0.0109485479515
0.00758802199475
0.00593615521857
0.00428399264746
0.00265150043907
-5.7219858673e-05
-0.00773750913255
-0.00794277121328
-0.00814547365327
-0.0083521903676
-0.00712605245988
-0.00616375556937
-0.0051884475866
-0.00342581867487
-0.00176075837114
-8.06132666894e-05
-0.00838773754694
-0.00844604101227
-0.00850361742697
-0.00856233407226
-0.00694398764903
-0.0057448007379
-0.00452939977505
-0.00290229150694
-0.00143441924068
4.6751379133e-05
-0.00807063280347
-0.00822472967045
-0.00837690493253
-0.00853209383989
-0.0073042505676
-0.00631890979433
-0.00532024635544
-0.00352097669775
-0.00181883046338
-0.000101263444127
-0.00881410326835
-0.00881495507158
-0.00881579625274
-0.00881665409246
-0.00718852311869
-0.00595291542577
-0.00470060124045
-0.00300942520012
-0.00148883057945
4.55400388798e-05
-0.00836568519772
-0.00847446430394
-0.00858188692274
-0.00869143691535
-0.0074620831773
-0.00645633210788
-0.00543698240784
-0.00360525951802
-0.00187026574507
-0.000119553601286
-0.00919174147874
-0.00914170752412
-0.00909229749842
-0.00904190896749
-0.00740511167753
-0.00613724557788
-0.00485223682408
-0.00310431504266
-0.00153702347949
4.44671375128e-05
-0.00872736232614
-0.00878059062887
-0.0088331551688
-0.00888676068527
-0.00765555540854
-0.00662478526641
-0.00558007821401
-0.00370857394287
-0.00193331544522
-0.000141973793933
-0.00965465283342
-0.00954224278852
-0.00943123450926
-0.00931802784656
-0.00767060733029
-0.00636319866757
-0.00503811270079
-0.00322063162383
-0.00159609864729
4.31519680951e-05
-0.00924132456128
-0.0092156122485
-0.00919022057109
-0.00916432604252
-0.00913876136585
-0.00686416607064
-0.00578342488594
-0.00470249017608
-0.00363442488852
-0.000173834067694
-0.0103124742322
-0.01011142448
-0.00991288184045
-0.00971040730629
-0.00951051195068
-0.00668428990029
-0.00530225210453
-0.00391996683133
-0.00255413880827
4.12830431332e-05
0.000714321846036
0.000727097700322
0.000712431391011
0.000672806219495
0.000611289541859
0.000528352575867
0.000421230739589
0.0002930833603
0.000150544024149
6.09754257961e-07
0.000783677477927
0.000794708895425
0.000765741806325
0.000702628493411
0.000615086346604
0.00050761369328
0.000384014989819
0.000252901431072
0.000123018378879
9.26990246885e-07
0.000758922966491
0.000743068141952
0.00072741102882
0.000680284780141
0.000623702331297
0.000538935366141
0.000453022277772
0.0002990361906
0.000153595614106
6.8374023835e-06
0.000844755286544
0.000814074947838
0.000783777196332
0.000719246014759
0.000629849228656
0.000520317104182
0.000409304009967
0.000260189181209
0.000126867612641
-7.66179764244e-06
0.000773956865462
0.000757213390253
0.000740678708022
0.000686908648142
0.000634696516228
0.00054830869467
0.000460752834508
0.000304308697437
0.000156298450925
2.39331966757e-07
0.000863101545221
0.000831227737118
0.00079975139891
0.000733964390811
0.000642924924188
0.000531568696695
0.000418706835999
0.000266644045616
0.000130276933973
6.24596470268e-07
0.000767663480987
0.00077455272688
0.000756942314786
0.000695028228272
0.000648173259046
0.000559798581253
0.000446164814314
0.000310771770334
0.000159611605735
2.60585263667e-08
0.00084848523778
0.000852253736881
0.000819332679489
0.000752006271132
0.000658953196131
0.000545360971389
0.000414264348038
0.000274556460051
0.000134456102058
4.50490962519e-07
0.000818573597893
0.000799192836824
0.000780053755977
0.000760535649001
0.000741266169257
0.000576126314819
0.000483695131917
0.000391247397636
0.000299900330139
7.27340400201e-06
0.000917548506457
0.000882132789175
0.000847158709786
0.000811492011455
0.000776279645732
0.000564960519638
0.000446611997128
0.000328242282296
0.000211281856881
-6.32789510707e-06
0.0015770888652
0.00168490725799
0.00169101436578
0.00160869875071
0.00146607756623
0.00126766769197
0.00101104195046
0.000703931545989
0.00036169643257
7.32738684523e-07
0.00170347898094
0.00181558691213
0.00178978045738
0.00165327015379
0.00145018009396
0.00119835335271
0.000908395323638
0.000601473477827
0.000295077339903
1.23505017855e-06
0.00173437403625
0.00173379159366
0.0017332164142
0.00164628093112
0.00149954822182
0.00129656038968
0.00109082798522
0.000721054665313
0.000371500702134
1.87799155878e-05
0.00191182413525
0.00187784846917
0.00184429648338
0.00170228586953
0.00149358913457
0.00123545179053
0.000973824204724
0.000621402013322
0.000305362949319
-1.35393060586e-05
0.00178366492553
0.00177708914811
0.00177059537137
0.00167956800519
0.00152919365962
0.00132215106479
0.00111230907371
0.000736220856714
0.000380184483747
2.5708085419e-06
0.00197391704257
0.00193299441968
0.00189258210641
0.00174569978919
0.00153203714196
0.00126831040688
0.0010010178566
0.000639053001903
0.000314473060516
9.59893257794e-07
0.00171947812462
0.0018301635697
0.00181641473822
0.00172037151535
0.00156553322854
0.00135352027944
0.00108128871143
0.00075481167198
0.000390829119273
3.62909118706e-06
0.00193562782457
0.00200059268161
0.00195177093464
0.001798916852
0.00157916695748
0.0013085887108
0.000994691770874
0.000660689697583
0.000325640293597
8.01469576146e-07
0.00192994756468
0.00190558511616
0.00188152647006
0.00185699137185
0.00183276880874
0.00139809758447
0.00117605940086
0.000953981457514
0.000734547535877
2.72813728749e-05
0.00215819276753
0.00209665336961
0.00203588137476
0.00197390586474
0.00191271981651
0.00136582630058
0.00108172159765
0.000797566020931
0.000516793551516
-1.15877453021e-05
0.00284992937386
0.00329017601493
0.00347888126274
0.00337043942207
0.00309054513612
0.00267822204538
0.00214272116438
0.00150243440795
0.000782094003963
1.22229450082e-06
0.00291886807137
0.00326198803348
0.00331272209086
0.00307836654561
0.00269504762051
0.00221651123949
0.00167739023636
0.00111194934516
0.000550446255312
1.76285488771e-06
0.00266636748282
0.00268037701756
0.00269421185186
0.00256924068793
0.00233637403038
0.00202043222578
0.00170021861274
0.00112427166405
0.000579697832992
3.01903741818e-05
0.00293135366867
0.00289422948637
0.00285756824671
0.00264153001081
0.002318848296
0.00191872628963
0.00151319428517
0.000966522340505
0.000475906084885
-1.91549637741e-05
0.00274838916861
0.00275152810473
0.00275462789797
0.00262800308731
0.00238383978331
0.00206151774343
0.00173483762879
0.00114889076341
0.000594096100473
4.79841478094e-06
0.00303524425413
0.00298567595302
0.00293672577407
0.00271236105001
0.00238153824553
0.00197222930861
0.00155738615829
0.000994870651259
0.00049046300829
1.28025213413e-06
0.00371700934987
0.00408640490866
0.0042049570205
0.00403137955803
0.00368477728928
0.00319359170721
0.00255584832767
0.00179021444141
0.000930877527283
3.28671174815e-06
0.00398193317281
0.00449462189545
0.00454551626209
0.00423719817524
0.00373750878803
0.00310710762854
0.00237420935584
0.00158547163138
0.000789998520543
3.98748016083e-06
0.00299180836513
0.00296268616987
0.0029339271316
0.00290459855568
0.00287564357555
0.00218344895712
0.00183757793448
0.00149164497773
0.00114983063913
4.63979605202e-05
0.00334356470128
0.00325706546693
0.00317164488754
0.00308453265788
0.00299853008872
0.00213101246169
0.00168853623335
0.00124598077211
0.000808694299876
-1.66132622795e-05
0.00344000106171
0.00348573568593
0.00353089999435
0.00357695872676
0.00307320975846
0.00265769315959
0.00223655841432
0.00147638895825
0.000758695247907
3.44995108335e-05
0.00375510849972
0.00373499368692
0.00371512970804
0.00369487234731
0.00302028403393
0.00249704953406
0.00196674044795
0.00125684222619
0.000618574496319
-2.54756916978e-05
0.0035683712045
0.00359650317529
0.00362428433732
0.00365261567134
0.00314627242238
0.00272101128305
0.00229000024266
0.001514513929
0.00078119558769
4.12336665523e-05
0.00391807673727
0.00387790535184
0.003838234908
0.00379777883945
0.00311755223293
0.00258001435275
0.00203520849216
0.00130053737107
0.000640961476157
-2.45899206161e-05
0.00368207047383
0.00369461152302
0.00370699618394
0.00354591938489
0.00321098506756
0.00277709304955
0.00233733443346
0.00154828176023
0.000801124460068
4.71982044746e-05
0.00406242003339
0.00400448425505
0.00394727094224
0.00364791704352
0.00320370406633
0.00265349747788
0.00209585161703
0.00133923878511
0.000660789944014
-2.3805380515e-05
0.00382144377171
0.00381487336861
0.00380838489916
0.0038017679335
0.00329031024553
0.00284583844073
0.00239535698994
0.00158967458562
0.000825553400404
5.45095735407e-05
0.00720116850602
0.00880618732802
0.00960395528362
0.00918945824377
0.00818451638468
0.00684706226734
0.00526951132204
0.00355864244704
0.00179929825109
5.25220621705e-06
0.00401950056344
0.00398577178077
0.00395246359974
0.00391849579084
0.00388496067362
0.00294352925979
0.00247781009651
0.00201200753826
0.00155175074496
6.48994137925e-05
0.00449079368637
0.00438013777427
0.00427086175356
0.00415942165468
0.00404940111166
0.00287157642985
0.00227582476182
0.00167996641428
0.0010912022535
-2.14770679572e-05
0.00434713940141
0.00441324428075
0.00447852482496
0.00454509817065
0.0039009559769
0.00337361953448
0.00283915304398
0.00187423967956
0.00096316770494
4.38417715039e-05
0.00474059104553
0.00472357552677
0.00470677219341
0.00468963609054
0.00382895901733
0.0031659371702
0.00249395069012
0.00159438695697
0.000785190254
-3.13374573305e-05
0.00451296321006
0.00455588441052
0.00459827037888
0.0046414957496
0.00399441032692
0.00345466831889
0.00290762852872
0.00192318155957
0.000992207098675
5.27983701533e-05
0.00495138813045
0.00490802566758
0.0048652039394
0.00482153417917
0.003953967134
0.00327252526239
0.00258186970304
0.00165032298729
0.00081380999033
-3.02814900188e-05
0.00465983572629
0.00468222281117
0.00470433072665
0.0047268764624
0.00407718417979
0.00352645438507
0.00296827824377
0.00196653008186
0.00101792770455
6.07313575284e-05
0.00513809411995
0.0050713957923
0.00500552920013
0.00493835820052
0.00406468860876
0.00336693185832
0.00265974082876
0.00169986632842
0.000839158899651
-2.93462046856e-05
0.00483987300425
0.00483708923778
0.0048343401852
0.00483153669098
0.00417864890266
0.00361445020814
0.00304262305578
0.00201966698016
0.00104945618918
7.04556646335e-05
0.00967357977301
0.0132095839684
0.0156830831352
0.0151126975475
0.0140326002419
0.0118442894369
0.00920988913436
0.00631829618422
0.00326991353511
4.40423996566e-06
0.00509571545187
0.00505716258086
0.0050190904684
0.00498026438423
0.00494193287783
0.00373949690408
0.00314827094652
0.00255693911986
0.00197264758798
8.42744168354e-05
0.00569218931459
0.00555623616242
0.00542197836101
0.00528506174777
0.00514988921752
0.00364710627205
0.00289084223415
0.00213444277427
0.00138704887595
-2.65705191806e-05
0.00525339296896
0.0053398482354
0.00542522539515
0.00551229334531
0.00472789485784
0.00408884763471
0.00344115993643
0.00227170235945
0.00116744073094
5.31749202541e-05
0.00572511240661
0.00571119315903
0.00569744748599
0.00568342959669
0.00463684526425
0.00383417241064
0.00302064672081
0.00193160246544
0.000951643503962
-3.71935057237e-05
0.00545663391325
0.00551432991878
0.00557130644878
0.00562941132939
0.00484172100504
0.00418760978656
0.00352465441459
0.00233145059852
0.0012030128008
6.43517941873e-05
0.00598369168931
0.00593714126141
0.00589117132247
0.00584429100502
0.00478956624261
0.0039643607355
0.00312799773105
0.00199976744211
0.000986489917701
-3.59675081821e-05
0.00563664732105
0.00566887083835
0.00570069252485
0.005733144401
0.0049425384497
0.00427508483534
0.00359860666667
0.0023843704674
0.00123451949124
7.42513110995e-05
0.00621271905399
0.00613726672352
0.00606275529192
0.00598676825239
0.00492483339487
0.00407967039465
0.0032230800544
0.00206014213574
0.00101735388415
-3.48816246452e-05
0.0058573089177
0.0058583080946
0.00585929481166
0.00586030106944
0.0050661211238
0.00438231231449
0.00368925781439
0.0024492399841
0.00127314059566
8.63862027983e-05
0.0109913713412
0.0156634747353
0.0182175845451
0.0174775620934
0.0153994225553
0.0128014067531
0.00986020307257
0.00674606770428
0.00350113346884
3.37825004941e-05
0.00617088066032
0.00612750840611
0.00608467700869
0.00604099738774
0.00599787417029
0.00453468820592
0.0038180778664
0.00310133920558
0.00239313391168
0.000103630522581
0.00689241316851
0.00673118744979
0.00657197223352
0.00640960395428
0.00624930396864
0.00442187970569
0.00350525985274
0.00258847586337
0.00168260694611
-3.16590025358e-05
0.00615870730413
0.00626549186673
0.00637094481407
0.00647848612829
0.00555397670737
0.0048033344795
0.0040425429148
0.00266875311289
0.00137150205036
6.24983962198e-05
0.00670861341933
0.00669778723398
0.00668709605234
0.00667619314491
0.00544389422572
0.00450171509858
0.00354679688887
0.00226846848703
0.00111792424339
-4.30434849654e-05
0.00639932660531
0.00647178210345
0.00654333407356
0.00661630304308
0.00568815353862
0.00491979164083
0.00414104082084
0.00273929651141
0.00141360002594
7.5893244365e-05
0.00701492537881
0.00696519028985
0.00691607540293
0.00686598785564
0.00562429934444
0.00465547919705
0.00367355975729
0.0023488497361
0.00115899088127
-4.16476334115e-05
0.00661244655777
0.00665449631312
0.00669602170339
0.00673836945331
0.00580699587487
0.0050229394123
0.00422828182333
0.00280177780723
0.00145088680431
8.77572527221e-05
0.0072862302572
0.00720203299649
0.00711888568488
0.00703409174228
0.0057840867353
0.0047916702557
0.00378583544075
0.00242004455671
0.00119536418911
-4.04113077495e-05
0.00687369037048
0.00687846857013
0.00688318718511
0.0068879992465
0.00595267357736
0.00514937861603
0.00433522240702
0.00287836778275
0.0014965931778
0.000102300230708
0.0126372392177
0.0170549625845
0.0178031453884
0.0159373810411
0.0134934232392
0.0109265981605
0.00823470719019
0.00555397516614
0.00284020969719
3.49192319547e-05
0.007244931578
0.00719674493536
0.00714915918546
0.00710063105788
0.00705272109547
0.00532905537922
0.00448719060491
0.00364517508035
0.00281318444746
0.000122966567847
0.0080913931221
0.00790492102907
0.00772077426356
0.00753298069619
0.00734757929701
0.00519585017168
0.00411904069488
0.00304203839698
0.00197785870276
-3.67422122363e-05
-0.00458917008938
-0.00465628153874
-0.00472255610093
-0.00479014314991
-0.00430788275172
-0.0037961809878
-0.00327756057028
-0.0021612975793
-0.00110132892967
-3.17573750772e-05
-0.00521989123734
-0.00524966252862
-0.00527906256862
-0.00530904484052
-0.00446245745803
-0.00374593465752
-0.00301972384454
-0.00192946414032
-0.000958229857414
2.1803431493e-05
-0.00465582288017
-0.00470939551747
-0.00476230009809
-0.00481625238934
-0.00432695403252
-0.00381932553749
-0.00330483346298
-0.00219327733921
-0.00113375863039
-6.46410929067e-05
-0.00519978475958
-0.00520513003776
-0.00521040865973
-0.00521579181836
-0.00440795185516
-0.00371074716872
-0.00300411566755
-0.00191361020557
-0.000951184023789
1.99613660157e-05
-0.00471485820916
-0.00475643932721
-0.00479750192415
-0.00483937771568
-0.00434384573838
-0.00383982499578
-0.00332898945367
-0.00222160226941
-0.00116248207961
-9.37666715557e-05
-0.005181976165
-0.00516568697443
-0.00514960091185
-0.00513319628445
-0.00435967546404
-0.00367958110721
-0.00299029128222
-0.00189956814908
-0.000944943428293
1.83298223072e-05
-0.0047872240963
-0.0048141059327
-0.00484065254964
-0.00486772488991
-0.0043645517004
-0.00386495336401
-0.00335860002289
-0.0022563231516
-0.00119769146897
-0.00012946899377
-0.00516014627486
-0.00511733741292
-0.0050750623822
-0.00503195014611
-0.00430049795234
-0.00364137754795
-0.00297334526149
-0.00188235530564
-0.000937293666072
1.63298655032e-05
-0.00489005983067
-0.00489605321418
-0.00490197185955
-0.00490800771646
-0.00491396668689
-0.00390066209781
-0.00340067820021
-0.00290060477197
-0.00240648513174
-0.000180203872707
-0.00512912485204
-0.00504863014131
-0.00496913920848
-0.00488807405478
-0.0048080415322
-0.00358708827952
-0.00294926407414
-0.00231132565546
-0.00168098242161
1.34878216239e-05
0.000392705430673
0.000387601774968
0.000382561762411
0.00037742193856
0.000338489545274
0.000299584684344
0.000260153795803
0.000173163949686
8.95682752935e-05
5.21525650484e-06
0.000608942967217
0.000615935913604
0.0005938884881
0.000547131110085
0.00048150194931
0.00039996753768
0.00030474128885
0.000201887528031
9.85270796783e-05
3.35358198154e-07
0.00040258720314
0.000396597203934
0.000390681900677
0.000384649452062
0.000345798794979
0.00030582644689
0.000265313637833
0.000176694990579
9.11160325239e-05
4.76176229193e-06
0.000441726433791
0.000428328199038
0.000415097041747
0.000401603857539
0.000346613633491
0.000292168563254
0.000236987348238
0.000149431072581
7.19386573896e-05
-6.25580903622e-06
0.000411339630182
0.000404564583875
0.000397874023142
0.000374014700099
0.000352272701861
0.000311354865145
0.000269883783632
0.000179822483941
9.24869032137e-05
4.36009598907e-06
0.000449592028527
0.000435720424248
0.0004220218004
0.000393986196335
0.000352338429376
0.000297305744241
0.000241528969262
0.000152803614644
7.3831838167e-05
-5.85539198326e-06
0.000422068411718
0.00041433104961
0.000406690173259
0.000398897978681
0.000360208458684
0.000318131635909
0.000275485897836
0.000183656185482
9.41673253495e-05
3.86773084363e-06
0.000661591795823
0.000663325037965
0.00063862882624
0.000588205781842
0.000518062727854
0.000431628121654
0.000330178520562
0.000220085186693
0.00010859387663
1.21233259307e-06
0.000437314574953
0.000428209711443
0.000419218386584
0.000410048999513
0.000400996414718
0.000327761783838
0.000283446796969
0.000239123874745
0.000195328653592
3.168054058e-06
0.000472935083872
0.000457658640999
0.000442572697049
0.000427187994399
0.000411999266492
0.000312551571687
0.00025500732843
0.000197452780894
0.000140583467878
-4.66705750352e-06
0.000943081455475
0.00094482815218
0.000946553067385
0.00094831214243
0.00085180062747
0.000752067131985
0.000650985152759
0.000431065145973
0.000221133439251
9.29983266791e-06
0.00134275447292
0.00141827715705
0.00139754487195
0.00129546384872
0.00114195003518
0.000949173998018
0.000722691154631
0.000478831350846
0.000233341116085
3.3534887803e-06
0.000961418434925
0.000960685159437
0.000959961027974
0.000959222555973
0.0008620242839
0.000761555366998
0.000659728022817
0.000438519266298
0.000226434878838
1.24290890648e-05
0.00106497615009
0.00105068825958
0.00103657854064
0.00102218939594
0.000871877430784
0.000734393351752
0.000595050368204
0.000377346935413
0.000184968818799
-9.15216895699e-06
0.000977659759581
0.000974729937293
0.000971836650211
0.000937420081858
0.000871079522452
0.000769959232295
0.000667471707725
0.000445121487156
0.000231130439616
1.52007161592e-05
0.00107174328527
0.00105453964704
0.00103755054007
0.000975221033745
0.000872901310771
0.000736654974783
0.000598566469642
0.000379540755744
0.000186381716032
-8.52726968204e-06
0.000997568480127
0.0009919461166
0.000986393864565
0.000980731656957
0.00088217949229
0.000780260744595
0.000676963966645
0.00045321453208
0.00023688628831
1.8598194533e-05
0.00151515477457
0.00155765562402
0.00151959151271
0.00140621500629
0.00124095790061
0.00103500789326
0.000791735656026
0.000528824677617
0.000261788873902
2.07188189638e-06
0.00102585981985
0.00101641121351
0.00100708043233
0.000997564866424
0.000988170512517
0.000794899735758
0.000690452966163
0.000585987493593
0.000482765768928
2.34261901168e-05
0.00109182639615
0.00106596957113
0.00104043518357
0.00101439511863
0.00098868675949
0.000743366888293
0.00060900135133
0.000474611753925
0.000341822175897
-6.67272989832e-06
0.00146893750727
0.00147722936421
0.00148541782078
0.00149376843974
0.00134224302842
0.00118439089374
0.0010244044607
0.000677476506065
0.000346837202779
1.32024356113e-05
0.00234821282927
0.00260568583961
0.00265044640509
0.00247905922822
0.00218568577566
0.00181158709636
0.00137751072808
0.000912342478727
0.000451236893996
2.02722352902e-06
0.00149535300316
0.00149964225746
0.00150387802428
0.0015081976753
0.00135525125093
0.00119698096662
0.00103657073019
0.000688678927493
0.000355725093256
1.97548263843e-05
0.00166045927494
0.00164532136401
0.00163037222449
0.00161512703551
0.00137374003771
0.00115691644652
0.000937161211498
0.000595108847941
0.000292963338426
-1.19194922485e-05
0.00151874958523
0.00151949367719
0.00152022849024
0.00147572501569
0.00136677281945
0.00120813217403
0.00104734656888
0.000698601072185
0.000363597224821
2.55583724975e-05
0.00166617688839
0.00164578966269
0.00162565666793
0.00153056109762
0.00137027243376
0.00115643062147
0.000939697481592
0.000596176460139
0.000293917349376
-1.10801117287e-05
0.00154742926647
0.00154382767557
0.0015402709969
0.00153664388255
0.00138089603247
0.00122180139601
0.00106055566148
0.000710763701163
0.000373246934481
3.26723967653e-05
0.00323941291979
0.00351999081637
0.00355131948672
0.0033227565697
0.00294684850277
0.00246334693398
0.00189116221011
0.00126594245103
0.000629193123256
2.21333300419e-06
0.00158818460298
0.001578407568
0.00156875245373
0.0015589061317
0.00154918523495
0.00124122607988
0.00107932647726
0.000917397883762
0.000757397184177
4.27817996722e-05
0.00168314528961
0.00164717945232
0.00161166211299
0.00157544139612
0.0015396820691
0.00115498881809
0.00094722447671
0.000739422931576
0.000534095435812
-8.58904696011e-06
0.0019778725406
0.00199249894733
0.00200694296116
0.00202167302104
0.00181690395286
0.00160280332305
0.00138580786621
0.000915958830898
0.000468496065241
1.69794604307e-05
0.00223147236309
0.0022239883233
0.00221659761031
0.00220906053328
0.00186827657939
0.00156939422987
0.0012664707306
0.000805888849863
0.00039690712271
-1.5779820307e-05
0.00201210660207
0.00202125677098
0.00203029283628
0.00203950784982
0.00183260713958
0.00161839542272
0.00140128737685
0.000930788940436
0.000480855001637
2.68448358157e-05
0.0022367809184
0.00222082033903
0.00220505878984
0.00218898510242
0.00185945368826
0.00156584357512
0.00126826359748
0.000805863608356
0.000397482805792
-1.45977684931e-05
0.00204242819937
0.00204672798622
0.00205097415425
0.00205530441245
0.00184651567638
0.00163220556815
0.00141499780055
0.000943924180311
0.00049180148816
3.55827397282e-05
0.00224148278167
0.0022180144101
0.00219483869171
0.00217120400652
0.00185163912753
0.00156269870949
0.00126985156528
0.000805841251594
0.000397992696522
-1.3550808315e-05
0.00207959660897
0.00207795076618
0.00207632544724
0.00207466794083
0.00186356485053
0.0016491341335
0.00143180412638
0.000960025442095
0.000505219761961
4.62937187176e-05
0.00586565445989
0.00700887605931
0.00759315828805
0.00730341249231
0.00654787146389
0.00550796510091
0.00425975253874
0.00288668898192
0.0014623260847
1.13246932797e-05
0.00213241487524
0.00212231997982
0.00211235096885
0.0021021845338
0.0020921476017
0.00167319051585
0.00145568679993
0.00123814413626
0.00102319149803
6.15145835973e-05
0.00225543669847
0.00220968713716
0.00216450807791
0.00211843430255
0.00207294742813
0.00155336555987
0.00127456424393
0.000995713003854
0.000720181718566
-1.04437006897e-05
0.00251083704205
0.00253209708558
0.00255309201404
0.00257450272142
0.00231397608661
0.00204097117785
0.0017642750049
0.0011657011458
0.000595899074923
2.0934818223e-05
0.00283620610858
0.00283053084552
0.00282492635361
0.00281921087159
0.00238206287563
0.00200077282296
0.00161432739662
0.00102788315153
0.000506886598358
-1.88299815725e-05
0.00255325882422
0.00256749941679
0.0025815624276
0.00259590393916
0.00233250148079
0.0020597070456
0.00178322419201
0.00118433022546
0.000611892943358
3.42696014429e-05
0.00284031370208
0.00282349161183
0.00280687929489
0.0027899379913
0.00236810040475
0.00199407827887
0.00161499904801
0.00102656919641
0.000506937180455
-1.74025000795e-05
0.00259083240272
0.00259885576728
0.00260677907961
0.00261485930345
0.00234890968707
0.00207630167133
0.00180000775774
0.00120083026744
0.000626058941114
4.60804094376e-05
0.00284395185632
0.00281725686199
0.00279089475717
0.00276401058306
0.00235573364483
0.00198814882553
0.00161559393925
0.00102540540759
0.00050698198174
-1.61381593286e-05
0.00263689033766
0.00263729258402
0.00263768981432
0.00263809491129
0.00236902297218
0.0020966434706
0.00182058116089
0.00122105612536
0.000643423712558
6.05581740763e-05
0.00793169420093
0.0105185711796
0.0124380673422
0.012455208529
0.0113479335339
0.00962594126462
0.00750024832418
0.00514296235081
0.00265699275891
2.70129334847e-07
0.0027023410873
0.00269191332359
0.00268161559524
0.00267111393295
0.00266074604384
0.00212555023799
0.00184981704957
0.00157403448641
0.00130153534291
8.11318396156e-05
0.00285474895925
0.00279875373344
0.00274345677426
0.00268706472632
0.00263139101642
0.0019705517382
0.00161735942291
0.00126410386252
0.000915054101915
-1.23859222615e-05
0.00304328171964
0.00307116892991
0.00309870838359
0.00312679322254
0.00281056340391
0.00247871166816
0.00214237300785
0.00141519987598
0.000723177822814
2.48863181798e-05
0.00344035003049
0.00343648177998
0.00343266176698
0.00342876610328
0.00289534805335
0.00243173067342
0.00196184478264
0.00124966093234
0.000616758806159
-2.18771678807e-05
0.00309388323668
0.00311320928798
0.0031322943413
0.00315175735079
0.00283190825294
0.00250058823774
0.00216478848731
0.00143762422045
0.000742803077977
4.16871253676e-05
0.00344325783354
0.00342557507267
0.00340811281778
0.00339030474425
0.0028762510156
0.00242189530636
0.00196139631212
0.00124705952054
0.000616284799423
-2.02044960872e-05
0.00313870172319
0.0031504450337
0.00316204190383
0.00317386843582
0.00285081369064
0.00251996462794
0.00218464219768
0.0014574857827
0.000760185446836
5.65678403054e-05
0.00344583331624
0.00341591484621
0.00338636946278
0.00335623896911
0.00285933649645
0.00241318398125
0.00196099909538
0.00124475541295
0.000615864964886
-1.87229867844e-05
0.00319364051312
0.00319608885104
0.00319850665791
0.0032009723465
0.00287398809816
0.00254371633205
0.00220897900395
0.00148183221385
0.000781492866728
7.48087166807e-05
0.0091479332539
0.0129330839984
0.0154163650811
0.0151592381922
0.013508639156
0.0112810083676
0.00873392056328
0.00598136049199
0.00308509976724
3.98156706319e-05
0.00327171142512
0.00326095111778
0.00325032499266
0.0032394884301
0.00322878990678
0.00257746875369
0.00224356288654
0.00190959722785
0.00157960770672
0.000100729962056
0.00345347668426
0.00338724578701
0.00332184079633
0.00325514053967
0.00318928992997
0.00238733101639
0.00195982025859
0.0015322329477
0.00110973641761
-1.43262494987e-05
0.00357517457675
0.00360968208541
0.00364375928165
0.00367851133515
0.00330663606295
0.00291599848848
0.0025200791537
0.0016644400281
0.000850324660249
2.88337228405e-05
0.00404386782352
0.00404180471279
0.00403976732927
0.00403768959786
0.00340810126732
0.00286224188337
0.00230900200502
0.00147120886482
0.000726517143472
-2.49211961146e-05
0.00363394735125
0.00365835359077
0.0036824554818
0.00370703468135
0.00333079744476
0.00294101250489
0.00254595733308
0.00169065570402
0.000873577538607
4.90969618428e-05
0.00404557707957
0.00402703454008
0.0040087232281
0.00399004928294
0.0033838749841
0.00284926894845
0.00230743457348
0.00146732133065
0.000725519091584
-2.30035881335e-05
0.00368600323723
0.00370146263837
0.00371672925908
0.00373229821656
0.0033521975258
0.00296316777657
0.00256887800623
0.00171387530268
0.000894172945152
6.70444021019e-05
0.00404709099207
0.00401395238711
0.0039812270242
0.00394785357543
0.00336241741896
0.00283777863467
0.00230604627697
0.0014638780861
0.000724635102769
-2.13051353501e-05
0.00374981367812
0.00375430598704
0.00375874227638
0.00376326642101
0.0033784298832
0.00299032585153
0.00259697431527
0.00174233803654
0.00091941892737
8.90444901614e-05
0.00990022377956
0.0141231154854
0.0157696044176
0.0145045127294
0.0124236974964
0.0100915498957
0.0076397736382
0.00514736005966
0.00265342038467
4.91793419102e-05
0.00384049167306
0.00382939916674
0.00381844498519
0.00380727386945
0.00379624505457
0.00302891890543
0.00263690064916
0.00224481219533
0.00185739187904
0.000120307773193
0.00405158389369
0.00397512793314
0.00389962538683
0.00382262760478
0.00374661064251
0.0028036783486
0.0023019261712
0.00180008414651
0.00130421696644
-1.62645657995e-05
