-2.50973731702e-10
-3.91004137291e-10
-5.29288348314e-10
-6.703111093e-10
-6.92702725017e-10
-7.66556665706e-10
-8.41409176011e-10
-6.82962210585e-10
-7.67881988353e-10
-8.5357110638e-10
-2.64190496177e-10
-3.90779738114e-10
-5.15790398273e-10
-6.43276741928e-10
-5.74747684674e-10
-5.62517114706e-10
-5.50121176778e-10
-6.76462457441e-10
-8.34011301816e-10
-9.92987477631e-10
-5.00992696652e-10
-5.29160036272e-10
-5.56976126067e-10
-5.85343079559e-10
-8.01077250254e-10
-9.64954531336e-10
-1.13104757602e-09
-9.35271001976e-10
-8.39412007682e-10
-7.4268456807e-10
-5.24253652204e-10
-6.66020433184e-10
-8.06019366805e-10
-9.48790808377e-10
-7.65752411809e-10
-7.58752214082e-10
-7.51657367584e-10
-8.9272817132e-10
-9.03127239326e-10
-9.13620518855e-10
-7.22438065608e-10
-6.51526689655e-10
-5.81499586363e-10
-5.10085681788e-10
-8.97066115465e-10
-1.14067835518e-09
-1.3875844446e-09
-1.15874450292e-09
-9.0276716766e-10
-6.44470776995e-10
-7.54595304685e-10
-9.09805048817e-10
-1.06307931036e-09
-1.21938898152e-09
-9.34928027271e-10
-9.32560444957e-10
-9.30160850868e-10
-1.08427780361e-09
-9.64344212548e-10
-8.43324069653e-10
-9.93887227555e-10
-8.01524522835e-10
-6.1156060221e-10
-4.17834678069e-10
-1.01472988572e-09
-1.35608175215e-09
-1.70204899318e-09
-1.43267976215e-09
-9.80428331503e-10
-5.24079678259e-10
-1.03694958837e-09
-1.20863780347e-09
-1.37818504762e-09
-1.55108996795e-09
-1.14230458816e-09
-1.14561569571e-09
-1.14897157231e-09
-1.31908057868e-09
-1.03938437327e-09
-7.57154228695e-10
-1.37963077348e-09
-1.01467933841e-09
-6.54278887886e-10
-2.86741146468e-10
7.61147940389e-11
-1.66218131627e-09
-2.14891966748e-09
-2.6357451775e-09
-3.11677462693e-09
-3.52997590581e-10
-1.43818988624e-09
-1.63329487586e-09
-1.82596688479e-09
-2.02245452761e-09
-2.21643925463e-09
-1.44837842046e-09
-1.45991312384e-09
-1.47144989271e-09
-1.4828493068e-09
-6.3470234944e-10
-2.26426780635e-11
-1.58582093364e-11
-9.1583436809e-12
-2.32579536616e-12
8.82795403141e-12
1.85670717946e-11
2.84378709141e-11
3.60274822337e-11
4.16006628588e-11
4.72243343394e-11
-2.1075200549e-11
-8.850971026e-12
3.22082100974e-12
1.55316801479e-11
2.85137990726e-11
4.05555682375e-11
5.27601526117e-11
4.54230740145e-11
4.46288394577e-11
4.38274094437e-11
-8.600357589e-11
-6.37882822235e-11
-4.18500157135e-11
-1.94772886204e-11
-1.38642829172e-12
2.61535201731e-11
5.40658327325e-11
7.21496457344e-11
8.22334245677e-11
9.24085585272e-11
-4.72765197764e-11
-3.40007422596e-11
-2.08905151493e-11
-7.52065599772e-12
3.85255953652e-11
6.54924679974e-11
9.28239562395e-11
8.37072812627e-11
9.97405853518e-11
1.15919144959e-10
-1.42123228251e-10
-1.06240632495e-10
-7.08054966566e-11
-3.46686112169e-11
-1.04334526351e-11
3.28729458798e-11
7.67648846287e-11
1.04143561978e-10
1.18222442081e-10
1.32428871379e-10
-7.04834025206e-11
-5.62762539236e-11
-4.2246270033e-11
-2.7938439441e-11
4.73931863673e-11
8.75794363561e-11
1.28309039453e-10
1.1761615054e-10
1.48553846001e-10
1.79771824987e-10
-2.10915060177e-10
-1.58278997344e-10
-1.06299312006e-10
-5.32902324644e-11
-2.1523353443e-11
4.11096612622e-11
1.04589528889e-10
1.43361910922e-10
1.62338011937e-10
1.81486029069e-10
-9.89305491103e-11
-8.35817198344e-11
-6.84242921485e-11
-5.29666901134e-11
5.82631366279e-11
1.14653784667e-10
1.71806883392e-10
1.59181861266e-10
2.08389455829e-10
2.58042852118e-10
-3.08671873966e-10
-2.32228252655e-10
-1.56737891714e-10
-7.97525363423e-11
-3.74784245472e-12
5.2814467332e-11
1.44129812837e-10
2.35461509913e-10
3.25705827549e-10
2.51198832101e-10
-1.39355441633e-10
-1.22384224023e-10
-1.05624639365e-10
-8.85331515953e-11
-7.16593800868e-11
1.53127858582e-10
2.33619608989e-10
3.14125772817e-10
3.93673444138e-10
3.69270101199e-10
2.58234755876e-12
2.55862875638e-11
4.83033659057e-11
7.14703282482e-11
8.63300242571e-11
1.05304140973e-10
1.24534804277e-10
1.15458348664e-10
1.31028799296e-10
1.46740312173e-10
5.7831240795e-12
3.33428645568e-11
6.05589320377e-11
8.83139805062e-11
9.51595143266e-11
1.07180425597e-10
1.19363870059e-10
1.25173860152e-10
1.4169719579e-10
1.58370226442e-10
-4.01573756584e-11
-1.23760269358e-11
1.50588853112e-11
4.30371124992e-11
8.69599492704e-11
1.35646843991e-10
1.84992027942e-10
1.83445114511e-10
1.84052819138e-10
1.84666029334e-10
5.41784743739e-12
3.58220551361e-11
6.58471190192e-11
9.6466792634e-11
1.27378745277e-10
1.56551449652e-10
1.86118594404e-10
1.91579639917e-10
2.10533077963e-10
2.2965822681e-10
-7.80125590794e-11
-4.5999791207e-11
-1.43862260725e-11
1.78534071215e-11
8.75178828536e-11
1.62521809521e-10
2.38539854617e-10
2.43661964261e-10
2.31016950999e-10
2.1825737882e-10
5.09431669724e-12
3.80179096492e-11
7.05309417743e-11
1.03687854804e-10
1.55915778404e-10
2.00280070958e-10
2.45244207396e-10
2.50396187708e-10
2.71502002174e-10
2.92799027135e-10
-1.24415687144e-10
-8.7216018378e-11
-5.04802335751e-11
-1.3016941406e-11
8.82018014395e-11
1.95465315655e-10
3.04179126025e-10
3.1747616718e-10
2.88585886828e-10
2.59433871738e-10
4.69773062866e-12
4.07096022782e-11
7.62724019256e-11
1.125394794e-10
1.90896657721e-10
2.53882897075e-10
3.17720765256e-10
3.22493891452e-10
3.46238102819e-10
3.70197427534e-10
-1.90356974393e-10
-1.45786446463e-10
-1.01771717921e-10
-5.68853314188e-11
-1.25707205509e-11
2.4227977174e-10
3.97455985394e-10
5.52659985996e-10
7.06016154527e-10
3.17947835359e-10
4.13416095226e-12
4.4534639172e-11
8.44313189828e-11
1.25118103826e-10
1.65286608763e-10
3.30055334189e-10
4.20713768531e-10
5.11388436812e-10
6.00983548125e-10
4.80184628101e-10
2.66835652399e-11
6.51843778268e-11
1.03205081044e-10
1.41978737868e-10
1.60379275712e-10
1.88176960078e-10
2.16350493353e-10
1.91350465925e-10
2.16472795087e-10
2.41822722809e-10
3.14448751562e-11
7.36569094823e-11
1.15342555095e-10
1.57853734025e-10
1.58836075647e-10
1.70837058269e-10
1.83000304631e-10
2.01371644279e-10
2.3444102967e-10
2.67810010871e-10
3.64631628542e-12
3.67457450187e-11
6.94324202336e-11
1.02766415143e-10
1.71370379961e-10
2.40262096776e-10
3.10085289616e-10
2.89782224335e-10
2.81336026278e-10
2.72813308942e-10
5.5764611552e-11
1.02534155426e-10
1.48720477942e-10
1.95821464186e-10
2.12273370945e-10
2.43553634369e-10
2.75256834205e-10
2.94646143659e-10
3.1638961987e-10
3.38330083544e-10
-1.67581042171e-11
1.15572416744e-11
3.9519492087e-11
6.80355007289e-11
1.81105358011e-10
2.86394646423e-10
3.93107537736e-10
3.76964638926e-10
3.38786316762e-10
3.00262113803e-10
7.73049495025e-11
1.28111144691e-10
1.78283781036e-10
2.29450025185e-10
2.5960354678e-10
3.07959744629e-10
3.56969760399e-10
3.77260700253e-10
3.88972656904e-10
4.0079071934e-10
-4.17699745105e-11
-1.93189882315e-11
2.8520317782e-12
2.54621217699e-11
1.93038556911e-10
3.42944223409e-10
4.94876745108e-10
4.83833405199e-10
4.09209253484e-10
3.3390903589e-10
1.03709234732e-10
1.59463583145e-10
2.14522668698e-10
2.70672132217e-10
3.17621181675e-10
3.86909170109e-10
4.57133992508e-10
4.78530156723e-10
4.77945411977e-10
4.77355369671e-10
-7.73131586116e-11
-6.31957359925e-11
-4.92543591869e-11
-3.50368904351e-11
-2.10005278681e-11
4.233041486e-10
6.39496145057e-10
8.55726854379e-10
1.06938315816e-09
3.81723083067e-10
1.41231113743e-10
2.04017048316e-10
2.66020035376e-10
3.29250915894e-10
3.91676343364e-10
4.99100458949e-10
5.99472638136e-10
6.99862790673e-10
7.99057715363e-10
5.8615776751e-10
5.00092529101e-11
1.03508279052e-10
1.56340166451e-10
2.10218324875e-10
2.32045767193e-10
2.68383094073e-10
3.05211733268e-10
2.64800523399e-10
2.99167370335e-10
3.33845567578e-10
5.62808813118e-11
1.1267372735e-10
1.68363348393e-10
2.25155834387e-10
2.20463649861e-10
2.32445345099e-10
2.44589043295e-10
2.75117532856e-10
3.24200548506e-10
3.73728237246e-10
4.60404911608e-11
8.42868744994e-11
1.22056321229e-10
1.60573745738e-10
2.53064648212e-10
3.41511035493e-10
4.31153294979e-10
3.92697614101e-10
3.75488850227e-10
3.58124181625e-10
1.04491315343e-10
1.67099590907e-10
2.28927134386e-10
2.91979096877e-10
2.94436253726e-10
3.27756259074e-10
3.61526779921e-10
3.94396169046e-10
4.18839905454e-10
4.43505092635e-10
4.2525302183e-11
6.72622018959e-11
9.16906297474e-11
1.16602832787e-10
2.716813714e-10
4.06281497893e-10
5.42701535352e-10
5.05977894437e-10
4.43087875275e-10
3.79628096924e-10
1.47191985484e-10
2.15305355772e-10
2.82569344837e-10
3.51165415081e-10
3.59954845721e-10
4.12174497166e-10
4.6510020379e-10
5.000429611e-10
5.02663335893e-10
5.05307450266e-10
3.82163608553e-11
4.63932483819e-11
5.44681692213e-11
6.27030040091e-11
2.94501870791e-10
4.85677548576e-10
6.79438088067e-10
6.44837592914e-10
5.259511963e-10
4.05987735032e-10
1.99534742432e-10
2.74396293348e-10
3.48324312487e-10
4.23716385784e-10
4.40267958489e-10
5.15654918053e-10
5.92061174984e-10
6.29545480391e-10
6.05414637722e-10
5.81065178974e-10
3.20931284422e-11
1.67373670726e-11
1.57309373694e-12
-1.38914895176e-11
-2.91590804859e-11
5.98503515338e-10
8.73747926135e-10
1.14904162414e-09
1.42105772284e-09
4.43446168133e-10
2.73916554937e-10
3.58367625694e-10
4.41765582306e-10
5.26815133625e-10
6.10781299425e-10
6.62706042472e-10
7.72479397207e-10
8.82272408735e-10
9.90758243596e-10
6.88720898718e-10
7.44362675308e-11
1.43641650843e-10
2.11984035409e-10
2.81679857461e-10
3.07096006225e-10
3.52376176527e-10
3.98268574177e-10
3.41718539844e-10
3.85766386287e-10
4.30213289139e-10
8.22895244036e-11
1.5353273198e-10
2.23887528918e-10
2.95635616711e-10
2.85000982163e-10
2.96962479361e-10
3.09085706421e-10
3.52345348129e-10
4.18198080753e-10
4.846474136e-10
9.04363153765e-11
1.34072667799e-10
1.77164870104e-10
2.21110460864e-10
3.38616127474e-10
4.47540462849e-10
5.57937550128e-10
5.00472174323e-10
4.74087118356e-10
4.47463024012e-10
1.55518660077e-10
2.34713496177e-10
3.12920763956e-10
3.92676831188e-10
3.80478473246e-10
4.15934527336e-10
4.51869978165e-10
4.98855911584e-10
5.26127401507e-10
5.53645960554e-10
1.04607786326e-10
1.25597282817e-10
1.46325037977e-10
1.67463281021e-10
3.66533949151e-10
5.31828830734e-10
6.99358643112e-10
6.4108253629e-10
5.52314052474e-10
4.62741360614e-10
2.20378751674e-10
3.06616458751e-10
3.91778772132e-10
4.78627621152e-10
4.65044251062e-10
5.21309769829e-10
5.78336047424e-10
6.28622410644e-10
6.21721942746e-10
6.14758959286e-10
1.21979266844e-10
1.15208101226e-10
1.08521372789e-10
1.01702221859e-10
4.00755795077e-10
6.35150055884e-10
8.72713531287e-10
8.13443625153e-10
6.48205133006e-10
4.8146964419e-10
2.99884670405e-10
3.94755574165e-10
4.88443427316e-10
5.83986654012e-10
5.68705527095e-10
6.50479421916e-10
7.33358971032e-10
7.87691022395e-10
7.38902348137e-10
6.89671667408e-10
1.46665054949e-10
1.00444527387e-10
5.48003748898e-11
8.25229568076e-12
-3.77028407769e-11
7.8197495478e-10
1.11905995133e-09
1.45620530869e-09
1.78933667156e-09
5.08083520852e-10
4.12866765444e-10
5.20005896069e-10
6.25808989946e-10
7.33707384918e-10
8.40231339264e-10
8.34036295935e-10
9.5365470458e-10
1.07329453294e-09
1.19150995013e-09
7.96126568423e-10
9.88394574036e-11
1.83735878781e-10
2.67573632441e-10
3.53071690453e-10
3.82073045439e-10
4.36287336812e-10
4.91234652633e-10
4.18561534745e-10
4.72280938388e-10
5.26487018998e-10
1.08272800115e-10
1.94351885015e-10
2.79357554254e-10
3.66046656986e-10
3.49475368351e-10
3.61416687207e-10
3.73519463098e-10
4.29497839697e-10
5.12103933048e-10
5.95458405574e-10
1.34788838381e-10
1.83809902811e-10
2.32219669174e-10
2.81588131854e-10
4.24084164593e-10
5.53466475015e-10
6.84598146984e-10
6.08141617249e-10
5.72589219232e-10
5.36714730274e-10
2.06496235585e-10
3.02261454614e-10
3.96832470823e-10
4.93276350544e-10
4.66436771983e-10
5.04026791432e-10
5.42125060691e-10
6.03213769914e-10
6.33310255319e-10
6.63679403213e-10
1.66629718675e-10
1.83875466953e-10
2.00906158852e-10
2.1827412281e-10
4.61294012987e-10
6.57253711708e-10
8.55862956266e-10
7.7605540461e-10
6.61433696551e-10
5.45773560261e-10
2.93494135572e-10
3.97838501972e-10
5.00881682642e-10
6.05965507695e-10
5.70031158058e-10
6.30338598032e-10
6.9146144713e-10
7.57076450963e-10
7.40664426474e-10
7.24103715407e-10
2.05660475165e-10
1.839558359e-10
1.62521855876e-10
1.40663402046e-10
5.06906085211e-10
7.84476776043e-10
1.06580046442e-09
9.81885208471e-10
7.70339830038e-10
5.56877932504e-10
4.00136722654e-10
5.14997463251e-10
6.28425877774e-10
7.44100603558e-10
6.97017824859e-10
7.85172425476e-10
8.74518953088e-10
9.45682318056e-10
8.72259862083e-10
7.98172227129e-10
2.61125234387e-10
1.84070044405e-10
1.07975741121e-10
3.03744830659e-11
-4.62382679606e-11
9.65267446412e-10
1.36413271285e-09
1.76306940291e-09
2.15725642152e-09
5.72657829901e-10
5.51681451664e-10
6.81486513489e-10
8.09672891909e-10
9.40397845047e-10
1.06945758633e-09
1.00519944342e-09
1.13465330366e-09
1.26413034482e-09
1.39206585465e-09
9.03427480628e-10
1.23217356048e-10
2.23788553451e-10
3.23105616955e-10
4.24389533644e-10
4.56972379179e-10
5.20111532387e-10
5.8410438195e-10
4.95324890314e-10
5.58705827649e-10
6.22660971701e-10
1.34229147013e-10
2.35128733477e-10
3.34770090995e-10
4.36384723944e-10
4.13882933911e-10
4.2580409534e-10
4.37886441256e-10
5.06570371173e-10
6.05912462232e-10
7.06154554115e-10
1.79095394862e-10
2.33495590637e-10
2.87217409985e-10
3.42003124375e-10
5.09463623471e-10
6.59282706492e-10
8.1112747403e-10
7.15699472612e-10
6.70989233489e-10
6.25873936936e-10
2.5742097843e-10
3.69739407003e-10
4.80657212414e-10
5.93771609537e-10
5.52305984376e-10
5.92027757563e-10
6.32286603727e-10
7.07463472775e-10
7.40382025865e-10
7.73598808282e-10
2.28587372098e-10
2.42093252146e-10
2.55430712383e-10
2.69032304737e-10
5.55955868414e-10
7.82548603556e-10
1.01220506987e-09
9.10888388361e-10
7.7044025009e-10
6.28719706145e-10
3.66533743399e-10
4.88966003555e-10
6.09871519956e-10
7.33171422491e-10
6.74909257644e-10
7.39254429818e-10
8.04469604773e-10
8.85397362765e-10
8.59483639369e-10
8.33335147687e-10
2.89254957096e-10
2.52632321091e-10
2.16466373387e-10
1.79584203246e-10
6.12946362216e-10
9.33648735441e-10
1.25868728413e-09
1.15015222057e-09
8.92347947859e-10
6.32208068401e-10
5.00284874651e-10
6.35114734813e-10
7.68263251782e-10
9.04048612564e-10
8.25197141006e-10
9.19725834517e-10
1.01553263831e-09
1.10350987307e-09
1.0054791656e-09
9.06560337925e-10
3.75466788409e-10
2.67608892751e-10
1.6109599692e-10
5.24737432312e-11
-5.47648491105e-11
1.14836997549e-09
1.60895148334e-09
2.06961546617e-09
2.52479486304e-09
6.37165214765e-10
6.90352271694e-10
8.42799773968e-10
9.93346239113e-10
1.14687409319e-09
1.29844626554e-09
1.17618519909e-09
1.31546431755e-09
1.45476837632e-09
1.59241390498e-09
1.01061718721e-09
-1.83402790108e-10
-2.95127718541e-10
-4.05459424822e-10
-5.17976115839e-10
-5.48628030905e-10
-6.12761184639e-10
-6.77761474481e-10
-5.5560144837e-10
-6.2354666557e-10
-6.92107440092e-10
-1.9987971133e-10
-3.02610084377e-10
-4.04059398368e-10
-5.07517792159e-10
-4.78880903623e-10
-4.81175401601e-10
-4.8350092319e-10
-5.96819940073e-10
-7.06848044435e-10
-8.1787296076e-10
-3.25066934941e-10
-3.6584977458e-10
-4.06124047722e-10
-4.47195903672e-10
-6.04482022355e-10
-7.56722862413e-10
-9.11022131251e-10
-7.48746682949e-10
-6.87822781041e-10
-6.26346932206e-10
-3.46594270121e-10
-4.6582966851e-10
-5.83578188361e-10
-7.03658573885e-10
-6.45060928223e-10
-6.77922045754e-10
-7.11227474222e-10
-8.13649197047e-10
-8.41515952506e-10
-8.69635169965e-10
-4.50540891792e-10
-4.2848930993e-10
-4.06712713719e-10
-3.84504858609e-10
-6.53952700498e-10
-8.84231777012e-10
-1.11762442725e-09
-9.19818176432e-10
-7.44753054745e-10
-5.68101910936e-10
-4.76541450765e-10
-6.10395585886e-10
-7.42580545212e-10
-8.7738326627e-10
-7.9224895001e-10
-8.52183359147e-10
-9.12928133707e-10
-1.00569796751e-09
-9.60793242512e-10
-9.15481698117e-10
-6.0434767761e-10
-5.05273256487e-10
-4.07434304297e-10
-3.07657771113e-10
-7.1459417693e-10
-1.04053302717e-09
-1.3708788546e-09
-1.12951871683e-09
-8.14538551542e-10
-4.96704788089e-10
-6.35831543167e-10
-7.87605420088e-10
-9.37486660062e-10
-1.090336115e-09
-9.72672976718e-10
-1.06579400137e-09
-1.1601741034e-09
-1.24111258937e-09
-1.10700411413e-09
-9.71680668111e-10
-8.22915215352e-10
-6.14387285805e-10
-4.08459722485e-10
-1.98454015197e-10
8.87657930409e-12
-1.26264533002e-09
-1.73076672504e-09
-2.19897194519e-09
-2.66160279472e-09
-3.95245718779e-10
-8.62191148159e-10
-1.03942992132e-09
-1.21445850748e-09
-1.39295332109e-09
-1.56917441669e-09
-1.36934596664e-09
-1.51152363928e-09
-1.65372677125e-09
-1.79423685726e-09
-1.05154236231e-09
-2.03341355098e-11
-1.4941599257e-11
-9.6163085246e-12
-4.1855569111e-12
4.66528693848e-12
1.25948840395e-11
2.06316962012e-11
2.82344127035e-11
3.385169156e-11
3.95198607848e-11
-2.03195678842e-11
-1.03821130999e-11
-5.6857947022e-13
9.43929921136e-12
2.04601596654e-11
3.00527613905e-11
3.97750634474e-11
3.53820983823e-11
3.57358384802e-11
3.60927833262e-11
-7.29164080471e-11
-5.56118963595e-11
-3.85231738367e-11
-2.10960300286e-11
-2.85685947596e-12
1.91621802792e-11
4.14789366335e-11
5.66376902565e-11
6.3415067367e-11
7.02538448862e-11
-4.53034203706e-11
-3.37045978531e-11
-2.22504139288e-11
-1.05693938765e-11
2.442495532e-11
4.6295871456e-11
6.8462501431e-11
6.35490419286e-11
7.76378451557e-11
9.18542874771e-11
-1.19489278009e-10
-9.16341595074e-11
-6.41263973989e-11
-3.19175216419e-11
-9.51933201447e-12
2.49789283771e-11
5.99436353021e-11
8.17948789463e-11
8.95997716532e-11
9.74753736616e-11
-6.743197543e-11
-5.43616557774e-11
-4.14543244492e-11
-9.57131759226e-12
2.79366314711e-11
6.06826260855e-11
9.38713750735e-11
8.84969062124e-11
1.14751051068e-10
1.41243048296e-10
-1.76578602478e-10
-1.35790482076e-10
-9.55109940235e-11
-5.44338198888e-11
-1.76862338359e-11
3.2109135723e-11
8.25777820572e-11
1.12632723147e-10
1.21697151101e-10
1.30843699257e-10
-9.45573009867e-11
-7.96832106524e-11
-6.49946018613e-11
-5.00151031069e-11
3.22412667532e-11
7.83180027281e-11
1.25017736313e-10
1.19078159206e-10
1.60244658316e-10
2.01784109946e-10
-2.5770553725e-10
-1.98538940463e-10
-1.40110157648e-10
-8.05242641272e-11
-2.1697392767e-11
4.22415356355e-11
1.14742095867e-10
1.87255638561e-10
2.58905847517e-10
1.78261846157e-10
-1.33103816251e-10
-1.15666472843e-10
-9.84465750259e-11
-8.08856581567e-11
-6.35484372711e-11
1.03378801115e-10
1.69278354916e-10
2.35189709156e-10
3.00316334177e-10
2.87816144922e-10
-2.31901700139e-12
1.60121493695e-11
3.41147240787e-11
5.2575798178e-11
6.57907356973e-11
8.16815133179e-11
9.77871480951e-11
9.2734069321e-11
1.06478214052e-10
1.20346875405e-10
-4.82541133005e-13
2.19019671667e-11
4.40073381847e-11
6.65504790866e-11
7.56251970749e-11
8.65310340775e-11
9.75843274968e-11
1.05225040743e-10
1.17773288817e-10
1.30435219153e-10
-4.50599102111e-11
-2.13381595969e-11
2.08777817689e-12
2.59776380468e-11
6.36080821376e-11
1.0487859848e-10
1.46707128155e-10
1.45613066694e-10
1.46408570321e-10
1.47211280901e-10
-1.20181125528e-11
1.40347078859e-11
3.97626467869e-11
6.60000961058e-11
9.83868553638e-11
1.26304329467e-10
1.54599272141e-10
1.60458103142e-10
1.79181974731e-10
1.98075477337e-10
-8.29161299112e-11
-5.44198618243e-11
-2.62789453361e-11
1.63587847652e-11
6.1674874699e-11
1.25424588194e-10
1.90036253351e-10
1.92448750082e-10
1.81775457301e-10
1.71005468627e-10
-2.22353329532e-11
7.06656395146e-12
3.60030629775e-11
8.06213198589e-11
1.18547181277e-10
1.61532105384e-10
2.05098223112e-10
2.09378815552e-10
2.33572525113e-10
2.57985420301e-10
-1.29320528253e-10
-9.4971625845e-11
-6.10510580296e-11
-2.64587347832e-11
5.93051365485e-11
1.50609994942e-10
2.4314937456e-10
2.49860232944e-10
2.25128415536e-10
2.00172537452e-10
-3.47596676376e-11
-1.4750318391e-12
3.13945408885e-11
6.49150553724e-11
1.43259838848e-10
2.04714540379e-10
2.67000163011e-10
2.69346140443e-10
3.00244812677e-10
3.31423414901e-10
-1.95263620634e-10
-1.52597816822e-10
-1.10464060278e-10
-6.74958961284e-11
-2.50750727478e-11
1.86399783477e-10
3.18625915224e-10
4.50875724316e-10
5.81550989982e-10
2.41620477361e-10
-5.25574063996e-11
-1.36130890152e-11
2.48455884462e-11
6.40658930593e-11
1.0278659821e-10
2.66079053267e-10
3.54966077606e-10
4.43869018683e-10
5.31713496671e-10
4.35782670385e-10
1.48935043741e-11
4.55868679393e-11
7.58974818834e-11
1.0680836053e-10
1.24192965628e-10
1.47690242745e-10
1.71505223518e-10
1.54360181729e-10
1.75869129812e-10
1.97572940624e-10
1.84707200861e-11
5.27477493589e-11
8.6597340305e-11
1.21117281072e-10
1.28332559791e-10
1.40493125719e-10
1.52818113091e-10
1.71956388514e-10
1.96155863257e-10
2.20574575857e-10
-1.84444558512e-11
1.14086372877e-11
4.08894590701e-11
7.09541125339e-11
1.2711192352e-10
1.86776237944e-10
2.47247265876e-10
2.30624473536e-10
2.2570460398e-10
2.20740162313e-10
1.97842911915e-11
5.96471650065e-11
9.90129443986e-11
1.39158314989e-10
1.69053655856e-10
2.02748305848e-10
2.3689853686e-10
2.53049738709e-10
2.76202180292e-10
2.99564374019e-10
-4.79723634793e-11
-1.88635098609e-11
9.88235314976e-12
6.24843184706e-11
1.29697286225e-10
2.21395262264e-10
3.1433307482e-10
2.9817284628e-10
2.69844595386e-10
2.41259701523e-10
2.09477398848e-11
6.57580760086e-11
1.1000962231e-10
1.66795757142e-10
2.05120912371e-10
2.57888608248e-10
3.11369769341e-10
3.24875277453e-10
3.4710034681e-10
3.69526766677e-10
-8.41678631524e-11
-5.59713031398e-11
-2.81263573333e-11
2.70023628266e-13
1.32866440509e-10
2.63831485623e-10
3.96567292237e-10
3.80974077385e-10
3.23951681626e-10
2.66412685071e-10
2.23739027993e-11
7.32488701402e-11
1.2348942104e-10
1.74724924711e-10
2.49332388099e-10
3.25479946674e-10
4.02657086576e-10
4.12919486235e-10
4.34007776734e-10
4.55287118968e-10
-1.35603573214e-10
-1.08703430431e-10
-8.21387353881e-11
-5.50479589935e-11
-2.830227266e-11
3.24135592502e-10
5.13426443302e-10
7.02751189858e-10
8.89821868623e-10
3.02156398534e-10
2.44005553619e-11
8.38936828536e-11
1.42644924499e-10
2.02559662754e-10
2.6171118993e-10
4.21530796016e-10
5.32381168963e-10
6.4325139156e-10
7.52801612401e-10
5.77157093275e-10
3.15521605024e-11
7.4209929953e-11
1.16335752325e-10
1.59295825176e-10
1.80715926112e-10
2.1157494046e-10
2.42851195565e-10
2.14003286463e-10
2.43027181724e-10
2.72314022222e-10
3.6814102457e-11
8.26009746557e-11
1.2781687952e-10
1.73928230174e-10
1.79343902741e-10
1.92718822873e-10
2.06274583576e-10
2.36540452129e-10
2.72016239871e-10
3.07813424494e-10
7.31456528276e-12
4.31017063448e-11
7.84425778199e-11
1.14483332106e-10
1.88572335585e-10
2.66038571672e-10
3.44552218754e-10
3.12900379702e-10
3.02449046485e-10
2.91903028241e-10
5.05633558312e-11
1.03791902536e-10
1.56356683406e-10
2.09962445583e-10
2.37446537027e-10
2.76732464695e-10
3.16549572328e-10
3.42661956675e-10
3.70100465539e-10
3.97787556653e-10
-1.41530190546e-11
1.55487082918e-11
4.488005183e-11
7.47922668154e-11
1.95530869691e-10
3.14277787888e-10
4.34630267864e-10
4.00494948e-10
3.55079840988e-10
3.09253290715e-10
6.27412659626e-11
1.22561010086e-10
1.81634795419e-10
2.41878464944e-10
2.88908870253e-10
3.51144547451e-10
4.14221705222e-10
4.36655289274e-10
4.56975065416e-10
4.7747893085e-10
-4.0468122436e-11
-1.82259344828e-11
3.73889093915e-12
2.6138702911e-11
2.04060685691e-10
3.73409730346e-10
5.45048521612e-10
5.07868934946e-10
4.19595008442e-10
3.30521354394e-10
7.76690267688e-11
1.45568303213e-10
2.12620868209e-10
2.81001327388e-10
3.51991730335e-10
4.42359358572e-10
5.33948835866e-10
5.51872922781e-10
5.63466510426e-10
5.7516513148e-10
-7.78632693463e-11
-6.62214794783e-11
-5.4724864011e-11
-4.3000572111e-11
-3.14256275957e-11
4.57439332787e-10
7.01958671675e-10
9.46521795922e-10
1.18817319378e-09
3.60744392252e-10
9.88821605461e-11
1.78262877657e-10
2.5665370849e-10
3.36596974018e-10
4.15521899357e-10
5.71980405955e-10
7.0408738994e-10
8.36218029934e-10
9.6677554531e-10
7.13982363953e-10
4.89973583701e-11
1.04184435493e-10
1.58683323692e-10
2.14261495832e-10
2.39907629339e-10
2.78475966796e-10
3.17565781775e-10
2.76462452167e-10
3.13356114321e-10
3.50584018749e-10
5.60235712497e-11
1.13863725881e-10
1.7098260742e-10
2.2923265867e-10
2.32763756323e-10
2.47410366633e-10
2.62255011874e-10
3.04173865064e-10
3.51458379151e-10
3.99171272601e-10
3.42898036873e-11
7.62911699174e-11
1.17768774489e-10
1.60067792378e-10
2.52934613146e-10
3.49043292142e-10
4.46451444202e-10
3.99060959028e-10
3.82816993001e-10
3.6642586294e-10
8.27956600872e-11
1.50020942567e-10
2.16407918376e-10
2.84109607188e-10
3.09068601591e-10
3.54209800214e-10
3.99961347167e-10
4.36505233213e-10
4.68432176869e-10
5.00648366255e-10
2.12631123969e-11
5.15857061217e-11
8.15301737661e-11
1.12067655032e-10
2.64472798803e-10
4.11545780305e-10
5.60607316638e-10
5.07648207963e-10
4.44339485545e-10
3.80457210651e-10
1.06508081629e-10
1.82045905916e-10
2.56641765223e-10
3.32714904446e-10
3.76652893115e-10
4.48803584244e-10
5.2192981557e-10
5.53713016431e-10
5.72037540563e-10
5.90528077777e-10
5.29491016985e-12
2.13015892107e-11
3.71086632026e-11
5.32287769956e-11
2.78616381222e-10
4.88161733537e-10
7.0054032156e-10
6.4075515827e-10
5.19754153826e-10
3.97656927201e-10
1.35574920938e-10
2.21302312603e-10
3.05960674261e-10
3.92295591409e-10
4.59498153692e-10
5.64757254989e-10
6.71439551031e-10
6.97387073279e-10
6.99037663799e-10
7.0070320803e-10
-1.73967456264e-11
-2.17337348206e-11
-2.60166412822e-11
-3.03843654772e-11
-3.46964523517e-11
5.97037035499e-10
8.99392486449e-10
1.2018020793e-09
1.50061123568e-09
4.22098629665e-10
1.7688042943e-10
2.77087732632e-10
3.76045439736e-10
4.76962883408e-10
5.76594811809e-10
7.29533523943e-10
8.83900754055e-10
1.03829562625e-09
1.19085229972e-09
8.57267866811e-10
6.64255411646e-11
1.34129705572e-10
2.009895916e-10
2.69173556039e-10
2.99041600279e-10
3.45311741602e-10
3.92207495543e-10
3.38860698683e-10
3.83616452e-10
4.28777675087e-10
7.52143041977e-11
1.45095985163e-10
2.14106233876e-10
2.84483146309e-10
2.86131507159e-10
3.02048567312e-10
3.18180839983e-10
3.7174131214e-10
4.30823034999e-10
4.90440015358e-10
6.12387319486e-11
1.09448262338e-10
1.57056614579e-10
2.05607792109e-10
3.17234115329e-10
4.31967054436e-10
5.48251282828e-10
4.8513750213e-10
4.63106553103e-10
4.40876012221e-10
1.14996526751e-10
1.9620489337e-10
2.76400582721e-10
3.58184449786e-10
3.80620809988e-10
4.31611568662e-10
4.83291766813e-10
5.30256980252e-10
5.66667980932e-10
6.0340885116e-10
5.66447009287e-11
8.75875554733e-11
1.18144549217e-10
1.49306686914e-10
3.33347485802e-10
5.08718902946e-10
6.86461494424e-10
6.14696956611e-10
5.33512071223e-10
4.51591682254e-10
1.50232209584e-10
2.41472783496e-10
3.31575577411e-10
4.23462747151e-10
4.6431133535e-10
5.46367369857e-10
6.29532873433e-10
6.70656572009e-10
6.86987790188e-10
7.03466962871e-10
5.10133080656e-11
6.07905599619e-11
7.04458884511e-11
8.02924289326e-11
3.53099359285e-10
6.02801814024e-10
8.55880463477e-10
7.73511771781e-10
6.19815609564e-10
4.64727019714e-10
1.93424336928e-10
2.96962455263e-10
3.9920944187e-10
5.03481305211e-10
5.66899721278e-10
6.87035771323e-10
8.0879616542e-10
8.42759297388e-10
8.3447658863e-10
8.26118841742e-10
4.3010802418e-11
2.27106189718e-11
2.66358104703e-12
-1.77804639878e-11
-3.79640869276e-11
7.36498582396e-10
1.09663373529e-09
1.45683337653e-09
1.81274454294e-09
4.83393025577e-10
2.54802623153e-10
3.75816199354e-10
4.95320722944e-10
6.17191887717e-10
7.37510622724e-10
8.86932973405e-10
1.06353873824e-09
1.24017612736e-09
1.41471050217e-09
1.00041361698e-09
8.38356615601e-11
1.64043940665e-10
2.43252013703e-10
3.2402870592e-10
3.58114285348e-10
4.12078248461e-10
4.66771851365e-10
4.01194276264e-10
4.53803972548e-10
5.0689029228e-10
9.43851480567e-11
1.76295875634e-10
2.57185167426e-10
3.39676372881e-10
3.39443948178e-10
3.5663014149e-10
3.74048707108e-10
4.39238732971e-10
5.10105438089e-10
5.81614168077e-10
8.81597306028e-11
1.42570991071e-10
1.96303737133e-10
2.51100594627e-10
3.81466978134e-10
5.1480487535e-10
6.49945617092e-10
5.7112483634e-10
5.43312901887e-10
5.15249002092e-10
1.4716402075e-10
2.42340979576e-10
3.36331071252e-10
4.32182521938e-10
4.52098862371e-10
5.08933118669e-10
5.66535823622e-10
6.23911563893e-10
6.64801974364e-10
7.06062836098e-10
9.19896203264e-11
1.23552092859e-10
1.54720977885e-10
1.86507124625e-10
4.02150791745e-10
6.05791316309e-10
8.12185238164e-10
7.21634760978e-10
6.22592239301e-10
5.22652430783e-10
1.93911022278e-10
3.00838071638e-10
4.06431728926e-10
5.14116539674e-10
5.51878929229e-10
6.43830041312e-10
7.37024412534e-10
7.87478928424e-10
8.01818906493e-10
8.16288799202e-10
9.66843238585e-11
1.00238604728e-10
1.03748563324e-10
1.07328032364e-10
4.27505143914e-10
7.17323082646e-10
1.01105961238e-09
9.06130797631e-10
7.19773362583e-10
5.31727601435e-10
2.51213798345e-10
3.72544184488e-10
4.92361567365e-10
6.14551787221e-10
6.74189978924e-10
8.09187559392e-10
9.46010424749e-10
9.87980859139e-10
9.69775145876e-10
9.5140449591e-10
1.03355744667e-10
6.71089110683e-11
3.13140794729e-11
-5.18962505937e-12
-4.12283349588e-11
8.75815592703e-10
1.29367056522e-09
1.7116003618e-09
2.12455435827e-09
5.44623896573e-10
3.32644059071e-10
4.74442344854e-10
6.1447239041e-10
7.57275560051e-10
8.98259662058e-10
1.04416929561e-09
1.24299054737e-09
1.44184740147e-09
1.63833670015e-09
1.14341101229e-09
-1.15831848515e-10
-1.99251299791e-10
-2.81630501331e-10
-3.65641122378e-10
-4.04553336793e-10
-4.58965703571e-10
-5.1411377295e-10
-4.28240686155e-10
-4.79211342787e-10
-5.30643773804e-10
-1.35568926483e-10
-2.1444043064e-10
-2.92328398462e-10
-3.71758842391e-10
-3.83014122573e-10
-3.99833688495e-10
-4.16880669601e-10
-5.17177422704e-10
-5.79684787054e-10
-6.42758443889e-10
-1.49141173229e-10
-2.02539512889e-10
-2.55271969377e-10
-3.09048727784e-10
-4.07886794457e-10
-5.48491193489e-10
-6.90996686483e-10
-5.62222363921e-10
-5.362335544e-10
-5.10009296343e-10
-1.68934888039e-10
-2.65638903837e-10
-3.61137009917e-10
-4.58526339392e-10
-5.24369444637e-10
-5.97091877427e-10
-6.7079758086e-10
-7.34570222774e-10
-7.79904665687e-10
-8.25649821075e-10
-1.78643717976e-10
-2.05451930204e-10
-2.31925841076e-10
-2.5892403543e-10
-4.10839285531e-10
-6.27785198844e-10
-8.47664409897e-10
-6.80891849943e-10
-5.86738941829e-10
-4.91733044877e-10
-1.98487596845e-10
-3.10986122954e-10
-4.22081780063e-10
-5.35377551021e-10
-6.4956987275e-10
-7.71806273337e-10
-8.95695416545e-10
-9.27118131408e-10
-9.57242272476e-10
-9.87639326582e-10
-2.14808127666e-10
-2.09021990139e-10
-2.03308006384e-10
-1.97480864156e-10
-4.14458468137e-10
-7.24984302183e-10
-1.03970871602e-09
-8.26357671517e-10
-6.48648771581e-10
-4.69329897919e-10
-2.34713497963e-10
-3.6657303671e-10
-4.967882725e-10
-6.29582262051e-10
-8.03041365277e-10
-9.85972307034e-10
-1.17137663448e-09
-1.16314460006e-09
-1.17462385499e-09
-1.18620710753e-09
-2.66199657225e-10
-2.14095233204e-10
-1.62640557084e-10
-1.10166883926e-10
-5.83616354308e-11
-8.6310934377e-10
-1.31261378261e-09
-1.76219871289e-09
-2.2064309625e-09
-4.37493846978e-10
-2.86192410077e-10
-4.45564966785e-10
-6.02950130174e-10
-7.63452114567e-10
-9.2190957876e-10
-1.29031351281e-09
-1.56313415471e-09
-1.8360036498e-09
-2.10562440772e-09
-1.46838237519e-09
-1.85280749089e-11
-1.40249891775e-11
-1.00742733683e-11
-4.04443039289e-12
5.02619845553e-13
6.6226962845e-12
1.72426420848e-11
2.04413431733e-11
2.61027202612e-11
3.96473533508e-11
-1.78933318005e-11
-1.19132551738e-11
-4.35797995018e-12
5.91822207463e-12
1.24065202583e-11
1.95499545435e-11
2.57384712612e-11
2.534112275e-11
2.68428375027e-11
3.48748924244e-11
-5.98292402042e-11
-4.74355104955e-11
-3.519633196e-11
-1.85746727846e-11
-4.32729066021e-12
1.21708403852e-11
2.88920405346e-11
4.11257347785e-11
4.45967101663e-11
4.80991312452e-11
-4.33303209649e-11
-3.34084534467e-11
-2.36103127082e-11
-6.67650579155e-12
1.03243152747e-11
2.70992749147e-11
4.41010466224e-11
4.33908025944e-11
5.55351049595e-11
6.77894299952e-11
-9.68553277668e-11
-7.70276865199e-11
-5.74472981412e-11
-3.14443160458e-11
-8.60521139388e-12
1.70849108744e-11
4.31223859755e-11
5.94461959145e-11
6.0977101225e-11
7.10646440693e-11
-6.43805483394e-11
-5.24470576313e-11
-4.06623788654e-11
-1.78318361873e-11
8.48007657491e-12
3.37858158149e-11
5.94337106943e-11
5.93776618851e-11
8.09482561356e-11
4.78468816857e-11
-1.28860280333e-10
-1.13301966808e-10
-8.47226760408e-11
-4.72200077853e-11
-1.38491142287e-11
2.31086101837e-11
5.0920581552e-11
8.19035353716e-11
8.10562902648e-11
8.91533872102e-11
-8.85091234975e-11
-7.57847014704e-11
-6.15649115741e-11
-3.15061121563e-11
6.21939687841e-12
4.19822207893e-11
3.9038075555e-11
7.89744571447e-11
1.12099860803e-10
5.53156027755e-11
-2.06739200533e-10
-1.6484962827e-10
-1.23482423582e-10
-8.12959919122e-11
-3.96469430792e-11
3.16686039391e-11
8.53543788969e-11
1.39049767209e-10
1.92105867485e-10
1.05324860212e-10
-1.2685219087e-10
-1.08948721663e-10
-9.12685106865e-11
-7.32381647181e-11
-5.54374944555e-11
5.36297436477e-11
1.04937100843e-10
1.56253645496e-10
2.06959224216e-10
2.06362188644e-10
-1.11189964202e-11
6.43801117526e-12
1.99260822517e-11
3.28574190692e-11
4.52514471375e-11
5.80588856624e-11
6.77736662656e-11
7.00097899777e-11
8.19276288077e-11
1.00787797814e-10
-1.01295266298e-11
1.04610697765e-11
2.74557443316e-11
4.34730240579e-11
5.60908798233e-11
6.58816425581e-11
7.37286312353e-11
8.52762213341e-11
9.38493818438e-11
1.10963829524e-10
-4.99624447638e-11
-3.0300292258e-11
-1.08833289574e-11
1.47428848907e-11
4.02562150048e-11
7.41103529681e-11
1.08422228369e-10
1.07781018877e-10
1.08764321503e-10
1.09756532468e-10
-2.94540725431e-11
-7.75263936438e-12
1.36781745546e-11
4.32722746338e-11
6.93949654509e-11
9.60572092828e-11
1.23079949878e-10
1.29336566367e-10
1.47830871499e-10
1.66492727865e-10
-8.78197007429e-11
-6.28399324417e-11
-3.81716645998e-11
-1.30141681031e-12
3.58318665444e-11
8.83273668675e-11
1.41532652086e-10
1.41235535903e-10
1.32533963604e-10
1.72285247081e-10
-4.95649826037e-11
-2.38847817463e-11
1.47518418064e-12
4.3094468001e-11
8.11785841496e-11
1.2278413981e-10
1.64952238828e-10
1.68361443397e-10
1.95643048052e-10
2.32196894141e-10
-1.38419142381e-10
-1.02727233312e-10
-7.1621882484e-11
-2.0968625347e-11
3.04084716574e-11
1.05754674228e-10
1.53160940947e-10
1.82244298708e-10
1.61670944244e-10
2.13450445144e-10
-7.98261607251e-11
-4.36596659564e-11
-1.34833201487e-11
4.28765114834e-11
9.56230199738e-11
1.55546183683e-10
1.63980984724e-10
2.16198389433e-10
2.54251522535e-10
3.01997749526e-10
-2.00170266875e-10
-1.5940918718e-10
-1.19156402635e-10
-7.8106460838e-11
-3.75794249447e-11
1.30519795214e-10
2.39795845054e-10
3.49091462636e-10
4.57085825438e-10
1.65293119364e-10
-1.09248973752e-10
-7.17608172023e-11
-3.47401420904e-11
3.01368229247e-12
4.02865876582e-11
2.02102772344e-10
2.8921838668e-10
3.76349600554e-10
4.62443445217e-10
3.9138071267e-10
3.1034435084e-12
2.59893580518e-11
4.85898827226e-11
7.16379831907e-11
8.8006655544e-11
1.07203525412e-10
1.26659953684e-10
1.17369897533e-10
1.35265464537e-10
1.53323158439e-10
1.08663597304e-12
3.35335917808e-11
7.11119377409e-11
9.56902953686e-11
1.13542911341e-10
1.28655604174e-10
1.255315418e-10
1.37434049645e-10
1.54517091345e-10
2.02535210219e-10
-4.05352279877e-11
-1.39284704434e-11
1.23464979066e-11
4.6576101719e-11
8.28534670794e-11
1.33290379113e-10
1.84409242135e-10
1.71466722738e-10
1.70073181682e-10
1.68667015684e-10
-1.6196029169e-11
1.67601745865e-11
4.93054108547e-11
9.09957714486e-11
1.25833940768e-10
1.61942977327e-10
1.98540239516e-10
2.11453333759e-10
2.36014740715e-10
2.60798664494e-10
-7.91866227414e-11
-4.92842613963e-11
-1.97547857875e-11
2.74985767712e-11
7.82892144393e-11
1.56395878105e-10
2.35558611905e-10
2.19381053635e-10
2.0090287401e-10
2.6899633961e-10
-3.54094697328e-11
3.40500732587e-12
4.17354635846e-11
1.01306425512e-10
1.50638277963e-10
2.07817471867e-10
2.65769778284e-10
2.72489854652e-10
3.05228036716e-10
4.08333872007e-10
-1.26565751794e-10
-9.26236180482e-11
-5.91047464447e-11
-2.49220745134e-11
7.26943241063e-11
1.84718747837e-10
2.98257839365e-10
2.78114749572e-10
2.38694109768e-10
1.98916334252e-10
-1.11589138728e-10
1.38834982869e-11
1.44974928208e-10
2.94987473927e-10
3.52242803047e-10
4.15747804334e-10
4.81121821332e-10
5.88502275132e-10
6.52085399152e-10
8.27589762191e-10
-1.93893987817e-10
-1.54211124869e-10
-1.15023111589e-10
-7.5059027552e-11
-3.56040174518e-11
2.24967036403e-10
3.87356741546e-10
5.49775525336e-10
7.10260579089e-10
2.22589714001e-10
-9.24300030191e-11
-3.62296826089e-11
1.92698136217e-11
7.5868409614e-11
1.31746036497e-10
3.43961133084e-10
4.6528969979e-10
5.86639992446e-10
7.06545509439e-10
5.6815641904e-10
1.30950680947e-11
4.49115808543e-11
7.63313381988e-11
1.08373325476e-10
1.2938608503e-10
1.54766786847e-10
1.80490657863e-10
1.63206049526e-10
1.86886993112e-10
2.10782476865e-10
1.73473236022e-11
5.25282219613e-11
8.72704106467e-11
1.22700625961e-10
1.3822415562e-10
1.52992300646e-10
1.67960123857e-10
1.97963371402e-10
2.19831931236e-10
2.41898611743e-10
-3.14113605953e-11
1.91653819027e-12
3.48288344107e-11
6.83929184741e-11
1.24080022959e-10
1.90566107851e-10
2.57951142529e-10
2.33103145303e-10
2.29409242742e-10
2.25681874857e-10
-3.3646036803e-12
4.04842141641e-11
8.3786232425e-11
1.27945794289e-10
1.80456820329e-10
2.25708670315e-10
2.71572364734e-10
2.90927744305e-10
3.21361025624e-10
3.52070020671e-10
-7.08313402923e-11
-3.61647853122e-11
-1.93052608735e-12
5.53718429303e-11
1.19380367982e-10
2.22274077883e-10
3.26559000377e-10
2.95012001562e-10
2.670718067e-10
2.38878484507e-10
-2.17094535591e-11
2.98166644009e-11
8.0700246e-11
1.57645236171e-10
2.17862894785e-10
2.90114597736e-10
3.63343206654e-10
3.73267617448e-10
4.11286794938e-10
4.49650411435e-10
-1.19152605727e-10
-8.28451173475e-11
-4.6990387343e-11
-1.0425598187e-11
1.13619500591e-10
2.61141912116e-10
4.10658955158e-10
3.70900276977e-10
3.13238820585e-10
2.55054973755e-10
-1.49544077438e-10
7.27531133784e-11
2.83824963902e-10
3.82578423759e-10
4.16596356679e-10
4.50468559609e-10
4.86984621764e-10
6.93953200427e-10
1.00629732512e-09
1.45085002786e-09
-1.87819667135e-10
-1.49180326029e-10
-1.11022821759e-10
-7.21096547044e-11
-3.36921747056e-11
3.16375150236e-10
5.30169417214e-10
7.44001967704e-10
9.55288664714e-10
2.78042616371e-10
-7.61522338445e-11
-1.84187038041e-12
7.15418346743e-11
1.46378814411e-10
2.20262499288e-10
4.81254769438e-10
6.35695382673e-10
7.90163651134e-10
9.42792847023e-10
7.39243829188e-10
2.35584492094e-11
6.47272201439e-11
1.05382611975e-10
1.46843134203e-10
1.72719252452e-10
2.04575757065e-10
2.36862989372e-10
2.11206364489e-10
2.40945842355e-10
2.7095474836e-10
2.97576180957e-11
7.41947197828e-11
1.18077685922e-10
1.62829700628e-10
1.80526530483e-10
1.97858253905e-10
2.15424317327e-10
2.56002382e-10
2.8471867755e-10
3.13695131603e-10
-2.18567080019e-11
1.85096720362e-11
5.83726788734e-11
9.90251238911e-11
1.67253098818e-10
2.50546121434e-10
3.34965338277e-10
2.97649743733e-10
2.91546867646e-10
2.85388701867e-10
1.00726600972e-11
6.53283889563e-11
1.19895072796e-10
1.75542383187e-10
2.37658729937e-10
2.92485073093e-10
3.48052716169e-10
3.74154554843e-10
4.10736952232e-10
4.47650771956e-10
-6.20815615319e-11
-2.24258705735e-11
1.67353095551e-11
5.6672029043e-11
1.62411648455e-10
2.91262729876e-10
4.21855990164e-10
3.74213879635e-10
3.36364918617e-10
2.98173060688e-10
-7.36258841571e-12
5.74753530814e-11
1.21504758313e-10
1.8680218774e-10
2.88261535168e-10
3.76297398659e-10
4.65523583716e-10
4.78803622218e-10
5.22353138379e-10
5.66297196269e-10
-1.11389446504e-10
-7.26049228047e-11
-3.43040463836e-11
4.75533213244e-12
1.56476967366e-10
3.41173411191e-10
5.28367111833e-10
4.68066691386e-10
3.91303174646e-10
3.13844210211e-10
-1.32944166989e-10
2.704348908e-10
5.65722472015e-10
7.54759469393e-10
9.63410634853e-10
1.10933886351e-09
1.28548867832e-09
1.63417730466e-09
2.3477681763e-09
3.17892163253e-09
-1.81458546202e-10
-1.43911997028e-10
-1.06833657454e-10
-6.90210266352e-11
-3.16900639265e-11
4.12099116218e-10
6.79725021572e-10
9.47398849911e-10
1.2118857998e-09
3.36113738479e-10
-5.91059065832e-11
3.41695691945e-11
1.26281889525e-10
2.20218381898e-10
3.12958284353e-10
6.25030751951e-10
8.14146803531e-10
1.00329671957e-09
1.19019464931e-09
9.18409165198e-10
3.40116249257e-11
8.4523532364e-11
1.34405550758e-10
1.85275421624e-10
2.1601015512e-10
2.54336146391e-10
2.93180338452e-10
2.59159862622e-10
2.94951965612e-10
3.31068331176e-10
4.21558082801e-11
9.58400853104e-11
1.48854913499e-10
2.02919635632e-10
2.22787645968e-10
2.42680447416e-10
2.62842216869e-10
3.13984784583e-10
3.4954213695e-10
3.85421625142e-10
-1.23113744838e-11
3.50866218647e-11
8.18935599831e-11
1.29627452363e-10
2.10384066065e-10
3.10467633857e-10
4.11904418673e-10
3.62133387011e-10
3.53623886975e-10
3.45037294168e-10
2.3496817917e-11
9.01483321257e-11
1.55968694618e-10
2.23092549028e-10
2.94804847992e-10
3.59196345891e-10
4.24458472935e-10
4.57300190591e-10
5.00025706545e-10
5.43138299107e-10
-5.33403168179e-11
-8.70035600609e-12
3.53829395823e-11
8.03392510171e-11
2.05400958617e-10
3.60184094184e-10
5.17060032582e-10
4.53338508612e-10
4.05590445896e-10
3.57409804246e-10
6.97028359543e-12
8.51070650193e-11
1.62269472181e-10
2.40959986606e-10
3.58591512642e-10
4.62396141683e-10
5.67604299736e-10
5.84236693055e-10
6.33311153902e-10
6.82830210334e-10
-1.03633859034e-10
-6.23747159767e-11
-2.16300789736e-11
1.9921455819e-11
1.99292633359e-10
4.21126852005e-10
6.45960462536e-10
5.65138335092e-10
4.69291389091e-10
3.72576106923e-10
-2.87829691355e-11
-1.53978091785e-10
5.31020856432e-10
8.83485297308e-10
1.36055730973e-09
1.77882940848e-09
2.12656593618e-09
3.08262386664e-09
4.31114564349e-09
5.92639995667e-09
-1.75103629551e-10
-1.38648806461e-10
-1.02648579027e-10
-6.59354110415e-11
-2.96899058946e-11
5.07729718381e-10
8.29134757733e-10
1.15059735014e-09
1.46823266435e-09
3.94128221253e-10
-4.20762053589e-11
7.01458852195e-11
1.8096855398e-10
2.93985930388e-10
4.05563659119e-10
7.68666503388e-10
9.92424172825e-10
1.21622190989e-09
1.43735514968e-09
1.09739975333e-09
4.44539670723e-11
1.04299327879e-10
1.6339841045e-10
2.23667878197e-10
2.59256191516e-10
3.04044964534e-10
3.4943932078e-10
3.07063662215e-10
3.48902117447e-10
3.9111961286e-10
5.45411491007e-11
1.17463017792e-10
1.79600243857e-10
2.42968021818e-10
2.65004962444e-10
2.87456187641e-10
3.10210972961e-10
3.71907094768e-10
4.14298413947e-10
4.5707378204e-10
-2.77593365647e-12
5.16463915036e-11
1.0539006428e-10
1.60198064879e-10
2.53470332798e-10
3.70327044208e-10
4.88763760154e-10
4.26550200068e-10
4.15636570285e-10
4.04624067248e-10
3.69070630702e-11
1.14942552148e-10
1.92004930089e-10
2.70593434338e-10
3.51891740367e-10
4.25838479775e-10
5.00785043517e-10
5.40359655011e-10
5.89221922862e-10
6.38526863914e-10
-4.46081314448e-11
5.01093357155e-12
5.40112433871e-11
1.03981944513e-10
2.48345715077e-10
4.29034029062e-10
6.12165406457e-10
5.32381133594e-10
4.74744228513e-10
4.1658515542e-10
2.12883011575e-11
1.1271013972e-10
2.02991937895e-10
2.95061656856e-10
4.28848600813e-10
5.48405652807e-10
6.69579220296e-10
6.89560494083e-10
7.44154173616e-10
7.99242450717e-10
-9.58863093788e-11
-5.21551116355e-11
-8.96924674019e-12
3.50718614825e-11
2.42063925611e-10
5.0099742985e-10
7.63431940634e-10
6.62109374691e-10
5.47198777308e-10
4.31247134469e-10
-1.79918988756e-10
-6.67473409774e-10
2.56966705115e-10
6.0706310507e-10
8.82909390242e-10
1.27274255775e-09
1.6711854649e-09
2.88034325996e-09
4.59848320617e-09
7.23454230179e-09
-1.68755299075e-10
-1.33391070614e-10
-9.84678379738e-11
-6.28529933499e-11
-2.7691820807e-11
6.03261209918e-10
9.78389647097e-10
1.35358525742e-09
1.7243138535e-09
4.52082578382e-10
-2.50641535513e-11
1.0608491574e-10
2.35598541707e-10
3.67677026908e-10
4.98073058575e-10
9.1215339213e-10
1.17051677719e-09
1.42892642662e-09
1.68425949531e-09
1.27620483736e-09
-4.82609069215e-11
-1.03374881041e-10
-1.57801577839e-10
-2.13306128916e-10
-2.60478642681e-10
-3.05170222504e-10
-3.5046607142e-10
-3.00879923941e-10
-3.34876020004e-10
-3.69180107516e-10
-7.12581416356e-11
-1.26270776904e-10
-1.80597398557e-10
-2.35999892622e-10
-2.87147341522e-10
-3.1849197539e-10
-3.50260416013e-10
-4.37534905335e-10
-4.52521529674e-10
-4.67643927018e-10
2.67845884824e-11
-3.92292511975e-11
-1.04419891033e-10
-1.70901551896e-10
-2.11291566558e-10
-3.40259524565e-10
-4.70971241714e-10
-3.75698044894e-10
-3.8464432776e-10
-3.93671660479e-10
8.72449404433e-12
-6.54481391635e-11
-1.38695831473e-10
-2.13394104899e-10
-4.03677961051e-10
-5.16261709099e-10
-6.30367687497e-10
-6.55491248501e-10
-7.18293378868e-10
-7.81664472185e-10
9.32534558401e-11
1.75854495213e-11
-5.71389684323e-11
-1.3334321225e-10
-1.67725870563e-10
-3.71338620676e-10
-5.77704392547e-10
-4.41965523453e-10
-4.28724828914e-10
-4.15364178818e-10
7.95662570751e-11
-1.15766600222e-11
-1.01583014914e-10
-1.93371835773e-10
-5.0689079549e-10
-6.91429187527e-10
-8.78462699384e-10
-8.48538295305e-10
-9.53691302441e-10
-1.05979695505e-09
1.74731422279e-10
8.72292762089e-11
8.18291529359e-13
-8.73039572e-11
-1.14322759344e-10
-4.094355772e-10
-7.08538577438e-10
-5.23196626202e-10
-4.8275899162e-10
-4.41955007749e-10
1.66404547242e-10
5.44593466672e-11
-5.6089884938e-11
-1.68828409102e-10
-6.33409753835e-10
-9.06150612697e-10
-1.18257916557e-09
-1.08517661074e-09
-1.24224359585e-09
-1.40073354694e-09
2.90515900902e-10
1.86196819397e-10
8.31786083169e-11
-2.18797526551e-11
-1.25599850166e-10
-4.63573357522e-10
-8.94460840178e-10
-1.32542548059e-09
-1.75125913029e-09
-4.79741975177e-10
2.89806328005e-10
1.48299987752e-10
8.55824713322e-12
-1.33950908044e-10
-2.74644740827e-10
-1.21128105899e-09
-1.61474467014e-09
-2.01828052834e-09
-2.41701195818e-09
-1.88522238806e-09
-1.57170504023e-11
-1.31083790981e-11
-1.0532238212e-11
-7.90508000099e-12
-3.66004724737e-12
6.5050852946e-13
5.01934677551e-12
1.26482736431e-11
1.83537489624e-11
2.41109136758e-11
-1.5382616269e-11
-1.04862650699e-11
-6.71416347237e-12
2.27564962948e-12
9.1678796113e-12
1.40897820556e-11
1.98967487925e-11
2.35673708826e-11
2.49796849087e-11
3.21270972158e-11
-4.67420723612e-11
-3.92591246314e-11
-3.18694900833e-11
-1.95323283048e-11
-5.79772184445e-12
5.17950049123e-12
1.63051444356e-11
2.56137793005e-11
2.57783529655e-11
2.59444176041e-11
-4.13572215591e-11
-3.31123090402e-11
-2.49702114877e-11
-1.40906641519e-11
-3.77632477059e-12
7.90267837333e-12
1.97395918139e-11
2.32325632602e-11
3.34323647634e-11
4.37245725132e-11
-7.42213775248e-11
-6.24212135325e-11
-5.07681988835e-11
-3.09711104496e-11
-7.69109077328e-12
9.19089337165e-12
2.63011366489e-11
3.70975128828e-11
3.23544307969e-11
4.49169163778e-11
-6.13291212488e-11
-5.05324594851e-11
-3.98704332815e-11
-2.60923547823e-11
-1.09764783213e-11
6.88900554426e-12
2.49960463151e-11
3.02584175578e-11
4.71454612029e-11
2.73068126375e-11
-1.0790568708e-10
-9.08134515402e-11
-7.39343580581e-11
-5.67209947377e-11
-1.00119946215e-11
1.41080846444e-11
3.85542883941e-11
5.11743475965e-11
4.04154294289e-11
2.95590396343e-11
-1.15962812452e-11
-1.09845436064e-11
-7.57691522983e-12
5.20919301622e-12
-1.05287625275e-11
2.49439766598e-11
3.63871056236e-12
-1.84180301352e-12
-1.24227380251e-11
1.43457549739e-11
-1.55772863817e-10
-1.31160316077e-10
-1.06854689517e-10
-8.20677196972e-11
-5.75964933915e-11
2.10956722426e-11
5.59666619268e-11
9.08438958567e-11
1.25305887453e-10
3.23878742667e-11
-1.20600565489e-10
-1.02230970483e-10
-8.40904463471e-11
-6.55906712795e-11
-4.73265516398e-11
3.88068618055e-12
4.05958467703e-11
7.73175818359e-11
1.13602114255e-10
1.24908232367e-10
-1.46759248013e-11
-5.14451705004e-12
2.02291942107e-12
1.08867724705e-11
1.66872899846e-11
2.50678433419e-11
3.2405627446e-11
3.83831656363e-11
4.83415132678e-11
6.64585241263e-11
-1.61199927461e-11
-6.89079586557e-12
1.88616201191e-12
1.46284385068e-11
2.50612687666e-11
3.34686735213e-11
4.08100112465e-11
4.84930106319e-11
5.76344855675e-11
5.85923339834e-11
-5.48649793165e-11
-3.9262424919e-11
-2.38544360917e-11
-2.68422920029e-12
1.6904347872e-11
4.33421074566e-11
7.01373285818e-11
6.99489710605e-11
7.11200726847e-11
7.23017840355e-11
-4.68900325333e-11
-2.95399866146e-11
-1.24062976777e-11
1.45196477077e-11
4.04030755379e-11
6.58100890982e-11
9.15606276149e-11
9.82150295928e-11
1.16479768267e-10
1.34909978392e-10
-9.27232715747e-11
-7.1260003059e-11
-5.00643838635e-11
-1.89616183858e-11
9.98885838972e-12
5.12301455405e-11
9.30290508207e-11
9.00223217237e-11
8.32924699062e-11
1.37857018029e-10
-7.68946322542e-11
-5.48361274441e-11
-3.30526946162e-11
5.56761614309e-12
4.38099870223e-11
8.40361742365e-11
1.24806254545e-10
1.27344071241e-10
1.57713570991e-10
1.8464324536e-10
-1.39130210472e-10
-1.10482840779e-10
-8.21927069385e-11
-5.33423215375e-11
1.51180676635e-12
6.08993535145e-11
1.2108987163e-10
1.14628364472e-10
9.8213472952e-11
8.16498688797e-11
-9.62497539142e-11
-7.64646224743e-11
-6.0968619196e-11
-7.46134179329e-12
2.93056550881e-11
1.29937206603e-10
1.29239589982e-10
1.5362948401e-10
1.25439733396e-10
1.91037971334e-10
-2.05076913115e-10
-1.66220557539e-10
-1.27848744992e-10
-8.87170255476e-11
-5.00837771415e-11
7.46398069511e-11
1.60965774884e-10
2.47307200955e-10
3.32620660893e-10
8.89657613665e-11
-1.65940541103e-10
-1.29908545389e-10
-9.4325872627e-11
-5.80385284743e-11
-2.22134228941e-11
1.38126491421e-10
2.23470695755e-10
3.08830182425e-10
3.93173393764e-10
3.46978754954e-10
-1.63263557704e-11
2.78670211781e-12
2.08983207353e-11
3.54168095442e-11
4.76452847749e-11
6.1460452287e-11
6.8855151284e-11
8.34759765339e-11
9.67442091163e-11
1.18766466449e-10
-1.68155160983e-11
3.57015433583e-12
2.27431584816e-11
3.68676522328e-11
4.89885230311e-11
4.98702376397e-11
5.75965836353e-11
6.71352183305e-11
7.60151550822e-11
9.71299158411e-11
-6.26260001243e-11
-3.92655781744e-11
-1.61964632568e-11
1.34132650148e-11
3.85950106384e-11
7.98045202812e-11
1.21571218394e-10
1.1230897194e-10
1.14441759384e-10
1.16593869055e-10
-5.21763495295e-11
-2.61268158335e-11
-4.02122689184e-13
4.1855332689e-11
8.26142256791e-11
1.21137648805e-10
1.60181942172e-10
1.69856928809e-10
1.95827301137e-10
2.22032954969e-10
-1.10400882004e-10
-7.97050129316e-11
-4.93919247247e-11
-7.48716492821e-12
2.68811426534e-11
9.13964939457e-11
1.5678414899e-10
1.40589260989e-10
1.31961152635e-10
2.26656516382e-10
-9.17666793505e-11
-5.89480613569e-11
-2.65386951409e-11
3.58170938831e-11
9.61556435541e-11
1.57746335486e-10
2.20169787227e-10
2.20104431852e-10
2.63355726622e-10
3.34970133863e-10
-1.56671390271e-10
-8.49707877304e-11
-1.69223489268e-11
6.83084090144e-11
1.32587631968e-10
2.42118950203e-10
2.92893797636e-10
3.35460286914e-10
3.53506205911e-10
4.40702091934e-10
-1.20276505914e-10
-8.08827949046e-11
-3.64307605102e-11
4.51454969461e-11
1.06396050599e-10
1.66951057405e-10
2.12742483885e-10
2.83450968126e-10
3.07206845002e-10
3.65333849029e-10
-2.5218440242e-10
-1.99718819308e-10
-1.4790748779e-10
-9.50700961105e-11
-4.29057622437e-11
1.25798480305e-10
2.61287039791e-10
3.96799860814e-10
5.30699289555e-10
1.43023029468e-10
-2.092605614e-10
-1.56353048071e-10
-1.04105297256e-10
-5.0822843526e-11
1.78088306288e-12
2.66391470151e-10
3.98198230617e-10
5.30028593332e-10
6.60289406478e-10
5.59155744805e-10
-5.36202431292e-12
1.56132317556e-11
3.6326924073e-11
5.74508257766e-11
7.80562439485e-11
9.7958633234e-11
1.18130120161e-10
1.12408812589e-10
1.30746804501e-10
1.49250931509e-10
-2.11945525264e-12
2.2455469267e-11
4.67239417737e-11
7.14730217482e-11
9.71044085003e-11
1.13265778419e-10
1.29645664138e-10
1.59386290675e-10
1.67647622602e-10
1.75983798992e-10
-7.01372864734e-11
-3.92686299643e-11
-8.78490899854e-12
2.23025048424e-11
5.95877103328e-11
1.1509364403e-10
1.71350066305e-10
1.53305910904e-10
1.56369439e-10
1.59460721473e-10
-5.72925631918e-11
-2.28234742074e-11
1.12157814444e-11
4.59291429948e-11
1.2346710363e-10
1.74684875935e-10
2.2659515714e-10
2.39193531935e-10
2.72621585709e-10
3.06352484688e-10
-1.2750966153e-10
-8.78782789162e-11
-4.87411040047e-11
3.61806307644e-12
4.32298662732e-11
1.30270367878e-10
2.18487732889e-10
1.89529055125e-10
1.79063772413e-10
1.68503678299e-10
-1.06160173081e-10
-6.29276812847e-11
-2.02343034187e-11
6.50932026377e-11
1.46816919316e-10
2.29084648021e-10
3.12464708085e-10
3.09879945622e-10
3.65598524461e-10
4.2182189202e-10
-1.70976449183e-10
-9.70642260917e-11
-4.11995159282e-12
1.17204527985e-10
1.56050944738e-10
1.87709578469e-10
1.68278456565e-10
2.01905603365e-10
2.86723102814e-10
5.25295979882e-10
-3.05117237241e-10
-2.1295853565e-10
-5.92028118135e-11
9.34965426641e-11
8.83463803908e-11
1.87587374803e-10
2.38352419456e-10
4.11792983583e-10
4.631537996e-10
7.9630344411e-10
-2.97776064923e-10
-2.3213917258e-10
-1.67320779507e-10
-1.01218737298e-10
-3.59587218155e-11
1.75310967685e-10
3.58380162754e-10
5.41482139486e-10
7.22404135651e-10
1.9534084049e-10
-2.51186628235e-10
-1.81946618417e-10
-1.13570039141e-10
-4.38393451957e-11
2.5003099219e-11
3.90529132921e-10
5.67303375406e-10
7.44109272334e-10
9.18810148737e-10
7.64505294423e-10
-1.88045995125e-12
2.52700047946e-11
5.20819002575e-11
7.94247725746e-11
1.05530875566e-10
1.30675547334e-10
1.56160196969e-10
1.45950276811e-10
1.6853557039e-10
1.9132547797e-10
3.49166494179e-12
3.45257136842e-11
6.51727644239e-11
9.64267425856e-11
1.28289304643e-10
1.48306141178e-10
1.6859362278e-10
2.07830898935e-10
2.17978975949e-10
2.28218990605e-10
-7.80032196911e-11
-3.9271825845e-11
-1.02341674205e-12
3.79824554045e-11
8.15715844897e-11
1.52048950727e-10
2.23479232352e-10
1.96238528438e-10
2.00276742291e-10
2.04351540795e-10
-6.26503398927e-11
-1.9364164654e-11
2.33822272164e-11
6.69751591873e-11
1.66248858282e-10
2.30760345971e-10
2.96144085172e-10
3.11803876473e-10
3.53041727594e-10
3.94653177658e-10
-1.45426235461e-10
-9.64374472686e-11
-4.80595546559e-11
1.2764030539e-12
6.03504981079e-11
1.70979679446e-10
2.83104663691e-10
2.40779551307e-10
2.28390351689e-10
2.15888910725e-10
-1.2123325846e-10
-6.70951997536e-11
-1.36322485961e-11
4.08894710345e-11
1.9987017722e-10
3.03791213074e-10
4.09117351862e-10
4.03894228006e-10
4.72668736195e-10
5.42066314761e-10
-2.05326006516e-10
5.10872064065e-11
2.43630213904e-10
2.87106794766e-10
3.12535690754e-10
3.41264461781e-10
4.14867413781e-10
5.0868105217e-10
7.10320963386e-10
1.16692289092e-09
-1.88766522566e-10
4.96531065466e-11
1.45886372036e-10
2.68583287389e-10
2.75858190014e-10
1.67094948096e-10
2.35552180149e-10
3.63420187403e-10
6.87814645659e-10
1.10984478084e-09
-3.45520346777e-10
-2.66090259236e-10
-1.87650673626e-10
-1.07657687793e-10
-2.86836755013e-11
2.27161196936e-10
4.60057556696e-10
6.92995620522e-10
9.23160363921e-10
2.50128847293e-10
-2.95092242597e-10
-2.08748594243e-10
-1.23481660685e-10
-3.65261196125e-11
4.93217568977e-11
5.20527979959e-10
7.44392853007e-10
9.6829781288e-10
1.1895369989e-09
9.79550463586e-10
1.59770868668e-12
3.49173591557e-11
6.78215099169e-11
1.0137728721e-10
1.3297870996e-10
1.63360551181e-10
1.94153181362e-10
1.7945902656e-10
2.06287479223e-10
2.33358987265e-10
9.09731236248e-12
4.65841854582e-11
8.36035931214e-11
1.21356124955e-10
1.59443784777e-10
1.8331232752e-10
2.07503593754e-10
2.56228257026e-10
2.682612389e-10
2.80403234925e-10
-8.58614809162e-11
-3.92750186086e-11
6.73050538771e-12
5.36471126172e-11
1.03534016802e-10
1.88968213279e-10
2.75557554517e-10
2.39129271891e-10
2.44141220846e-10
2.49198576115e-10
-6.8002890917e-11
-1.59082291182e-11
3.55368065156e-11
8.80006482693e-11
2.08988885997e-10
2.8678112312e-10
3.65625179057e-10
3.84343400929e-10
4.33383432158e-10
4.82867747055e-10
-1.63325334564e-10
-1.04988267486e-10
-4.73786700524e-11
1.13718151206e-11
7.7454431433e-11
2.11649285422e-10
3.47658570741e-10
2.91980060614e-10
2.77668820569e-10
2.63227926239e-10
-1.36291642393e-10
-7.12586534573e-11
-7.0366330496e-12
5.84572260616e-11
2.52871689935e-10
3.78424913508e-10
5.0567572604e-10
4.97816814101e-10
5.79634517615e-10
6.62193457798e-10
-2.87752967112e-11
1.07082806276e-10
1.65174041704e-10
1.10566149289e-10
1.43215461839e-10
2.14072957127e-10
4.16506974639e-10
7.26234557691e-10
1.3600203706e-09
2.15063360395e-09
-1.35688603602e-10
1.14643916665e-10
3.07044492271e-10
4.18219055792e-10
3.59706446707e-10
3.30966322196e-10
3.72764953267e-10
7.34907078349e-10
1.34409567452e-09
2.30162232443e-09
-3.9321806152e-10
-3.00008231894e-10
-2.079607391e-10
-1.14090358095e-10
-2.14157248616e-11
2.78960854365e-10
5.61635780177e-10
8.44361323758e-10
1.12372078576e-09
3.0486341693e-10
-3.38955033871e-10
-2.35524428915e-10
-1.33383614985e-10
-2.92200269416e-11
7.36166955138e-11
6.50400033371e-10
9.21309607407e-10
1.19226769242e-09
1.4599997972e-09
1.19438588968e-09
5.07227258447e-12
4.45547150925e-11
8.35448071979e-11
1.23307050473e-10
1.60398097685e-10
1.96011680607e-10
2.32106790195e-10
2.12933048166e-10
2.44000262346e-10
2.7534893344e-10
1.46971501447e-11
5.86301599493e-11
1.02015320287e-10
1.46259670756e-10
1.90565976711e-10
2.18282233792e-10
2.46373238813e-10
3.04575456565e-10
3.18491389804e-10
3.32533396002e-10
-9.37115979157e-11
-3.92782080633e-11
1.4476391428e-11
6.92955351316e-11
1.25473687462e-10
2.25849213066e-10
3.27581903216e-10
2.81975563796e-10
2.87960238683e-10
2.93999132404e-10
-7.33498946095e-11
-1.24558752804e-11
4.7678788927e-11
1.09004346739e-10
2.51684618363e-10
3.4274384088e-10
4.35034263412e-10
4.56807746129e-10
5.13641871361e-10
5.70990891731e-10
-1.81205883216e-10
-1.13530225716e-10
-4.6698491111e-11
2.14567644004e-11
9.4540638408e-11
2.52276741814e-10
4.12145574749e-10
3.4312750621e-10
3.26896217724e-10
3.10517880057e-10
-1.51334419963e-10
-7.54177921981e-11
-4.47853134911e-13
7.60067740383e-11
3.05818272397e-10
4.52981264302e-10
6.02134028057e-10
5.91642059742e-10
6.8648944074e-10
7.82196102233e-10
-2.60949115163e-10
-8.3592515917e-11
1.19919199316e-10
1.33407681456e-10
3.33543782908e-10
4.8663518014e-10
7.89331441367e-10
1.30221173675e-09
2.20320265694e-09
3.60038058679e-09
-4.53050325933e-10
-6.34010525855e-10
-3.88083867293e-10
-3.36068770352e-10
-3.4473874456e-10
-2.5419274739e-10
-2.97963202169e-10
4.81077925287e-10
1.5815303041e-09
2.98485938157e-09
-4.40866342816e-10
-3.33891052296e-10
-2.2824975542e-10
-1.2051636164e-10
-1.41553066553e-11
3.30706827133e-10
6.63108728976e-10
9.95570153051e-10
1.32407334873e-09
3.59541260191e-10
-3.82772366174e-10
-2.62272513373e-10
-1.43275306996e-10
-2.19215062341e-11
9.78864550918e-11
7.8013748865e-10
1.098043007e-09
1.41600545177e-09
1.73018229048e-09
1.40899866243e-09
1.93100346719e-11
-7.49846229154e-12
-3.39726543479e-11
-6.09711354548e-11
-1.16403948569e-10
-1.51374741437e-10
-1.86818369889e-10
-1.73519161726e-10
-1.90540697221e-10
-2.07716441228e-10
-6.94735678829e-12
-3.81011231671e-11
-6.88663986512e-11
-1.00240942854e-10
-1.91280560472e-10
-2.37150262285e-10
-2.83640162425e-10
-3.57892387966e-10
-3.25358272293e-10
-2.92529410146e-10
2.02710350194e-10
1.24081010494e-10
4.64321873123e-11
-3.27543760087e-11
-1.46963386592e-11
-1.32027855641e-10
-2.50945796946e-10
-1.89173725867e-10
-2.33055101119e-10
-2.77334024615e-10
1.86383876127e-10
1.3474262551e-10
8.37453469704e-11
3.17381295934e-11
-2.82986477465e-10
-4.35431540771e-10
-5.89937794135e-10
-5.76412274228e-10
-6.56682092049e-10
-7.37679123295e-10
3.65150629656e-10
2.40622829247e-10
1.17647904211e-10
-7.76238907078e-12
7.53875444036e-11
-1.14892042508e-10
-3.07744375196e-10
-2.03039196963e-10
-2.70710715999e-10
-3.38995312758e-10
3.57620110995e-10
2.8783280291e-10
2.18915750235e-10
1.48633879475e-10
-3.6421171823e-10
-6.11052101717e-10
-8.61229982222e-10
-7.69958459203e-10
-9.50140332405e-10
-1.13195458351e-09
5.64270972223e-10
3.83480542557e-10
2.04944589442e-10
2.28729497564e-11
1.85812949448e-10
-9.38868522161e-11
-3.77368438857e-10
-2.20035580887e-10
-3.16869211659e-10
-4.14580117578e-10
5.67522592446e-10
4.75491730045e-10
3.84608502624e-10
2.91925443847e-10
-4.63778142394e-10
-8.2632891836e-10
-1.19378169665e-09
-1.00720862143e-09
-1.30986333671e-09
-1.61525998636e-09
8.47231459028e-10
5.86488871997e-10
3.28997773718e-10
6.6407378616e-11
-1.928380649e-10
-6.40373712744e-11
-4.76307897745e-10
-8.88652248287e-10
-1.29608729808e-09
-5.21990103376e-10
8.65805066087e-10
7.42164942289e-10
6.2006662444e-10
4.9555029848e-10
3.72620097106e-10
-1.13224860517e-09
-1.66635518558e-09
-2.20055740688e-09
-2.72839950864e-09
-2.30206240093e-09
-1.38811962149e-11
-1.21917690186e-11
-1.09902030557e-11
-9.19071814774e-12
-7.8227143403e-12
-5.32167922558e-12
4.74405474819e-13
4.85520411293e-12
1.06047776636e-11
2.1494576247e-11
-1.80564583768e-11
-1.49755393216e-11
-1.19367809101e-11
-6.99895863213e-12
-3.70075855597e-12
-1.45565915053e-12
2.97217799726e-12
5.25917148546e-12
9.05683554771e-12
1.29715140789e-11
-3.36549045183e-11
-3.10827387674e-11
-2.85426482065e-11
-2.0489983825e-11
-7.26815302869e-12
-1.81183940274e-12
3.71824833667e-12
1.01018238225e-11
6.95999576481e-12
3.78970396312e-12
-3.93841221534e-11
-3.28161646338e-11
-2.63301102672e-11
-2.15048225122e-11
-1.78769648159e-11
-1.1293918168e-11
-4.6218629947e-12
3.074323926e-12
1.13296245672e-11
1.96597150312e-11
-5.15874272829e-11
-4.7814740545e-11
-4.40890996258e-11
-3.04979048535e-11
-6.77697015269e-12
1.29687586892e-12
9.47988732222e-12
1.47488298511e-11
3.73176036874e-12
1.87691886863e-11
-5.82776941582e-11
-4.86178613389e-11
-3.90784876977e-11
-3.43528733774e-11
-3.04330332175e-11
-2.00078047264e-11
-9.44161806415e-12
1.13917323047e-12
1.33426662702e-11
6.76674358927e-12
-8.30719744177e-11
-6.83249362723e-11
-6.31460400753e-11
-4.27656790174e-11
-6.17487501437e-12
5.10755910515e-12
8.89892608282e-12
2.04451598215e-11
-2.25431407094e-13
1.72000261514e-11
-8.09735426781e-11
-6.79876831064e-11
-5.47055309997e-11
-5.01020970186e-11
-4.58243428711e-11
-3.06893430882e-11
-2.25142960602e-11
-1.23294697695e-12
1.58102657771e-11
3.19429997403e-12
-1.048065271e-10
-9.74710038848e-11
-9.02269554509e-11
-8.28394474822e-11
-7.55460437037e-11
1.05227405461e-11
2.65789449568e-11
4.26380245048e-11
5.85059074204e-11
-4.05491116783e-11
-1.14348940108e-10
-9.55132193024e-11
-7.69123820078e-11
-5.79431778409e-11
-3.92156088242e-11
-4.58683712866e-11
-2.37454073025e-11
-1.61848182431e-12
2.02450042941e-11
4.34542760902e-11
-1.8649109891e-11
-1.27102652133e-11
-8.45120140231e-12
-1.47048253472e-12
4.17287001788e-12
1.08136303514e-11
1.95261745559e-11
2.45612312912e-11
3.28264583195e-11
4.06500558232e-11
-2.01251027672e-11
-1.24207250038e-11
-5.64744337453e-12
5.78053618098e-12
1.702224532e-11
2.45828595194e-11
3.60490962864e-11
4.53785825159e-11
4.60015678972e-11
5.24698431393e-11
-5.97675138692e-11
-4.82245575801e-11
-3.68255432261e-11
-2.01113432913e-11
-6.44751926087e-12
1.2573861945e-11
3.18524287951e-11
3.21169232438e-11
3.34758238668e-11
3.48470356025e-11
-6.43259925235e-11
-5.13273338649e-11
-3.84907699101e-11
-1.42329792183e-11
1.1411185625e-11
3.55629689135e-11
6.00413053518e-11
6.70934928181e-11
8.51286650355e-11
1.0332722892e-10
-9.76268424065e-11
-7.96800736764e-11
-6.19571031271e-11
-3.66218199613e-11
-1.58541497649e-11
1.41329242136e-11
4.45254495553e-11
3.88091075446e-11
3.40509762087e-11
1.03428788977e-10
-1.04224281905e-10
-8.57874731418e-11
-6.7580573413e-11
-3.19592357148e-11
6.44138989511e-12
4.52882086626e-11
8.4660270261e-11
8.63266990858e-11
1.19784093929e-10
1.37089596579e-10
-1.34554686895e-10
-1.18238448246e-10
-9.27635313929e-11
-5.68604687827e-11
-2.73848581247e-11
1.60440328009e-11
3.51531004981e-11
4.7012430236e-11
3.475600166e-11
1.39574120186e-10
-1.46524360167e-10
-1.28028934191e-10
-1.03239042223e-10
-5.36881952912e-11
3.49382226237e-13
5.72094702905e-11
6.69829930574e-11
1.09902887414e-10
1.62264942251e-10
1.8581006068e-10
-2.09983559356e-10
-1.73031927898e-10
-1.3654108735e-10
-9.93275902572e-11
-6.25881293384e-11
1.87598186881e-11
8.21357047147e-11
1.45522939275e-10
2.08155496349e-10
1.26384033691e-11
-2.22632108455e-10
-1.88056273577e-10
-1.53911603164e-10
-1.19090739241e-10
-8.47134334464e-11
7.41502104986e-11
1.5772300483e-10
2.41310764296e-10
3.2390334231e-10
3.02576797239e-10
-1.61614779373e-11
-1.58534526652e-12
4.59790508199e-12
1.5451045487e-11
2.34245251878e-11
2.86556115578e-11
3.3640523241e-11
4.62701298838e-11
5.97647076184e-11
7.5513397652e-11
-1.53338670551e-11
-3.69404652894e-12
1.00663639582e-11
2.67948075975e-11
3.52122530068e-11
3.6261287594e-11
4.22158394148e-11
4.70976574453e-11
5.77209907574e-11
6.81976962694e-11
-8.47167722609e-11
-6.46026859055e-11
-4.47394244203e-11
-1.97495716893e-11
-5.6634458026e-12
2.63186614496e-11
5.87331946529e-11
5.31512211418e-11
5.8810337086e-11
6.45207224263e-11
-8.81566698899e-11
-6.90138062535e-11
-5.01096562331e-11
-7.28510607069e-12
3.93945105906e-11
8.0332320284e-11
1.21823644827e-10
1.28260523859e-10
1.5563986156e-10
1.83267245444e-10
-1.41615141266e-10
-1.10125764467e-10
-7.90290636619e-11
-4.24729066276e-11
-2.45269291325e-11
2.63971097868e-11
7.80096860744e-11
6.17974683433e-11
6.30194312589e-11
1.84316693153e-10
-1.48123888968e-10
-1.2130113004e-10
-9.48128538664e-11
-2.96722377463e-11
4.16730091454e-11
1.07675199105e-10
1.7456979617e-10
1.67719009052e-10
2.21483416528e-10
2.61606395719e-10
-1.8192802895e-10
-1.45812559948e-10
-1.10042420688e-10
-5.93336778658e-11
-6.46340259563e-12
7.0106923841e-11
9.796951816e-11
1.53761949972e-10
1.45751289788e-10
2.47408536651e-10
-1.47899820343e-10
-1.29876343848e-10
-9.50274335696e-11
-4.85939697277e-11
1.41908824455e-11
5.49580926749e-11
1.01980675904e-10
2.10855628145e-10
2.76414715209e-10
3.0484571876e-10
-3.10474817022e-10
-2.45226513746e-10
-1.80791863992e-10
-1.15081164669e-10
-5.02075070355e-11
2.66299242068e-11
1.35217338035e-10
2.43824196293e-10
3.51138000021e-10
6.34563449352e-11
-3.26091119781e-10
-2.76476413534e-10
-2.27480408133e-10
-1.77514096666e-10
-1.28184270371e-10
1.88821807218e-10
3.31106761444e-10
4.73417194218e-10
6.14033303516e-10
5.5015507057e-10
-2.38191167206e-11
-1.36851173431e-11
-3.6774900529e-12
6.52832607713e-12
2.67264028669e-11
4.11504796209e-11
5.5769582458e-11
6.16115756528e-11
7.46066158899e-11
8.77193861527e-11
-2.15862341075e-11
-7.61728342737e-12
6.17747290063e-12
2.02454175353e-11
5.59846613801e-11
7.35392561923e-11
9.1331204419e-11
1.20809209949e-10
1.15463313967e-10
1.1006898624e-10
-1.08863212352e-10
-8.04537981188e-11
-5.23986524078e-11
-2.37879087893e-11
-4.90460229353e-12
3.96211802093e-11
8.47489900799e-11
7.35086765045e-11
8.33296352578e-11
9.32395680893e-11
-1.11220522703e-10
-8.61311625789e-11
-6.13546695362e-11
-3.60875082991e-11
6.64773869314e-11
1.23661081556e-10
1.81617949547e-10
1.87459319564e-10
2.23882145794e-10
2.60634948706e-10
-1.84187982767e-10
-1.3959177252e-10
-9.55516819221e-11
-4.81357167775e-11
-3.29206354356e-11
3.82666578733e-11
1.10416465402e-10
8.40461086874e-11
9.10557381264e-11
9.81288720902e-11
-1.90610892602e-10
-1.5567202697e-10
-1.21168852837e-10
-2.74588308959e-11
7.57709438482e-11
1.68054698306e-10
2.61586209517e-10
2.46492273796e-10
3.19910253984e-10
3.93993372604e-10
-2.7652157231e-10
-2.12083483077e-10
-1.48448943907e-10
-8.3554200383e-11
-6.72628696098e-11
3.6606275655e-11
1.41879822249e-10
9.69629610406e-11
1.00526444869e-10
1.04122212479e-10
-2.02215463986e-10
-1.11666148256e-10
3.93324963464e-11
1.45588193587e-10
1.59886453475e-10
2.5027426303e-10
3.09187632483e-10
4.07350477011e-10
5.61873955596e-10
9.76339937955e-10
-4.07732462712e-10
-3.15098019131e-10
-2.23618737255e-10
-1.30327819891e-10
-3.82252689254e-11
3.42467851342e-11
1.86590908294e-10
3.38962311268e-10
4.89519606588e-10
1.12639064609e-10
-4.26221022626e-10
-3.62051366454e-10
-2.98681912957e-10
-2.34057504803e-10
-1.7025630085e-10
2.99803496405e-10
4.98911368139e-10
6.98054893534e-10
8.94827450451e-10
7.89766759658e-10
-2.73193691119e-11
-1.41872105547e-11
-1.21881145973e-12
1.20064109458e-11
3.83424986794e-11
5.67753376032e-11
7.54574045668e-11
8.06941891339e-11
9.6125298424e-11
1.11696207581e-10
-2.27742882121e-11
-5.14329241429e-12
1.22678429259e-11
3.00237845437e-11
7.60520788029e-11
9.87540284497e-11
1.21762928232e-10
1.59659415871e-10
1.51239274347e-10
1.42742849607e-10
-1.3414973138e-10
-9.70533237262e-11
-6.04195123575e-11
-2.3060213082e-11
-4.10992983829e-12
5.35517800197e-11
1.11993126427e-10
9.4827313143e-11
1.09006616936e-10
1.23314379723e-10
-1.35373339883e-10
-1.04056718264e-10
-7.31306183635e-11
-4.15920648128e-11
9.48389866279e-11
1.69035618849e-10
2.44235454174e-10
2.49453198102e-10
2.95346502957e-10
3.41655583359e-10
-2.28770909389e-10
-1.70449023964e-10
-1.12854418867e-10
-5.41192229352e-11
-4.17106522397e-11
5.06966290172e-11
1.44353337217e-10
1.0734522298e-10
1.2041578476e-10
1.33604760763e-10
-2.35103928505e-10
-1.91665752588e-10
-1.48769255505e-10
-1.05023245671e-10
1.11478819273e-10
2.31285027489e-10
3.52711120008e-10
3.28984833793e-10
4.22984334011e-10
5.17835433253e-10
-3.44758159852e-10
-2.60417946836e-10
-1.77129465556e-10
-9.21915575939e-11
-8.78018603447e-11
4.71967664979e-11
1.84020692379e-10
1.22689757618e-10
1.34401216287e-10
1.46218776231e-10
-2.28636997818e-10
-1.3505911999e-10
-5.34611488814e-11
-3.20384289249e-11
-3.17594688131e-11
-4.43539033169e-11
-1.15834437511e-10
9.79312891351e-11
4.64239112771e-10
8.49230829604e-10
-5.09582147352e-10
-3.88268521443e-10
-2.68467689798e-10
-1.46294348951e-10
-2.56772870761e-11
4.22232776548e-11
2.40390091819e-10
4.38592391133e-10
6.34434928043e-10
1.64143956107e-10
-5.3107857861e-10
-4.5166675768e-10
-3.73245210895e-10
-2.93270621123e-10
-2.14314770558e-10
4.16025207967e-10
6.74638902483e-10
9.33298906193e-10
1.18887934849e-09
1.04069176197e-09
-3.08162075523e-11
-1.46888140526e-11
1.23746907544e-12
1.7479152796e-11
4.99472647999e-11
7.23849559703e-11
9.51260242718e-11
9.97581904979e-11
1.17622992835e-10
1.35649643354e-10
-2.39611835551e-11
-2.67171439408e-12
1.83522727439e-11
3.97926142782e-11
9.60999235859e-11
1.23944207624e-10
1.52164970639e-10
1.98471729468e-10
1.86980340851e-10
1.75384844709e-10
-1.59411587349e-10
-1.13636659082e-10
-6.84325492077e-11
-2.23332271285e-11
-3.31603246225e-12
6.74687926999e-11
1.39210690362e-10
1.16125156772e-10
1.34658554718e-10
1.53359858062e-10
-1.59502599751e-10
-1.21964790362e-10
-8.4895081587e-11
-4.7091252489e-11
1.23172924002e-10
2.14365900349e-10
3.06791885179e-10
3.11386611268e-10
3.66741157771e-10
4.22597195002e-10
-2.73310352311e-10
-2.01276178965e-10
-1.30140279687e-10
-5.75956207759e-11
-5.04920957516e-11
6.31144766603e-11
1.78257108899e-10
1.30621612615e-10
1.49747195242e-10
1.69046048232e-10
-2.79553568382e-10
-2.27624371934e-10
-1.7634273828e-10
-1.24045534483e-10
1.47151867227e-10
2.94453685334e-10
4.43747152343e-10
4.11396935147e-10
5.25957881329e-10
6.41556705262e-10
-4.12928193233e-10
-3.08705267854e-10
-2.05782013823e-10
-1.00820490408e-10
-1.08320818493e-10
5.77769279667e-11
2.26120460654e-10
1.48391461713e-10
1.68242948143e-10
1.88274281343e-10
-1.03870430487e-10
2.74581644414e-10
4.29256161971e-10
3.59445070278e-10
3.50666308158e-10
2.05137558897e-10
1.90774787334e-10
3.90116483328e-10
7.37430719067e-10
1.25700847756e-09
-6.1133249349e-10
-4.61367657328e-10
-3.13272899174e-10
-1.62245305149e-10
-1.31415438286e-11
5.01919903494e-11
2.94136802621e-10
5.38125297374e-10
7.79208907174e-10
2.15598612606e-10
-6.35833862382e-10
-5.4119474305e-10
-4.4773578395e-10
-3.52425984271e-10
-2.58330268091e-10
5.32133563353e-10
8.50195041989e-10
1.16831347496e-09
1.48264444471e-09
1.29137202603e-09
-3.43094219033e-11
-1.51898976936e-11
3.69120394536e-12
2.29462227498e-11
6.15400038536e-11
8.79783966808e-11
1.14774259611e-10
1.18802434116e-10
1.39098407245e-10
1.5957825402e-10
-2.51468488113e-11
-2.02697893289e-13
2.44303967179e-11
4.95513196927e-11
1.16126990978e-10
1.49108279942e-10
1.82535504665e-10
2.37243818362e-10
2.22684365661e-10
2.07993009965e-10
-1.84647262175e-10
-1.3020280763e-10
-7.64372814245e-11
-2.16069946162e-11
-2.52295787372e-12
8.13713819235e-11
1.66400046279e-10
1.37400927524e-10
1.60283907081e-10
1.8337419756e-10
-1.83606852289e-10
-1.39854302708e-10
-9.66473522352e-11
-5.25847408607e-11
1.51477496358e-10
2.59649201986e-10
3.69283483307e-10
3.73255837246e-10
4.3806181986e-10
5.03454919547e-10
-3.17803634987e-10
-2.32071385003e-10
-1.47408225609e-10
-6.10684157118e-11
-5.92644382608e-11
7.5519454567e-11
2.12125743042e-10
1.53873878827e-10
1.79048206935e-10
2.04450604695e-10
-3.23957141084e-10
-2.63545724116e-10
-2.03887644165e-10
-1.43048108779e-10
1.82787943981e-10
3.57556875797e-10
5.34688835819e-10
4.93723625401e-10
6.28824707864e-10
7.65149753748e-10
-4.81027575854e-10
-3.56942544362e-10
-2.34404866868e-10
-1.09440480281e-10
-1.28818510993e-10
6.8346124259e-11
2.68176597139e-10
1.74066528812e-10
2.02049606757e-10
2.30286200538e-10
-5.75546836775e-10
-3.62277281948e-10
-3.06737353955e-10
-4.49313546746e-10
-4.07643679427e-10
-2.41024159427e-10
2.22701861229e-11
6.71758432196e-10
1.16379779672e-09
2.27716801661e-09
-7.12977386558e-10
-5.34391033979e-10
-3.58031672867e-10
-1.78179729931e-10
-6.18792503527e-13
5.81524443477e-11
3.47827810855e-10
6.37555048679e-10
9.23832843961e-10
2.66999941999e-10
-7.40480578797e-10
-6.30629942487e-10
-5.22149155699e-10
-4.11520039377e-10
-3.02300148391e-10
6.48121585169e-10
1.02556923682e-09
1.40308447691e-09
1.77610508565e-09
1.54179248751e-09
8.68809762653e-11
8.83779564583e-11
8.98562691435e-11
9.13638580066e-11
2.76707455431e-11
2.42073963029e-12
-2.31706683589e-11
-4.61583995112e-11
-4.62053744385e-11
-4.62527749404e-11
5.7363428059e-11
5.00685305695e-11
4.28646012543e-11
3.55180069146e-11
-9.54137794215e-11
-1.55808549179e-10
-2.17019908836e-10
-2.78249870597e-10
-1.98195014912e-10
-1.17414893275e-10
3.78636111905e-10
2.87391272185e-10
1.97284265657e-10
1.05392799879e-10
1.8189888924e-10
7.62038132823e-11
-3.09203521775e-11
-2.64940683944e-12
-8.14658744778e-11
-1.60996388752e-10
3.6404325821e-10
3.34933390183e-10
3.06186525414e-10
2.76870364086e-10
-1.62294993879e-10
-3.54601372444e-10
-5.49507900773e-10
-4.97333299955e-10
-5.9507080523e-10
-6.93693774405e-10
6.37047803472e-10
4.63660208972e-10
2.92434776855e-10
1.17818434109e-10
3.18500959371e-10
1.4155453566e-10
-3.77843578454e-11
3.5887129527e-11
-1.12696603084e-10
-2.62626446699e-10
6.35673964915e-10
5.87242265841e-10
5.39414515384e-10
4.90639594724e-10
-2.2153264097e-10
-5.30675015907e-10
-8.4399726506e-10
-6.913786231e-10
-9.46589362369e-10
-1.20411221198e-09
9.53810522167e-10
6.79731808905e-10
4.09070887355e-10
1.33049856713e-10
4.85948658241e-10
2.21661872768e-10
-4.6198300277e-11
8.31254644278e-11
-1.50979431698e-10
-3.87205227408e-10
9.68640637651e-10
8.96524113422e-10
8.25306890186e-10
7.52679296796e-10
-2.94146530952e-10
-7.46507224023e-10
-1.20498422773e-09
-9.29240632118e-10
-1.37748307757e-09
-1.82978642578e-09
1.40394701716e-09
9.86780924598e-10
5.74816939119e-10
1.54694509887e-10
-2.60076279635e-10
3.35498614974e-10
-5.81549553115e-11
-4.51879015984e-10
-8.40915465873e-10
-5.64238231574e-10
1.44180380417e-09
1.33602989683e-09
1.23157500175e-09
1.125051505e-09
1.01988493504e-09
-1.05321615135e-09
-1.71796570101e-09
-2.38283428542e-09
-3.0397870591e-09
-2.7189024138e-09
-1.10999652949e-11
-1.12751589391e-11
-1.14481678994e-11
-1.16246030909e-11
-1.19853814332e-11
-1.12938669806e-11
-1.05930026502e-11
-2.93786541725e-12
2.8558063648e-12
8.7019665667e-12
-1.49355318528e-11
-1.10006611124e-11
-8.16981459104e-12
-1.22011945129e-12
3.77961385867e-12
8.2942869982e-12
1.66910800429e-11
1.67018148663e-11
1.87212641551e-11
1.71165024863e-11
-2.05677366754e-11
-2.29063529034e-11
-2.52158063298e-11
-2.75709956616e-11
-8.73858421293e-12
-8.8031792967e-12
-8.86864776228e-12
-5.41013165543e-12
-1.18583614359e-11
-1.83650096779e-11
-3.74110227477e-11
-3.25200202273e-11
-2.76900090467e-11
-2.27643453916e-11
-3.19776048611e-11
-3.04905147094e-11
-2.89833178033e-11
-1.70839154082e-11
-1.07731156289e-11
-4.40514245071e-12
-2.8953477041e-11
-3.32082675575e-11
-3.74100003681e-11
-3.00246992573e-11
-5.8628495321e-12
-6.59714163381e-12
-7.3413620044e-12
-7.59985318067e-12
-2.48909100594e-11
-4.23386172088e-11
-5.52262670676e-11
-4.67032631927e-11
-3.82865421139e-11
-4.26133919724e-11
-4.98895881137e-11
-4.6904614997e-11
-4.38792824434e-11
-2.79800710968e-11
-2.04601286625e-11
-1.28720584655e-11
-3.92327716827e-11
-4.58364210045e-11
-5.23577220925e-11
-5.90081695866e-11
-2.33775540721e-12
-3.89296643412e-12
-5.46920526894e-12
-1.02840279535e-11
-4.0866292243e-11
-7.17256199887e-11
-3.766760012e-11
-3.46271145842e-11
-4.34667212478e-11
-4.36305623626e-11
-5.56048092605e-11
-3.50410697468e-11
-4.18799423898e-11
-3.82509890315e-11
-5.22747312262e-11
6.18697045275e-12
-5.3840190384e-11
-6.37816916922e-11
-7.35992213851e-11
-8.36111752671e-11
-9.3495594016e-11
-5.0191150368e-14
-2.80877201328e-12
-5.56784684717e-12
-8.29407261177e-12
-1.13486097623e-10
-1.08097314727e-10
-8.87954681221e-11
-6.97343176684e-11
-5.02956844023e-11
-3.11046660085e-11
-9.56174287538e-11
-8.80866613753e-11
-8.05545454845e-11
-7.31121056669e-11
-3.79996801869e-11
-2.1924475242e-11
-2.22844034076e-11
-2.26398432293e-11
-2.30023221028e-11
-1.63664185419e-11
-1.28089973041e-11
-9.20347663211e-12
1.83695194795e-12
8.2758730754e-12
1.47731283316e-11
-1.90928903978e-11
-1.21430385664e-11
-4.6816753297e-12
4.49933998187e-12
1.41860095757e-11
2.14621109519e-11
2.86121881899e-11
3.71338334705e-11
4.03078471383e-11
4.31509877139e-11
-6.46700484219e-11
-5.71866902411e-11
-4.97966503604e-11
-4.22602597625e-11
-2.97993863937e-11
-1.81943835666e-11
-6.43247099165e-12
-5.71512457299e-12
-4.16842495113e-12
-2.60771283042e-12
-8.17619525137e-11
-7.31146811151e-11
-6.45752421424e-11
-5.58666900069e-11
-1.7580704288e-11
5.31584872887e-12
2.85219830887e-11
3.59719560435e-11
5.37775618035e-11
7.17444794475e-11
-1.02530413238e-10
-8.81001442937e-11
-7.38498223908e-11
-5.42820215368e-11
-4.16971579195e-11
-2.29642971134e-11
-3.97815171009e-12
-1.24041066344e-11
-1.51905174889e-11
-1.80021721453e-11
-1.31553931555e-10
-1.1673881884e-10
-1.0210845221e-10
-6.94860875727e-11
-3.09272072321e-11
6.54024308868e-12
4.45142859773e-11
4.53093269303e-11
8.18546168683e-11
1.18730992963e-10
-1.48939892691e-10
-1.25994055713e-10
-1.03334355847e-10
-8.02259082918e-11
-5.62815230158e-11
-2.88112879127e-11
-9.69631300443e-13
-2.0603504e-11
-2.8701469632e-11
-3.68727996926e-11
-1.06173646876e-10
-9.60096093588e-11
-9.37412912228e-11
-5.70815274911e-11
-3.49675789347e-11
4.41434119727e-11
6.32030431945e-11
9.3935790712e-11
3.95830061854e-11
5.87512821981e-11
-2.14890205597e-10
-1.79843298256e-10
-1.45233429707e-10
-1.09938154967e-10
-7.50924815353e-11
-3.71201695748e-11
3.30563454485e-12
4.37386775944e-11
8.36903318045e-11
-6.36889546283e-11
-2.79323675807e-10
-2.46204001764e-10
-2.134973337e-10
-1.80142950008e-10
-1.47213443999e-10
1.01739295759e-11
9.1975313905e-11
1.73791346168e-10
2.54633290856e-10
2.58174839523e-10
-3.22667390888e-11
-3.28031716107e-11
-3.333291476e-11
-3.38731488256e-11
-2.05522747074e-11
-1.42566265866e-11
-7.87585581867e-12
6.3990449436e-12
1.34544687127e-11
2.05738118854e-11
-1.8138076897e-11
-8.58750399009e-12
-5.69490494981e-14
1.24513519973e-11
2.15336802677e-11
3.23818584156e-11
3.17451064063e-11
3.20270205943e-11
4.4397131948e-11
6.64244471922e-11
-1.06807544397e-10
-8.99397936366e-11
-7.32823855838e-11
-5.6295097902e-11
-4.99219022436e-11
-2.7167197382e-11
-4.10482908801e-12
-6.00652965648e-12
3.17891478796e-12
1.24475757974e-11
-1.2413699025e-10
-1.11900796674e-10
-9.98171897769e-11
-8.7494281799e-11
-3.82520449804e-12
3.95269917627e-11
8.34653474828e-11
8.66641189086e-11
1.15452421982e-10
1.44501535919e-10
-1.72829400528e-10
-1.40546516002e-10
-1.08666202599e-10
-7.7458648327e-11
-7.59350009185e-11
-3.86022743722e-11
-7.64776840846e-13
-1.69943243023e-11
-5.92229011682e-12
5.25005240515e-12
-2.04481098586e-10
-1.83654198722e-10
-1.63087012592e-10
-9.51615693756e-11
-1.28096252632e-11
5.76040627235e-11
1.28969805112e-10
1.15333586252e-10
1.79611106434e-10
2.44470956024e-10
-2.5375941772e-10
-2.02580562773e-10
-1.52039913779e-10
-1.00498368938e-10
-1.07822025101e-10
-5.26194655215e-11
3.32948075245e-12
-3.04632338681e-11
-1.70786058066e-11
-3.5727182047e-12
-9.15541157409e-11
-7.47977839277e-11
-6.94638578863e-11
-4.8002656044e-11
-8.82253435156e-12
9.04919255409e-11
1.14471927657e-10
1.92862046808e-10
1.77909792939e-10
2.84131392655e-10
-3.68765231625e-10
-2.90734208185e-10
-2.13676240193e-10
-1.35092233227e-10
-5.75092518274e-11
-7.25386318915e-11
9.14763627976e-12
9.0848531771e-11
1.71576710487e-10
-1.61103395976e-11
-4.42921678162e-10
-3.96599778996e-10
-3.5085551901e-10
-3.04205349806e-10
-2.58149423805e-10
1.11252144285e-10
2.64015292271e-10
4.16805795104e-10
5.67777200554e-10
5.41154396335e-10
-4.22762091282e-11
-4.29834664418e-11
-4.36819041788e-11
-4.43941736224e-11
-2.46034382146e-11
-1.56576739922e-11
-6.59095524441e-12
1.08143387162e-11
1.84664272786e-11
2.61878407964e-11
-4.10530129623e-11
-3.76900361217e-11
-3.43689959724e-11
-3.09821866777e-11
1.48649142599e-11
3.38127339655e-11
5.30167446998e-11
8.22321292217e-11
6.32790053318e-11
4.41541734887e-11
-1.4758913823e-10
-1.21638966273e-10
-9.6012395817e-11
-6.9878322421e-11
-6.93969149198e-11
-3.58512836115e-11
-1.85208614486e-12
-6.28855789476e-12
1.02898315154e-11
2.70184147053e-11
-1.65148482215e-10
-1.4943885095e-10
-1.33925120517e-10
-1.18104159593e-10
9.48767023272e-12
7.26372871762e-11
1.36640741953e-10
1.35725107194e-10
1.75142705879e-10
2.14917412724e-10
-2.40866304005e-10
-1.91305266124e-10
-1.42362259839e-10
-9.24499970711e-11
-1.09071137144e-10
-5.37370521315e-11
2.34519791474e-12
-2.14368377502e-11
3.04770383942e-12
2.77540658819e-11
-2.75061612124e-10
-2.48416372656e-10
-2.22103402256e-10
-1.95269335604e-10
4.72496838005e-12
1.07024748591e-10
2.10707710949e-10
1.8310460197e-10
2.74221983506e-10
3.66164853189e-10
-3.55206055601e-10
-2.76702665941e-10
-1.9917822219e-10
-1.20118501481e-10
-1.5770405471e-10
-7.56615425754e-11
7.49025579426e-12
-4.00056969277e-11
-5.82974298921e-12
2.86558318402e-11
-1.33762520197e-10
-9.0240678737e-11
-2.74314338348e-11
7.09428104409e-11
1.41932880629e-10
2.59319756198e-10
3.11491078376e-10
3.60406303822e-10
4.85841673628e-10
8.31046794481e-10
-5.176888605e-10
-3.98056865682e-10
-2.79916695003e-10
-1.59436902485e-10
-4.04918160352e-11
-1.06817397417e-10
1.48016538336e-11
1.3644248305e-10
2.56635077526e-10
2.99372887284e-11
-6.01255417016e-10
-5.42156114492e-10
-4.83793786773e-10
-4.2427566441e-10
-3.65515700919e-10
2.09077859888e-10
4.30519360872e-10
6.52000514734e-10
8.70844752164e-10
8.15028224893e-10
-5.27582782726e-11
-5.3644425904e-11
-5.4519523177e-11
-5.5411950683e-11
-2.8845878207e-11
-1.71248721278e-11
-5.24538783575e-12
1.54381014563e-11
2.37150264582e-11
3.20669371912e-11
-4.90402413661e-11
-4.48122985128e-11
-4.06370785722e-11
-3.63791734982e-11
2.38148529629e-11
4.92019157219e-11
7.49322336853e-11
1.11487932806e-10
8.44995727459e-11
5.72667086082e-11
-1.9029624307e-10
-1.54834821607e-10
-1.19815607973e-10
-8.41028815685e-11
-8.97914441662e-11
-4.49453906877e-11
5.07020501301e-13
-6.58390215201e-12
1.77364915807e-11
4.22772186503e-11
-2.08096339873e-10
-1.88749271874e-10
-1.69643463943e-10
-1.50159288813e-10
2.34291149734e-11
1.07310891727e-10
1.92326823176e-10
1.87102519732e-10
2.37651278319e-10
2.8865798906e-10
-3.12115583318e-10
-2.44460600659e-10
-1.77649283078e-10
-1.09514848924e-10
-1.43771802587e-10
-6.95864214121e-11
5.60201074269e-12
-2.6089105348e-11
1.2441217832e-11
5.13206107998e-11
-3.4897459855e-10
-3.16236305423e-10
-2.83906262415e-10
-2.50935962377e-10
2.30874613255e-11
1.58778841904e-10
2.96304888154e-10
2.5407543958e-10
3.73299931827e-10
4.93604551745e-10
-4.61442516526e-10
-3.54324458851e-10
-2.48542175142e-10
-1.40665002457e-10
-2.099412742e-10
-9.97915558485e-11
1.18474826515e-11
-4.99987092656e-11
5.95023710787e-12
6.24060592412e-11
-1.31941483083e-10
-6.16433418747e-11
-5.05469522285e-11
-3.43416975909e-11
6.79625586389e-13
3.31005822411e-11
7.12886141092e-11
2.6806865482e-10
3.53656792296e-10
7.63997424257e-10
-6.73643947927e-10
-5.10446783651e-10
-3.4928470597e-10
-1.84931010109e-10
-2.26708986509e-11
-1.42714641627e-10
2.07226269429e-11
1.84189161744e-10
3.45709492165e-10
7.8159064921e-11
-7.67064914624e-10
-6.94584921117e-10
-6.23008761105e-10
-5.50015122633e-10
-4.77951298013e-10
3.11522435975e-10
6.04884951959e-10
8.98299999506e-10
1.18822169808e-09
1.10183306036e-09
-6.32301237913e-11
-6.42949872609e-11
-6.5346571766e-11
-6.64189816182e-11
-3.308418036e-11
-1.85906392402e-11
-3.90113281851e-12
2.00573544361e-11
2.89585064468e-11
3.79402994432e-11
-5.70196794727e-11
-5.19276142463e-11
-4.68990476337e-11
-4.17708963988e-11
3.27560623947e-11
6.45760877286e-11
9.68263475249e-11
1.40715201911e-10
1.05699442802e-10
7.03664544922e-11
-2.32961693781e-10
-1.87998299555e-10
-1.43595603803e-10
-9.83135668743e-11
-1.10166081726e-10
-5.40306278789e-11
2.86382620639e-12
-6.87895834694e-12
2.5175888589e-11
5.75211400088e-11
-2.51002308585e-10
-2.28021351606e-10
-2.05326969689e-10
-1.82183153247e-10
3.73569620063e-11
1.41950677578e-10
2.47958591301e-10
2.38429821606e-10
3.00098883384e-10
3.62326642949e-10
-3.83295370057e-10
-2.97564090444e-10
-2.12901889322e-10
-1.26563056672e-10
-1.78438622936e-10
-8.54203321017e-11
8.85564705702e-12
-3.07368353834e-11
2.18255699149e-11
7.4864170224e-11
-4.2281549437e-10
-3.8399009041e-10
-3.4564884351e-10
-3.06548295027e-10
4.14320445194e-11
2.1048245716e-10
3.81818578646e-10
3.24977056193e-10
4.72281245043e-10
6.20919952726e-10
-5.67575360332e-10
-4.31870543792e-10
-2.97857981248e-10
-1.61191463522e-10
-2.62127544419e-10
-1.23898034052e-10
1.62004597126e-11
-5.99819749764e-11
1.77187276693e-11
9.61233685524e-11
-2.92740504708e-10
-3.81616062487e-11
7.25372081308e-12
5.52448632381e-11
-1.42296692675e-11
-5.61170323053e-11
2.55562853885e-11
2.68758270553e-10
4.74507971844e-10
9.51465188613e-10
-8.29446925459e-10
-6.22727082761e-10
-4.18585059248e-10
-2.10400252203e-10
-4.86736279567e-12
-1.78576873666e-10
2.66378250653e-11
2.3188927099e-10
4.34697028587e-10
1.26333808282e-10
-9.32712690894e-10
-8.46865057185e-10
-7.62087952914e-10
-6.75631941601e-10
-5.90277231696e-10
4.13867093336e-10
7.79080476572e-10
1.14435925749e-09
1.50528909223e-09
1.38835816238e-09
-7.36911163911e-11
-7.49345104797e-11
-7.61623993072e-11
-7.74146049737e-11
-3.73180899778e-11
-2.00548872458e-11
-2.55827097408e-12
2.46718200671e-11
3.41965521437e-11
4.38075745998e-11
-6.49908477673e-11
-5.90355557359e-11
-5.31545268514e-11
-4.71570313702e-11
4.16880052441e-11
7.9934326093e-11
1.18697770518e-10
1.69912180159e-10
1.26877341519e-10
8.34526239269e-11
-2.75582926434e-10
-2.21127407197e-10
-1.67350954277e-10
-1.12509524364e-10
-1.3051960321e-10
-6.31064492187e-11
5.21818934098e-12
-7.1737087485e-12
3.26075754786e-11
7.27492627155e-11
-2.93863809969e-10
-2.67252730136e-10
-2.40973493397e-10
-2.1417382846e-10
5.1270374354e-11
1.76554563092e-10
3.03532703203e-10
2.89703928364e-10
3.62481768358e-10
4.35918947363e-10
-4.54401386758e-10
-3.5061254429e-10
-2.48117960107e-10
-1.43593595824e-10
-2.1306951493e-10
-1.0123783268e-10
1.21059113343e-11
-3.53797485566e-11
3.12001961466e-11
9.83833293323e-11
-4.96579862204e-10
-4.51673656034e-10
-4.07327435195e-10
-3.62102991597e-10
5.97576155657e-11
2.62132487291e-10
4.67243643581e-10
3.9580519106e-10
5.71159974988e-10
7.48103405263e-10
-6.73598209091e-10
-5.09336260726e-10
-3.47122676932e-10
-1.81696651162e-10
-3.14259729296e-10
-1.47979528537e-10
2.05489253907e-11
-6.99548941278e-11
2.94750214815e-11
1.29805733572e-10
-3.1123520434e-10
-1.64348029601e-10
7.55823065349e-11
6.92210990287e-11
7.24212743119e-11
9.81118032329e-11
2.87131896843e-10
5.09445933483e-10
1.02588675098e-09
1.58973211328e-09
-9.850884303e-10
-7.34891015661e-10
-4.87813590314e-10
-2.35843098221e-10
1.29177216482e-11
-2.14401938438e-10
3.25468927339e-11
2.79539944307e-10
5.23592339192e-10
1.74458623808e-10
-1.09818879142e-09
-9.989873716e-10
-9.01023004402e-10
-8.01118572519e-10
-7.02486751874e-10
5.16105681689e-10
9.53095466638e-10
1.39016350206e-09
1.82202788081e-09
1.67458631258e-09
