-0.0282667403296
0.342043148552
0.707735232372
1.08066940143
1.2189545452
1.37376177568
1.53066213477
1.57409610253
1.5875094352
1.60104428746
-0.00289780933083
0.355448668813
0.709326526944
1.07021250399
1.09206768245
1.1529522496
1.21466002915
1.13893686913
1.03330653714
0.9267192353
-0.951368569702
-0.664789040048
-0.381783188664
-0.0931727519244
0.00196986387962
0.109305709911
0.218092830085
0.237754375284
0.243392198915
0.249081099043
-0.943721141424
-0.665910535733
-0.391564258865
-0.111784888941
-0.118922833182
-0.0821798865717
-0.0449401433154
-0.133912693632
-0.228500637229
-0.323945510918
-1.76897304715
-1.55655469281
-1.34678521873
-1.13286151632
-1.07593085386
-1.0106410912
-0.944468554066
-0.945862583134
-0.947111638934
-0.948372010696
-1.77702180699
-1.57054297405
-1.36663895487
-1.15869686554
-1.19151443274
-1.17615406433
-1.16058601035
-1.26129373494
-1.34610127739
-1.43167714328
-2.77119789046
-2.64968678329
-2.52969093299
-2.40731871139
-2.39722850787
-2.38347910546
-2.36954379915
-2.396747887
-2.40643892404
-2.41621775812
-2.79848713898
-2.67944725327
-2.56189180803
-2.44200832073
-2.50630413542
-2.51715466932
-2.52815191189
-2.6432446888
-2.71606335242
-2.78954172489
-4.19541214149
-4.20308501713
-4.21066221116
-4.21838946227
-4.22601828145
-4.33435417836
-4.39465072639
-4.45495807153
-4.51454740783
-4.50210382024
-4.25004313707
-4.25525859743
-4.26040902042
-4.26566144125
-4.27084695525
-4.42278710799
-4.47153503511
-4.52029169138
-4.56846785931
-4.71913876191
-0.647990890066
-0.670760229066
-0.693245631903
-0.71617633069
-0.750823236946
-0.788449160399
-0.826583819115
-0.873132695662
-0.916213147054
-0.959683890632
-0.683257756805
-0.724170332259
-0.764572723396
-0.805775234561
-0.877236082176
-0.944002443039
-1.01167154326
-1.08705259526
-1.15918015132
-1.23196115506
-1.40556644372
-1.42777508237
-1.44970677686
-1.47207280178
-1.50653783815
-1.54418012858
-1.58233137557
-1.62784759736
-1.67051564742
-1.71357025347
-1.44485683615
-1.48483176592
-1.52430820393
-1.56456642459
-1.63673883378
-1.70335932806
-1.77088058946
-1.84735016262
-1.92057763371
-1.99446851729
-2.07656193409
-2.09827395244
-2.11971521954
-2.14158110474
-2.17588505636
-2.21354184326
-2.25170778272
-2.29630936744
-2.33861214775
-2.38129817484
-2.11941602071
-2.15856046431
-2.1972167724
-2.23663862147
-2.30944127091
-2.37593256908
-2.44332288752
-2.52075657942
-2.59495826097
-2.66983218098
-2.8990725352
-2.92017579318
-2.9410158912
-2.96226870193
-2.99637519481
-3.03404975157
-3.07223370116
-3.11571411786
-3.15756914814
-3.19980336877
-2.94629502114
-2.98442144944
-3.02207243698
-3.06046905636
-3.13404425836
-3.2003771871
-3.26760699482
-3.34622250969
-3.42161838471
-3.49769731712
-4.06790338941
-4.08814156685
-4.10812737199
-4.12850897161
-4.14863094457
-4.20003467391
-4.23824421684
-4.27646060184
-4.31422198915
-4.36294232858
-4.1213336007
-4.15801337566
-4.1942357498
-4.23117546383
-4.26764462921
-4.37195638113
-4.43895809466
-4.505971806
-4.57218766363
-4.67413724741
-0.716455329339
-0.782650358524
-0.84801992841
-0.914684062817
-0.968435752778
-1.02732085741
-1.08700213996
-1.14349193132
-1.19281357123
-1.24258204607
-0.758420976323
-0.843441962335
-0.927402727297
-1.0130262327
-1.09479623061
-1.17566491298
-1.25762701039
-1.33297026778
-1.40139658229
-1.47044281268
-1.45574425715
-1.51206647489
-1.56768634839
-1.62440770557
-1.67319123386
-1.72685008073
-1.78123444195
-1.83395122108
-1.88195589479
-1.93039547223
-1.50022013666
-1.57530263568
-1.64944884767
-1.72506343486
-1.80442056999
-1.88246020942
-1.96155501277
-2.03664331118
-2.1075109698
-2.17902066194
-2.11054302178
-2.15812074939
-2.20510517751
-2.25302007486
-2.29740323139
-2.3464331071
-2.39612590944
-2.44550087772
-2.49233909565
-2.53960164968
-2.15724225011
-2.22352208921
-2.28897541142
-2.35572495677
-2.43294498487
-2.50847890056
-2.58503410059
-2.65989657819
-2.73292657017
-2.80661818557
-2.91319957197
-2.95005824717
-2.98645729063
-3.02357717271
-3.06256632514
-3.10592197813
-3.14986383732
-3.19514239231
-3.24055076123
-3.28637051236
-2.96262419562
-3.01811367741
-3.07291119925
-3.12879391911
-3.20339426763
-3.27585665098
-3.34929878889
-3.42388445388
-3.49956504805
-3.57593127905
-4.05381677487
-4.07544311242
-4.09679976717
-4.11857936438
-4.14008152686
-4.18519563696
-4.22096510326
-4.25674097468
-4.29209090475
-4.34756836986
-4.10711432872
-4.14727014485
-4.18692521354
-4.22736560244
-4.2672908501
-4.36634082264
-4.43535913541
-4.5043898071
-4.5725986115
-4.66916567505
-0.78186958814
-0.889555636116
-0.995898827224
-1.10434801539
-1.17635334592
-1.25555050736
-1.33581848341
-1.4018063088
-1.4570910841
-1.51287671804
-0.830235575933
-0.957399885022
-1.08297844118
-1.21104392733
-1.30266378938
-1.39700651637
-1.49262483921
-1.56793198579
-1.63282195392
-1.69829979999
-1.50368658325
-1.59260257544
-1.68040977543
-1.76995588981
-1.83242000244
-1.90138184718
-1.97127611613
-2.03087265832
-2.0839762021
-2.13756084341
-1.55311692961
-1.66174290965
-1.76901431177
-1.87841009304
-1.96463186516
-2.05358191187
-2.1437346407
-2.21750320196
-2.28611618086
-2.35535076674
-2.14301020748
-2.21530129313
-2.28669090098
-2.35949429286
-2.41350761251
-2.47340389102
-2.53411001939
-2.58804571074
-2.63921730662
-2.69085249731
-2.19338327143
-2.2855895886
-2.37664608286
-2.4695058398
-2.55094644656
-2.63512011931
-2.72043189345
-2.79283770771
-2.86474821044
-2.93731019443
-2.92669723074
-2.97860939868
-3.02987421618
-3.08215427079
-3.12580855389
-3.17459220283
-3.2240354492
-3.27103203308
-3.31983543473
-3.36908097628
-2.97822588399
-3.05030487248
-3.12148502806
-3.19407481971
-3.26965464312
-3.34797340586
-3.4273511065
-3.4980864567
-3.57403908541
-3.65067981548
-4.04035773747
-4.06331039078
-4.08597682198
-4.10909213417
-4.1319129969
-4.17101769855
-4.20445579682
-4.23789988275
-4.27094578916
-4.33287934114
-4.09352854394
-4.13700553905
-4.17994037125
-4.22372547537
-4.26695283232
-4.36097544463
-4.43192051451
-4.50287828832
-4.5729912511
-4.66441559275
-0.845178944131
-0.993020911125
-1.13901927252
-1.28790895321
-1.37758055787
-1.47643617388
-1.57662840394
-1.65180863522
-1.7128646639
-1.77447383651
-0.899739322292
-1.06769086481
-1.23354803311
-1.40268980013
-1.50384257697
-1.61122578019
-1.72006089787
-1.79533309561
-1.85680051006
-1.91882479544
-1.55008621913
-1.67054718191
-1.78950598322
-1.91082061836
-1.98652510092
-2.070297523
-2.1552026212
-2.22145754915
-2.27949589135
-2.33806003843
-1.60431160729
-1.7454017048
-1.88473239326
-2.0268223559
-2.11968787443
-2.21919725287
-2.32005208479
-2.39254337546
-2.45897422581
-2.52600691391
-2.1744326627
-2.27064187889
-2.36565135556
-2.46254237892
-2.52587598191
-2.59628900364
-2.66765407077
-2.72600373005
-2.78136926424
-2.83723638871
-2.22836134542
-2.34565987735
-2.46149568368
-2.57962547673
-2.66515085218
-2.75768627153
-2.85147285036
-2.9215010519
-2.99232808834
-3.06379679026
-2.93976056127
-3.00624183002
-3.07189407004
-3.13884647251
-3.1870157715
-3.24105275411
-3.29582036379
-3.34447969374
-3.39656888263
-3.44912997937
-2.99332554056
-3.08146021791
-3.16849584613
-3.25725510871
-3.33378288942
-3.41776958472
-3.5028918533
-3.56990078431
-3.64611669401
-3.72302309031
-4.02733178555
-4.05156807637
-4.07550213798
-4.09991018445
-4.12400731425
-4.15729597845
-4.18847772755
-4.21966506028
-4.250481082
-4.31866297662
-4.08037992312
-4.12707122817
-4.17318028751
-4.22020248047
-4.26662569128
-4.35578271399
-4.4285925417
-4.50141540726
-4.57337125633
-4.6598183588
-0.911477463869
-1.10137131953
-1.28889717791
-1.48013675697
-1.58830875238
-1.70775100079
-1.82880821244
-1.91361487087
-1.98071464378
-2.04842231461
-0.972524701764
-1.18318925499
-1.39122679806
-1.60338427067
-1.71452006076
-1.83555944887
-1.95823539496
-2.03347099375
-2.09135425796
-2.14976192211
-1.59867662299
-1.75217195836
-1.90375319002
-2.0583363029
-2.14790630206
-2.24718858581
-2.34781325254
-2.42104094324
-2.48424708135
-2.54802584256
-1.65792345179
-1.83301046648
-2.00591412683
-2.18224193308
-2.28206488381
-2.39263215491
-2.50469439183
-2.57584810533
-2.6399937975
-2.70472062477
-2.20733873535
-2.32859538133
-2.4483399436
-2.57045590072
-2.64354984605
-2.72497616112
-2.80750343091
-2.87047546449
-2.93023295463
-2.99053182445
-2.26499091609
-2.40856639665
-2.55035147517
-2.69494443406
-2.78474744137
-2.88603940883
-2.98870093192
-3.0562392613
-3.12593167537
-3.19625547569
-2.95344067953
-3.03517893207
-3.1158978996
-3.19821540773
-3.25111289998
-3.31065125344
-3.3709946173
-3.42139520021
-3.47692531542
-3.53295851194
-3.0091381304
-3.11408656912
-3.21772628926
-3.32341846753
-3.40093896353
-3.49086120395
-3.58199927139
-3.64510583958
-3.72159746115
-3.79878206715
-4.01369081074
-4.03927134627
-4.06453288971
-4.09029470717
-4.11572836323
-4.14292638462
-4.17174525059
-4.20056927706
-4.22905012965
-4.30377538364
-4.06661048757
-4.11666786684
-4.16610102508
-4.21651314667
-4.26628310422
-4.35034480755
-4.425107438
-4.49988345598
-4.57376920358
-4.65500406553
-0.977711319728
-1.20961604899
-1.43862890075
-1.67217707244
-1.79883141436
-1.93884021611
-2.08074205881
-2.17516575531
-2.24830337772
-2.32210359863
-1.04523909044
-1.29857499449
-1.54875177194
-1.80388299502
-1.92499206148
-2.059674315
-2.19617758992
-2.27137662546
-2.32567923523
-2.38047380559
-1.64721963447
-1.83371712257
-2.01788896646
-2.20570810886
-2.30913010097
-2.42390711895
-2.5402360222
-2.62042967482
-2.68879856845
-2.75778685774
-1.71148300628
-1.92053377946
-2.1269776665
-2.33750992266
-2.44428351971
-2.56589789822
-2.68915660906
-2.75897404998
-2.82083681279
-2.88326002825
-2.24021271325
-2.38649235916
-2.5309478818
-2.67826416969
-2.76110893768
-2.85353780433
-2.94721638978
-3.01480628925
-3.07895145167
-3.14367774438
-2.30158476031
-2.47141156044
-2.63912060168
-2.81015091572
-2.90422738271
-3.01426735763
-3.12579516887
-3.19084605455
-3.25940495292
-3.32858496831
-2.96710745497
-3.06408781048
-3.15985881028
-3.25752643781
-3.3151475117
-3.38018187028
-3.44609555003
-3.49823568758
-3.55720337303
-3.61670528284
-3.02493529752
-3.14668109841
-3.26690871577
-3.3895172943
-3.46802953736
-3.56388153369
-3.66102953251
-3.72023754404
-3.79700460855
-3.87446715291
-4.00006314058
-4.02698660971
-4.05357434023
-4.08068860829
-4.10745748704
-4.1285708061
-4.15502909355
-4.18149211881
-4.20764007985
-4.28890231118
-4.05285448196
-4.10627465237
-4.15902866737
-4.21282741123
-4.2659408513
-4.34491220493
-4.42162573347
-4.49835299888
-4.57416676269
-4.65019446787
-1.04387653146
-1.31774859466
-1.58820544309
-1.8640183592
-2.00913589271
-2.16968993281
-2.3324148034
-2.43644557096
-2.51561478531
-2.59550124204
-1.11787811862
-1.41384114932
-1.70611348846
-2.00417392444
-2.13524593106
-2.28355691067
-2.43387318391
-2.50903569408
-2.55976136036
-2.61094658151
-1.69571233645
-1.91517777415
-2.13190645369
-2.35292718012
-2.4701868091
-2.60044250272
-2.73245936679
-2.81961176186
-2.89313806038
-2.96733047865
-1.76498705218
-2.00796638413
-2.24791573709
-2.49261699401
-2.60633403379
-2.73898407059
-2.87342765144
-2.94191020468
-3.00149240414
-3.06161439522
-2.27305262087
-2.44432933313
-2.61347020594
-2.78596070722
-2.8785461922
-2.9819662075
-3.0867845515
-3.15898753095
-3.2275158183
-3.29666494537
-2.33814067904
-2.53419159211
-2.72779772872
-2.92523799849
-3.02358349621
-3.14236241224
-3.26274732269
-3.32531334264
-3.39273990005
-3.46077731593
-2.98076006629
-3.09296672801
-3.2037741603
-3.31677599851
-3.37911575857
-3.44964042626
-3.52111864889
-3.57499653822
-3.63739823124
-3.7003652594
-3.04071609261
-3.17924184705
-3.31604017008
-3.45554761689
-3.53505057917
-3.63682618587
-3.73997788744
-3.79529138272
-3.87233360473
-3.95007379939
-3.98644959399
-4.01471460494
-4.04262714808
-4.07109246507
-4.0991951827
-4.11423010555
-4.13833026097
-4.16243473194
-4.18625221923
-4.27404465304
-4.03911273295
-4.09589220932
-4.15196363939
-4.20914549566
-4.26559895309
-4.33948523261
-4.41814763735
-4.49682412793
-4.57456390978
-4.64538985482
-0.106900263849
0.193624909603
0.490402501074
0.793057410399
0.90465575755
1.03712615814
1.17138767394
1.21767192245
1.23696842952
1.25643975546
-0.093873455516
0.197495679263
0.485231408869
0.778665393295
0.794266463792
0.846782734341
0.900009070616
0.833620869287
0.74482251688
0.655219685832
-1.00880985033
-0.777365850102
-0.548807982022
-0.315723804418
-0.240718008907
-0.149445872776
-0.0569396578534
-0.0356094828798
-0.0272674133096
-0.0188497678237
-1.01181769552
-0.788471625359
-0.567910705269
-0.342981845446
-0.352391833385
-0.323102256822
-0.293416659668
-0.372633856345
-0.455398796109
-0.538913554135
-1.8076440555
-1.63738623727
-1.46925155276
-1.29778716611
-1.25519191634
-1.20040967158
-1.14488672316
-1.1456587276
-1.14701915982
-1.14839191702
-1.82485402238
-1.66175695231
-1.50069372065
-1.33644082833
-1.36800346803
-1.35928610614
-1.35045087792
-1.44103089905
-1.51845195904
-1.59657442382
-2.78686017797
-2.69160477638
-2.59753722013
-2.50160677077
-2.49874057707
-2.48868787658
-2.47849925482
-2.5063642534
-2.51961807489
-2.53299197086
-2.82147919724
-2.73223574018
-2.64410515885
-2.55422925896
-2.61294676211
-2.62944695368
-2.64617024223
-2.75067888688
-2.82154938457
-2.8930619415
-4.17837782569
-4.18970480564
-4.2008905369
-4.21229778792
-4.2235597301
-4.31939900998
-4.37363285244
-4.42787640639
-4.48147414594
-4.50058152107
-4.23773602468
-4.25344243874
-4.2689529921
-4.28477071302
-4.30038694329
-4.43441236862
-4.48745565467
-4.54050843902
-4.59292958606
-4.73543894031
-0.64486657401
-0.665263045113
-0.685405169977
-0.705946185031
-0.740186173471
-0.776360748836
-0.813024435973
-0.859912021936
-0.903305689127
-0.947092486116
-0.680435298926
-0.718367748922
-0.755827177093
-0.794028443503
-0.865155986891
-0.930909552444
-0.997552163485
-1.07474540805
-1.14733255659
-1.22057731655
-1.40444770611
-1.42445483773
-1.44421247822
-1.46436139465
-1.49865282732
-1.53503419577
-1.57190747201
-1.61786342214
-1.6609463299
-1.7044195521
-1.44424612702
-1.48149526947
-1.51827991101
-1.55579302747
-1.62768306141
-1.69351236862
-1.76023174541
-1.83803948537
-1.91162774207
-1.98588267985
-2.07721956598
-2.09688185406
-2.11629895124
-2.14099068682
-2.17043757788
-2.20700210591
-2.24406101821
-2.28919180518
-2.33199946887
-2.3751949534
-2.12076428905
-2.15740821624
-2.19359518963
-2.24299533817
-2.30306418455
-2.36896057723
-2.43574794654
-2.51409995385
-2.58857490636
-2.66372457306
-2.90190765226
-2.9211472289
-2.9401468859
-2.95952280791
-2.9939156592
-3.03070470543
-3.06799117162
-3.11211046825
-3.154580736
-3.1974357679
-2.95004461669
-2.98594666712
-3.02140101503
-3.05755749302
-3.1309507226
-3.19692934908
-3.26380006406
-3.34281923779
-3.41838110774
-3.49462753893
-4.07383282751
-4.09247170894
-4.11087816148
-4.12964913133
-4.1481809912
-4.20122945213
-4.23883928436
-4.27645585127
-4.31362456182
-4.36588324113
-4.12849560861
-4.16334341311
-4.19775666166
-4.23285142257
-4.26749913638
-4.37351655117
-4.44050570474
-4.50750685386
-4.57371029884
-4.67538438517
-0.70429876136
-0.760149265446
-0.8153033076
-0.871549608219
-0.921901184169
-0.976706925867
-1.03225368894
-1.08943449553
-1.13975390158
-1.19052918195
-0.745236110263
-0.819548372733
-0.892933953113
-0.967772845313
-1.04848179024
-1.12730129491
-1.20718650795
-1.28557344688
-1.35636965185
-1.42780724298
-1.44815606242
-1.49594242575
-1.54313288786
-1.59125789946
-1.63762401639
-1.688107991
-1.73927455292
-1.79266398265
-1.84142809912
-1.89063399958
-1.49201894675
-1.55805751933
-1.62327258364
-1.68977915268
-1.76857171142
-1.84490934083
-1.92227912149
-1.99993115078
-2.0725056073
-2.14573756025
-2.10700110051
-2.14764493915
-2.18778194466
-2.22890480541
-2.2715499535
-2.31820607726
-2.36549303245
-2.41552438553
-2.4629109598
-2.51072683806
-2.15345517335
-2.2121656206
-2.27014394211
-2.33603664016
-2.40636564161
-2.48050503865
-2.55564686492
-2.63264797423
-2.70679745355
-2.78161869841
-2.91461759881
-2.94650608462
-2.97799691751
-3.0101113879
-3.04862045706
-3.09058437654
-3.13311568477
-3.17903068584
-3.22472865999
-3.27084064007
-2.96424796726
-3.01397555119
-3.06308302669
-3.11316301578
-3.18817755604
-3.25962234565
-3.33203313106
-3.40823633847
-3.4843164909
-3.56108590002
-4.06228314902
-4.08172981766
-4.1009339842
-4.12051846581
-4.13985347468
-4.18817459131
-4.22394787491
-4.25972756433
-4.29508126693
-4.35100235871
-4.11642720069
-4.15338966309
-4.18989119951
-4.22711560429
-4.26386583395
-4.36678904508
-4.43531887767
-4.5038609817
-4.57158703526
-4.66874981809
-0.761083166897
-0.850808180344
-0.939414313
-1.02977518193
-1.09552055306
-1.16812741822
-1.24171599145
-1.30873144221
-1.36566803639
-1.42312045403
-0.807149960553
-0.916221267186
-1.02393244262
-1.13377670638
-1.22364018885
-1.31494352793
-1.4074813677
-1.48700882035
-1.55609387063
-1.62580480468
-1.4899171542
-1.56424514805
-1.63764626364
-1.71250099871
-1.77040385691
-1.83436214809
-1.89918521109
-1.95967694917
-2.01386916906
-2.06855234945
-1.53766342477
-1.63120882065
-1.72358769515
-1.81779602046
-1.90318358748
-1.98956137957
-2.07710707466
-2.15461033039
-2.22621615285
-2.29847069629
-2.13545582866
-2.1961464623
-2.25608027707
-2.31290223483
-2.36815764032
-2.42445576598
-2.48151509135
-2.53622868391
-2.58799017229
-2.64022059969
-2.18468963594
-2.26448351086
-2.34328234738
-2.42493283024
-2.50506488342
-2.58708004817
-2.6702041294
-2.74591452499
-2.81975303138
-2.894260486
-2.92676130058
-2.9707351701
-3.01416068062
-3.05844618036
-3.1008880845
-3.14779632985
-3.19533881553
-3.24296952005
-3.29175140206
-3.34097522901
-2.97781853994
-3.04075571176
-3.10290805011
-3.16629123965
-3.24285485908
-3.31952228709
-3.39722632552
-3.4707390216
-3.54731436635
-3.62458345404
-4.05124802385
-4.0714664917
-4.09143283304
-4.11179458339
-4.13189695994
-4.17570134165
-4.20971989727
-4.24374454449
-4.27736410012
-4.33678443909
-4.10489645617
-4.14387936567
-4.182376154
-4.22163532423
-4.26039439991
-4.36036125819
-4.43036313054
-4.50037753792
-4.56955836584
-4.66241082967
-0.816040361409
-0.93854986881
-1.05953166917
-1.18290936638
-1.26355319049
-1.3533883738
-1.44443820705
-1.52097184238
-1.58431269652
-1.64822739423
-0.867071544326
-1.00978341712
-1.15071565715
-1.29443888813
-1.39316233304
-1.49654780118
-1.60133113092
-1.68196239779
-1.74939135498
-1.81743119239
-1.53033445577
-1.63035002244
-1.72911838399
-1.82984273234
-1.89891110205
-1.97591013268
-2.05395025728
-2.12131576533
-2.1807614229
-2.24074563507
-1.58183915283
-1.70200625627
-1.82067486271
-1.94169355601
-2.03346391685
-2.12955879884
-2.22695296735
-2.30431223676
-2.3749805939
-2.44628917896
-2.16299493935
-2.24308730137
-2.32218090282
-2.40284085648
-2.46165668087
-2.52728654769
-2.59380378749
-2.65304895423
-2.70904458055
-2.76554750553
-2.21491903465
-2.31511791381
-2.41406730192
-2.51497626185
-2.6005881768
-2.69022568248
-2.78107516533
-2.85553637985
-2.9290739198
-3.00327768135
-2.93851424181
-2.99418461103
-3.04916076462
-3.10522565381
-3.151473842
-3.20316731448
-3.25555972774
-3.30485092772
-3.35661748348
-3.40885302415
-2.99095243817
-3.06667413917
-3.14145158224
-3.21770990126
-3.29577275352
-3.37749476566
-3.46032173059
-3.53123049073
-3.60828509348
-3.68603778106
-4.0405679874
-4.06153341949
-4.08223741033
-4.10335141844
-4.12419647027
-4.16362945675
-4.1959497481
-4.22827582694
-4.26021703707
-4.3230240243
-4.09373674843
-4.13467509101
-4.17510292795
-4.21633138885
-4.25703466982
-4.35414030491
-4.42556684966
-4.49700618455
-4.56759497504
-4.65627581748
-0.873592370714
-1.03043429843
-1.18532039004
-1.3432738116
-1.43951952208
-1.54739646199
-1.65673199211
-1.74323321496
-1.81328070746
-1.88396280308
-0.929822337513
-1.10776312244
-1.28348496619
-1.46268676652
-1.57068849875
-1.68672655606
-1.80433354899
-1.88612074688
-1.95181541824
-2.01810525784
-1.57266006823
-1.69957605153
-1.82490937856
-1.95272477911
-2.03348584216
-2.12414133332
-2.2160225657
-2.29058639012
-2.35553352746
-2.42106906068
-1.62810064661
-1.7761464068
-1.92234602007
-2.07144093817
-2.16989545771
-2.27616622391
-2.38387386345
-2.4610823482
-2.53076897742
-2.60108694048
-2.1918343146
-2.29224446143
-2.39140248268
-2.49252420747
-2.55957029708
-2.63497250507
-2.7113942166
-2.77538491669
-2.8358145966
-2.89679174598
-2.24657572039
-2.36814303009
-2.48819438207
-2.61062320449
-2.70062162136
-2.7982413583
-2.89718099912
-2.97033405223
-3.04355641556
-3.11744214511
-2.95082210047
-3.01874122194
-3.0858133845
-3.15421382934
-3.20444801602
-3.26115265109
-3.31862398221
-3.36965407829
-3.42454622974
-3.4799356828
-3.00470645598
-3.09381631026
-3.18181495484
-3.27155630514
-3.3511891768
-3.43820442625
-3.52639619768
-3.59457807652
-3.67213456553
-3.75039368626
-4.02938369092
-4.05113135531
-4.07260782392
-4.09450960778
-4.11613240045
-4.15098759542
-4.18152943861
-4.21207675084
-4.24226037204
-4.30861390881
-4.08205013288
-4.1250362347
-4.1674862951
-4.21077702712
-4.2535163094
-4.34762562809
-4.42054411142
-4.49347565206
-4.56553888235
-4.64985113948
-0.931088246999
-1.1222291091
-1.31098642361
-1.50348184627
-1.61531422593
-1.74121532551
-1.86881871764
-1.9652778062
-2.04202539578
-2.11946828876
-0.992511927075
-1.20564726382
-1.41612477946
-1.63077054531
-1.74804151533
-1.87671982118
-2.00713796982
-2.09007997131
-2.15404204835
-2.218583597
-1.61494439864
-1.76873456142
-1.92060694394
-2.07548697357
-2.16792932557
-2.27222795751
-2.37793679783
-2.45969191778
-2.53013516906
-2.60121660887
-1.67431701952
-1.85021424516
-2.02391801305
-2.20106177197
-2.30619393084
-2.42263065627
-2.54064170766
-2.61769955482
-2.68640541364
-2.7557337209
-2.22064556152
-2.34135367633
-2.46055654766
-2.58212008632
-2.65738841382
-2.74255343157
-2.82886995456
-2.89760155947
-2.96246096825
-3.02790797812
-2.27820152997
-2.42111642864
-2.5622491628
-2.70617685844
-2.80055749887
-2.90615168164
-3.01317358975
-3.08501975736
-3.15792725148
-3.23149525922
-2.96311795473
-3.04327388171
-3.12243025545
-3.20315422453
-3.25737052199
-3.31908143203
-3.38162672733
-3.43439402347
-3.49240872209
-3.55094901139
-3.0184470589
-3.12093200838
-3.22213895926
-3.32535019024
-3.40655154999
-3.49885487403
-3.59240621941
-3.65786387661
-3.73592176237
-3.81468682231
-4.01821030298
-4.04073943672
-4.06298762968
-4.08567642094
-4.10807619588
-4.13835806426
-4.16712319389
-4.19589347442
-4.22432122094
-4.29421784814
-4.07037491581
-4.1154067796
-4.15987709109
-4.2052280828
-4.2500013806
-4.34111730531
-4.41552627209
-4.48994856306
-4.56348479506
-4.64343272776
-0.988524535118
-1.21392878451
-1.43652221812
-1.6635238429
-1.79092673786
-1.93483331705
-2.08068563856
-2.18709227258
-2.27053301532
-2.35472969884
-1.05513654576
-1.30342995902
-1.54862712611
-1.79868012371
-1.92521072498
-2.06651617913
-2.20973220612
-2.29382781438
-2.35605909275
-2.41885416236
-1.65718490598
-1.83782139609
-2.01620532929
-2.1981219385
-2.30223347306
-2.42016110617
-2.53968322362
-2.62862218612
-2.70455585521
-2.7811774539
-1.72048549422
-1.92420532033
-2.1253847378
-2.330548268
-2.44235114557
-2.56894329432
-2.69724707921
-2.7741544449
-2.84188054978
-2.9102202269
-2.24942694875
-2.39041199492
-2.52963894205
-2.67162310888
-2.75510515281
-2.85002286225
-2.94622394181
-3.01969153811
-3.08897608483
-3.15888832267
-2.30979456286
-2.47403492607
-2.63622719387
-2.80163148151
-2.90038980381
-3.01395016778
-3.1290459668
-3.19958660335
-3.27217955457
-3.34543016979
-2.97540106569
-3.06778111606
-3.15900917704
-3.25204389838
-3.31023817959
-3.37695017615
-3.44456417701
-3.4990668728
-3.56020088242
-3.62188874246
-3.03217342119
-3.14801960406
-3.26242117228
-3.37908832388
-3.46185654616
-3.55944246427
-3.658347829
-3.72108408791
-3.79964285078
-3.87891332558
-4.00704849503
-4.03035828821
-4.05337740571
-4.07685238872
-4.10002834068
-4.12574162222
-4.15273187967
-4.17972697018
-4.20640066181
-4.27983670741
-4.05871179882
-4.10578730437
-4.15227577318
-4.19968488935
-4.24649009464
-4.33461572771
-4.41051363319
-4.48642512949
-4.56143283661
-4.63702096802
-0.185533787369
0.0452066706543
0.273069769776
0.50544541937
0.590356969897
0.700490540593
0.812113213107
0.861247742379
0.886427423843
0.911835223456
-0.184849101701
0.0395426897119
0.261136290794
0.487118282596
0.496465245136
0.540613219077
0.585358112085
0.52830486944
0.456338496619
0.383720136364
-1.06625113096
-0.889942660156
-0.71583277538
-0.538274856912
-0.483405881694
-0.408197455463
-0.331972145792
-0.308973341043
-0.297927025534
-0.28678063469
-1.07991424962
-0.911032714984
-0.744257151673
-0.574178801951
-0.585860833588
-0.564024627071
-0.54189317602
-0.611355019058
-0.68229695499
-0.753881597352
-1.84631506386
-1.71821778173
-1.5917178868
-1.4627128159
-1.43445297882
-1.39017825197
-1.34530489225
-1.34545487207
-1.3469266807
-1.34841182333
-1.87268623777
-1.75297093057
-1.63474848643
-1.51418479112
-1.54449250331
-1.54241814795
-1.54031574548
-1.62076806316
-1.6908026407
-1.76147170436
-2.80252246548
-2.73352276947
-2.66538350726
-2.59589483015
-2.60025264626
-2.59389664769
-2.58745471048
-2.61598061979
-2.63279722573
-2.64976618361
-2.84447125551
-2.7850242271
-2.72631850968
-2.6664501972
-2.71958938879
-2.74173923805
-2.76418857257
-2.85811308496
-2.92703541673
-2.99658215811
-4.16134350988
-4.17632459415
-4.19111886264
-4.20620611356
-4.22110117876
-4.3044438416
-4.35261497849
-4.40079474125
-4.44840088405
-4.49905922189
-4.22542891229
-4.25162628006
-4.27749696377
-4.30387998479
-4.32992693134
-4.44603762925
-4.50337627422
-4.56072518665
-4.61739131281
-4.7517391187
-0.649410041535
-0.65976586116
-0.67756470805
-0.700532695986
-0.729549109996
-0.764272337272
-0.804528026595
-0.84669134821
-0.890398231199
-0.93371687427
-0.695406630999
-0.712565165585
-0.747081630789
-0.795562468813
-0.853075891606
-0.91781666185
-0.987996305246
-1.06243822084
-1.13548496187
-1.20755898535
-1.40332896851
-1.42113459309
-1.43871817958
-1.4619833953
-1.49076781649
-1.52588826295
-1.56148356844
-1.60787924692
-1.65137701238
-1.69526885073
-1.44363541789
-1.47815877301
-1.5122516181
-1.56033823141
-1.61862728904
-1.68366540918
-1.74958290136
-1.82872880811
-1.90267785044
-1.97729684242
-2.07787719786
-2.09548975567
-2.11288268294
-2.13641115756
-2.16499009939
-2.20046236855
-2.2364142537
-2.28207424291
-2.32538679
-2.37200825505
-2.12211255738
-2.15625596817
-2.18997360686
-2.23771104972
-2.2966870982
-2.36198858538
-2.42817300556
-2.50744332827
-2.58219155175
-2.65700295951
-2.91527408843
-2.92211866462
-2.9392778806
-2.96312905968
-2.99145612359
-3.02735965929
-3.06611860829
-3.10850681865
-3.15159232385
-3.20011541368
-2.97442738162
-2.98747188481
-3.02072959309
-3.06803902054
-3.12785718684
-3.19348151105
-3.26408118618
-3.33941596588
-3.41514383077
-3.49153130827
-4.07976226561
-4.09680185104
-4.11362895096
-4.13078929105
-4.14773103783
-4.20242423034
-4.23943435187
-4.27645110069
-4.31302713449
-4.36882415369
-4.13565761651
-4.16867345056
-4.20127757351
-4.23452738132
-4.26735364356
-4.37507672122
-4.44205331482
-4.50904190172
-4.57523293405
-4.67663152293
-0.697263995304
-0.737648172368
-0.782586686789
-0.827393196106
-0.875366615559
-0.926092994323
-0.980305393221
-1.03537705975
-1.08669423194
-1.13301653051
-0.746234589036
-0.79565478313
-0.858465178929
-0.928510685036
-1.00216734986
-1.07893767683
-1.15819807702
-1.23817662598
-1.31134272141
-1.37779606718
-1.4405678677
-1.4798183766
-1.51857942733
-1.55878155322
-1.60205679892
-1.64936590126
-1.69731466388
-1.75137674423
-1.80090030346
-1.85087252694
-1.48381775684
-1.54081240298
-1.59709631962
-1.66236876986
-1.73272285285
-1.80735847224
-1.88300323022
-1.96321899038
-2.03750024479
-2.11245445857
-2.10345917924
-2.13716912892
-2.17045871181
-2.20658266953
-2.24569667562
-2.28997904741
-2.33486015545
-2.38554789335
-2.43348282395
-2.4800635838
-2.1496680966
-2.200809152
-2.2513124728
-2.31235735927
-2.37978629836
-2.45253117674
-2.52625962925
-2.60539937027
-2.68066833694
-2.75124310105
-2.92758380028
-2.94295392208
-2.96953654439
-3.00066145725
-3.03467458898
-3.07524677495
-3.11645462379
-3.16291897936
-3.20890655875
-3.25563612963
-2.98666148563
-3.00983742498
-3.05325485412
-3.10911756565
-3.17296084446
-3.24338804032
-3.31740549809
-3.39258822305
-3.46906793376
-3.5420156357
-4.07074952317
-4.08801652289
-4.10506820122
-4.12245756723
-4.13962542251
-4.19115354566
-4.22693064657
-4.26271415397
-4.29807162911
-4.35443634756
-4.12574007267
-4.15950918132
-4.19285718548
-4.22686560614
-4.26044081781
-4.36723726752
-4.43527861993
-4.5033321563
-4.57057545901
-4.66833396113
-0.740296745653
-0.812060724571
-0.882929798776
-0.955202348469
-1.0146877602
-1.08070432908
-1.14761349949
-1.21565657562
-1.27424498867
-1.33336419002
-0.847078932679
-0.958653738289
-1.08456261308
-1.20205316038
-1.31135757655
-1.41282532951
-1.50361799663
-1.59256608022
-1.67092332889
-1.74031011708
-1.47614772515
-1.53588772066
-1.59488275185
-1.65126722638
-1.70838771137
-1.76734244901
-1.82709430606
-1.88848124003
-1.94376213603
-1.9995438555
-1.52220991994
-1.60067473165
-1.67816107852
-1.75985371414
-1.84173530981
-1.92554084728
-2.01047950862
-2.09171745882
-2.16631612483
-2.24159062584
-2.12790144984
-2.17699163148
-2.22546965315
-2.2736279487
-2.32280766813
-2.37550764095
-2.42892016331
-2.48441165708
-2.53676303797
-2.58330490608
-2.17599600044
-2.24337743311
-2.3099186119
-2.38367807794
-2.45918332027
-2.53903997702
-2.61997636534
-2.69899134227
-2.77475785232
-2.84128472081
-2.92682537043
-2.96286094152
-2.99844714507
-3.03473808993
-3.07596761511
-3.12100045686
-3.16664218187
-3.21490700702
-3.26366736939
-3.31286948174
-3.02341489794
-3.09195238806
-3.18192364069
-3.27075180031
-3.36236358544
-3.45174770524
-3.53985869983
-3.6212496286
-3.69718787854
-3.76549460815
-4.06213831022
-4.07962259262
-4.0968888441
-4.11449703261
-4.13188092298
-4.18038498475
-4.21498399772
-4.24958920622
-4.28378241108
-4.34068953705
-4.11626436839
-4.15075319229
-4.18481193676
-4.21954517308
-4.2538359675
-4.35974707175
-4.42880574657
-4.49787678753
-4.56612548058
-4.66040606659
-0.786901778687
-0.884078826495
-0.980044065823
-1.07790977955
-1.14952582311
-1.23034057372
-1.31224801016
-1.39013504954
-1.45576072914
-1.52198095195
-0.83440376636
-0.951875969425
-1.06788328119
-1.18618797613
-1.2824820891
-1.38186982216
-1.48260136396
-1.56859169996
-1.64198219991
-1.71603758933
-1.51058269242
-1.59015286297
-1.66873078475
-1.74886484633
-1.81129710319
-1.88152274237
-1.95269789337
-2.02117398152
-2.08202695444
-2.14343123171
-1.55936669837
-1.65861080775
-1.75661733216
-1.85656475612
-1.94723995928
-2.03992034481
-2.1338538499
-2.21608109805
-2.29098696199
-2.36657144401
-2.15155721601
-2.21553272386
-2.27871045008
-2.33851584201
-2.39743737983
-2.45828409175
-2.51995350421
-2.58009417841
-2.63671989686
-2.69385862235
-2.20147672387
-2.28457595026
-2.36663892015
-2.45270383547
-2.53602550143
-2.62276509344
-2.7106774803
-2.78957170779
-2.86581975126
-2.94275857244
-2.93726792234
-2.98212739203
-3.0264274592
-3.07160483511
-3.11593191249
-3.16528187485
-3.21529909169
-3.26522216171
-3.31666608433
-3.36857606894
-3.10003327045
-3.27575956964
-3.48872179715
-3.67379560581
-3.83032389097
-3.96399833699
-4.0806784466
-4.18214365415
-4.26925301139
-4.34560997356
-4.05380418924
-4.0714987626
-4.08897268269
-4.10679265242
-4.12438562628
-4.16996293505
-4.20342176864
-4.2368865936
-4.26995299213
-4.32738507199
-4.10709357373
-4.14227895385
-4.1770255684
-4.21246029723
-4.24744364835
-4.35249789583
-4.42254115761
-4.49259696184
-4.56181869375
-4.65273327617
-0.83570727756
-0.959497277325
-1.08174360217
-1.20641086623
-1.29073029178
-1.3870419232
-1.48465577178
-1.57285155906
-1.64584677115
-1.71950329155
-0.887119973261
-1.03233698988
-1.17574313433
-1.32198926237
-1.42685693673
-1.53789366324
-1.65043170301
-1.73877050002
-1.81227657851
-1.88644859357
-1.54664351347
-1.6469801447
-1.7460655671
-1.84711325532
-1.91906538226
-2.00109408083
-2.08423187887
-2.160131837
-2.22681997357
-2.2941122788
-1.59827784144
-1.71928234712
-1.8387779133
-1.96063994327
-2.0577260316
-2.15970029291
-2.26305333507
-2.34631659108
-2.42154415735
-2.4974532562
-2.17632989385
-2.25589354152
-2.33446502175
-2.41459251422
-2.47559074811
-2.54496884902
-2.61528500229
-2.68029436889
-2.74139623857
-2.80305166751
-2.22816052469
-2.32771966353
-2.42603728896
-2.52630197492
-2.61649580135
-2.71044330777
-2.80566106631
-2.88442884316
-2.96118115575
-3.03862881452
-2.94820352141
-3.00230351182
-3.05572886939
-3.11021225095
-3.15778313206
-3.21165404873
-3.26625334713
-3.31791295636
-3.37216714406
-3.42691285366
-3.27343194774
-3.61874068703
-3.99988846899
-4.27168316654
-4.46846494195
-4.62273444057
-4.75243361212
-4.86193069113
-4.95604487029
-5.03863355892
-4.0450765711
-4.06299136434
-4.08068275814
-4.0987245084
-4.11653643768
-4.15904880622
-4.19131362664
-4.22358422462
-4.25547061443
-4.31345243399
-4.0974897782
-4.13340460256
-4.16887156512
-4.20504090757
-4.24074951458
-4.34490644862
-4.41598078485
-4.48706784814
-4.55730856112
-4.64469821343
-0.884465174271
-1.0348421692
-1.18334394646
-1.33478662011
-1.4317970375
-1.54359043492
-1.65689537647
-1.75538985709
-1.83574741383
-1.91683297888
-0.939784763714
-1.11271953315
-1.28349778697
-1.45765809561
-1.57109096919
-1.69376532736
-1.81809834971
-1.90878331717
-1.98240486147
-2.05669338841
-1.58266916281
-1.70375200027
-1.82332492142
-1.94526583829
-2.02672855017
-2.12054879608
-2.21563757345
-2.29895416074
-2.37147176966
-2.44464636001
-1.63715103275
-1.77989471086
-1.92085835959
-2.06461362128
-2.16810434198
-2.27936341433
-2.39212680626
-2.47642505967
-2.5519740145
-2.62820741356
-2.2010784098
-2.2962149935
-2.39016521353
-2.48597600296
-2.55366788996
-2.63156905881
-2.71052351934
-2.78039682968
-2.84597048483
-2.91213821186
-2.25481829962
-2.37082129684
-2.48537772391
-2.60220280117
-2.69688761502
-2.79803600565
-2.90055201063
-2.97919346018
-3.05644955004
-3.13440555012
-2.9591284545
-3.02245995294
-3.08500170062
-3.14878201126
-3.19959353228
-3.25798099378
-3.31715790462
-3.37055235936
-3.42761407116
-3.48519273994
-3.66744519176
-4.15003628096
-4.617888445
-4.92046461091
-5.12817131863
-5.28878610213
-5.4212197611
-5.53226334742
-5.62740531609
-5.7111878286
-4.03635746538
-4.05449226372
-4.07240091913
-4.09066423359
-4.10869490473
-4.14814532242
-4.17921729424
-4.21029483003
-4.24100236203
-4.2995333851
-4.08789534966
-4.12453890683
-4.1607255148
-4.19762875436
-4.2340619099
-4.3373224057
-4.4094268107
-4.48154412723
-4.55280282743
-4.63667098765
-0.933172538773
-1.11010897437
-1.28483899315
-1.46302932661
-1.57271758301
-1.69997670129
-1.82895647372
-1.93773897421
-2.02545124534
-2.11395815564
-0.99239497289
-1.19301876872
-1.39114076375
-1.59318632299
-1.71517551889
-1.8494754476
-1.98559122833
-2.07861993468
-2.15235682513
-2.22676174321
-1.61865747552
-1.76046501804
-1.9005042049
-2.04331669687
-2.13428013701
-2.23987970962
-2.34690708044
-2.43763261037
-2.51597365004
-2.59502442915
-1.67598393627
-1.84044425653
-2.00285373851
-2.16847954199
-2.27836825735
-2.39890251805
-2.52106650697
-2.60639868511
-2.68226869541
-2.75882605859
-2.22580127663
-2.33649465671
-2.44580767816
-2.55728551054
-2.63166411341
-2.718079517
-2.80566333211
-2.88039554526
-2.95043635135
-3.02111169998
-2.28144844669
-2.41387826002
-2.54465665902
-2.67802496453
-2.7771961114
-2.88553792332
-2.9953446109
-3.07385986406
-3.15161920909
-3.23008302364
-2.97004206509
-3.04259550412
-3.11424419378
-3.18731179825
-3.24136060062
-3.30425992604
-3.36800970513
-3.42313720738
-3.48300353359
-3.54341222551
-4.23578903721
-4.6442470339
-5.0876131093
-5.37485480066
-5.57029620537
-5.71634062838
-5.83564701991
-5.93632315128
-6.0235720849
-6.09905147995
-4.02764739607
-4.04600197149
-4.06412766333
-4.08261231237
-4.10086149867
-4.13725313888
-4.16713349836
-4.19701920843
-4.22654910439
-4.28562876179
-4.0783108647
-4.11568239941
-4.15258790697
-4.19022428304
-4.22738123619
-4.3297462228
-4.40287962904
-4.47602613105
-4.54830176343
-4.62865208121
-0.264167310889
-0.103211568295
0.0557370384777
0.217833428342
0.276058182243
0.363854923049
0.452838752274
0.504823562304
0.535886418165
0.567230691456
-0.275824747886
-0.118410299839
0.0370411727198
0.195571171897
0.198664026479
0.234443703813
0.270707153554
0.222988869593
0.167854476357
0.112220586896
-1.12369241159
-1.00251947021
-0.882857568737
-0.760825909405
-0.726093754481
-0.66694903815
-0.607004633731
-0.582337199206
-0.568586637759
-0.554711501557
-1.14801080371
-1.03359380461
-0.920603598077
-0.805375758457
-0.819329833791
-0.804946997321
-0.790369692372
-0.850076181772
-0.90919511387
-0.96884964057
-1.88498607222
-1.79904932619
-1.71418422084
-1.6276384657
-1.61371404129
-1.57994683236
-1.54572306134
-1.54525101654
-1.54683420158
-1.54843172965
-1.92051845316
-1.84418490884
-1.76880325221
-1.69192875391
-1.7209815386
-1.72555018975
-1.73018061305
-1.80050522727
-1.86315332236
-1.9263689849
-2.81818475299
-2.77544076256
-2.73322979439
-2.69018288954
-2.70176471545
-2.6991054188
-2.69641016614
-2.72559698618
-2.74597637658
-2.76654039635
-2.86746331377
-2.83781271402
-2.8085318605
-2.77867113544
-2.82623201547
-2.85403152241
-2.88220690291
-2.96554728303
-3.03252144889
-3.10010237472
-4.14430919407
-4.16294438265
-4.18134718838
-4.2001144392
-4.21864262742
-4.28948867322
-4.33159710455
-4.37371307611
-4.41532762217
-4.49753692272
-4.2131217999
-4.24981012138
-4.28604093545
-4.32298925656
-4.35946691938
-4.45766288988
-4.51929689377
-4.58094193428
-4.64185303957
-4.76803929709
-0.638617941898
-0.654268677207
-0.669724246124
-0.685485893714
-0.71891204652
-0.752183925709
-0.785905669689
-0.833470674485
-0.877490773271
-0.921909677083
-0.691125433356
-0.704707667383
-0.735471056432
-0.780521377254
-0.836495677661
-0.900445055003
-0.971735334467
-1.04781288228
-1.1193684254
-1.19356978203
-1.40221023091
-1.41781434846
-1.43322388094
-1.45529268242
-1.48288280567
-1.51674233014
-1.55105966487
-1.59789507169
-1.64180769486
-1.68611814937
-1.44302470876
-1.47482227656
-1.50622332519
-1.55233815302
-1.60957151667
-1.67381844974
-1.73893405731
-1.81941813086
-1.89372795881
-1.96871100498
-2.07853482974
-2.09409765728
-2.10946641464
-2.13183162829
-2.15954262091
-2.1939226312
-2.22876748918
-2.27495668065
-2.31877411112
-2.3655022448
-2.12346082572
-2.15510372009
-2.18635202409
-2.23242676127
-2.29031001184
-2.35501659354
-2.42059806458
-2.50078670269
-2.57580819714
-2.6510944891
-2.90757788638
-2.92309010035
-2.9384088753
-2.95403101988
-2.98899658798
-3.02401461315
-3.05950611253
-3.10490316904
-3.14860391171
-3.19270056615
-2.97867147567
-2.98973289589
-3.0195154772
-3.06471812998
-3.12368787642
-3.18999088706
-3.25918800116
-3.3344169786
-3.41033161935
-3.48667966197
-4.08569170371
-4.10113199313
-4.11637974045
-4.13192945078
-4.14728108445
-4.20361900855
-4.24002941938
-4.27644635012
-4.31242970716
-4.37176506624
-4.14281962442
-4.174003488
-4.20479848537
-4.23620334006
-4.26720815073
-4.37663689126
-4.4436009249
-4.51057694958
-4.57675556926
-4.67787866069
-0.682963356379
-0.709687546119
-0.740473645267
-0.775426497186
-0.815100851942
-0.86139613802
-0.91268383505
-0.967940545027
-1.0207565512
-1.0687229042
-0.728970649188
-0.764082086114
-0.813345008675
-0.874193435402
-0.942539629022
-1.01778359051
-1.09696239024
-1.17971383467
-1.25666870325
-1.32640069792
-1.43297967298
-1.46369432745
-1.4940259668
-1.52808521927
-1.56648958145
-1.61062381153
-1.65535477485
-1.71008950581
-1.7603725078
-1.8111110543
-1.47561656692
-1.52356728664
-1.5709200556
-1.63027825664
-1.69687399429
-1.76980760365
-1.84372733894
-1.92650682998
-2.00249488229
-2.07917135689
-2.09991725798
-2.12669331868
-2.15313547895
-2.18426053364
-2.21984339773
-2.26175201757
-2.30422727846
-2.35557140116
-2.40405468811
-2.45203098161
-2.14588101984
-2.18945268339
-2.23248100349
-2.28867807839
-2.3532069551
-2.42455731483
-2.49687239358
-2.57815076632
-2.65453922032
-2.72686941759
-2.91745365249
-2.93940175954
-2.96107617127
-2.98317981827
-3.0207287209
-3.05990917336
-3.09961937967
-3.14680727288
-3.19308445751
-3.23978089548
-2.98895644347
-3.00529919245
-3.04105834201
-3.0911274957
-3.15309490119
-3.22261336006
-3.29654594687
-3.37170283947
-3.4487129251
-3.52342120848
-4.07921589732
-4.09430322812
-4.10920241825
-4.12439666865
-4.13939737034
-4.19413250001
-4.22991341822
-4.26570074361
-4.30106199128
-4.35787033641
-4.13505294464
-4.16562869956
-4.19582317145
-4.22661560798
-4.25701580166
-4.36768548996
-4.43523836219
-4.50280333091
-4.56956388276
-4.66791810418
-0.735485872321
-0.795892946195
-0.868152051009
-0.942022252092
-1.01913411813
-1.09944132774
-1.18273378841
-1.26534958814
-1.34642795722
-1.41848828561
-0.758107608227
-0.819095856825
-0.897747103487
-0.985401094465
-1.07635447169
-1.17078006114
-1.26408010021
-1.35971313837
-1.44792031434
-1.52371281291
-1.46237829609
-1.50753029327
-1.55211924007
-1.59763475323
-1.64637156584
-1.70032274993
-1.75500340102
-1.81728553089
-1.87365510299
-1.93053536155
-1.5067564151
-1.57014064265
-1.6327344619
-1.70474602653
-1.78028703214
-1.86152031498
-1.94385194258
-2.02882458724
-2.10641609682
-2.18471055539
-2.12034707102
-2.15783680065
-2.19485902924
-2.23435366257
-2.27745769593
-2.32655951591
-2.37632523526
-2.43259463025
-2.48553590365
-2.53470474983
-2.16730236495
-2.22227135536
-2.27655487642
-2.34242332563
-2.41330175713
-2.49099990588
-2.56974860128
-2.65206815954
-2.72976267326
-2.79926847374
-2.95589620815
-2.989106255
-3.03241751096
-3.07855161461
-3.12805324393
-3.1830946755
-3.24182079817
-3.30213381655
-3.36125133724
-3.41505551245
-3.01601472695
-3.06065327367
-3.12426550944
-3.19795582056
-3.27852343178
-3.36558639318
-3.4537091292
-3.53828906906
-3.61976013917
-3.69238494089
-4.07302859659
-4.08777869354
-4.10234485517
-4.11719948184
-4.13186488602
-4.18506862785
-4.22024809816
-4.25543386796
-4.29020072205
-4.344594635
-4.12763228062
-4.15762701891
-4.18724771952
-4.21745502193
-4.24727753509
-4.35913288531
-4.4272483626
-4.49537603713
-4.56269259532
-4.65840130351
-0.757763195965
-0.82960778418
-0.900556462474
-0.972910192719
-1.03549845572
-1.10729277364
-1.18005781327
-1.25929825669
-1.32720876176
-1.39573450967
-0.801735988393
-0.893968521732
-0.98505090523
-1.07793706413
-1.17180184516
-1.26719184315
-1.36387159701
-1.45522100214
-1.53457304484
-1.61464398628
-1.49083092906
-1.54995570351
-1.60834318551
-1.66788696031
-1.72368310432
-1.78713535206
-1.85144552946
-1.9210321977
-1.98329248599
-2.04611682834
-1.53689424392
-1.61521535922
-1.6925598016
-1.77143595623
-1.8610160017
-1.95028189078
-2.04075473245
-2.12784995935
-2.20699333008
-2.28685370906
-2.14011949266
-2.18797814634
-2.23523999734
-2.28283489265
-2.33321807879
-2.3892816358
-2.44610322093
-2.5071394026
-2.56439521316
-2.62216973917
-2.18803441309
-2.25403398671
-2.31921053839
-2.39443915602
-2.47146282606
-2.5553045044
-2.64027979527
-2.72360703573
-2.80256558272
-2.88223946353
-2.99714261128
-3.08286434281
-3.19044165067
-3.29825474744
-3.40975803349
-3.51967192177
-3.62691686022
-3.72501710098
-3.81124776838
-3.88816841705
-3.06066960154
-3.16688213695
-3.30630501205
-3.45159431311
-3.59464064519
-3.72902685272
-3.852611493
-3.96236372162
-4.05830761057
-4.14192805021
-4.06704039108
-4.08146410572
-4.09570795504
-4.11023388641
-4.1245747823
-4.17629641335
-4.21089378918
-4.24549736026
-4.27968894719
-4.33174611968
-4.12045039904
-4.14988281669
-4.17894820885
-4.20858920561
-4.23785262688
-4.35085548674
-4.41951546557
-4.48818773914
-4.55604241245
-4.64919073485
-0.797822184406
-0.888560256223
-0.978166814301
-1.06954792086
-1.14194106148
-1.22668738441
-1.31257955144
-1.40246990316
-1.47841283484
-1.55504378003
-0.844417609009
-0.956910857325
-1.06800130246
-1.18129175822
-1.28302537472
-1.38906077042
-1.49652985704
-1.59142025316
-1.67273773878
-1.7547919293
-1.52062695871
-1.59438423787
-1.66722175564
-1.74150173152
-1.80464492236
-1.87804682834
-1.95244119203
-2.02967728388
-2.09810641968
-2.16715549693
-1.56845503627
-1.66241828744
-1.75520980653
-1.84983894836
-1.9455566055
-2.04323436191
-2.14223280668
-2.23155083396
-2.31231933727
-2.39381957191
-2.1608254731
-2.21954262162
-2.27752756083
-2.33666082097
-2.39161119914
-2.45496519297
-2.51917578798
-2.58520382109
-2.64697788055
-2.70931158903
-2.20974532899
-2.28729629697
-2.36388019586
-2.44198074535
-2.53236998134
-2.62264525724
-2.71414113351
-2.7985236341
-2.87880589594
-2.95981548394
-3.05257212645
-3.23578919776
-3.46176981674
-3.67570431934
-3.86015385922
-4.01777291481
-4.15244517378
-4.26879945385
-4.36754410918
-4.4570635712
-3.12523600396
-3.34813718738
-3.62426736739
-3.87242156318
-4.07446311145
-4.24012885797
-4.38057019364
-4.4999414392
-4.60291973847
-4.69563380057
-4.06076945127
-4.07485137338
-4.08875769236
-4.10293940901
-4.1169404749
-4.16711001702
-4.20109781466
-4.2350916984
-4.26868085682
-4.31829095916
-4.11292942351
-4.14177297043
-4.17025683514
-4.19930478802
-4.22798271976
-4.34218726916
-4.41141745827
-4.48066004423
-4.54907823989
-4.63954528738
-0.837842101543
-0.947455229313
-1.05570146932
-1.16609139394
-1.24827984906
-1.34596554433
-1.4449720353
-1.54550190799
-1.62946943189
-1.714197669
-0.887057600353
-1.01979180247
-1.15087079449
-1.2845456459
-1.39414042304
-1.51081083353
-1.62905872961
-1.72748666302
-1.81076767459
-1.89480317983
-1.55039392698
-1.63876943912
-1.7260428989
-1.815044703
-1.88552777476
-1.96886963464
-2.05333834907
-2.1382164037
-2.21280837027
-2.28807611114
-1.59998504599
-1.70957517656
-1.81779870614
-1.92816547059
-2.03001475311
-2.13609617239
-2.24361190486
-2.33515056452
-2.41754261535
-2.50068110622
-2.18151125808
-2.25107631066
-2.31977387939
-2.38983191959
-2.4499473661
-2.52058468606
-2.59217708412
-2.6631920999
-2.72948000141
-2.7963684456
-2.23143506927
-2.32052616503
-2.40850628503
-2.49822874389
-2.59321773118
-2.68992032966
-2.78793043151
-2.87336716299
-2.9549718486
-3.03731584102
-3.16473177502
-3.49369682129
-3.86448167127
-4.15163670631
-4.36568232889
-4.53479794654
-4.67461006617
-4.79416292773
-4.89881281877
-4.99099044417
-3.26187980365
-3.65165138768
-4.06982911692
-4.37151124851
-4.589795281
-4.76248703248
-4.90710376172
-5.03053933288
-5.13581257447
-5.22970861443
-4.05450462779
-4.06824509073
-4.08181420858
-4.09565204624
-4.10931361357
-4.15793258058
-4.19131139459
-4.22469618563
-4.25768350312
-4.30484892206
-4.10541578351
-4.13367103406
-4.16157393852
-4.19002942593
-4.21812243921
-4.33352750608
-4.40332734932
-4.47313969141
-4.54212085979
-4.62990924754
-0.877820542428
-1.00628916423
-1.13315576817
-1.26253481032
-1.35450842816
-1.46512008553
-1.57722730888
-1.68838567583
-1.78036947536
-1.87318661244
-0.929653400024
-1.08260757842
-1.23365440139
-1.38769252227
-1.50514031281
-1.63243471606
-1.76145025054
-1.86341205498
-1.94865455751
-2.03466932406
-1.58013004505
-1.68310863998
-1.7848030805
-1.88851145525
-1.96632680096
-2.05959831307
-2.15413093727
-2.24664303463
-2.32739144487
-2.4088714044
-1.63148237831
-1.75668319273
-1.88032273922
-2.00641081598
-2.11438536912
-2.22886174179
-2.34488593473
-2.43864292532
-2.52265684105
-2.60743189027
-2.20217560451
-2.2825773185
-2.36197641427
-2.4429479122
-2.50822307402
-2.58613617174
-2.66510272242
-2.74109955242
-2.81189661787
-2.88333507729
-2.25310233051
-2.35372159398
-2.45308612416
-2.55441844755
-2.654002419
-2.75712567885
-2.86164325501
-2.94813312477
-3.03105886361
-3.11473587749
-3.41917641085
-3.89007435092
-4.35452403697
-4.66408639196
-4.88431157135
-5.05618129518
-5.20050376151
-5.32161197944
-5.42577762216
-5.51894624108
-3.55719246955
-4.08103719045
-4.56517567281
-4.88091363554
-5.10611731868
-5.28000831983
-5.4235884213
-5.54644969295
-5.65086239551
-5.74431961616
-4.04824629711
-4.06164565476
-4.07487792096
-4.08837223603
-4.10169465665
-4.14876465555
-4.18153511706
-4.21431144668
-4.24669754697
-4.29142081616
-4.09790993058
-4.12557749445
-4.15290004076
-4.18076367674
-4.20827237775
-4.32487671789
-4.39524562488
-4.46562713262
-4.53517069026
-4.6202831944
-0.342800834408
-0.251629807244
-0.16159569282
-0.0697785626863
-0.03824060541
0.0272193055053
0.0935642914413
0.14839938223
0.185345412488
0.222626159455
-0.366800394071
-0.27636328939
-0.187053945355
-0.0959759388018
-0.0991371921777
-0.071725811451
-0.0439438049777
-0.0823271302537
-0.120629543905
-0.159278962571
-1.18113369223
-1.11509628026
-1.04988236209
-0.983376961899
-0.968781627268
-0.925700620837
-0.882037121669
-0.85570105737
-0.839246249984
-0.822642368424
-1.21610735781
-1.15615489424
-1.09695004448
-1.03657271496
-1.05279883399
-1.04586936757
-1.03884620872
-1.08879734449
-1.13609327275
-1.18381768379
-1.92365708058
-1.87988087065
-1.83665055488
-1.79256411549
-1.79297510377
-1.76971541274
-1.74614123042
-1.74504716101
-1.74674172246
-1.74845163597
-1.96835066855
-1.9353988871
-1.90285801799
-1.8696727167
-1.89747057389
-1.90868223156
-1.92004548061
-1.98024239138
-2.03550400401
-2.09126626544
-2.83384704049
-2.81735875564
-2.80107608152
-2.78447094892
-2.80327678465
-2.80431418991
-2.8053656218
-2.83521335258
-2.85915552743
-2.8833146091
-2.89045537203
-2.89060120093
-2.89074521133
-2.89089207368
-2.93287464215
-2.96632380678
-3.00022523325
-3.07298148111
-3.13800748105
-3.20362259133
-4.12727487827
-4.14956417116
-4.17157551412
-4.19402276485
-4.21618407607
-4.27453350484
-4.3105792306
-4.34663141096
-4.38225436028
-4.49601462354
-4.20081468751
-4.24799396269
-4.29458490712
-4.34209852832
-4.38900690742
-4.46928815051
-4.53521751332
-4.60115868191
-4.66631476632
-4.78433947549
-0.643176512743
-0.648771493253
-0.661883784198
-0.682384081389
-0.708274983045
-0.740095514146
-0.778584282139
-0.820250000759
-0.864583315343
-0.90967328306
-0.68908193505
-0.70095999891
-0.729590538181
-0.773429883146
-0.828915701036
-0.891630880661
-0.962353039052
-1.03782384641
-1.11178977241
-1.18518030551
-1.4010914933
-1.41449410382
-1.4277295823
-1.44860196953
-1.47499779484
-1.50759639732
-1.54063576131
-1.58791089647
-1.63223837734
-1.676967448
-1.44241399964
-1.47148578011
-1.50019503227
-1.54433807463
-1.60051574431
-1.6639714903
-1.72828521325
-1.8101074536
-1.88477806717
-1.96012516754
-2.07919246163
-2.09270555889
-2.10605014634
-2.12725209903
-2.15409514243
-2.18738289385
-2.22112072467
-2.26783911838
-2.31216143225
-2.35899623456
-2.12480909405
-2.15395147202
-2.18273044133
-2.22714247281
-2.28393292549
-2.34804460169
-2.41302312361
-2.49413007712
-2.56942484253
-2.64518601869
-2.91898724826
-2.92406153607
-2.93753987
-2.95914580615
-2.98653705237
-3.02066956701
-3.05816601824
-3.10129951944
-3.14561549956
-3.1934549036
-2.98014237166
-2.99052232017
-3.0193867492
-3.06412850929
-3.12167011532
-3.18658583501
-3.25785910408
-3.33260942208
-3.40866927684
-3.48579536869
-4.09162114181
-4.10546213523
-4.11913052993
-4.1330696105
-4.14683113108
-4.20481378677
-4.2406244869
-4.27644159954
-4.31183227982
-4.3747059788
-4.14998163233
-4.17933352545
-4.20831939723
-4.23787929881
-4.2670626579
-4.37819706131
-4.44514853497
-4.51211199744
-4.57827820447
-4.67912579845
-0.673596331467
-0.692645986213
-0.717153445168
-0.747091048679
-0.78229747834
-0.824865131233
-0.874969054058
-0.927262188175
-0.980574892656
-1.02974506525
-0.720819902695
-0.747867603926
-0.789527630561
-0.845336553343
-0.909538469123
-0.982210440686
-1.06090483439
-1.14338298417
-1.22128886052
-1.29261907369
-1.42539147826
-1.4475702783
-1.46947250627
-1.49738888531
-1.53092236398
-1.5718817218
-1.61339488581
-1.66880226739
-1.71984471214
-1.77134958165
-1.46741537701
-1.50632217029
-1.54474379157
-1.59818774343
-1.66102513572
-1.73225673505
-1.80445144766
-1.88979466957
-1.96748951978
-2.0458882552
-2.09637533671
-2.11621750844
-2.1358122461
-2.16193839776
-2.19399011984
-2.23352498773
-2.27359440147
-2.32559490897
-2.37462655226
-2.42399837943
-2.14209394309
-2.17809621478
-2.21364953418
-2.2649987975
-2.32662761185
-2.39658345292
-2.46748515791
-2.55090216236
-2.6284101037
-2.70249573413
-2.92827173575
-2.93584959699
-2.95261579815
-2.97654747753
-3.00678285283
-3.04457157177
-3.08532939087
-3.1306955664
-3.17726235627
-3.22675028759
-2.98807812365
-3.00156117255
-3.033598509
-3.08238008959
-3.14252742129
-3.21091942966
-3.28469269703
-3.36129199222
-3.43857081947
-3.51424290227
-4.08768227147
-4.10058993336
-4.11333663528
-4.12633577007
-4.13916931817
-4.19711145436
-4.23289618987
-4.26868733326
-4.30405235346
-4.36130432527
-4.14436581661
-4.17174821779
-4.19878915742
-4.22636560983
-4.25359078551
-4.3681337124
-4.43519810445
-4.50227450551
-4.56855230652
-4.66750224722
-0.721001780435
-0.765510197046
-0.821024333064
-0.880860518248
-0.94909820842
-1.02377999632
-1.10578062389
-1.18972208989
-1.27194762983
-1.3462060714
-0.757806078133
-0.810589708927
-0.879584007184
-0.96037126089
-1.04966091016
-1.14308441207
-1.23427188709
-1.32637660644
-1.41189002487
-1.48789820968
-1.44860886704
-1.47917286588
-1.50935572828
-1.54400228008
-1.5843554203
-1.63330305084
-1.68291249599
-1.74608982175
-1.80354806995
-1.86152686759
-1.49130291027
-1.53960655365
-1.58730784528
-1.64963833892
-1.71883875446
-1.79749978269
-1.87722437654
-1.96593171567
-2.04651606881
-2.12783048494
-2.11279269219
-2.13868196983
-2.16424840532
-2.19507937644
-2.23210772374
-2.27761139087
-2.32373030722
-2.38077760343
-2.43430876933
-2.48610459357
-2.15860872945
-2.20116527762
-2.24319114094
-2.30116857333
-2.36742019399
-2.44295983473
-2.51952083723
-2.60514497682
-2.6847674942
-2.75725222667
-2.95161452141
-2.97471026519
-3.00726585452
-3.04531937871
-3.08971349816
-3.1399301779
-3.19389940126
-3.25340455709
-3.31218514882
-3.36806026138
-3.01395935376
-3.04579279389
-3.09593961944
-3.15989727211
-3.23461338318
-3.31832372108
-3.40475362987
-3.48942620735
-3.57276221537
-3.64740625191
-4.08391888296
-4.09593479446
-4.10780086623
-4.11990193106
-4.13184884906
-4.18975227095
-4.22551219861
-4.26127852969
-4.29661903301
-4.34849973296
-4.13900019285
-4.16450084553
-4.18968350227
-4.21536487079
-4.24071910268
-4.35851869887
-4.42569097863
-4.49287528674
-4.55925971006
-4.65639654042
-0.728624613243
-0.775136741865
-0.821068859125
-0.867910605888
-0.921471088342
-0.984244973556
-1.04786761638
-1.12846146385
-1.19865679438
-1.26948806739
-0.769068210427
-0.836061074039
-0.902218529269
-0.969686152127
-1.06112160123
-1.15251386414
-1.24514183005
-1.34185030431
-1.42716388977
-1.51325038322
-1.4710791657
-1.50975854404
-1.54795558627
-1.58690907429
-1.63606910546
-1.69274796174
-1.75019316554
-1.82089041389
-1.88455801753
-1.94880242498
-1.51442178946
-1.5718199107
-1.62850227105
-1.68630715634
-1.77479204412
-1.86064343675
-1.947655615
-2.03961882064
-2.12299969817
-2.20713597411
-2.12868176931
-2.16042356882
-2.1917695446
-2.22715394329
-2.26899877776
-2.32027917985
-2.37225293765
-2.43418462678
-2.49207052947
-2.55048085599
-2.17459210232
-2.22349202317
-2.27178215662
-2.33617447656
-2.40690015068
-2.48784391535
-2.56988211024
-2.65764236368
-2.73931141418
-2.82172035462
-2.93477528342
-2.95801295404
-2.98096084836
-3.00436319771
-3.04484805348
-3.0895109956
-3.1347778196
-3.18596462968
-3.23676328603
-3.28802215851
-3.04829632636
-3.11914149939
-3.22009941835
-3.33571460403
-3.46183246621
-3.58968242803
-3.71466249072
-3.82510947475
-3.92720795795
-4.01621303669
-4.08027659293
-4.09142944883
-4.10244322739
-4.11367512039
-4.12476393832
-4.18262989165
-4.21836580973
-4.25410812693
-4.28942490226
-4.33610716736
-4.13380722435
-4.15748667953
-4.18087084929
-4.20471811399
-4.22826160541
-4.34921307766
-4.41648977352
-4.48377851643
-4.55026613116
-4.64564819354
-0.759937091251
-0.817623235121
-0.87459002643
-0.932684975488
-0.993151831185
-1.06633284562
-1.14050333111
-1.23208824726
-1.31097889852
-1.3905842685
-0.801715244758
-0.881484724769
-0.960259470587
-1.04059425407
-1.1391938127
-1.2402278776
-1.34262801107
-1.44407000629
-1.53319889905
-1.62313526502
-1.49461040395
-1.54178833104
-1.58837794418
-1.63589020773
-1.69022446247
-1.75499957585
-1.8206505052
-1.89922273076
-1.9693928658
-2.04019871505
-1.5386322311
-1.60555422776
-1.67164169976
-1.73903795346
-1.8333871794
-1.92676843091
-2.0214122783
-2.11678507684
-2.2030945172
-2.29018588762
-2.14532105235
-2.18319170171
-2.22059009991
-2.25872912772
-2.30763165017
-2.36496153691
-2.42306657367
-2.49011327329
-2.55255952252
-2.61557151056
-2.19133013329
-2.24687293042
-2.30172310275
-2.35765951578
-2.44824416133
-2.53484720671
-2.6226212007
-2.71261842503
-2.79643063612
-2.88100215335
-2.94296636328
-2.96942809157
-2.99555983918
-3.02220909416
-3.06445336414
-3.11265684403
-3.16151207696
-3.21443071252
-3.2674089727
-3.32086719538
-3.08093203585
-3.22906780569
-3.42478988135
-3.63566307068
-3.83274777644
-4.00195395884
-4.14896920675
-4.27475644177
-4.38424487781
-4.48185805297
-4.07646233145
-4.08671138241
-4.09683262658
-4.10715430963
-4.11734451212
-4.17517122782
-4.21088200269
-4.24659917218
-4.28189109921
-4.32312948434
-4.12836906882
-4.15014133829
-4.17164210516
-4.19356866847
-4.21521592494
-4.3394680897
-4.4068541317
-4.47425224031
-4.54084791866
-4.63439236133
-0.791219028815
-0.860068289422
-0.928058992172
-0.99739616778
-1.06476266063
-1.14834065374
-1.23304869413
-1.33561395888
-1.42319144995
-1.51156235913
-0.834330436992
-0.926864071804
-1.01824380201
-1.1114331962
-1.21718987689
-1.32785633971
-1.4400191095
-1.54619000888
-1.63913048771
-1.73291297124
-1.51811869115
-1.57378687797
-1.62876087638
-1.68482356771
-1.74432699936
-1.8171904732
-1.89103912469
-1.97747864666
-2.05414497088
-2.13150586227
-1.56281905923
-1.63925564226
-1.71473905269
-1.7917173199
-1.89192516425
-1.99282893045
-2.09509700346
-2.19387606936
-2.28311121621
-2.37315479888
-2.16194410635
-2.20593762783
-2.24938254525
-2.29368783622
-2.34622684224
-2.4096003133
-2.4738306489
-2.54598737012
-2.61298951799
-2.68059867934
-2.20805183892
-2.27023103323
-2.33163484615
-2.39425468662
-2.48954784734
-2.58180465367
-2.67530885239
-2.7675408658
-2.85349414716
-2.94022613193
-2.95114945403
-2.9808320954
-3.01014459096
-3.04003758472
-3.08403955287
-3.13578011729
-3.18822025921
-3.24286903113
-3.29802476928
-3.35368019704
-3.14018275716
-3.40806403363
-3.73531405013
-4.02640996001
-4.25046610504
-4.43153499637
-4.58352835012
-4.71371747235
-4.8251617806
-4.92419127185
-4.07265179019
-4.08199791773
-4.09122749803
-4.1006398589
-4.10993232242
-4.16771983874
-4.20340549493
-4.23909754124
-4.2743646442
-4.31016445903
-4.12293621736
-4.14280316128
-4.16242236223
-4.1824300975
-4.20218296851
-4.32973260647
-4.39722788794
-4.46473525559
-4.53143889216
-4.62314750744
-0.822468546083
-0.90246935408
-0.981472543199
-1.06204029402
-1.1362992733
-1.23026346977
-1.32549814404
-1.43903237746
-1.53528770538
-1.63241506924
-0.866911827158
-0.972196388124
-1.07616803903
-1.18219872154
-1.29510510672
-1.41539398453
-1.53730927275
-1.64820417528
-1.74495228989
-1.84257690491
-1.54160261458
-1.60575226192
-1.6691019561
-1.73370621363
-1.79837346491
-1.87931691652
-1.9613547941
-2.05565345888
-2.1388092397
-2.22271837965
-1.58698082036
-1.67292212893
-1.75779173994
-1.84434208997
-1.9504024809
-2.05882096552
-2.16870536249
-2.27088716554
-2.36304498668
-2.45603772196
-2.17854993239
-2.22865998029
-2.27814515038
-2.32861031385
-2.38478203463
-2.45419282649
-2.52454211273
-2.60180355957
-2.67335688439
-2.74555845459
-2.22475621433
-2.29356492794
-2.36151558931
-2.43081193057
-2.5308087266
-2.62871343439
-2.72794189912
-2.82240638548
-2.91049851813
-2.99938873135
-2.9593240639
-2.99222428023
-3.02471422725
-3.057847598
-3.10360544266
-3.15887942581
-3.21490076137
-3.27127787655
-3.32860883595
-3.38645919161
-3.26256470503
-3.68812247553
-4.13010718112
-4.44757242058
-4.67916209206
-4.86129230206
-5.01678913108
-5.14786517035
-5.26051573887
-5.36189763571
-4.06884519814
-4.07728933804
-4.08562817858
-4.09413215968
-4.10252781463
-4.16027617222
-4.19593673576
-4.23160368493
-4.26684598955
-4.29721287054
-4.11750899646
-4.1354725895
-4.15321217455
-4.17130307043
-4.1891635193
-4.32000721299
-4.38761162072
-4.45522813418
-4.52203961709
-4.6119143076
-0.421434357928
-0.400048046193
-0.378928424119
-0.357390553715
-0.352539393063
-0.309416312038
-0.265710169391
-0.208024797845
-0.165195593189
-0.121978372546
-0.457776040257
-0.43431627894
-0.411149063429
-0.387523049501
-0.396938410834
-0.377895326715
-0.358594763509
-0.387643130101
-0.409113564166
-0.430778512039
-1.23857497286
-1.22767309032
-1.21690715545
-1.20592801439
-1.21146950006
-1.18445220352
-1.15706960961
-1.12906491553
-1.10990586221
-1.09057323529
-1.2842039119
-1.27871598386
-1.27329649088
-1.26776967147
-1.2862678342
-1.28679173782
-1.28732272508
-1.3275185072
-1.36299143163
-1.398785727
-1.96232808894
-1.96071241511
-1.95911688892
-1.95748976528
-1.97223616625
-1.95948399313
-1.94655939951
-1.94484330549
-1.94664924334
-1.94847154229
-2.01618288393
-2.02661286536
-2.03691278377
-2.04741667949
-2.07395960918
-2.09181427337
-2.10991034818
-2.15997955549
-2.20785468567
-2.25616354597
-2.849509328
-2.85927674873
-2.86892236865
-2.8787590083
-2.90478885384
-2.90952296103
-2.91432107746
-2.94482971897
-2.97233467828
-3.00008882184
-2.91344743029
-2.94338968785
-2.97295856215
-3.00311301192
-3.03951726883
-3.07861609114
-3.1182435636
-3.18041567919
-3.2434935132
-3.30714280794
-4.11024056246
-4.13618395967
-4.16180383985
-4.18793109049
-4.21372552473
-4.25957833646
-4.28956135666
-4.31954974582
-4.3491810984
-4.49449232436
-4.18850757512
-4.24617780401
-4.3031288788
-4.36120780009
-4.41854689547
-4.48091341114
-4.55113813287
-4.62137542954
-4.69077649307
-4.80063965388
-0.632369309785
-0.6432743093
-0.654043322271
-0.665025602396
-0.69763791957
-0.728007102582
-0.758786903405
-0.807029327033
-0.851675857415
-0.89672686805
-0.687543428485
-0.69828459798
-0.726433204252
-0.769038576616
-0.823719147013
-0.886025961706
-0.958011747725
-1.03292381759
-1.10597824592
-1.18030979548
-1.3999727557
-1.41117385918
-1.42223528366
-1.43351576616
-1.46711278401
-1.49845046451
-1.53021185774
-1.57792672124
-1.62266905982
-1.66781674663
-1.44180329051
-1.46814928365
-1.49416673936
-1.52069943901
-1.59145997194
-1.65412453086
-1.7176363692
-1.80079677635
-1.87582817554
-1.95153933011
-2.07985009351
-2.0913134605
-2.10263387804
-2.12267256976
-2.14864766394
-2.1808431565
-2.21347396015
-2.26072155612
-2.30554875338
-2.35078206766
-2.12615736239
-2.15279922395
-2.17910885856
-2.22185818436
-2.27755583913
-2.34107260984
-2.40544818263
-2.48747345154
-2.56304148792
-2.6392941414
-2.9132481205
-2.92503297179
-2.93667086469
-2.94853923185
-2.98407751676
-3.01732452087
-3.05102105343
-3.09769586983
-3.14262708741
-3.1879653644
-2.98005131898
-2.99005426423
-3.01846394819
-3.06195766159
-3.12007498754
-3.18563355845
-3.25474690557
-3.33029904815
-3.40652787629
-3.48335317492
-4.09755057992
-4.10979227732
-4.12188131941
-4.13420977022
-4.1463811777
-4.20600856498
-4.24121955441
-4.27643684897
-4.31123485249
-4.37764689136
-4.15714364024
-4.18466356289
-4.21184030908
-4.23955525755
-4.26691716508
-4.37975723135
-4.44669614505
-4.51364704531
-4.57980083968
-4.68037293621
-0.655672489447
-0.670144893135
-0.684436824357
-0.699011789827
-0.735762909731
-0.774251199688
-0.813259884855
-0.87320475239
-0.927515223013
-0.982317725441
-0.716613847618
-0.738427215566
-0.776099145128
-0.826791941267
-0.887518964016
-0.95797883577
-1.03736246352
-1.11985386456
-1.19695051339
-1.2705624296
-1.41780328354
-1.43144622915
-1.44491904574
-1.45865867501
-1.49535514652
-1.53313963207
-1.57143499678
-1.62751502896
-1.67931691648
-1.73158810901
-1.4592141871
-1.48907705394
-1.51856752755
-1.54864202398
-1.62517627715
-1.69470586646
-1.76517555639
-1.85308250917
-1.93248415727
-2.01260515352
-2.09283341544
-2.1057416982
-2.11848901325
-2.13961626188
-2.16813684195
-2.20529795789
-2.24296152448
-2.29561841679
-2.34519841641
-2.3952275916
-2.13830686633
-2.16673974617
-2.19481806487
-2.24131951661
-2.30004826859
-2.36860959101
-2.43809792224
-2.5236535584
-2.60228098708
-2.68162074977
-2.92028970617
-2.93229743445
-2.94415542503
-2.95624824865
-2.99283698475
-3.02923397018
-3.06612307456
-3.11458385993
-3.16144025503
-3.2087211509
-2.9888352738
-3.00098842575
-3.03140830144
-3.0779950659
-3.13751440448
-3.20543175612
-3.2779008648
-3.35424234378
-3.4309521063
-3.50666455967
-4.09614864562
-4.10687663859
-4.11747085231
-4.1282748715
-4.13894126599
-4.20009040871
-4.23587896153
-4.2716739229
-4.30704271564
-4.36473831412
-4.15367868859
-4.17786773603
-4.20175514338
-4.22611561168
-4.25016576936
-4.36858193484
-4.4351578467
-4.50174568012
-4.56754073027
-4.66708639026
-0.677937481923
-0.695818357254
-0.713476256103
-0.73148384808
-0.772189381629
-0.818435061679
-0.865306023611
-0.936431975844
-0.999975845509
-1.06409539799
-0.74493164751
-0.785995182964
-0.843541016797
-0.916070639493
-0.997931834671
-1.08687881618
-1.18153994508
-1.276342956
-1.36110347124
-1.43969819641
-1.43483943799
-1.45081543849
-1.46659221649
-1.48268143433
-1.52233927477
-1.56628335176
-1.61082159096
-1.67489411261
-1.73344103691
-1.79251837364
-1.47584940543
-1.50907246465
-1.54188122866
-1.57533973018
-1.65739047679
-1.73347925039
-1.8105968105
-1.90303884409
-1.9866160408
-2.07095041449
-2.10523831337
-2.11952713901
-2.13363778141
-2.15580509031
-2.18675775155
-2.22866326583
-2.27113537918
-2.3289605766
-2.383081635
-2.43769300921
-2.14991509396
-2.18005919987
-2.20982740547
-2.25991382102
-2.32153863085
-2.39491976359
-2.46929307317
-2.55822179409
-2.63977231514
-2.72206165228
-2.92701757997
-2.93923825577
-2.9513065384
-2.96361381864
-3.00120620696
-3.04061283792
-3.08055228086
-3.13071946794
-3.17941527138
-3.22855223991
-3.01209187864
-3.03748997585
-3.08077400573
-3.13812958159
-3.20813953736
-3.28648668413
-3.3712738118
-3.45586091084
-3.53965539726
-3.6159524706
-4.09480916933
-4.10409089539
-4.11325687729
-4.12260438028
-4.1318328121
-4.19443591405
-4.23077629905
-4.26712319143
-4.30303734397
-4.35240483091
-4.15036810507
-4.17137467215
-4.19211928503
-4.21327471964
-4.23416067027
-4.35790451243
-4.42413359467
-4.49037453635
-4.5558268248
-4.65439177734
-0.69948603052
-0.72066569955
-0.741581255776
-0.762911019056
-0.80744372096
-0.861197173474
-0.915677419493
-0.997624671004
-1.070104827
-1.14324162511
-0.736400432461
-0.778153626346
-0.819386153309
-0.861435240126
-0.95044135729
-1.03783588512
-1.1264120631
-1.22847960649
-1.31975473469
-1.41185678017
-1.45132740235
-1.46956138457
-1.48756798703
-1.50593118827
-1.54845510659
-1.59836057143
-1.64894080163
-1.72074863007
-1.78582354908
-1.85148802162
-1.491949335
-1.52842446217
-1.56444474049
-1.60117835645
-1.68856808654
-1.77100498272
-1.85455649755
-1.95138768194
-2.03900606626
-2.12741823917
-2.11724404597
-2.13286899131
-2.14829909186
-2.16403476672
-2.20477947672
-2.2512767239
-2.29840265437
-2.36122985096
-2.41974584577
-2.47879197281
-2.16114979154
-2.19295005962
-2.22435377486
-2.25637940233
-2.34233747531
-2.42038332631
-2.49948442521
-2.59167769162
-2.67605724565
-2.76120124571
-2.93352896395
-2.94595573505
-2.95822754294
-2.97074237901
-3.00930612397
-3.05162555597
-3.09451718355
-3.14633586366
-3.19681188688
-3.2477452033
-3.04184264125
-3.0942186047
-3.17213433069
-3.26960548208
-3.37994417969
-3.49907868721
-3.62192710914
-3.73465716664
-3.83988327763
-3.93005313439
-4.09351279477
-4.10139479194
-4.10917849974
-4.11711635437
-4.12495309434
-4.18896336996
-4.22583783027
-4.26271889359
-4.29916085732
-4.34046821505
-4.14716404966
-4.16509054237
-4.18279348974
-4.20084702237
-4.21867058394
-4.34757066858
-4.41346408148
-4.47936929372
-4.54448984987
-4.64210565222
-0.722051998097
-0.746686214019
-0.771013238559
-0.795822030118
-0.844362600885
-0.905978306823
-0.968427110781
-1.06170659135
-1.14354496221
-1.22612475697
-0.759012880506
-0.806058592213
-0.852517638718
-0.899896749916
-0.995362250686
-1.09139498478
-1.1887261651
-1.29671975943
-1.39366005933
-1.49147860075
-1.4685938492
-1.48919242421
-1.50953413272
-1.53027868394
-1.57580400257
-1.63195232336
-1.68885981836
-1.76876817764
-1.84067931191
-1.91324193317
-1.50880942593
-1.54869016809
-1.588073593
-1.62823695856
-1.7212177533
-1.81030249992
-1.90059174992
-2.00201931971
-2.09386969712
-2.18655220334
-2.1298166316
-2.14684078181
-2.16365263899
-2.18079743447
-2.2236521012
-2.27495788086
-2.32695735936
-2.39502272549
-2.4581411645
-2.52183143209
-2.17291493759
-2.20644956386
-2.23956600965
-2.27333828621
-2.36411834132
-2.44704915618
-2.53110126789
-2.62671321596
-2.71405537631
-2.80218882277
-2.94034778422
-2.95299038144
-2.96547532408
-2.97820751577
-3.01778848017
-3.06315824167
-3.10914144187
-3.1626895906
-3.21502988703
-3.26784436624
-3.06903232296
-3.17322417221
-3.31698244763
-3.48775947024
-3.66875342667
-3.83748689581
-3.98862868808
-4.11828895961
-4.2320789878
-4.33225986083
-4.09215521163
-4.09857139145
-4.10490756079
-4.11136921024
-4.11774854934
-4.18323243862
-4.22066619071
-4.25810664595
-4.29510134159
-4.32796800952
-4.14380871413
-4.15850970615
-4.17302737518
-4.18783254892
-4.20244913012
-4.33674891024
-4.40229080512
-4.46784443639
-4.53261759743
-4.62923943528
-0.744595956087
-0.77268134953
-0.800416515027
-0.828700941614
-0.881245472194
-0.950715763152
-1.02112535296
-1.12572600977
-1.216913468
-1.30892704925
-0.78160327363
-0.833936341133
-0.885616809525
-0.938320746495
-1.04023933075
-1.14490184588
-1.2509794894
-1.36489335473
-1.46749330083
-1.57102276265
-1.48584345531
-1.50880431682
-1.53147885386
-1.55460243242
-1.60312622396
-1.66551131177
-1.72873990031
-1.81674088961
-1.89548157149
-1.9749356134
-1.52565307246
-1.56893610796
-1.61167939924
-1.65526916922
-1.75383557538
-1.8495616885
-1.94658210206
-2.05260157421
-2.14867981706
-2.24562849153
-2.14237695463
-2.160798945
-2.17899121111
-2.19754375285
-2.24250631838
-2.29861594054
-2.35548421368
-2.42878264033
-2.49649903457
-2.56482891308
-2.18466860857
-2.21993590143
-2.25476340727
-2.29028062934
-2.38587796349
-2.47368897768
-2.56268727327
-2.66171456861
-2.75201644572
-2.84313642283
-2.94715995379
-2.96001816663
-2.97271603613
-2.98566537144
-3.02626256316
-3.07467967904
-3.12375143651
-3.17902736702
-3.23323011835
-3.28792392558
-3.09719259456
-3.28205447806
-3.52725755766
-3.7901349308
-4.01520132475
-4.2009188204
-4.35902314803
-4.49301929315
-4.60964930413
-4.71255201317
-4.0907989526
-4.09575074474
-4.10064078748
-4.10562767155
-4.11055103126
-4.17750709691
-4.21549959528
-4.25349889685
-4.29104578529
-4.31547999599
-4.14045665121
-4.15193528851
-4.16327078594
-4.17483076906
-4.18624349781
-4.32593770685
-4.39112842655
-4.45633081977
-4.52075692453
-4.61638576733
-0.767116549738
-0.798649543936
-0.829789318226
-0.861545777727
-0.918090118454
-0.995406854016
-1.0737689792
-1.18967907908
-1.29020593539
-1.39164352604
-0.804170254291
-0.861785197825
-0.918681676672
-0.976704920817
-1.08506990064
-1.19835325299
-1.31316829496
-1.43299629558
-1.54125002227
-1.65048448575
-1.50307518411
-1.52839588386
-1.5534008317
-1.57890097201
-1.63042012887
-1.69903551997
-1.76857865093
-1.86466388314
-1.95022703453
-2.0365653549
-1.5424792624
-1.58916106513
-1.63526074065
-1.68227336395
-1.78641959268
-1.88878018925
-1.99252479025
-2.10313140575
-2.20343313232
-2.30464355364
-2.15492426027
-2.17474264208
-2.1943138865
-2.21427271551
-2.26134099523
-2.32224948124
-2.38398150304
-2.46250756673
-2.53481715092
-2.6077818319
-2.19641009816
-2.2334082619
-2.26994505446
-2.30720541359
-2.4076150342
-2.50030118993
-2.59424054323
-2.69667964619
-2.78993817265
-2.8840415852
-2.9539650633
-2.96703866829
-2.97994924399
-2.99311549787
-3.03472786368
-3.0861891757
-3.13834628949
-3.19534821113
-3.25141148713
-3.30798267466
-3.15456957867
-3.46531527423
-3.83236821857
-4.14609011171
-4.38042699817
-4.56871587601
-4.72953188308
-4.86568531854
-4.98271706899
-5.08646881868
-4.08944409918
-4.09293302132
-4.09637843621
-4.09989208333
-4.10336097262
-4.17178768889
-4.21033835445
-4.24889592317
-4.28699443213
-4.30300492491
-4.13710806234
-4.14536768454
-4.15352430834
-4.16184246412
-4.17005466085
-4.31513770808
-4.37997761657
-4.44482913574
-4.50890854391
-4.60354542079
