5.31519425157e-11
2.5432282705e-11
-1.94170989771e-12
-2.98578110022e-11
-1.35841810898e-10
-1.99147447809e-10
-2.63309032079e-10
-3.64679884424e-10
-4.55447277015e-10
-5.47036986989e-10
-1.42556240967e-10
-2.79837141102e-10
-4.15406133306e-10
-5.53659903881e-10
-5.42917480139e-10
-5.73696226107e-10
-6.04891127533e-10
-7.99805494621e-10
-8.94782291507e-10
-9.90619541346e-10
-6.4422647318e-10
-5.62039669977e-10
-4.80877745254e-10
-3.98108507706e-10
-6.1777218035e-10
-6.29616219968e-10
-6.4162040132e-10
-1.01313162408e-09
-7.66687932371e-10
-5.18011556372e-10
-1.14980687546e-10
-3.58609803916e-10
-5.99200838396e-10
-8.4455648457e-10
-8.06714358363e-10
-8.46896148328e-10
-8.87621231098e-10
-9.38274560808e-10
-8.94374748733e-10
-8.50077221383e-10
-1.26190449851e-09
-1.08237197092e-09
-9.05078233713e-10
-7.242734105e-10
-1.04462479329e-09
-1.01088856102e-09
-9.76696185505e-10
-1.58747459349e-09
-1.04235822711e-09
-4.92303317826e-10
-9.05566259448e-11
-4.28379876694e-10
-7.61990434333e-10
-1.10220774175e-09
-1.04036302193e-09
-1.0888732223e-09
-1.13803932283e-09
-1.06091859086e-09
-8.94013782276e-10
-7.25596880844e-10
-2.01905820698e-09
-1.72019866241e-09
-1.42506592924e-09
-1.12408845264e-09
-1.56786348013e-09
-1.47825465651e-09
-1.38743424354e-09
-2.29150791084e-09
-1.38027665293e-09
-4.60789993156e-10
-6.06174536595e-11
-5.13904482035e-10
-9.61538971288e-10
-1.41803831507e-09
-1.32677106115e-09
-1.38549028071e-09
-1.44500343527e-09
-1.21125643415e-09
-8.93571307263e-10
-5.73008076313e-10
-3.09501347691e-09
-2.62658396083e-09
-2.16399581237e-09
-1.69224667041e-09
-1.226506804e-09
-2.14240647642e-09
-1.9711146418e-09
-1.79979213445e-09
-1.63050936334e-09
-4.16007900205e-10
-1.80723140962e-11
-6.3543944752e-10
-1.24510794486e-09
-1.86685018242e-09
-2.48067248947e-09
-1.80699873213e-09
-1.88121559505e-09
-1.95544574777e-09
-2.02879212908e-09
-3.56171354085e-10
6.03607622458e-12
8.75697790898e-12
1.144394965e-11
1.41841335857e-11
2.05830267074e-11
2.12609823933e-11
2.19481046307e-11
2.80664145156e-11
2.92473683812e-11
3.04390212309e-11
-8.73718940544e-12
-7.26819893013e-12
-5.81752692769e-12
-4.33812613741e-12
1.05027377957e-11
1.55132937968e-11
2.05915968799e-11
2.38626419655e-11
3.46285818975e-11
4.54920570708e-11
-2.95995597224e-11
-1.31223847824e-11
3.14931797305e-12
1.97432619349e-11
6.15335411159e-12
2.5090017617e-11
4.42827213095e-11
3.9193398071e-11
8.04910298981e-11
1.22162802256e-10
-1.09195270213e-11
-1.03999605759e-11
-9.88687318128e-12
-9.36362471724e-12
2.43307314361e-11
3.35341295773e-11
4.28619656788e-11
7.81770110465e-11
1.01473299356e-10
1.24980643005e-10
-6.11625515612e-11
-3.25012488804e-11
-4.19735579793e-12
2.466706133e-11
-6.62721304471e-12
2.84814488151e-11
6.40648103679e-11
4.9048726363e-11
1.25878272956e-10
2.0340386545e-10
-1.28524546239e-11
-1.3173806605e-11
-1.34911512916e-11
-1.38147806022e-11
3.65783829462e-11
4.94954412685e-11
6.2587149472e-11
1.26284023661e-10
1.60678620534e-10
1.95384819119e-10
-9.98526705893e-11
-5.62559855167e-11
-1.32029559043e-11
3.07026863949e-11
-2.22937147202e-11
3.26386870579e-11
8.8313822762e-11
6.1129451366e-11
1.81514248317e-10
3.02989684849e-10
-1.52218497497e-11
-1.65740049633e-11
-1.79092986526e-11
-1.92710362032e-11
5.15916331843e-11
6.90609201159e-11
8.67664070251e-11
1.85253910092e-10
2.33252885204e-10
2.81686712419e-10
-1.5483336605e-10
-9.00127165262e-11
-2.60003876344e-11
3.92796272766e-11
1.0372808668e-10
3.8546341403e-11
1.22772945638e-10
2.07014632083e-10
2.90253351534e-10
4.44506375574e-10
-1.85888849284e-11
-2.14058657882e-11
-2.41877185867e-11
-2.70246625835e-11
-2.98254687759e-11
9.686449532e-11
1.211264046e-10
1.4539265839e-10
1.69370002345e-10
4.04326245003e-10
8.30919433724e-13
6.91476247645e-12
1.2922739327e-11
1.90496968237e-11
3.7864165097e-11
4.5610750901e-11
5.34620772935e-11
7.14553241533e-11
8.27943329937e-11
9.42360688575e-11
6.04655967551e-12
2.28440369684e-11
3.94320478711e-11
5.63485640769e-11
7.16422059269e-11
8.06066089619e-11
8.96922185352e-11
1.14857929372e-10
1.37305868765e-10
1.59957177785e-10
3.83017589683e-11
4.75196188475e-11
5.66225309996e-11
6.59057152129e-11
7.50819441672e-11
9.74191264044e-11
1.20058326804e-10
1.554497076e-10
1.74083691471e-10
1.92886492012e-10
5.76699176119e-13
2.80687543896e-11
5.52179806493e-11
8.29048641878e-11
1.16140992675e-10
1.3080025245e-10
1.45657718187e-10
1.90470177198e-10
2.11490277462e-10
2.32700811683e-10
7.14902168419e-11
8.34839202047e-11
9.53280607668e-11
1.07406760072e-10
1.08046262772e-10
1.43306544707e-10
1.79043576371e-10
2.29844732938e-10
2.54939980409e-10
2.80262581092e-10
-4.26803440906e-12
3.26963612483e-11
6.91998068243e-11
1.06426158572e-10
1.55554203794e-10
1.75257479539e-10
1.95227160736e-10
2.57441025273e-10
2.77196468022e-10
2.97130887422e-10
1.12172842622e-10
1.27569192836e-10
1.42773548869e-10
1.58279008609e-10
1.48454137191e-10
1.99555638111e-10
2.5134807584e-10
3.21038634965e-10
3.54054141042e-10
3.87368754802e-10
-1.02067400941e-11
3.83689115913e-11
8.6338819555e-11
1.35258712978e-10
2.03867172263e-10
2.29753435326e-10
2.55989703215e-10
3.39534322913e-10
3.57739540321e-10
3.7610968994e-10
1.69984995047e-10
1.90216685523e-10
2.10196084592e-10
2.30571151266e-10
2.50686674512e-10
2.79488560316e-10
3.54096575085e-10
4.28717949692e-10
5.02450895079e-10
5.39572264812e-10
-1.8645953436e-11
4.64299041839e-11
1.10694258699e-10
1.76231290292e-10
2.40933492426e-10
3.07195056707e-10
3.42336474107e-10
3.77484184177e-10
4.12213431671e-10
4.88342725097e-10
-4.14234080234e-12
5.1546201551e-12
1.43356469864e-11
2.36984928447e-11
5.43754061297e-11
6.88757053188e-11
8.35720611847e-11
1.12911201019e-10
1.33955710176e-10
1.55190874426e-10
2.01716733653e-11
5.16147333048e-11
8.26656948268e-11
1.14331582731e-10
1.30057830648e-10
1.42799931652e-10
1.55714316961e-10
2.01799257503e-10
2.35408747976e-10
2.69322727401e-10
1.03177984948e-10
1.05459941763e-10
1.07713442326e-10
1.10011570716e-10
1.40939675226e-10
1.6652587863e-10
1.92458029794e-10
2.6652664622e-10
2.63506677347e-10
2.60459348727e-10
1.15607534342e-11
6.48236377019e-11
1.17422327942e-10
1.71062671023e-10
2.03860986486e-10
2.23733042111e-10
2.43873785239e-10
2.97760535672e-10
3.16605855049e-10
3.35621905713e-10
1.98233130612e-10
1.94301798044e-10
1.90419489626e-10
1.8646029683e-10
2.17610884997e-10
2.53016032135e-10
2.88899887704e-10
4.02586040542e-10
3.78251819699e-10
3.53697140252e-10
3.93393863795e-12
7.6522953025e-11
1.48206774415e-10
2.21310206367e-10
2.69229495942e-10
2.95416654232e-10
3.21957885714e-10
3.82754810622e-10
3.88523292743e-10
3.94344035075e-10
3.14752341426e-10
3.03204718647e-10
2.91801095994e-10
2.80171638518e-10
3.11594948587e-10
3.59036220301e-10
4.07118939337e-10
5.69368523903e-10
5.18907155485e-10
4.67988626636e-10
-5.41506014448e-12
9.08640492275e-11
1.85942547511e-10
2.82903959369e-10
3.49358636566e-10
3.83286888445e-10
4.17673879845e-10
4.86941341206e-10
4.76680151851e-10
4.66326000099e-10
4.80332272583e-10
4.57961500556e-10
4.35869694518e-10
4.13340387234e-10
3.91098064712e-10
5.09696487696e-10
5.75114433762e-10
6.40544094028e-10
7.05194760039e-10
6.3040284413e-10
-1.87004794669e-11
1.11243501726e-10
2.39567067174e-10
3.70431924162e-10
4.99629787159e-10
5.0815511601e-10
5.53691345188e-10
5.99235728405e-10
6.44237868048e-10
5.68616160924e-10
-8.95557125832e-12
3.45111576847e-12
1.57030900428e-11
2.81976997089e-11
7.03553477439e-11
9.13920390406e-11
1.1271316473e-10
1.5303310891e-10
1.8347081438e-10
2.1418427366e-10
3.38422685442e-11
7.94596449468e-11
1.24508167646e-10
1.70448821336e-10
1.86593754905e-10
2.0299199495e-10
2.19611953486e-10
2.85942983868e-10
3.30354868554e-10
3.75169107694e-10
1.65966620959e-10
1.61535858495e-10
1.57160348127e-10
1.52698186118e-10
2.04678233405e-10
2.33408910834e-10
2.62528052051e-10
3.74029346371e-10
3.50052206568e-10
3.25857843176e-10
2.21913623256e-11
1.00395820811e-10
1.77625061093e-10
2.56383732187e-10
2.88758322594e-10
3.13675436501e-10
3.38929451494e-10
4.01598500413e-10
4.18339019096e-10
4.35231200387e-10
3.20897705494e-10
3.01553773482e-10
2.8245106243e-10
2.62970045509e-10
3.23649932133e-10
3.59195282994e-10
3.95221237964e-10
5.69768870979e-10
4.97595725363e-10
4.24768719034e-10
1.18719882463e-11
1.18939290861e-10
2.24671452431e-10
3.3249751037e-10
3.79246939689e-10
4.11709341874e-10
4.44610664016e-10
5.04036243639e-10
4.96267838148e-10
4.88429053915e-10
5.10813228473e-10
4.73188637014e-10
4.3603322835e-10
3.98142002182e-10
4.69486207993e-10
5.13385029513e-10
5.57877401342e-10
8.09707643079e-10
6.78455522596e-10
5.46014308794e-10
-7.77567076725e-13
1.41669996085e-10
2.82341222459e-10
4.25798270722e-10
4.90168470323e-10
5.31879935558e-10
5.7415537614e-10
6.29605090174e-10
5.91793487308e-10
5.53639325982e-10
7.8069318218e-10
7.17090811506e-10
6.54281569394e-10
5.90228466927e-10
5.26991291207e-10
7.32496774566e-10
7.89020370352e-10
8.45554087652e-10
9.01414724261e-10
7.18310673191e-10
-1.87532509568e-11
1.73971524561e-10
3.6429300092e-10
5.5838356175e-10
7.50001741482e-10
7.02648673951e-10
7.5824523021e-10
8.13851741982e-10
8.68796212211e-10
6.46306554708e-10
-1.3996059341e-11
1.66718008575e-12
1.71350971933e-11
3.29093375139e-11
8.70897854577e-11
1.14971485906e-10
1.43230171234e-10
1.95049380606e-10
2.35323784009e-10
2.75963057891e-10
4.81583235745e-11
1.08619259592e-10
1.68326241084e-10
2.29215646447e-10
2.45799033992e-10
2.66026038406e-10
2.8652652954e-10
3.74059572893e-10
4.29783888968e-10
4.86013045739e-10
2.31719834821e-10
2.20259410712e-10
2.08941899352e-10
1.97400258498e-10
2.71426220197e-10
3.03449838614e-10
3.35906444249e-10
4.86607807742e-10
4.40684000045e-10
3.94344140458e-10
3.33238975156e-11
1.37647551571e-10
2.40670278181e-10
3.45733244107e-10
3.77664103194e-10
4.07864478807e-10
4.38473189807e-10
5.10339195169e-10
5.24875534577e-10
5.39543567583e-10
4.49353912508e-10
4.13869672124e-10
3.78827924122e-10
3.43092217084e-10
4.34695633824e-10
4.70387808155e-10
5.06562571777e-10
7.44845271777e-10
6.22574477106e-10
4.99195956445e-10
2.01848344348e-11
1.63358324467e-10
3.04746425323e-10
4.48934544893e-10
4.94458878773e-10
5.33492811733e-10
5.73054517472e-10
6.31044003471e-10
6.09099563545e-10
5.86956315503e-10
7.16131169028e-10
6.51198379661e-10
5.87075309323e-10
5.21682359866e-10
6.34832334398e-10
6.75021448238e-10
7.15753953907e-10
1.06139442124e-09
8.45536997373e-10
6.27723988947e-10
4.07888614221e-12
1.94874755758e-10
3.83291379885e-10
5.7543936521e-10
6.37626668192e-10
6.8748883274e-10
7.3802517719e-10
7.79004736228e-10
7.12341921635e-10
6.45075167791e-10
1.09523569145e-09
9.88454964056e-10
8.83005804082e-10
7.75468352242e-10
6.69300743232e-10
9.65816620987e-10
1.01302591799e-09
1.06024366862e-09
1.10689925285e-09
8.10369087764e-10
-1.8808514063e-11
2.39661263383e-10
4.94907894263e-10
7.55209373029e-10
1.01219505708e-09
9.06325283645e-10
9.72457167316e-10
1.03860089303e-09
1.10395712295e-09
7.2766511578e-10
-1.90316312126e-11
-1.15015645582e-13
1.85657076438e-11
3.76163798501e-11
1.03807901334e-10
1.38527934695e-10
1.73717413152e-10
2.37024671974e-10
2.87126179143e-10
3.3768158654e-10
6.24604155231e-11
1.37750433575e-10
2.12101576817e-10
2.87925153673e-10
3.04946567551e-10
3.28998601971e-10
3.53375840849e-10
4.6209021791e-10
5.2911593186e-10
5.96748872788e-10
2.97408916666e-10
2.78925687251e-10
2.6067294574e-10
2.42058730969e-10
3.38109104726e-10
3.73422452379e-10
4.09213267255e-10
5.9907646636e-10
5.31227396325e-10
4.62763640024e-10
4.44455746515e-11
1.7486294907e-10
3.0365400448e-10
4.34995609496e-10
4.66483170054e-10
5.01961654374e-10
5.37919838708e-10
6.18973830315e-10
6.31308140282e-10
6.43754194314e-10
5.77684830501e-10
5.26076024102e-10
4.75110785197e-10
4.2313624196e-10
5.45633027729e-10
5.81471882328e-10
6.17795309461e-10
9.19750912816e-10
7.47431331543e-10
5.7355060168e-10
2.84895727366e-11
2.07734034224e-10
3.84743297552e-10
5.65258013225e-10
6.09558446556e-10
6.55157500787e-10
7.01373093955e-10
7.57927887016e-10
7.2182123917e-10
6.85387479094e-10
9.21248853912e-10
8.29034501532e-10
7.37970072273e-10
6.45102223175e-10
8.00017191411e-10
8.36500215813e-10
8.73476522487e-10
1.31283571815e-09
1.0124555102e-09
7.09353974034e-10
8.93060264748e-12
2.48027622476e-10
4.84143076157e-10
7.24934508119e-10
7.84941043558e-10
8.42945957682e-10
9.01735148774e-10
9.28258666199e-10
8.32772779742e-10
7.36421828179e-10
1.4094714135e-09
1.25955444314e-09
1.11150695391e-09
9.60527564902e-10
8.11471394553e-10
1.19890890024e-09
1.2368129831e-09
1.27472385334e-09
1.31218336329e-09
9.02337713694e-10
-1.88637232687e-11
3.05286932098e-10
6.25395393123e-10
9.51843211388e-10
1.27413264394e-09
1.10980323853e-09
1.18646017404e-09
1.26313083629e-09
1.33888867085e-09
8.08944324248e-10
-2.40619842666e-11
-1.89536432659e-12
1.99948354236e-11
4.23185438534e-11
1.20508690718e-10
1.62059969809e-10
2.04173058389e-10
2.78956460559e-10
3.38874886779e-10
3.99336150707e-10
7.67476849227e-11
1.66851416293e-10
2.55831544217e-10
3.46573814937e-10
3.64032801183e-10
3.91905901384e-10
4.20155870181e-10
5.50029628824e-10
6.28345027989e-10
7.07369934303e-10
3.63029918985e-10
3.37531162631e-10
3.12350378575e-10
2.86670919834e-10
4.04722879761e-10
4.43322547207e-10
4.82444115783e-10
7.11428563554e-10
6.21676954309e-10
5.31112230286e-10
5.55557253894e-11
2.12039776894e-10
3.66572455057e-10
5.24165464238e-10
5.55210185697e-10
5.95961308543e-10
6.3726342207e-10
7.27495877582e-10
7.37630440269e-10
7.47856818164e-10
7.05882747579e-10
6.38166086508e-10
5.71293859651e-10
5.03097309988e-10
6.56455447199e-10
6.92440830046e-10
7.28912766618e-10
1.09447528335e-09
8.72158785551e-10
6.47828186484e-10
3.67857040885e-11
2.52063753427e-10
4.64657261801e-10
6.81460925046e-10
7.24538726267e-10
7.76696097741e-10
8.29558682314e-10
8.84680269339e-10
8.34426091146e-10
7.83716629585e-10
1.12615395682e-09
1.00668631578e-09
8.88708449358e-10
7.68394175339e-10
9.65030852446e-10
9.97811628365e-10
1.03103562893e-09
1.56401642375e-09
1.1792010303e-09
7.90899358598e-10
1.3777290881e-11
3.0112540208e-10
5.84890250712e-10
8.74274715715e-10
9.32102743739e-10
9.98241968371e-10
1.06527545294e-09
1.07735791085e-09
9.53078824479e-10
8.27673817777e-10
1.7233814647e-09
1.53037295737e-09
1.33977128736e-09
1.14539498399e-09
9.53494701594e-10
1.43175960492e-09
1.46036811748e-09
1.48898175288e-09
1.51725471927e-09
9.94211024234e-10
-1.89188752561e-11
3.70844587008e-10
7.55747656008e-10
1.14827326035e-09
1.53579876123e-09
1.31307031085e-09
1.40024139014e-09
1.4874280789e-09
1.57357673797e-09
8.90139295735e-10
5.21004319857e-11
2.61536057432e-11
5.30339279135e-13
-2.56003646931e-11
-1.21390857832e-10
-1.80010398858e-10
-2.39422527144e-10
-3.2853083015e-10
-4.014383185e-10
-4.75006320424e-10
-8.15132702737e-11
-1.93060152112e-10
-3.0321603206e-10
-4.15553414718e-10
-4.30530388847e-10
-4.58776891324e-10
-4.8740531112e-10
-6.39598954031e-10
-7.21096641375e-10
-8.03332666165e-10
-4.13452170337e-10
-3.5474554588e-10
-2.96770999491e-10
-2.37648337993e-10
-4.54550527029e-10
-4.79042879483e-10
-5.03866389878e-10
-8.29831690713e-10
-6.92555952871e-10
-5.54036550073e-10
-4.69898770183e-11
-2.2314861018e-10
-3.97110624556e-10
-5.7451774423e-10
-5.70493090812e-10
-6.00392801526e-10
-6.30696782376e-10
-7.16363733154e-10
-7.29213075096e-10
-7.42178827093e-10
-8.25798760965e-10
-6.9211336589e-10
-5.60095042401e-10
-4.25462257201e-10
-7.49634805461e-10
-7.43900219465e-10
-7.38088096871e-10
-1.27384102435e-09
-9.50403000457e-10
-6.24034753477e-10
-1.64120144207e-11
-2.49798387326e-10
-4.8027440648e-10
-7.15314721798e-10
-6.9446005541e-10
-7.25824036277e-10
-7.57612085489e-10
-7.84355394663e-10
-7.36401916392e-10
-6.88013998202e-10
-1.33125587206e-09
-1.10566101622e-09
-8.82879353065e-10
-6.55685771069e-10
-1.11135101773e-09
-1.06856405557e-09
-1.02519857641e-09
-1.81811053011e-09
-1.26647357492e-09
-7.09839002811e-10
2.10705268279e-11
-2.82465856085e-10
-5.82217106903e-10
-8.87904565268e-10
-8.464195604e-10
-8.79578453069e-10
-9.13185682853e-10
-8.67700011996e-10
-7.45214044432e-10
-6.21618401496e-10
-2.04953702993e-09
-1.69333399301e-09
-1.34157284717e-09
-9.82845501302e-10
-6.28687727008e-10
-1.52992845425e-09
-1.43319767891e-09
-1.33644958228e-09
-1.24085335181e-09
-8.31771357127e-10
7.43351907076e-11
-3.28888048533e-10
-7.2708304961e-10
-1.13316381652e-09
-1.53407181042e-09
-1.09807157167e-09
-1.13426395279e-09
-1.17046281478e-09
-1.20623069935e-09
-5.27266764072e-10
5.198501151e-12
7.50929356225e-12
9.79127013784e-12
1.21184384734e-11
1.70767832348e-11
1.75812676788e-11
1.8092573192e-11
2.45918983438e-11
2.68581983441e-11
2.91450301437e-11
-5.56970628135e-12
-4.48572768265e-12
-3.41526641636e-12
-2.32360597164e-12
1.09840326132e-11
1.71710649923e-11
2.34417514388e-11
2.68451361434e-11
3.70050950379e-11
4.72570992204e-11
-1.98312628753e-11
-5.1536698281e-12
9.34089201871e-12
2.4122500966e-11
8.19936945839e-12
2.67032758999e-11
4.5457371276e-11
4.24321512385e-11
7.45085027386e-11
1.06875453546e-10
-7.71089494667e-12
-5.82258082337e-12
-3.95781418497e-12
-2.05611812005e-12
2.66980780509e-11
3.68403972852e-11
4.71198495109e-11
7.57419466751e-11
9.88851948347e-11
1.22238111849e-10
-4.20004824415e-11
-1.63694374024e-11
8.94198568462e-12
7.0349091572e-12
3.3651725642e-13
3.47827688957e-11
6.96947638647e-11
5.82335180882e-11
1.16713058059e-10
1.75722399987e-10
-9.60737633595e-12
-7.006650748e-12
-4.43835649432e-12
1.12199390392e-11
4.06162325814e-11
5.42618058874e-11
6.80918792318e-11
1.19050550289e-10
1.53693283226e-10
1.88649865891e-10
-6.91756548129e-11
-3.01177976548e-11
8.4530037267e-12
4.77876527373e-11
-9.30181770084e-12
4.46866635357e-11
9.94051160703e-11
7.76029355167e-11
1.68447674259e-10
2.60115431109e-10
-1.19320954583e-11
-8.45809130078e-12
-5.02740835738e-12
-1.52878492691e-12
5.76771961994e-11
7.56170809483e-11
9.37995285672e-11
1.72138516009e-10
2.20877391577e-10
2.70057822459e-10
-1.07793005025e-10
-4.96549411713e-11
7.75813462861e-12
6.63082062974e-11
1.24112450401e-10
5.87606190768e-11
1.41625090257e-10
2.24504399735e-10
3.06396962443e-10
3.80042370072e-10
-1.52356436848e-11
-1.05206647179e-11
-5.86448205753e-12
-1.11608938445e-12
3.57181690413e-12
1.05964050772e-10
1.30331451307e-10
1.54703215241e-10
1.78784813156e-10
3.85742813371e-10
1.69790225542e-14
5.44955072403e-12
1.08143776586e-11
1.62854484405e-11
3.23740883456e-11
3.94103389843e-11
4.65417258613e-11
6.36033675773e-11
7.41745420441e-11
8.48414872525e-11
2.82020966318e-12
1.63471577797e-11
2.97054233647e-11
4.33282330902e-11
5.97606331521e-11
6.97517332878e-11
7.9877921801e-11
1.00470992034e-10
1.20756890602e-10
1.41226571546e-10
2.36542697229e-11
3.34677261241e-11
4.31588076441e-11
5.30418092015e-11
5.93219732812e-11
8.25759201356e-11
1.06144280609e-10
1.38796081646e-10
1.59250460691e-10
1.79890148479e-10
-3.37152317316e-12
1.81866573926e-11
3.94760050745e-11
6.11869622945e-11
9.26731712146e-11
1.07239160446e-10
1.22002094541e-10
1.63250350595e-10
1.90369904181e-10
2.17735150406e-10
4.45901557718e-11
5.82838243356e-11
7.18067313456e-11
7.46174916419e-11
8.31900999385e-11
1.20808292012e-10
1.58935114814e-10
2.05395342678e-10
2.34603417207e-10
2.64076105566e-10
-8.85562939963e-12
1.98159284784e-11
4.81299488747e-11
8.39068134575e-11
1.21824276356e-10
1.40442310215e-10
1.59312076111e-10
2.18854925321e-10
2.52027144779e-10
2.85499891683e-10
7.02534999608e-11
8.87035576271e-11
1.06923541044e-10
1.25504348987e-10
1.12447803583e-10
1.6767378012e-10
2.23646459969e-10
2.87033146524e-10
3.26971557453e-10
3.67271794898e-10
-1.55780821934e-11
2.18130994867e-11
5.87380090167e-11
9.63941712973e-11
1.57557889109e-10
1.81142945415e-10
2.05046892229e-10
2.87015371758e-10
3.27606988093e-10
3.68566348731e-10
1.06722462756e-10
1.31931599673e-10
1.56826375879e-10
1.82214162733e-10
2.07278552694e-10
2.34272105324e-10
3.15604687293e-10
3.96951833249e-10
4.7733047411e-10
5.13918300791e-10
-2.51310414266e-11
2.46511846038e-11
7.38126207976e-11
1.23947639213e-10
1.73444023418e-10
2.38980690174e-10
2.70038473028e-10
3.01101817307e-10
3.31795326766e-10
4.86608156116e-10
-4.93369950628e-12
3.48157212791e-12
1.17919043988e-11
2.0266812654e-11
4.69898784712e-11
6.02668965628e-11
7.37234315053e-11
1.00876824744e-10
1.19382880639e-10
1.38056594224e-10
1.083634386e-11
3.62519108996e-11
6.13505430216e-11
8.6946222909e-11
1.0636417223e-10
1.1998986392e-10
1.33799786831e-10
1.7081671958e-10
2.00777433943e-10
2.31009580761e-10
6.52024648695e-11
7.03684882852e-11
7.54700908204e-11
8.06727243652e-11
1.08166998123e-10
1.35959364867e-10
1.64127508619e-10
2.30866872698e-10
2.40217053389e-10
2.49651943091e-10
7.74523902421e-13
4.11262525894e-11
8.09747907793e-11
1.21612480616e-10
1.55708987538e-10
1.74501566472e-10
1.93548237445e-10
2.46860140467e-10
2.77778849863e-10
3.08977670776e-10
1.27323067602e-10
1.29611185453e-10
1.31870770222e-10
1.39189181531e-10
1.62352446958e-10
2.03001265364e-10
2.44199691206e-10
3.46000915171e-10
3.47241606396e-10
3.48493537801e-10
-8.13737377426e-12
4.54435266574e-11
9.83562673648e-11
1.53355392387e-10
1.99414395382e-10
2.22783360161e-10
2.46468293703e-10
3.14212884682e-10
3.45980103963e-10
3.78035121933e-10
2.0347090321e-10
2.02231265852e-10
2.01007086909e-10
1.99758664596e-10
2.28773319723e-10
2.85181659523e-10
3.42352689216e-10
4.87132967236e-10
4.78432993953e-10
4.69654202285e-10
-1.90616354425e-11
5.07356690635e-11
1.19662593502e-10
1.89954531524e-10
2.52988766287e-10
2.81967494361e-10
3.11338040083e-10
3.96774313073e-10
4.29581641247e-10
4.62686191092e-10
3.1168098539e-10
3.05428222209e-10
2.99253431673e-10
2.9295635695e-10
2.86739496166e-10
4.01964324906e-10
4.81833265335e-10
5.61716507661e-10
6.40648673876e-10
6.41829883394e-10
-3.45855862341e-11
5.82560819562e-11
1.49940004328e-10
2.43439614843e-10
3.35748200567e-10
3.66071264013e-10
4.03521363888e-10
4.40978169841e-10
4.77989021521e-10
5.82979815688e-10
-9.72507489016e-12
1.57691923103e-12
1.27379762419e-11
2.412006436e-11
6.11353610785e-11
8.04523309417e-11
1.00030483065e-10
1.36950895015e-10
1.63136503385e-10
1.89559343213e-10
1.85945345485e-11
5.55161680243e-11
9.19773846678e-11
1.2916067119e-10
1.51468100639e-10
1.68611429841e-10
1.85986551788e-10
2.38898859304e-10
2.78223072826e-10
3.17903548474e-10
1.0541372042e-10
1.06081856147e-10
1.06741660148e-10
1.07414530762e-10
1.55440285672e-10
1.87625034835e-10
2.20244949845e-10
3.19975005907e-10
3.18578299611e-10
3.17168939698e-10
4.7871592983e-12
6.3327696513e-11
1.21138226787e-10
1.8009362403e-10
2.16716434674e-10
2.39599599927e-10
2.6279216551e-10
3.27779530953e-10
3.62375146761e-10
3.97284185432e-10
2.07393796266e-10
1.98643371701e-10
1.90002065893e-10
1.81189629575e-10
2.38967504597e-10
2.82549429712e-10
3.26720620421e-10
4.82082075554e-10
4.56255319126e-10
4.301945823e-10
-7.44223020906e-12
7.02464788888e-11
1.46966401235e-10
2.25205667975e-10
2.74507816247e-10
3.02474836289e-10
3.30819994806e-10
4.06502411557e-10
4.36909840817e-10
4.67592749595e-10
3.32401631174e-10
3.12105874638e-10
2.9206320842e-10
2.71623621668e-10
3.41355708441e-10
3.98908365368e-10
4.57239184354e-10
6.80793967379e-10
6.25020697887e-10
5.68742144199e-10
-2.24330947665e-11
7.87275669623e-11
1.78626744108e-10
2.80504302487e-10
3.45348864627e-10
3.79547706669e-10
4.14208946847e-10
5.03001426491e-10
5.28274949661e-10
5.5377744115e-10
5.10044343937e-10
4.73342063023e-10
4.37097463589e-10
4.00135084116e-10
3.63643542009e-10
5.6426053709e-10
6.42712933099e-10
7.21179377349e-10
7.98711613642e-10
7.65625521634e-10
-4.37359022954e-11
9.07796394878e-11
2.23617757663e-10
3.59086572583e-10
4.92829746978e-10
4.89072311945e-10
5.3270903659e-10
5.76353575135e-10
6.19478489328e-10
6.76250423886e-10
-1.47426760092e-11
-4.17662228573e-13
1.37287170539e-11
2.81552481063e-11
7.59487254411e-11
1.01590824592e-10
1.27579627261e-10
1.7472820964e-10
2.08955962071e-10
2.43493804668e-10
2.67190297428e-11
7.56899908541e-11
1.24050278692e-10
1.73368282985e-10
1.98701619937e-10
2.19528672601e-10
2.40637325159e-10
3.10195510702e-10
3.59325322845e-10
4.08900232036e-10
1.47523558343e-10
1.43481437726e-10
1.39489722798e-10
1.35418956829e-10
2.04945590829e-10
2.41730109616e-10
2.79011987142e-10
4.13290397226e-10
4.00639387552e-10
3.87873764636e-10
8.98925206695e-12
8.65773859967e-11
1.63197987359e-10
2.41335966182e-10
2.80604360476e-10
3.0777124989e-10
3.35305459315e-10
4.12519546444e-10
4.50965674526e-10
4.8976010962e-10
2.91245080198e-10
2.70934926257e-10
2.50878042171e-10
2.30423955984e-10
3.19199957316e-10
3.65853476352e-10
4.13137791608e-10
6.24588334802e-10
5.70416135836e-10
5.15753157752e-10
-6.71426530311e-12
9.62205074087e-11
1.97871672178e-10
3.01535914157e-10
3.5314678781e-10
3.85928961203e-10
4.19154378138e-10
5.03149406673e-10
5.32132843157e-10
5.61378858337e-10
4.67419848924e-10
4.2716823478e-10
3.87418562693e-10
3.46881696883e-10
4.5925369688e-10
5.18004700093e-10
5.77550068051e-10
8.83598709895e-10
7.78529569215e-10
6.72508542861e-10
-2.59637382084e-11
1.08041107849e-10
2.40374898731e-10
3.75329398771e-10
4.42069763252e-10
4.81735187974e-10
5.21936923792e-10
6.14244074051e-10
6.31628082125e-10
6.49169582571e-10
7.17773467639e-10
6.49183988995e-10
5.81449828699e-10
5.12374276056e-10
4.44178627566e-10
7.34219596988e-10
8.11188566154e-10
8.88171317926e-10
9.64237526328e-10
8.95266195385e-10
-5.33182523368e-11
1.24838803212e-10
3.00774220674e-10
4.80193824275e-10
6.57327929628e-10
6.17880878649e-10
6.67996330775e-10
7.18120756928e-10
7.67648410305e-10
7.73924822272e-10
-1.97553832399e-11
-2.41029828465e-12
1.47184915526e-11
3.21864961594e-11
9.07476416741e-11
1.22708700934e-10
1.55101901557e-10
2.12468678378e-10
2.54730731012e-10
2.97375661456e-10
3.48356007576e-11
9.58441372621e-11
1.56091890603e-10
2.17532777141e-10
2.45889070294e-10
2.70396253521e-10
2.95234795214e-10
3.81422623322e-10
4.40348470252e-10
4.99808162508e-10
1.89592324679e-10
1.80844541839e-10
1.72205844814e-10
1.63396068941e-10
2.54402611272e-10
2.95782413324e-10
3.37721706348e-10
5.06514773916e-10
4.82620437684e-10
4.58509628031e-10
1.31872463486e-11
1.0980439903e-10
2.05216725185e-10
3.02518575969e-10
3.44429973558e-10
3.75876409026e-10
4.07748027697e-10
4.9717691125e-10
5.39469796031e-10
5.82145837948e-10
3.75014580264e-10
3.43155971663e-10
3.11694643417e-10
2.79610261976e-10
3.99354155774e-10
4.49076272871e-10
4.99470676306e-10
7.66955601392e-10
6.8446560645e-10
6.0122828414e-10
-5.98701041354e-12
1.2216920231e-10
2.48727292958e-10
3.77791712073e-10
4.31709059306e-10
4.69301689617e-10
5.07402605038e-10
5.997021377e-10
6.27262970291e-10
6.55073493339e-10
6.02306377433e-10
5.42118369512e-10
4.82680912672e-10
4.22066369568e-10
5.77036694195e-10
6.36984874895e-10
6.97743607221e-10
1.08620564798e-09
9.31888716551e-10
7.76173733565e-10
-2.94909380575e-11
1.37326057943e-10
3.02062827647e-10
4.70062007944e-10
5.38696325707e-10
5.83823001309e-10
6.29559828876e-10
7.25378221736e-10
7.34880409707e-10
7.44468683817e-10
9.25299983936e-10
8.2485440856e-10
7.2566140056e-10
6.24503996146e-10
5.24635163692e-10
9.04012888298e-10
9.7949987747e-10
1.05500038388e-09
1.12960199427e-09
1.02478042485e-09
-6.28912562884e-11
1.58864747527e-10
3.77855429574e-10
6.01182954706e-10
8.21665669925e-10
7.4656381266e-10
8.03151673278e-10
8.59749666917e-10
9.15673814603e-10
8.71503954497e-10
-2.47628953495e-11
-4.4008691921e-12
1.57072402586e-11
3.62135662663e-11
1.05531220454e-10
1.43804690914e-10
1.82595652036e-10
2.50170033262e-10
3.00458059428e-10
3.51201675613e-10
4.29437598371e-11
1.15977396109e-10
1.881002949e-10
2.61651499644e-10
2.93027616036e-10
3.21211115775e-10
3.49775680982e-10
4.52575916855e-10
5.21287646058e-10
5.90621876884e-10
2.31617491355e-10
2.18168923194e-10
2.04888060159e-10
1.91344185846e-10
3.03808374941e-10
3.49778697751e-10
3.96370579372e-10
5.99642533768e-10
5.64516523453e-10
5.29072285104e-10
1.73808898699e-11
1.33007339812e-10
2.47191915201e-10
3.63637776694e-10
4.08189438396e-10
4.43910984639e-10
4.80115517305e-10
5.81746537986e-10
6.27882192725e-10
6.74435818607e-10
4.58697262435e-10
4.1530216788e-10
3.72448214928e-10
3.2874559176e-10
4.794252832e-10
5.32212818092e-10
5.85714086441e-10
9.09175319931e-10
7.98396877303e-10
6.86614824939e-10
-5.26050924387e-12
1.48091004236e-10
2.99530207468e-10
4.53968479223e-10
5.10189909628e-10
5.52588011346e-10
5.95559372335e-10
6.96154802415e-10
7.22294505486e-10
7.48671024132e-10
7.37053110857e-10
6.56949371042e-10
5.77844533677e-10
4.9717312159e-10
6.94697622357e-10
7.55841739801e-10
8.17812578977e-10
1.2886026062e-09
1.08508892396e-09
8.79731486673e-10
-3.30144823511e-11
1.665806574e-10
3.63686823794e-10
5.64696437162e-10
6.35222745333e-10
6.85805011827e-10
7.37071194628e-10
8.36397191071e-10
8.38025727582e-10
8.39669018002e-10
1.13261142177e-09
1.00034276501e-09
8.69723512952e-10
7.36517506085e-10
6.05008315446e-10
1.07363020749e-09
1.14763675258e-09
1.22165654981e-09
1.29479508009e-09
1.15416042703e-09
-7.24543388718e-11
1.92855427685e-10
4.54856752259e-10
7.22046693181e-10
9.85833092186e-10
8.75113380931e-10
9.38166942099e-10
1.00123179408e-09
1.06354580681e-09
9.68981956659e-10
5.10489214557e-11
2.68749287815e-11
3.00238845598e-12
-2.13429183839e-11
-1.06939904766e-10
-1.60873349907e-10
-2.1553602221e-10
-2.92381775876e-10
-3.47429359984e-10
-4.02975653859e-10
-2.04702995807e-11
-1.06283163123e-10
-1.91025930815e-10
-2.77446925555e-10
-3.18143297556e-10
-3.4385755654e-10
-3.69919494707e-10
-4.7939241344e-10
-5.47410991242e-10
-6.16045790983e-10
-1.82677867494e-10
-1.47451421783e-10
-1.12664253727e-10
-7.71881682795e-11
-2.91328873708e-10
-3.28469538998e-10
-3.66112378437e-10
-6.46531757344e-10
-6.18423973371e-10
-5.90061543775e-10
2.10009335094e-11
-8.76874164445e-11
-1.95020410715e-10
-3.0447900389e-10
-3.34271823261e-10
-3.53889454724e-10
-3.73772333655e-10
-4.944529055e-10
-5.64051401459e-10
-6.34280432804e-10
-3.89693023421e-10
-3.01854760855e-10
-2.15111851089e-10
-1.26651103901e-10
-4.54644817629e-10
-4.76911877907e-10
-4.99480008238e-10
-9.60207455216e-10
-8.584477738e-10
-7.55766189128e-10
5.77325971034e-11
-7.12168979578e-11
-1.98558378626e-10
-3.28421701844e-10
-3.48557088887e-10
-3.62774850259e-10
-3.77184848152e-10
-5.07792198467e-10
-5.78790050508e-10
-6.50431115559e-10
-6.43453537138e-10
-4.9112337004e-10
-3.40692776887e-10
-1.87283089502e-10
-6.54838555338e-10
-6.58873454634e-10
-6.62962909284e-10
-1.34471314938e-09
-1.15267049691e-09
-9.58888012465e-10
1.02758507315e-10
-5.10272301354e-11
-2.02895242518e-10
-3.57770815465e-10
-3.66068059653e-10
-3.73666625431e-10
-3.81367930438e-10
-5.24143589845e-10
-5.96856781601e-10
-6.70228726679e-10
-1.00406058295e-09
-7.60084025197e-10
-5.19149881969e-10
-2.73444332198e-10
-3.08686500219e-11
-9.17450432089e-10
-8.95280716034e-10
-8.73107030113e-10
-8.51197340273e-10
-1.24753481405e-09
1.66742695511e-10
-2.23366495456e-11
-2.09058154364e-10
-3.99477450611e-10
-5.8747113138e-10
-3.89144411201e-10
-3.8731231053e-10
-3.85479881789e-10
-3.83669269629e-10
-6.98362174059e-10
3.81438598009e-12
6.26160921551e-12
8.13859062572e-12
1.0347494774e-11
1.35705397622e-11
1.39015529643e-11
1.7781361451e-11
2.1117382172e-11
2.44690283071e-11
3.04743737047e-11
-4.3037678835e-12
-1.70325643518e-12
-1.01300590503e-12
2.15905593263e-12
1.14653274308e-11
1.88288361877e-11
2.57831977585e-11
2.98276303214e-11
3.93816081783e-11
4.56556362721e-11
-1.00629660282e-11
2.81504512617e-12
1.55324660644e-11
1.4038238667e-11
1.02453848052e-11
2.83165341828e-11
4.66320212425e-11
4.56709044061e-11
6.85259755791e-11
9.15881048349e-11
-4.50226287205e-12
-1.24520107083e-12
1.97124481133e-12
1.20846999457e-11
2.90654246657e-11
4.0146664993e-11
5.13777333429e-11
7.33068823037e-11
9.6297090313e-11
1.19495580692e-10
-2.28384133217e-11
-2.37625924392e-13
2.20813271672e-11
1.7307183258e-11
7.30024755755e-12
4.10840889763e-11
7.53247173616e-11
6.74183098134e-11
1.07547843163e-10
1.20575119808e-10
-6.36229804801e-12
-8.39494890976e-13
4.61443830297e-12
2.0875984643e-11
4.46540822166e-11
5.90281705063e-11
7.35966089916e-11
1.11817076917e-10
1.46707945918e-10
1.46291247239e-10
-1.96930460992e-11
-3.97960979282e-12
3.01089633577e-11
2.13142766276e-11
3.69007931851e-12
5.67346400135e-11
6.0879787955e-11
9.40764196675e-11
1.55381100201e-10
1.72451306958e-10
3.86620686236e-12
-3.42177638253e-13
7.85448193788e-12
3.16523981429e-11
6.37627592145e-11
8.21732417807e-11
1.01573940587e-10
1.59023121926e-10
2.0850189795e-10
2.04232962644e-10
-6.07526439994e-11
-9.29716581638e-12
4.15166568916e-11
9.33367853182e-11
1.44496814122e-10
7.89748967506e-11
1.60477234876e-10
2.41994167386e-10
3.22540573352e-10
3.1557836457e-10
-1.18824024412e-11
3.64536352459e-13
1.24587544717e-11
2.47924838146e-11
3.69691025842e-11
1.15063606223e-10
1.39536498014e-10
1.64013772093e-10
1.88199623967e-10
3.6715938174e-10
-2.45987405347e-12
3.9843389716e-12
8.7060159902e-12
1.48801299155e-11
2.68840115941e-11
3.32099270676e-11
4.46293678248e-11
5.57514110012e-11
6.55547510944e-11
7.43432764641e-11
-1.96321602702e-13
9.85027859101e-12
1.99787988584e-11
3.04650184159e-11
4.78790603774e-11
5.88968576137e-11
7.33106498187e-11
8.60840546955e-11
1.04207912439e-10
1.00456347628e-10
9.00678047752e-12
1.94158334007e-11
2.96950842886e-11
3.45445285263e-11
4.35620023953e-11
6.77327138668e-11
9.22302344135e-11
1.22142455692e-10
1.44417229911e-10
1.66893804947e-10
-7.31974552244e-12
8.3045603957e-12
2.37340294998e-11
4.35900221196e-11
6.92053497545e-11
8.36780684425e-11
9.8346470895e-11
1.36030523992e-10
1.69249530899e-10
2.02769489129e-10
1.76900947018e-11
3.30837284666e-11
4.82854019244e-11
5.19615672959e-11
5.83339371049e-11
9.83100393175e-11
1.38826653257e-10
1.80945952418e-10
2.14266854005e-10
1.87155163537e-10
-1.34432243902e-11
6.93549570843e-12
2.7060090925e-11
5.52150254e-11
8.8094348917e-11
1.05627140891e-10
1.23396991486e-10
1.80268825368e-10
2.26857821536e-10
2.33295912537e-10
2.98761430357e-11
4.98379224182e-11
7.10735332198e-11
7.33114857876e-11
7.64414699748e-11
1.35791922128e-10
1.83021940611e-10
2.53027658082e-10
2.99888973863e-10
2.52107462155e-10
-2.71332506175e-12
5.25728738209e-12
3.11371984785e-11
6.94650294211e-11
1.11248605955e-10
1.32532455505e-10
1.71880605483e-10
2.34496420604e-10
2.97474435864e-10
3.09779298393e-10
4.34599304642e-11
7.36465138232e-11
1.03456667166e-10
1.338571742e-10
1.63870430876e-10
1.89055650332e-10
2.77112799502e-10
3.65185716806e-10
4.52210053141e-10
4.88264336771e-10
-3.16161294171e-11
2.87246502361e-12
3.69309828966e-11
7.1663988133e-11
1.05954554411e-10
1.70766323641e-10
1.97740471949e-10
2.24719450438e-10
2.51377221861e-10
4.84873587135e-10
-5.72505821021e-12
1.80852410072e-12
9.24816181126e-12
1.68351324634e-11
3.96043508127e-11
5.16580878069e-11
6.38748018258e-11
8.88424484688e-11
1.04810051101e-10
1.20922314022e-10
-3.56900874677e-13
1.73221121613e-11
3.95030101e-11
5.19896677316e-11
6.49339681413e-11
7.13136844445e-11
7.24411713127e-11
7.88801781106e-11
8.9772102706e-11
1.08606550206e-10
2.72269447914e-11
3.52770348074e-11
4.32267393152e-11
5.41372363051e-11
7.53943210206e-11
1.05392851103e-10
1.35796987445e-10
1.95207099175e-10
2.1692742943e-10
2.38844537454e-10
-1.00117056293e-11
1.74288674769e-11
4.45272536169e-11
7.36917409125e-11
1.07556988589e-10
1.25270090834e-10
1.43222689651e-10
1.95959745262e-10
2.38951844676e-10
2.8233343584e-10
5.64130045927e-11
6.4920572862e-11
7.33220508187e-11
8.50720531209e-11
1.07094008919e-10
1.52986498594e-10
1.99499494708e-10
2.89415789801e-10
3.16231393092e-10
2.50768979086e-10
-2.02086861865e-11
1.43641002899e-11
4.85057603146e-11
8.80242169004e-11
1.29599294821e-10
1.50150066091e-10
1.70978701692e-10
2.45670958741e-10
3.03436915183e-10
3.16424406002e-10
9.21894649944e-11
1.01257813058e-10
1.10213077823e-10
1.19345690673e-10
1.45951690859e-10
2.11327098744e-10
2.77586439095e-10
4.04897410568e-10
4.3795883242e-10
4.71319777934e-10
-2.2862865407e-11
-3.00639924234e-11
1.57766261206e-11
1.1630263043e-10
2.31192155589e-10
3.04016960683e-10
3.78431621401e-10
5.62873860728e-10
6.61615238808e-10
6.77710705996e-10
1.43029698197e-10
1.52894943863e-10
1.62637168829e-10
1.72572326667e-10
1.82380927621e-10
2.94232162115e-10
3.88552096908e-10
4.82888921294e-10
5.76102587713e-10
6.53256922658e-10
-5.04706930013e-11
5.26866218659e-12
6.03129414819e-11
1.16447305523e-10
1.71866613974e-10
2.23987412016e-10
2.53351382587e-10
2.82720611277e-10
3.11740174994e-10
5.97343470451e-10
-1.0494578522e-11
-2.97277306404e-13
9.77286244095e-12
2.00424290111e-11
5.19153744131e-11
6.95126228428e-11
8.73478014009e-11
1.20868681121e-10
1.4280219239e-10
1.64934412766e-10
3.34680055291e-12
3.15726911017e-11
5.94466016895e-11
8.78725210444e-11
1.16342446374e-10
1.34230864732e-10
1.5236115009e-10
1.9185473474e-10
2.26091277098e-10
2.60637989255e-10
4.48608198805e-11
5.06278537985e-11
5.6322972169e-11
6.21308754055e-11
1.06202337939e-10
1.41841158836e-10
1.77961847639e-10
2.65920665443e-10
2.87104392655e-10
3.08480036221e-10
-1.2617043729e-11
2.62595722154e-11
6.46513924811e-11
1.03803515873e-10
1.44674546754e-10
1.65523763354e-10
1.86654879525e-10
2.53960561494e-10
3.06411274425e-10
3.59337170478e-10
9.38898870369e-11
9.573296992e-11
9.75530693567e-11
1.1711710832e-10
1.54285077062e-10
2.05903576431e-10
2.58220002878e-10
3.94395280129e-10
4.14914912889e-10
4.35620445566e-10
-2.67564486644e-11
2.15536669161e-11
6.92613500395e-11
1.19777672837e-10
1.69768692804e-10
1.93240330705e-10
2.17029325596e-10
3.08968579476e-10
3.77551843487e-10
4.46756445276e-10
1.53990033874e-10
1.51023112262e-10
1.4809318849e-10
1.45105241154e-10
2.1322520889e-10
2.84431701224e-10
3.56600967365e-10
5.51880291679e-10
5.71585873177e-10
5.91469979603e-10
-6.88566215623e-11
6.0799912364e-11
2.7678380469e-10
4.56570950613e-10
5.35071582403e-10
7.26484275725e-10
8.62710537455e-10
1.17468920402e-09
1.33144978333e-09
1.61789451381e-09
2.39395505695e-10
2.29593314539e-10
2.19913357785e-10
2.10041701306e-10
2.00295792812e-10
3.96024299614e-10
4.96405495847e-10
5.96804667046e-10
6.96008503022e-10
8.12940370076e-10
-6.8718553634e-11
7.58775441502e-12
8.29425144061e-11
1.59789583416e-10
2.35657752473e-10
2.75495949939e-10
3.07172842969e-10
3.38855408287e-10
3.70160766446e-10
7.06194293063e-10
-1.54892926774e-11
-2.50250454289e-12
1.03223369145e-11
2.34011586987e-11
6.48076654244e-11
8.82101632769e-11
1.11929083287e-10
1.54407038673e-10
1.82588140133e-10
2.11024551444e-10
5.27973591116e-12
4.27607221163e-11
7.97743162992e-11
1.17520919524e-10
1.51604205882e-10
1.73031306795e-10
1.94748120778e-10
2.46331448511e-10
2.88866756723e-10
3.31787418334e-10
6.33272818649e-11
6.67034647402e-11
7.00375462437e-11
7.34376551606e-11
1.38464961461e-10
1.80010380618e-10
2.22117530035e-10
3.39972986709e-10
3.60594775059e-10
3.81403388815e-10
-1.53453933817e-11
3.55072204225e-11
8.57256965367e-11
1.36938688257e-10
1.83544617758e-10
2.07678020973e-10
2.32137728822e-10
3.1469989772e-10
3.77055814475e-10
4.39976651657e-10
1.33136247888e-10
1.28000180391e-10
1.22928160221e-10
1.17755694884e-10
2.03704280808e-10
2.6131914455e-10
3.1971301144e-10
5.04331397827e-10
5.18257794566e-10
5.32310359058e-10
-3.3613365041e-11
2.90826903507e-11
9.09969190328e-11
1.54137283421e-10
2.11834696848e-10
2.38365110673e-10
2.65254238804e-10
3.75254809876e-10
4.5516612277e-10
5.35801401172e-10
2.1870852882e-10
2.03138089898e-10
1.87761816064e-10
1.720810339e-10
2.83675059362e-10
3.60987951949e-10
4.39346182195e-10
7.05802998553e-10
7.11522141057e-10
7.17293096775e-10
-5.99211316981e-12
4.15593452353e-10
8.55963506953e-10
1.12657064625e-09
1.32748014989e-09
1.35652789683e-09
1.44565591982e-09
1.7245667355e-09
2.34544516032e-09
3.3334656229e-09
3.40311243828e-10
3.09913013935e-10
2.79893853315e-10
2.49280199869e-10
2.19056511901e-10
5.0262257299e-10
6.0935121432e-10
7.16098967234e-10
8.21575799805e-10
9.80163303005e-10
-8.78279906107e-11
1.00163430411e-11
1.06640547086e-10
2.0517827552e-10
3.02460802175e-10
3.29436473653e-10
3.63535494234e-10
3.97640620826e-10
4.31339697661e-10
8.20184528765e-10
-2.04791352671e-11
-4.70558092371e-12
1.08712754613e-11
2.67566124688e-11
7.76873820141e-11
1.06889467173e-10
1.36486389962e-10
1.87912684782e-10
2.22335282881e-10
2.57069736372e-10
7.21078599204e-12
5.39378409494e-11
1.0008220439e-10
1.47140400609e-10
1.86831573037e-10
2.11793905071e-10
2.3709374958e-10
3.00755028733e-10
3.51581008645e-10
4.02867452227e-10
8.1775732692e-11
8.27633964275e-11
8.37387438876e-11
8.47334069132e-11
1.70696117819e-10
2.1814237427e-10
2.66230145441e-10
4.13953081471e-10
4.34013479043e-10
4.54255616039e-10
-1.80710819542e-11
4.47458489891e-11
1.06779445891e-10
1.70041542441e-10
2.22376777062e-10
2.49791163679e-10
2.77576216685e-10
3.75379992184e-10
4.47631451779e-10
5.20537481583e-10
1.72344330027e-10
1.60235919224e-10
1.48278501637e-10
1.36084281993e-10
2.53075283818e-10
3.16680663413e-10
3.8114604315e-10
6.14160289967e-10
6.21499881358e-10
6.289059666e-10
-4.04635935637e-11
3.66043703957e-11
1.12711288364e-10
1.90325410922e-10
2.53859672056e-10
2.83445878447e-10
3.13432116121e-10
4.41476388383e-10
5.32704701412e-10
6.24759507584e-10
2.83363900954e-10
2.55202237491e-10
2.27391753071e-10
1.99030515961e-10
3.54056196978e-10
4.37469533976e-10
5.22010691956e-10
8.59575577801e-10
8.51321922905e-10
8.42993493095e-10
-4.39099730474e-10
-3.10680241896e-10
-2.91991032307e-10
-3.04615840593e-10
-1.43280948316e-10
-1.60985188941e-10
1.77254368586e-11
5.00805557445e-10
1.63226190107e-09
3.50497539786e-09
4.41128554377e-10
3.90154373976e-10
3.39815847214e-10
2.88480427389e-10
2.37798932831e-10
6.09116876355e-10
7.22186771837e-10
8.35276914413e-10
9.4702062525e-10
1.14722313601e-09
-1.06918789308e-10
1.24425629572e-11
1.30315466026e-10
2.50522698025e-10
3.69198695909e-10
3.83324386789e-10
4.19843172512e-10
4.56368497547e-10
4.9245895836e-10
9.34063584747e-10
-2.54638064325e-11
-6.9063740576e-12
1.14196450935e-11
3.01085886792e-11
9.05537501907e-11
1.2554941202e-10
1.61018245683e-10
2.21383605965e-10
2.62041232078e-10
3.03067200518e-10
9.13983475141e-12
6.51033759252e-11
1.20369045582e-10
1.76729184352e-10
2.2202243089e-10
2.50516330167e-10
2.79395491783e-10
3.55122204887e-10
4.14230264127e-10
4.73873819465e-10
1.00205063724e-10
9.88066837578e-11
9.74257417435e-11
9.60174518586e-11
2.02893870121e-10
2.56234848294e-10
3.10297042961e-10
4.87856503982e-10
5.07356092596e-10
5.27032339922e-10
-2.07939456496e-11
5.3974902731e-11
1.27811375345e-10
2.0311008915e-10
2.61168691095e-10
2.91860660734e-10
3.22967612541e-10
4.35997198389e-10
5.1813394518e-10
6.01014819049e-10
2.11511777292e-10
1.92438249252e-10
1.73602570205e-10
1.54393873532e-10
3.02395119201e-10
3.71984806138e-10
4.42515406264e-10
7.23875356512e-10
7.24634969056e-10
7.25401463394e-10
-4.73067225763e-11
4.41182550446e-11
1.34403153134e-10
2.26476033399e-10
2.9584109299e-10
3.28479924952e-10
3.61560062355e-10
5.07629335491e-10
6.10162919827e-10
7.13625418679e-10
3.4795226489e-10
3.07212426308e-10
2.66980617996e-10
2.25952067841e-10
4.24364392268e-10
5.13871851236e-10
6.04589529023e-10
1.01318878865e-09
9.90976817619e-10
9.68563614748e-10
-1.24615903805e-12
1.16515007027e-10
9.7914082859e-10
1.42864100557e-09
1.82719613807e-09
2.32173465269e-09
2.454343677e-09
3.13525094077e-09
4.71960313946e-09
7.01299835846e-09
5.41841378846e-10
4.70312572652e-10
3.99675738542e-10
3.27640028175e-10
2.56521929298e-10
7.1550081006e-10
8.34905387681e-10
9.54331346728e-10
1.0723354409e-09
1.31410982983e-09
-1.25989802488e-10
1.48662683626e-11
1.5396584851e-10
2.95820126011e-10
4.35867423138e-10
4.37156451016e-10
4.7609249406e-10
5.15035509268e-10
5.5351487565e-10
1.04782461758e-09
4.99974109256e-11
2.75962518197e-11
5.47443763283e-12
-1.70854720748e-11
-9.24889516991e-11
-1.41736300956e-10
-1.91649517276e-10
-2.56232721602e-10
-2.93420401468e-10
-3.30944987294e-10
4.05726711124e-11
-1.95061741338e-11
-7.88358295687e-11
-1.39340436392e-10
-2.05756206264e-10
-2.28938221756e-10
-2.52433678293e-10
-3.1918587285e-10
-3.73725341109e-10
-4.28758915802e-10
4.80964353484e-11
5.98427023135e-11
7.14424920371e-11
8.32720014336e-11
-1.28107220387e-10
-1.77896198512e-10
-2.28358366995e-10
-4.63231823975e-10
-5.44291993871e-10
-6.26086537476e-10
8.8991744037e-11
4.77737772911e-11
7.0698031261e-12
-3.44402635506e-11
-9.80505557105e-11
-1.07386107923e-10
-1.16847884933e-10
-2.72542077846e-10
-3.98889727822e-10
-5.26382038515e-10
4.64127141228e-11
8.84038441795e-11
1.29871340224e-10
1.72160049398e-10
-1.59654829796e-10
-2.09923536348e-10
-2.60871919604e-10
-6.46573886077e-10
-7.66492547143e-10
-8.87497624779e-10
1.31877208627e-10
1.0736459141e-10
8.31576492272e-11
5.84713181091e-11
-2.65412236328e-12
2.74335758681e-13
3.24238918556e-12
-2.31229002271e-10
-4.21178184624e-10
-6.12848232917e-10
4.43487977818e-11
1.23414276144e-10
2.01493799291e-10
2.81119592064e-10
-1.98326092943e-10
-2.49182853695e-10
-3.00727242157e-10
-8.71315768654e-10
-1.0388674189e-09
-1.20793702212e-09
1.84446487803e-10
1.80411395815e-10
1.76426621867e-10
1.72362934337e-10
1.14283441095e-10
1.32245202207e-10
1.50449821976e-10
-1.80587167695e-10
-4.48499518769e-10
-7.18839051862e-10
4.14158640341e-11
1.7316594262e-10
3.03273083229e-10
4.35956836906e-10
5.66950426965e-10
-3.04972409926e-10
-3.57363753152e-10
-4.09764477943e-10
-4.61541328739e-10
-1.66329827097e-09
2.59150200315e-10
2.84214749442e-10
3.08966740882e-10
3.34208915293e-10
3.59129547663e-10
3.19782749264e-10
3.59639331732e-10
3.995030512e-10
4.38892160097e-10
-8.69457584046e-10
3.52335100384e-12
5.01392486878e-12
6.48591111359e-12
7.9870482488e-12
1.00642962896e-11
1.02218382498e-11
1.03815103145e-11
1.76428660002e-11
2.20798582701e-11
2.65570479694e-11
9.341422146e-12
9.98453357582e-12
1.16970104875e-11
1.23312823176e-11
1.95674397356e-11
2.20988159414e-11
3.11193524712e-11
3.90031755459e-11
4.24296406556e-11
3.55773825717e-11
-2.9466918109e-13
1.07837600804e-11
2.172404011e-11
1.84265835121e-11
1.2291400152e-11
2.99297924657e-11
4.7806671209e-11
4.89096575736e-11
6.25434484196e-11
7.63007561242e-11
-1.29363079744e-12
3.33217868171e-12
7.90030380764e-12
1.80298426563e-11
3.14327712805e-11
4.34529327009e-11
5.5635617175e-11
7.08718179323e-11
9.37089857913e-11
1.16753049536e-10
-3.67634420203e-12
1.58941855536e-11
3.52206686497e-11
2.75794573588e-11
1.42639778587e-11
4.73854090569e-11
8.09546708584e-11
7.66031015386e-11
9.83826282663e-11
1.15418510641e-10
-3.11721976007e-12
5.32766096605e-12
1.36672331003e-11
3.05320302468e-11
4.86919318518e-11
6.37945351252e-11
7.91013387514e-11
1.04583603544e-10
1.3972260861e-10
1.3888761637e-10
-7.82162325995e-12
2.21585780691e-11
5.17649229887e-11
8.19575854221e-11
1.66819763379e-11
6.87826164913e-11
1.21587702687e-10
1.10549903818e-10
1.42314526143e-10
1.74366923629e-10
6.49032822989e-11
6.27023951772e-11
6.42553127398e-11
9.94914623943e-11
1.0874876218e-10
1.10343796038e-10
8.1926965018e-11
1.71973606548e-10
1.72133372298e-10
2.14606482341e-10
-1.37122829738e-11
3.10606095386e-11
7.52751791546e-11
1.20365364339e-10
1.64881177843e-10
9.91891744244e-11
1.79329379495e-10
2.59483935037e-10
3.38684184261e-10
2.51114359068e-10
-8.52916119754e-12
1.12497374228e-11
3.07819910009e-11
5.07010570136e-11
7.03663882642e-11
1.24163161675e-10
1.4874154472e-10
1.73324328944e-10
1.97614434778e-10
3.48575950108e-10
-1.64924291327e-12
3.37405275958e-12
6.53310569317e-12
1.34430300586e-11
2.23240893408e-11
2.98865757688e-11
3.65910338985e-11
4.49697306429e-11
5.40317989461e-11
5.42624593272e-11
-4.94886109454e-12
1.50803672728e-12
7.51784633457e-12
1.8407061002e-11
3.49134858619e-11
4.59922539316e-11
5.40295886722e-11
6.75131453991e-11
7.34022944705e-11
7.60199056559e-11
-5.64070876789e-12
5.36394067737e-12
1.62313609331e-11
2.11914589861e-11
2.78020315094e-11
5.2889507598e-11
7.83161882181e-11
1.05488829738e-10
1.2958399913e-10
1.53897461415e-10
-1.12679678717e-11
-1.57753660123e-12
7.99205392501e-12
2.35093198077e-11
4.57375282943e-11
6.01169764389e-11
7.46908472489e-11
1.08810697388e-10
1.48129157618e-10
1.87803827852e-10
-9.20996636821e-12
7.88363259749e-12
2.47640725031e-11
2.93056429499e-11
3.34777742713e-11
7.58117866225e-11
1.187181917e-10
1.56496562158e-10
1.93930290803e-10
1.69303452017e-10
-1.80308193808e-11
-5.94493706151e-12
5.99023297534e-12
2.65232373424e-11
5.43644214784e-11
7.08119715668e-11
8.74819068607e-11
1.41682725416e-10
2.01688498293e-10
2.08744072112e-10
-1.35851853621e-11
1.09722872092e-11
3.52235253954e-11
5.99550297448e-11
4.04351363666e-11
1.03910064137e-10
1.68243228226e-10
2.1902216964e-10
2.72806390273e-10
3.27077875091e-10
2.96910906025e-11
2.44210992887e-11
3.38869092576e-11
6.87864047225e-11
9.78772345528e-11
1.1349423301e-10
1.54016461022e-10
2.25234633016e-10
2.73692399574e-10
2.58763415678e-10
-1.98026018272e-11
1.53614279733e-11
5.00869584529e-11
8.55001856661e-11
1.20462309059e-10
1.43839195341e-10
2.3862091171e-10
3.33419600362e-10
4.27089632172e-10
4.6261037275e-10
-3.81012174077e-11
-1.89062545565e-11
4.93449956525e-14
1.93803370535e-11
3.84650854035e-11
1.02551957108e-10
1.2544247087e-10
1.48337083569e-10
1.70959116956e-10
4.83139018154e-10
-1.7260600448e-11
-7.49171729701e-12
4.79797778177e-12
2.02777213319e-11
3.50197795578e-11
4.54267931233e-11
5.70295363789e-11
6.9591633337e-11
8.36151581714e-11
1.17134069067e-10
-8.08897001974e-12
3.06225425267e-12
1.53369091576e-11
2.72322301577e-11
4.19523939266e-11
4.70779869303e-11
5.69715154015e-11
6.43229155362e-11
7.98541736808e-11
8.77193399046e-11
-1.07485752867e-11
1.85581329729e-13
1.098338781e-11
2.38331556351e-11
4.26216439178e-11
7.48263373395e-11
1.07466466271e-10
1.59547325653e-10
1.93637805471e-10
2.28037131818e-10
-2.0797935161e-11
-6.26851763563e-12
8.07971645445e-12
2.87446790729e-11
5.94049896412e-11
7.60386151952e-11
9.2897141857e-11
1.45059350057e-10
2.00124839489e-10
2.55689200903e-10
-1.44970584168e-11
2.29960270931e-13
1.47733314151e-11
3.09549247112e-11
5.183557088e-11
1.02971731824e-10
1.5479929821e-10
2.32830664431e-10
2.85221179788e-10
2.20787748656e-10
-3.22799985987e-11
-1.67153260777e-11
-1.34474673566e-12
2.26930414143e-11
5.978419426e-11
7.75167720208e-11
9.54891096805e-11
1.77129032801e-10
2.60893726403e-10
2.75488331226e-10
-4.66083919697e-11
-2.80682303165e-11
-5.52901439867e-12
2.9017561735e-11
4.0305414061e-11
1.25919915929e-10
1.79701049587e-10
2.24029589378e-10
3.27509280689e-10
4.80155598828e-10
1.07454549139e-11
1.80071327352e-11
4.42105107879e-11
1.19820998119e-10
1.65734664271e-10
2.59873352666e-10
2.96976220804e-10
4.12843741574e-10
5.35999383675e-10
6.29687082495e-10
-2.56215889962e-11
3.6166551579e-13
2.60209059848e-11
5.21882963833e-11
7.80223590757e-11
1.86499999325e-10
2.95270928481e-10
4.04061334927e-10
5.11556501551e-10
6.64683961922e-10
-6.63557997685e-11
-4.7718757583e-11
-2.93141213644e-11
-1.05450037962e-11
7.98502738219e-12
8.19035600192e-11
1.03181401286e-10
1.24463052713e-10
1.45491328467e-10
6.11707125215e-10
-1.12640821538e-11
-2.17147384384e-12
6.80774864001e-12
1.59647936621e-11
4.26953877477e-11
5.85729147438e-11
7.46651197366e-11
1.04786467226e-10
1.22467881394e-10
1.40309482319e-10
-1.19009334427e-11
7.62921417919e-12
2.69158187112e-11
4.65843708983e-11
8.12167921083e-11
9.9850299623e-11
1.18735748392e-10
1.44810610175e-10
1.7395948137e-10
2.03372430035e-10
-1.56920806588e-11
-4.82614854987e-12
5.90428419001e-12
1.68472200492e-11
5.69643902059e-11
9.60572828375e-11
1.35678745433e-10
2.1186632498e-10
2.55630485698e-10
2.99791132743e-10
-3.00212467563e-11
-1.08085520822e-11
8.16455817527e-12
2.75134077165e-11
7.26326588336e-11
9.14479267803e-11
1.1051759354e-10
1.80141592034e-10
2.5044740209e-10
3.21390155524e-10
-1.96140221918e-11
-7.17743186093e-12
5.10407282001e-12
3.25511358136e-11
6.96026495261e-11
1.29257723149e-10
1.89719385335e-10
3.06708484704e-10
3.73574506653e-10
4.41046308833e-10
-4.60706671197e-11
-2.71391450565e-11
-8.44370115654e-12
1.89860936942e-11
6.50295693618e-11
8.40058251196e-11
1.03238656386e-10
2.11434747394e-10
3.18193846156e-10
4.25920140957e-10
6.61253556474e-11
1.16192685373e-10
1.8694864174e-10
2.8700636962e-10
2.91664857167e-10
4.2244075765e-10
4.46118269457e-10
5.06465363516e-10
7.44120720271e-10
8.45542127875e-10
2.35490158043e-11
1.08796747139e-10
1.80645006528e-10
3.49604260067e-10
3.98288280887e-10
4.72469092602e-10
5.98572599199e-10
7.02596120179e-10
8.04576586581e-10
1.07192247472e-09
-3.12533325477e-11
-1.41554339454e-11
2.72925198001e-12
1.99483184951e-11
3.69480436142e-11
2.27788062138e-10
3.50098058595e-10
4.72429956743e-10
5.93305392403e-10
8.60255218519e-10
-9.37012049726e-11
-7.56041306577e-11
-5.7732728851e-11
-3.95074057511e-11
-2.15142420316e-11
6.19195879331e-11
8.16366493486e-11
1.0135724144e-10
1.20843043563e-10
7.36138162241e-10
-1.62359093456e-11
-4.58734685722e-12
6.91595677513e-12
1.86470692912e-11
5.36666054078e-11
7.48295019621e-11
9.62785393138e-11
1.34085867707e-10
1.56220318195e-10
1.78555298221e-10
-1.61595579205e-11
9.83145337857e-12
3.54983539068e-11
6.16735560624e-11
1.04506791827e-10
1.2653394099e-10
1.48858916398e-10
1.8246738632e-10
2.184081906e-10
2.54674604631e-10
-2.08689946134e-11
-1.00745082456e-11
5.85369689369e-13
1.14563534919e-11
7.19843320929e-11
1.18290651621e-10
1.65223072928e-10
2.66655576193e-10
3.20550162566e-10
3.74933012994e-10
-3.96800388303e-11
-1.55629451518e-11
8.2534057147e-12
3.2541410332e-11
8.64848750397e-11
1.07584792055e-10
1.2896999833e-10
2.16880248995e-10
3.03145954424e-10
3.90193193694e-10
-2.49725844221e-11
-1.49345654754e-11
-5.02172172944e-12
5.08743378399e-12
8.82086042997e-11
1.56784812747e-10
2.26288231272e-10
3.84074460853e-10
4.66099453296e-10
5.48867560365e-10
-6.05124647789e-11
-3.80551267073e-11
-1.58778341126e-11
6.73865268505e-12
7.0522605885e-11
9.08012601422e-11
1.11354099471e-10
2.47360213078e-10
3.78199402382e-10
5.10223944007e-10
-7.98296501093e-11
3.82182723447e-11
1.69260554461e-10
3.58358701742e-10
4.0772990134e-10
4.88576102608e-10
4.96055668766e-10
5.27389085823e-10
7.85741948606e-10
1.45382396238e-09
-8.29711039251e-11
2.6018342526e-11
9.15706990737e-11
1.41153661146e-10
1.39494071983e-10
2.40571178373e-10
2.35131479102e-10
5.19705072338e-10
1.00619502485e-09
1.63898352371e-09
-3.71509799834e-11
-2.93579611249e-11
-2.16621220691e-11
-1.38138763169e-11
-6.06560376468e-12
2.71025548992e-10
4.07513862486e-10
5.44026616541e-10
6.78914073283e-10
1.06506041062e-09
-1.22337728885e-10
-1.0480611713e-10
-8.74931265031e-11
-6.98372732349e-11
-5.24063252773e-11
4.09920686579e-11
5.90746576934e-11
7.7160484725e-11
9.50309850182e-11
8.66444235258e-10
-2.12028872943e-11
-7.00086356278e-12
7.02405937006e-12
2.13267287781e-11
6.4627122354e-11
9.10702334118e-11
1.17870878367e-10
1.63356691185e-10
1.8993983475e-10
2.16763811288e-10
-2.04140287735e-11
1.20315446367e-11
4.40725181761e-11
7.67480240767e-11
1.27774075779e-10
1.53191556621e-10
1.78952703945e-10
2.20087434145e-10
2.62813547038e-10
3.05926741947e-10
-2.60408592949e-11
-1.5317748984e-11
-4.72835703867e-12
6.07074488525e-12
8.69896243661e-11
1.40502335216e-10
1.94738584533e-10
3.21391389027e-10
3.85406520402e-10
4.50001604046e-10
-4.9329410257e-11
-2.03127010516e-11
8.34216659719e-12
3.75645089141e-11
1.00323580567e-10
1.23705918332e-10
1.47404405674e-10
2.53583073118e-10
3.55793107528e-10
4.58929125218e-10
-3.03259202097e-11
-2.26841332143e-11
-1.51376401435e-11
-7.44169799131e-12
1.06796411863e-10
1.84285053956e-10
2.62821409995e-10
4.61364978543e-10
5.58534156265e-10
6.5658364906e-10
-7.49401767139e-11
-4.89604615183e-11
-2.33047162299e-11
2.85910977012e-12
7.60102848068e-11
9.75900672764e-11
1.19461627204e-10
2.83250639066e-10
4.38146432534e-10
5.94445521829e-10
-2.79995260537e-10
-1.26278698691e-10
-2.79195005715e-11
2.12342233949e-13
6.36373234474e-11
1.63565953354e-10
1.7890239028e-10
4.5521769955e-10
1.21099185319e-09
2.10562617365e-09
-1.12521553719e-10
2.14163225594e-10
7.08958166317e-10
1.15438086453e-09
1.50654648578e-09
1.79423488975e-09
2.14809717631e-09
2.62337459729e-09
3.26188987666e-09
4.20884232546e-09
-4.30428751827e-11
-4.45456606072e-11
-4.60297061322e-11
-4.75431413669e-11
-4.90372980305e-11
3.14220864413e-10
4.64873666204e-10
6.1555344495e-10
7.64439256229e-10
1.26966584717e-09
-1.50946322328e-10
-1.33979621613e-10
-1.17224497523e-10
-1.00137558657e-10
-8.32682781077e-11
2.00849609179e-11
3.65346717467e-11
5.29873281769e-11
6.92441021162e-11
9.96623214997e-10
-2.61647175154e-11
-9.4118789231e-12
7.13204992852e-12
2.40036110921e-11
7.5576279927e-11
1.07294133125e-10
1.3944083933e-10
1.92597178668e-10
2.23624404727e-10
2.54932725424e-10
-2.46640903342e-11
1.42293557415e-11
5.2637796265e-11
9.1806869059e-11
1.51017245744e-10
1.79821544558e-10
2.09015302584e-10
2.57668492918e-10
3.07172882197e-10
3.57125762047e-10
-3.12073639061e-11
-2.05555556787e-11
-1.0036576672e-11
6.90717870949e-13
1.019793653e-10
1.62690998838e-10
2.2422350655e-10
3.76070474196e-10
4.5019566174e-10
5.2499239474e-10
-5.89687811692e-11
-2.50575343505e-11
8.43083548876e-12
4.25824016058e-11
1.14147943794e-10
1.3981033683e-10
1.65819707776e-10
2.90247858792e-10
4.08385697636e-10
5.27593819491e-10
-3.56737078521e-11
-3.04256693765e-11
-2.52430745182e-11
-1.99578446963e-11
1.25364955203e-10
2.11756794184e-10
2.99316726087e-10
5.38575393093e-10
6.50873060808e-10
7.6418810185e-10
-8.93529359087e-11
-5.98544941464e-11
-3.07239011988e-11
-1.01641242428e-12
8.14922763515e-11
1.04371838557e-10
1.27560752375e-10
3.19103868566e-10
4.98031334167e-10
6.78579813227e-10
-2.26110418404e-10
-9.10860777269e-11
9.95094950565e-12
2.61542644098e-10
3.190860021e-10
3.69619291572e-10
5.69487997472e-10
1.20498820777e-09
2.35077649675e-09
3.72772514782e-09
-1.61497074536e-10
-2.25560861697e-10
-1.4762341453e-10
-1.22907086916e-10
8.38721855146e-11
1.46921453261e-10
1.27663328471e-10
3.74101790076e-10
1.31456556769e-09
2.76039174781e-09
-4.89286640791e-11
-5.97176197056e-11
-7.03720358682e-11
-8.12374497347e-11
-9.19644568505e-11
3.57371412628e-10
5.2217402278e-10
6.8700614365e-10
8.49875801708e-10
1.47405923263e-09
-1.79525266103e-10
-1.6312289096e-10
-1.46925055239e-10
-1.30406441159e-10
-1.1409824591e-10
-8.00478899019e-13
1.40180460222e-11
2.8839224453e-11
4.34839444888e-11
1.12666727851e-09
4.89459003956e-11
2.83175748579e-11
7.94648680967e-12
-1.28280257657e-11
-7.80379986327e-11
-1.22599252005e-10
-1.67763012341e-10
-2.20083667328e-10
-2.39411442952e-10
-2.58914320729e-10
1.01615641805e-10
6.72708148556e-11
3.33542716771e-11
-1.23394722927e-12
-9.33691149722e-11
-1.14018886973e-10
-1.3494786188e-10
-1.58979332259e-10
-2.00039690976e-10
-2.41472040621e-10
2.78870738191e-10
2.6713682641e-10
2.55549237801e-10
2.43732171147e-10
3.51144329342e-11
-2.73228580269e-11
-9.06043555537e-11
-2.79931890606e-10
-4.70160014371e-10
-6.62111531177e-10
1.56982554565e-10
1.83234971027e-10
2.09160016967e-10
2.35598476789e-10
1.3817071184e-10
1.39117238879e-10
1.40076563788e-10
-5.06312501917e-11
-2.33728054184e-10
-4.18483644225e-10
4.82518451667e-10
4.78662449214e-10
4.74854531536e-10
4.70971202698e-10
1.35335158036e-10
5.70648052105e-11
-2.22638309703e-11
-3.32940316938e-10
-6.74537320486e-10
-1.01922906043e-09
2.06021820152e-10
2.85946080778e-10
3.64873677081e-10
4.45364338063e-10
3.4324884416e-10
3.63323521777e-10
3.83669626523e-10
4.53341939254e-11
-2.6356631874e-10
-5.75265350274e-10
7.32151132702e-10
7.37951922328e-10
7.43680375469e-10
7.49522273631e-10
2.58186369452e-10
1.60507747243e-10
6.15084249706e-11
-3.97918387927e-10
-9.25064340884e-10
-1.45698603177e-09
2.6613446829e-10
4.11850021764e-10
5.55748486252e-10
7.0249668414e-10
5.94634941842e-10
6.38157029845e-10
6.82267574391e-10
1.62969254456e-10
-3.00142255938e-10
-7.67449377044e-10
1.08689231102e-09
1.10641591044e-09
1.12569604843e-09
1.14535800601e-09
1.16476950395e-09
3.07505612238e-10
1.80553209729e-10
5.35780742264e-11
-7.18853172046e-11
-2.07906172789e-09
3.51557705119e-10
5.90766148429e-10
8.26991636128e-10
1.0678952812e-09
1.30573022671e-09
1.02870990973e-09
1.10659097399e-09
1.18448598419e-09
1.26145358982e-09
-1.04055299403e-09
2.86095459685e-12
3.76624052204e-12
4.83323160147e-12
5.83789259645e-12
6.55805281698e-12
6.54212353529e-12
1.19102335845e-11
1.41683498284e-11
1.9690688233e-11
2.19996072269e-11
4.13719845882e-12
3.86168605977e-12
3.79151511763e-12
5.66988320817e-12
1.24279170659e-11
2.21443785786e-11
3.22610560228e-11
3.57926186773e-11
4.41346344591e-11
3.62567485809e-11
9.47362766601e-12
1.87524750347e-11
2.79156141557e-11
2.28149283572e-11
1.43374154988e-11
3.15430507486e-11
4.89813211756e-11
5.21484107411e-11
5.65609212601e-11
6.10134074135e-11
1.91500127718e-12
7.90955843425e-12
1.38293628039e-11
2.3974985367e-11
3.38001178953e-11
4.67592004088e-11
5.98935010071e-11
6.84367535609e-11
9.11208812696e-11
1.1401051838e-10
1.54857249177e-11
3.20259970316e-11
4.83600101323e-11
3.78517314596e-11
2.12277081598e-11
5.36867291375e-11
8.65846243553e-11
8.57878932638e-11
8.92174133698e-11
1.10261901474e-10
1.27858527876e-13
1.14948168231e-11
2.27200278975e-11
4.01880758505e-11
5.27297814871e-11
6.85608997441e-11
8.46060685112e-11
9.73501301721e-11
1.32737271302e-10
1.31483985502e-10
3.62729025407e-11
4.82967659311e-11
7.34208826197e-11
5.62839417142e-11
2.96738733572e-11
8.08305929691e-11
8.5312949535e-11
1.27023387969e-10
1.29247952085e-10
1.6107958604e-10
2.86080113831e-11
1.58896496868e-11
3.36182625284e-11
6.00621867658e-11
7.59338852447e-11
9.52855634455e-11
1.01653478247e-10
1.3279233376e-10
1.83750910696e-10
1.86311788577e-10
3.33280780517e-11
7.14183848935e-11
1.09033701418e-10
1.4739394336e-10
1.85265541565e-10
1.19403452098e-10
1.98181524115e-10
2.76973702689e-10
3.54827795169e-10
1.86650353566e-10
-5.17591995392e-12
2.21349384931e-11
4.91052275301e-11
7.66096302127e-11
1.03763673944e-10
1.33262717126e-10
1.57946591427e-10
1.82634885796e-10
2.07029245588e-10
3.29992518476e-10
-3.5561015455e-12
1.05391546675e-12
4.48929265342e-12
9.1804371707e-12
1.59038580912e-11
2.08091032342e-11
2.96882865986e-11
4.00474978491e-11
4.83151691951e-11
4.72630428269e-11
-7.25650173633e-12
-3.14347978637e-12
5.25549845735e-13
9.74800095996e-12
2.41159148279e-11
3.71871062655e-11
4.28230843132e-11
5.7310180019e-11
7.11099561127e-11
6.20246501657e-11
-2.02881980133e-11
-8.687952046e-12
2.76763757762e-12
7.83838944585e-12
1.20420606234e-11
3.80463013292e-11
6.44021420227e-11
8.88352037842e-11
1.1475076835e-10
1.40901117882e-10
-1.5216190221e-11
-1.14596335982e-11
-7.74992164975e-12
3.42861749591e-12
2.22697068342e-11
3.65558844353e-11
5.10352236029e-11
8.1590870785e-11
1.27008784337e-10
1.72838166574e-10
-3.61100274382e-11
-1.73164632716e-11
1.24274308192e-12
6.64971860384e-12
8.6216114377e-12
5.33135339276e-11
9.86097301426e-11
1.32047171898e-10
1.73593727602e-10
1.51451740497e-10
-2.26184143714e-11
-1.88253698314e-11
-1.50796249743e-11
-2.1685507151e-12
2.06344940397e-11
3.59968022428e-11
5.15668222356e-11
1.03096625463e-10
1.76519175049e-10
1.84192231688e-10
-3.59455652982e-11
-2.78933479997e-11
-6.26482428945e-13
5.19263821686e-12
4.42880275841e-12
7.2028206145e-11
1.17001195251e-10
1.85016681199e-10
2.45723806684e-10
2.11439172489e-10
-2.10077461651e-11
-2.78543368271e-11
-2.4064422598e-11
-9.02959561892e-12
1.86300396465e-11
3.53114756843e-11
5.87306214043e-11
1.29458518295e-10
2.37209331407e-10
2.54531142262e-10
-8.30651341187e-11
-4.29236578765e-11
-3.28275026017e-12
3.71431971327e-11
7.7054187241e-11
9.86227403487e-11
2.00129023918e-10
3.01653483919e-10
4.01969211203e-10
4.36956408729e-10
-4.45863053982e-11
-4.06849741367e-11
-3.68322929053e-11
-3.2903314026e-11
-2.90243836038e-11
3.43375905748e-11
5.31444697908e-11
7.19547166993e-11
9.05410120512e-11
4.81404449173e-10
-1.58630860756e-11
-9.65773475862e-12
-5.75482612617e-12
-2.98834233998e-13
1.31531092768e-11
2.41443963264e-11
3.2510349232e-11
4.11591471431e-11
5.05083704121e-11
6.61249061003e-11
-7.33177581605e-13
9.40911535241e-12
1.89788955213e-11
3.1631244728e-11
4.72728654786e-11
5.6452667561e-11
6.57133092084e-11
7.30236683446e-11
8.73908387899e-11
9.87321368604e-11
-4.87240953648e-11
-3.4905872148e-11
-2.12599636952e-11
-6.47092503487e-12
9.84896681514e-12
4.42598235759e-11
7.91359450968e-11
1.2388755213e-10
1.70348181512e-10
2.17229726181e-10
-3.15841646928e-11
-2.99659027481e-11
-2.8367820708e-11
-1.62023827668e-11
1.12529906929e-11
2.68071395567e-11
4.25715940631e-11
9.41589548523e-11
1.61297834302e-10
2.29044965967e-10
-8.54071214263e-11
-6.44606523201e-11
-4.37753879886e-11
-2.31622036986e-11
-3.42286715902e-12
5.29569650532e-11
1.10099101712e-10
1.76245539061e-10
2.54210966485e-10
1.90806518225e-10
-4.43513110109e-11
-4.77947524452e-11
-5.11952537859e-11
-4.26381340718e-11
-1.00309063008e-11
4.88347795045e-12
1.99995176694e-11
1.0858710686e-10
2.18350537622e-10
2.3455225645e-10
-3.75446181682e-11
-4.01310867059e-11
-4.08211816237e-11
-3.59396688297e-11
-4.40525156978e-11
2.53971994845e-11
7.83301435005e-11
1.43469193404e-10
2.37245586883e-10
3.00075441006e-10
-8.11953842563e-12
1.52498962574e-11
3.18470306615e-11
1.02278318365e-10
1.80358201461e-10
2.56170363708e-10
2.55635417715e-10
3.91045037575e-10
4.564253387e-10
4.96977945679e-10
-1.94272876189e-10
-1.52171612831e-10
-1.10595356859e-10
-6.81957339002e-11
-2.63362094696e-11
7.87678365344e-11
2.01989760053e-10
3.2523374856e-10
4.47010415388e-10
6.76111001186e-10
-8.22409065357e-11
-1.00706177353e-10
-1.18941184211e-10
-1.37537313116e-10
-1.5589655921e-10
-6.01802919778e-11
-4.69885800152e-11
-3.37945058515e-11
-2.07575180599e-11
6.26070779979e-10
-1.20335857857e-11
-4.04567038127e-12
3.84263483907e-12
1.18871583132e-11
3.34754010823e-11
4.76332066449e-11
6.19824380723e-11
8.87042533319e-11
1.02133570399e-10
1.15684551872e-10
-2.71486674383e-11
-1.63142627434e-11
-5.61496426713e-12
5.29622075232e-12
4.60911378428e-11
6.5469734514e-11
8.51103466937e-11
9.77664856112e-11
1.21827685642e-10
1.46106870816e-10
-7.62449811981e-11
-6.02801508982e-11
-4.4514403789e-11
-2.84364353071e-11
7.72644247298e-12
5.02734068386e-11
9.3395643227e-11
1.57811984516e-10
2.24156578741e-10
2.91102229265e-10
-4.74254497836e-11
-4.78766763797e-11
-4.83222761306e-11
-4.87767004405e-11
5.90770913624e-13
1.73720902068e-11
3.43803075558e-11
1.06322622574e-10
1.94483529755e-10
2.8344314057e-10
-1.33117931421e-10
-1.10087833642e-10
-8.73449237167e-11
-5.20148366931e-11
-1.50797780095e-11
5.26118698673e-11
1.21218767793e-10
2.19021689279e-10
3.32234100416e-10
4.46472172099e-10
-6.53848855751e-11
-7.58319570291e-11
-8.61487523526e-11
-8.18054854485e-11
-3.97095540808e-11
-2.52286804653e-11
-1.05520128236e-11
1.13900915313e-10
2.58835848826e-10
4.05083836637e-10
-2.02833160725e-10
-1.71142412489e-10
-1.3984685137e-10
-1.07931519873e-10
-4.30357902139e-11
5.54783729348e-11
1.55324533389e-10
2.94052940278e-10
4.64716223758e-10
6.36925650412e-10
-6.53099461991e-11
-9.51397444035e-11
-1.02113374382e-10
-8.71863927364e-11
-2.06547287591e-11
-4.38168960349e-11
1.58088071128e-10
3.05373657735e-10
4.32544156508e-10
4.0249072768e-10
-3.0190217079e-10
-2.57904182429e-10
-2.14454853825e-10
-1.70145064316e-10
-1.26399705583e-10
5.95518246622e-11
2.03790621342e-10
3.48055246439e-10
4.90602281783e-10
9.07570066962e-10
-1.18683856311e-10
-1.5879601573e-10
-1.98407972108e-10
-2.38804394918e-10
-2.78686236536e-10
-1.51656774073e-10
-1.43899544272e-10
-1.36140925407e-10
-1.2847467932e-10
7.66082031419e-10
-1.69825260138e-11
-6.67218917154e-12
3.50957663574e-12
1.38929798836e-11
4.25255453911e-11
6.14488406474e-11
8.06279953404e-11
1.1376469674e-10
1.29852496256e-10
1.46086044998e-10
-3.75988517522e-11
-2.30978153592e-11
-8.7776084857e-12
5.82619260096e-12
5.74093777722e-11
8.00365751843e-11
1.02969712017e-10
1.18603324129e-10
1.47949624478e-10
1.77561790929e-10
-1.05065271092e-10
-8.68524812315e-11
-6.88668068649e-11
-5.05249481768e-11
5.50370272478e-12
5.65709226229e-11
1.08328615821e-10
1.93338165677e-10
2.80505550073e-10
3.68462637173e-10
-6.40146842789e-11
-6.66331107261e-11
-6.92188851073e-11
-7.18558675932e-11
-1.05748676784e-11
7.49156313826e-12
2.58022678381e-11
1.1906060027e-10
2.29236094373e-10
3.40409735731e-10
-1.83081416732e-10
-1.57869311342e-10
-1.3297160368e-10
-1.07580827316e-10
-2.72870722083e-11
5.2250480944e-11
1.32863451104e-10
2.63817523878e-10
4.13941112026e-10
5.65424761671e-10
-8.74115645168e-11
-1.05192943765e-10
-1.22752587258e-10
-1.40659978051e-10
-7.07894850776e-11
-5.67625903882e-11
-4.25460398632e-11
1.19465616281e-10
3.01232681994e-10
4.84646486842e-10
-2.78714111388e-10
-2.44922199864e-10
-2.11551677195e-10
-1.77520292067e-10
-6.74822156746e-11
4.69544556603e-11
1.62938410482e-10
3.50211575867e-10
5.77507284741e-10
8.06862204604e-10
-5.1759269848e-11
-9.13072996205e-11
-7.21182869796e-12
1.26640109625e-10
1.87504370165e-10
2.77312674889e-10
4.38892048808e-10
6.23938691493e-10
8.04883690321e-10
1.24725917101e-09
-4.14613203794e-10
-3.68628936185e-10
-3.23218097453e-10
-2.76907952503e-10
-2.3118771943e-10
3.9428524994e-11
2.05676510652e-10
3.71954265849e-10
5.3625234676e-10
1.14995751824e-09
-1.56847467158e-10
-2.19628577301e-10
-2.81626800092e-10
-3.4485282199e-10
-4.0727345273e-10
-2.47452336338e-10
-2.45386178847e-10
-2.43319651376e-10
-2.41277727625e-10
9.1270394175e-10
-2.19266393215e-11
-9.29614620184e-12
3.17684327881e-12
1.58968450875e-11
5.15668626939e-11
7.52509996508e-11
9.92553667716e-11
1.38800697589e-10
1.57544386619e-10
1.76457886204e-10
-4.8038843539e-11
-2.98747516761e-11
-1.19371680375e-11
6.3556475446e-12
6.87165785216e-11
9.45892081705e-11
1.20811658311e-10
1.39419839556e-10
1.74046085431e-10
2.08986031667e-10
-1.33857451282e-10
-1.13398894396e-10
-9.31954579649e-11
-7.25919171427e-11
3.28313091298e-12
6.28622961614e-11
1.23247023626e-10
2.28829696582e-10
3.36799561761e-10
4.45747592054e-10
-8.05877385599e-11
-8.53712510922e-11
-9.00951126969e-11
-9.49125246132e-11
-2.17296159293e-11
-2.37932701515e-12
1.7232594662e-11
1.31786154053e-10
2.63954763277e-10
3.97320768853e-10
-2.32996170447e-10
-2.05604185653e-10
-1.78553781924e-10
-1.50967677975e-10
-3.9482460093e-11
5.18894444994e-11
1.4449677684e-10
3.08569667119e-10
4.95568431173e-10
6.8426133152e-10
-1.09416759864e-10
-1.34525293432e-10
-1.59320720824e-10
-1.84607191382e-10
-1.01839102443e-10
-8.82657438939e-11
-7.45088617129e-11
1.2502488975e-10
3.43588163655e-10
5.64131536074e-10
-3.54521052003e-10
-3.18630026549e-10
-2.83186566131e-10
-2.47041191254e-10
-9.19047974551e-11
3.84388521395e-11
1.70544861425e-10
4.06315437454e-10
6.90188335613e-10
9.76633012157e-10
-1.20933144487e-10
6.68317943634e-11
3.01768226688e-10
3.56802556316e-10
3.41924250061e-10
4.15087780637e-10
4.23483284362e-10
7.22460719622e-10
1.19793622527e-09
1.72177311331e-09
-5.27214304742e-10
-4.79245695191e-10
-4.31875259479e-10
-3.83566710123e-10
-3.35873528892e-10
1.93248524701e-11
2.07560560571e-10
3.95829975487e-10
5.81857887209e-10
1.39210855832e-09
-1.94973855348e-10
-2.80401806183e-10
-3.64764461072e-10
-4.50797815339e-10
-5.35735252124e-10
-3.43154464953e-10
-3.46773829019e-10
-3.50393841193e-10
-3.53970754127e-10
1.05918284525e-09
-2.68656285984e-11
-1.19173837886e-11
2.8444547635e-12
1.78986335049e-11
6.05988096634e-11
8.90388542309e-11
1.17863432976e-10
1.6381075137e-10
1.85207577376e-10
2.06798250329e-10
-5.84680154199e-11
-3.66446644421e-11
-1.50934530524e-11
6.8845537663e-12
8.00120605982e-11
1.09126758949e-10
1.38635113386e-10
1.6021478095e-10
2.00115500266e-10
2.40377704628e-10
-1.62619791536e-10
-1.39917795115e-10
-1.17498895088e-10
-9.46360161167e-11
1.06486048021e-12
6.91471493816e-11
1.38149970138e-10
2.6428444441e-10
3.93035230883e-10
5.22952449559e-10
-9.71436166887e-11
-1.04089971432e-10
-1.10949704367e-10
-1.17945285938e-10
-3.28728035075e-11
-1.2239987074e-11
8.67180301178e-12
1.44498519196e-10
2.98637450091e-10
4.54172819933e-10
-2.82859192996e-10
-2.53289588005e-10
-2.24088719241e-10
-1.94309562925e-10
-5.16652087963e-11
5.15287822294e-11
1.5611804591e-10
3.53275429673e-10
5.77111152561e-10
8.02974740305e-10
-1.31399149241e-10
-1.63827243337e-10
-1.95850955532e-10
-2.28508858248e-10
-1.32856540287e-10
-1.19736247838e-10
-1.06438557605e-10
1.30578401642e-10
3.85899748507e-10
6.43534207774e-10
-4.30249427043e-10
-3.92261463159e-10
-3.54747213365e-10
-3.16490039657e-10
-1.16302067909e-10
2.99320741072e-11
1.78143429115e-10
4.62361153545e-10
8.0275260494e-10
1.1462278709e-09
-8.59977466064e-11
2.59826403353e-10
5.76209053542e-10
6.70824070332e-10
9.61269227473e-10
1.11111693474e-09
1.20129648425e-09
1.70419964033e-09
2.29825820119e-09
3.75526142469e-09
-6.39698707004e-10
-5.89747812063e-10
-5.40419810278e-10
-4.90114927644e-10
-4.40450842999e-10
-7.57984803132e-13
2.09442657879e-10
4.19680940573e-10
6.2741616252e-10
1.63400863542e-09
-2.33060729719e-10
-3.41112050282e-10
-4.47815958988e-10
-5.56633008328e-10
-6.64063914959e-10
-4.38757408814e-10
-4.48056402016e-10
-4.57357060362e-10
-4.66546986673e-10
1.20550993943e-09
4.78943898655e-11
2.90388978962e-11
1.04185359865e-11
-8.57057945661e-12
-6.35870455663e-11
-1.03462203054e-10
-1.43876507407e-10
-1.83934613054e-10
-1.85402484436e-10
-1.86883654164e-10
1.62658612498e-10
1.54047803845e-10
1.45544372923e-10
1.36872541934e-10
1.90179763196e-11
9.00447810833e-13
-1.74620454663e-11
1.22720833106e-12
-2.63540408431e-11
-5.41851654402e-11
5.09645041034e-10
4.74430950507e-10
4.39655983565e-10
4.0419234086e-10
1.98336086255e-10
1.23250482458e-10
4.71496558879e-11
-9.66319572372e-11
-3.96028034872e-10
-6.98136524878e-10
2.24973365092e-10
3.18696164763e-10
4.11250230808e-10
5.05637217129e-10
3.74391979391e-10
3.85620585681e-10
3.9700101251e-10
1.71279577462e-10
-6.85663805472e-11
-3.10585249936e-10
9.18624189211e-10
8.68921054249e-10
8.19837722848e-10
7.69782355997e-10
4.30325145869e-10
3.24053146769e-10
2.16344257663e-10
-1.93067477999e-11
-5.82582093829e-10
-1.15096049608e-09
2.80166431676e-10
4.64527570147e-10
6.46589704934e-10
8.32257358016e-10
6.89151810683e-10
7.26372707795e-10
7.6409686386e-10
3.21897390121e-10
-1.05954452857e-10
-5.37682467632e-10
1.41995346762e-09
1.35248956851e-09
1.28586695165e-09
1.2179249552e-09
7.14698831847e-10
5.70198348182e-10
4.23744092098e-10
7.54789928008e-11
-8.11261262873e-10
-1.70603504143e-09
3.47822448778e-10
6.43288647714e-10
9.35070350638e-10
1.23263043394e-09
1.07498644259e-09
1.14406885748e-09
1.21408532681e-09
5.06525676607e-10
-1.51784993107e-10
-8.16059702227e-10
2.132368758e-09
2.03966587826e-09
1.94811901363e-09
1.85475917511e-09
1.76258858094e-09
9.19983634401e-10
7.1847017261e-10
5.16920626396e-10
3.1777069433e-10
-2.49482518482e-09
4.43965209923e-10
8.97317547416e-10
1.34501653137e-09
1.8015816471e-09
2.25233090575e-09
1.7376370702e-09
1.85354261625e-09
1.96946891718e-09
2.08401501955e-09
-1.21164840402e-09
1.84820085668e-12
2.51855617531e-12
3.18055208935e-12
3.85565802421e-12
3.05180934437e-12
2.86240882079e-12
2.67044743713e-12
1.06938336566e-11
1.7301518196e-11
2.39690657951e-11
6.54420821822e-12
6.72511042241e-12
7.63470828674e-12
9.43225921679e-12
1.5858679769e-11
1.8602346905e-11
2.48212497072e-11
3.03276685528e-11
3.3373430027e-11
2.97274617699e-11
1.92419245131e-11
2.6721189989e-11
3.41071882013e-11
4.16394570905e-11
1.63834308456e-11
3.31563090315e-11
5.01559711421e-11
5.53871639086e-11
5.05783941006e-11
4.57260587028e-11
5.1236333518e-12
1.24869381868e-11
1.97584218003e-11
2.71739082687e-11
3.61674645101e-11
5.00654681167e-11
6.41513848392e-11
6.60016891895e-11
8.85327767479e-11
1.11267987223e-10
3.46477940374e-11
4.81578085096e-11
6.14993516148e-11
4.81240055604e-11
2.81914384609e-11
5.99880492181e-11
9.22145778522e-11
9.4972684989e-11
8.00521984733e-11
6.49965381353e-11
3.37293681582e-12
1.76619726801e-11
3.17728226948e-11
4.98441214543e-11
5.67676311223e-11
7.3327264363e-11
9.0110798271e-11
9.01166567998e-11
1.25751933994e-10
1.61710052981e-10
5.3532408293e-11
7.44349537931e-11
9.50768422507e-11
1.16127518107e-10
4.26657703765e-11
9.28785694469e-11
1.43770289303e-10
1.4349687212e-10
1.16181378027e-10
8.86184161494e-11
3.52357353959e-11
2.11568792763e-11
1.78291396054e-11
3.03066789445e-11
4.17696988694e-11
7.19668754462e-11
5.59416250972e-11
1.31599476e-10
1.22481505204e-10
1.97010570351e-10
8.03684390772e-11
1.11776160248e-10
1.42792223681e-10
1.74422522381e-10
2.05649905286e-10
1.39617729772e-10
2.17033668734e-10
2.9446347034e-10
3.70971406078e-10
1.22186348064e-10
-1.8226787103e-12
3.30201395635e-11
6.74284640594e-11
1.02518203412e-10
1.37160959624e-10
1.42362272578e-10
1.67151638133e-10
1.91945442647e-10
2.16444056399e-10
3.11409086844e-10
-3.23878262213e-12
-4.11296285675e-13
2.38093098503e-12
5.22845490772e-12
1.04137813397e-11
1.46086913175e-11
1.88603201325e-11
3.21955412731e-11
3.96953782454e-11
4.72631608327e-11
-2.4139358098e-12
4.78703022484e-14
3.56651980881e-12
6.48851670333e-12
1.56614691144e-11
1.83075849537e-11
2.55043430131e-11
4.37955115674e-11
5.11636030661e-11
6.31194977286e-11
-3.49356872587e-11
-2.27398447694e-11
-1.06960857779e-11
1.58618515585e-12
-3.7179102625e-12
2.32030950604e-11
5.04880958273e-11
7.21815778303e-11
9.99175375696e-11
1.2790477435e-10
-1.91644125703e-11
-2.13417305951e-11
-2.34918972245e-11
-2.56846452788e-11
-1.198114626e-12
1.29947924317e-11
2.73795999568e-11
5.43710441816e-11
1.05888411055e-10
1.57872505297e-10
-6.30100885083e-11
-4.25165591406e-11
-2.22785863393e-11
-1.60062057422e-11
-1.62345513959e-11
3.08152812327e-11
7.85012685855e-11
1.07597781638e-10
1.532571644e-10
1.99330203464e-10
-2.72060093619e-11
-3.17058026014e-11
-3.6149482924e-11
-3.08603387726e-11
-1.3095433399e-11
1.18163291879e-12
1.56517376105e-11
6.4510525511e-11
1.51349851806e-10
2.38975908726e-10
-9.74238706851e-11
-6.67589832087e-11
-3.64764902533e-11
-5.59428949782e-12
-3.15775308498e-11
4.01463481535e-11
1.12839996483e-10
1.51011192757e-10
2.18641223094e-10
2.86883955283e-10
5.57806856149e-11
4.17474669889e-11
3.64754734251e-11
5.5956331279e-11
7.90370276886e-11
9.39151958579e-11
1.35670188545e-10
2.36885312106e-10
2.66359745439e-10
2.46474087848e-10
-1.4632766641e-10
-1.01208743726e-10
-5.66524589732e-11
-1.12137914007e-11
3.36460654233e-11
5.34062853568e-11
1.61637136126e-10
2.69887367476e-10
3.76848790234e-10
4.11302444709e-10
-5.10713933888e-11
-6.24636937169e-11
-7.37139308063e-11
-8.51869651055e-11
-9.65138526112e-11
-3.38767759582e-11
-1.91535312882e-11
-4.42765017011e-12
1.01229071463e-11
4.79669880192e-10
-8.09913432202e-12
-3.21061998084e-12
1.61693404857e-12
6.54009189143e-12
1.74477678371e-11
2.58316615391e-11
3.43289127875e-11
5.27393196438e-11
6.10915624895e-11
6.95194734167e-11
3.58925428159e-12
9.99974318659e-12
1.40558067482e-11
1.7953746369e-11
2.71746912887e-11
3.46843284052e-11
4.36007348578e-11
5.69705581176e-11
7.10089321161e-11
8.82740757051e-11
-8.66996154429e-11
-6.99973256257e-11
-5.35033152004e-11
-3.66826610366e-11
-2.29237102876e-11
1.36933098123e-11
5.08054239226e-11
8.82277786079e-11
1.47058557553e-10
2.06422320544e-10
-4.23703942245e-11
-5.36632878606e-11
-6.48153578705e-11
-7.61882810109e-11
-3.68990082555e-11
-2.24243360818e-11
-7.75395373086e-12
4.32585596473e-11
1.22470829115e-10
2.0240073103e-10
-1.56317184436e-10
-1.29151264911e-10
-1.02324107392e-10
-7.72793321083e-11
-5.8681305198e-11
2.9421982829e-12
6.53989052138e-11
1.1966041369e-10
2.23200753181e-10
3.27679128e-10
-5.64226234231e-11
-7.88741788128e-11
-1.01045760836e-10
-1.07969309558e-10
-7.98460068617e-11
-6.77498161199e-11
-5.54900743418e-11
4.004518092e-11
1.75807348842e-10
3.12799469364e-10
-2.41654849653e-10
-2.01662545326e-10
-1.62168949434e-10
-1.21893231095e-10
-1.02513195733e-10
-1.02365835919e-11
8.3287688732e-11
1.58190740566e-10
3.16536347822e-10
4.76316504881e-10
-1.65994128267e-11
-3.49882849004e-11
-3.72572485256e-11
-1.94681539223e-11
3.33374642122e-11
6.92554835914e-11
1.14940271843e-10
2.65721441914e-10
3.20438449423e-10
3.83936704494e-10
-3.62924163382e-10
-3.04704891178e-10
-2.47211619704e-10
-1.88579764184e-10
-1.30694778015e-10
-2.8964326256e-11
1.08708591626e-10
2.46406162193e-10
3.82464329226e-10
6.8753804045e-10
-9.8126013303e-11
-1.53693597122e-10
-2.08568247057e-10
-2.64529622435e-10
-3.19778145802e-10
-2.02264143975e-10
-1.97158561316e-10
-1.92052064416e-10
-1.87006364587e-10
6.40434434742e-10
-1.28030894175e-11
-5.91986691871e-12
8.77521038131e-13
7.80952296432e-12
2.42554144169e-11
3.6693498546e-11
4.92997564079e-11
7.26220394375e-11
8.17992594039e-11
9.10596214247e-11
-4.23964014339e-11
-4.02577396659e-11
-3.81457472454e-11
-3.59919293937e-11
1.09654835772e-11
3.1089169405e-11
5.14849449957e-11
5.0722361047e-11
6.96958899145e-11
8.88413115965e-11
-1.36797881737e-10
-1.15734153247e-10
-9.49330917679e-11
-7.37200906633e-11
-4.15115052599e-11
4.48953083974e-12
5.1112541021e-11
1.03757644052e-10
1.92682671784e-10
2.82413325787e-10
-6.48296528109e-11
-8.49448006773e-11
-1.04809110436e-10
-1.25066808597e-10
-7.14511170064e-11
-5.67037463667e-11
-4.17569784289e-11
3.25036531144e-11
1.38519657419e-10
2.45496125616e-10
-2.46621840649e-10
-2.12998235423e-10
-1.79793920253e-10
-1.45932034162e-10
-9.97622055451e-11
-2.40339834144e-11
5.27181502497e-11
1.31334893854e-10
2.90893694179e-10
4.51898035366e-10
-8.46991040304e-11
-1.24524769002e-10
-1.63853803549e-10
-2.03961701607e-10
-1.44448677523e-10
-1.3446318605e-10
-1.24342682033e-10
1.63670832312e-11
1.99477851495e-10
3.84247532318e-10
-3.81244758025e-10
-3.32225174864e-10
-2.838168713e-10
-2.34449900386e-10
-1.71166289766e-10
-5.89982912097e-11
5.4686316401e-11
1.65139264578e-10
4.11281399049e-10
6.59653485816e-10
-7.12197599854e-11
-7.92023168867e-11
-9.97296611134e-11
-3.25877251133e-11
4.02462627136e-11
4.33522359248e-11
2.27057992429e-10
3.80054686761e-10
4.72061185926e-10
5.48389169225e-10
-5.72551009033e-10
-5.01652930913e-10
-4.31638959629e-10
-3.60238447126e-10
-2.89747454781e-10
-1.08684412814e-10
5.74831840897e-11
2.23680536136e-10
3.87899171164e-10
9.54884915404e-10
-1.4366650765e-10
-2.41987900803e-10
-3.39083215365e-10
-4.38101384085e-10
-5.35858231041e-10
-3.65233136078e-10
-3.69435737892e-10
-3.73639092254e-10
-3.77792402203e-10
7.96025900597e-10
-1.7729142682e-11
-8.75703148586e-12
1.03196496359e-13
9.13889047605e-12
3.13844853745e-11
4.80681793326e-11
6.49774513669e-11
9.34435257735e-11
1.03484674318e-10
1.13616791775e-10
-5.90381455838e-11
-5.6027084097e-11
-5.30535708782e-11
-5.00211708605e-11
1.03119637173e-11
3.35392093789e-11
5.7080507636e-11
5.47392619379e-11
7.74910583555e-11
1.00448977227e-10
-1.8926154757e-10
-1.63630454217e-10
-1.38318983419e-10
-1.12506249845e-10
-6.09769266433e-11
-5.14880637492e-12
5.14341587138e-11
1.20020755161e-10
2.40460937581e-10
3.61992261352e-10
-8.83493297275e-11
-1.177032763e-10
-1.46691175929e-10
-1.76253145518e-10
-1.07634610397e-10
-9.26016657789e-11
-7.73654626541e-11
2.12409515453e-11
1.55326234322e-10
2.90626277768e-10
-3.41190249042e-10
-3.00804057208e-10
-2.6092148563e-10
-2.20249088416e-10
-1.42782748716e-10
-5.22838508587e-11
3.94386709353e-11
1.43560586904e-10
3.61782770756e-10
5.81981962977e-10
-1.14310664255e-10
-1.72330760823e-10
-2.29627340403e-10
-2.88058608787e-10
-2.1210157604e-10
-2.04326440919e-10
-1.96446179197e-10
-8.42898051671e-12
2.24265961606e-10
4.59069029677e-10
-5.27425431492e-10
-4.68952344745e-10
-4.11208423824e-10
-3.52320955051e-10
-2.43060853193e-10
-1.10062292484e-10
2.47345246262e-11
1.72415864524e-10
5.10499856583e-10
8.51646758518e-10
-3.41060520792e-11
-1.86582092341e-11
-3.54441074928e-11
4.86966557079e-11
7.4724733312e-11
1.81399647687e-10
3.02559943996e-10
4.49724636123e-10
5.2969250298e-10
6.3036494772e-10
-7.92075427605e-10
-7.07899911245e-10
-6.24774072837e-10
-5.40002028689e-10
-4.56309835095e-10
-1.92168499004e-10
3.83915881858e-12
1.99881915156e-10
3.93590620237e-10
1.23485462587e-09
-1.91357205432e-10
-3.34451037472e-10
-4.75760473681e-10
-6.19868370744e-10
-7.62140580183e-10
-5.35896741333e-10
-5.49847015388e-10
-5.63799787478e-10
-5.77586440268e-10
9.58963648243e-10
-2.26503913488e-11
-1.15914288409e-11
-6.70372812436e-13
1.04669613968e-11
3.85066030338e-11
5.94317658898e-11
8.06398551765e-11
1.14244703993e-10
1.25148938488e-10
1.3615196112e-10
-7.56636583045e-11
-7.17810479888e-11
-6.7946854251e-11
-6.40367289875e-11
9.65908126416e-12
3.59868597204e-11
6.26706126766e-11
5.87522449677e-11
8.5278623824e-11
1.12045321387e-10
-2.41674043269e-10
-2.11480039807e-10
-1.81662558891e-10
-1.51254579171e-10
-8.04233625401e-11
-1.47777428929e-11
5.17554627187e-11
1.36268004138e-10
2.8819260312e-10
4.41493580061e-10
-1.11846066863e-10
-1.50429801133e-10
-1.88532391991e-10
-2.2738955814e-10
-1.43782812425e-10
-1.28464572362e-10
-1.1293921635e-10
9.98923498729e-12
1.72116419026e-10
3.35712412487e-10
-4.35666420684e-10
-3.88524238091e-10
-3.41969923704e-10
-2.94493657959e-10
-1.85761332049e-10
-8.05061649577e-11
2.61721436846e-11
1.55774355695e-10
4.3260270608e-10
7.1193901398e-10
-1.43893343014e-10
-2.20090125346e-10
-2.95336725418e-10
-3.72073492533e-10
-2.79688489693e-10
-2.74121555064e-10
-2.6847935063e-10
-3.32008595668e-11
2.49029894777e-10
5.33817550319e-10
-6.73463528482e-10
-6.05546158569e-10
-5.38475725732e-10
-4.70077044861e-10
-3.14885294672e-10
-1.61076488779e-10
-5.18805384108e-12
1.7968536728e-10
6.09621541967e-10
1.04345277169e-09
6.65277285203e-11
1.41441708988e-12
9.74957023435e-11
1.77975938098e-10
1.52867721808e-10
2.40569935597e-10
4.01535309166e-10
7.02039356565e-10
1.0949137603e-09
1.47431861334e-09
-1.0113857343e-09
-9.13945729774e-10
-8.17720812825e-10
-7.19590278879e-10
-6.22709759753e-10
-2.75571159472e-10
-4.97525450617e-11
1.76106506024e-10
3.99276518189e-10
1.51455126948e-09
-2.39001388367e-10
-4.26823990753e-10
-6.1230442462e-10
-8.01458072021e-10
-9.8820222614e-10
-7.06393890824e-10
-7.30082329785e-10
-7.53775010564e-10
-7.7718561037e-10
1.1217424755e-09
-2.75665396813e-11
-1.44228886541e-11
-1.44314040152e-12
1.17936559178e-11
4.56213393997e-11
7.07835753365e-11
9.62860266231e-11
1.35024324073e-10
1.46790750025e-10
1.58663775234e-10
-9.22719405055e-11
-8.75186846258e-11
-8.28247023699e-11
-7.80377615264e-11
9.00687545207e-12
3.84319733409e-11
6.82549241867e-11
6.2761068981e-11
9.30581183353e-11
1.23629647209e-10
-2.94032219167e-10
-2.59280034552e-10
-2.24961213503e-10
-1.89962750104e-10
-9.984964434e-11
-2.43967000748e-11
5.20764337272e-11
1.52498414624e-10
3.35874800027e-10
5.20912504377e-10
-1.35318452208e-10
-1.83122408514e-10
-2.30330244223e-10
-2.78472973482e-10
-1.79893550809e-10
-1.64290310978e-10
-1.48476101753e-10
-1.25082040115e-12
1.88889202546e-10
3.80751820375e-10
-5.3004467814e-10
-4.76153506633e-10
-4.22934363965e-10
-3.68661281153e-10
-2.28695372795e-10
-1.08699229725e-10
1.29193657336e-11
1.67975466254e-10
5.03349244313e-10
8.4176137876e-10
-1.73445362573e-10
-2.67799992528e-10
-3.60978009865e-10
-4.56001304071e-10
-3.47205356925e-10
-3.43844334232e-10
-3.40437867585e-10
-5.79470652825e-11
2.73768162848e-10
6.08488602322e-10
-8.19350273009e-10
-7.41998407893e-10
-6.65611129046e-10
-5.87711093405e-10
-3.86635297998e-10
-2.12037814457e-10
-3.50796208392e-11
1.86947335995e-10
7.086404986e-10
1.23505999897e-09
-2.1504801301e-10
3.85240514527e-11
2.32802447974e-10
2.657015575e-10
1.87649084517e-10
5.67332733621e-11
1.87942241549e-10
6.80026204676e-10
1.28436956484e-09
1.70361305009e-09
-1.23046874993e-09
-1.11977800442e-09
-1.01046758469e-09
-8.98992405554e-10
-7.88937229147e-10
-3.58887382235e-10
-1.03288707022e-10
1.52355737495e-10
4.04956523331e-10
1.79395803822e-09
-2.86596193335e-10
-5.19101209605e-10
-7.48706862737e-10
-9.82859575498e-10
-1.21402958401e-09
-8.76714338729e-10
-9.10130850054e-10
-9.43553345177e-10
-9.76577917834e-10
1.28435260036e-09
