-1.90119290555e-10
-3.26722979383e-10
-4.61623205179e-10
-5.99194965243e-10
-6.27755454825e-10
-6.02125442096e-10
-5.76148889267e-10
-7.52040460633e-10
-7.47593196321e-10
-7.43105641518e-10
2.02182408979e-11
-1.81069711763e-10
-3.79847581504e-10
-5.82562004262e-10
-5.4961080965e-10
-5.57976418347e-10
-5.66455137362e-10
-7.73531527635e-10
-8.36392887092e-10
-8.99823746091e-10
-4.08061815187e-10
-6.17254787102e-10
-8.23839099637e-10
-1.03451456226e-09
-1.03131392474e-09
-1.14704434932e-09
-1.26433955005e-09
-1.21821446771e-09
-1.06083642169e-09
-9.02032591607e-10
-1.45697654398e-10
-3.7824699734e-10
-6.07896424386e-10
-8.42093777948e-10
-5.67305080755e-10
-6.85255985783e-10
-8.04801689798e-10
-7.63476649325e-10
-7.48919629131e-10
-7.34230727978e-10
-6.01096622718e-10
-8.74582959653e-10
-1.14465889187e-09
-1.42008334818e-09
-1.38875142667e-09
-1.62968681e-09
-1.8738798496e-09
-1.6311114454e-09
-1.33828042131e-09
-1.04279646169e-09
-2.92651733088e-10
-5.52889735994e-10
-8.09882542367e-10
-1.0719647775e-09
-5.82977149448e-10
-7.9798931694e-10
-1.01590863624e-09
-7.54570899965e-10
-6.71443314937e-10
-5.87562626221e-10
-8.37719935176e-10
-1.19001749375e-09
-1.537921863e-09
-1.89271605352e-09
-1.82690062258e-09
-2.22131305212e-09
-2.6210582813e-09
-2.13724322452e-09
-1.678373066e-09
-1.21534572178e-09
-4.72788990838e-10
-7.66967931763e-10
-1.05747842892e-09
-1.35374213179e-09
-6.02188072362e-10
-9.36178561584e-10
-1.27468489317e-09
-7.43654174942e-10
-5.7647234915e-10
-4.07775920842e-10
-1.17397411604e-09
-1.63826656851e-09
-2.09676924302e-09
-2.56435200319e-09
-3.02597856038e-09
-3.06204508041e-09
-3.68283815794e-09
-4.30374239906e-09
-4.91725426133e-09
-1.46054730192e-09
-7.28773515009e-10
-1.07118431522e-09
-1.40932521508e-09
-1.75416258262e-09
-2.0946073131e-09
-1.13255275134e-09
-1.64241957408e-09
-2.15237769716e-09
-2.65626434676e-09
-1.52289550039e-10
-2.58909397846e-11
-2.09674301514e-11
-1.6105317225e-11
-1.11469160885e-11
-2.50174064129e-12
6.67465548638e-12
1.59751244836e-11
1.82803894855e-11
2.52397463445e-11
3.22621522782e-11
-3.56352785259e-12
-1.05177225628e-12
1.42866147136e-12
3.95821716054e-12
2.28258609123e-11
2.77156932782e-11
3.26716404374e-11
3.58612126252e-11
3.82259629895e-11
4.06121370752e-11
-4.53851611521e-11
-4.02868246063e-11
-3.52520648784e-11
-3.0117597881e-11
-2.36559005933e-11
-1.73158423589e-11
-1.08900610142e-11
-4.83008221362e-12
2.05746141917e-11
4.62094672958e-11
-3.16519654733e-11
-1.73364505275e-11
-3.19945162828e-12
1.12175132738e-11
4.47524812057e-11
5.09342794157e-11
5.71996609229e-11
5.57848917828e-11
6.14877900105e-11
6.72423542848e-11
-6.26514715061e-11
-5.73982882665e-11
-5.22106127999e-11
-4.69202017545e-11
-4.2392442265e-11
-3.85645690219e-11
-3.4684939598e-11
-2.52993571471e-11
1.64426399992e-11
5.85628034542e-11
-5.65302959373e-11
-3.17600227105e-11
-7.29863751652e-12
1.76471755456e-11
6.41732020369e-11
7.14993128519e-11
7.89244790671e-11
7.34315790367e-11
8.20911225148e-11
9.08291180991e-11
-8.38166261336e-11
-7.83736308176e-11
-7.29985102521e-11
-6.75169419864e-11
-6.53598159272e-11
-6.4611395254e-11
-6.38528552813e-11
-5.03907264204e-11
1.13776393762e-11
7.37056026161e-11
-8.70263139255e-11
-4.94405305478e-11
-1.23234460247e-11
2.552869704e-11
8.79792469269e-11
9.67080635155e-11
1.05554901308e-10
9.50630021221e-11
1.07346820423e-10
1.19741925355e-10
-1.13893424815e-10
-1.08180696548e-10
-1.02539206632e-10
-9.6785993895e-11
-9.11060672284e-11
-1.01625306215e-10
-1.05301998621e-10
-1.08979349401e-10
-1.12612918276e-10
9.52243172147e-11
-1.3036276054e-10
-7.45654627376e-11
-1.94639633784e-11
3.67287539005e-11
9.22056722688e-11
1.32531024985e-10
1.43398132915e-10
1.54267186785e-10
1.65006835575e-10
1.60828546193e-10
-7.74770306719e-12
1.28111183229e-11
3.31135689481e-11
5.381808482e-11
6.65735809559e-11
7.39322528024e-11
8.13904203026e-11
1.03382099796e-10
1.10618981756e-10
1.17921427062e-10
-6.19083463594e-12
1.88358298204e-11
4.35504090171e-11
6.87544302801e-11
8.6066184346e-11
9.24204204149e-11
9.88605712909e-11
1.2527941609e-10
1.34850064493e-10
1.44507419259e-10
-5.31821561461e-12
2.34540963296e-11
5.18676143778e-11
8.084382746e-11
8.76657925039e-11
1.07491668841e-10
1.27585608297e-10
1.2921936803e-10
1.4004422051e-10
1.50967141956e-10
-1.90526918336e-11
2.25353831352e-11
6.36048502328e-11
1.05487647983e-10
1.12369949074e-10
1.32265390566e-10
1.52429835758e-10
1.46293357611e-10
1.51018090802e-10
1.55785628244e-10
-3.1663838709e-12
3.28807339926e-11
6.84783403297e-11
1.04780913798e-10
1.06347465589e-10
1.37215723046e-10
1.68501346235e-10
1.52103805609e-10
1.66106574835e-10
1.8023620372e-10
-3.04446224943e-11
2.58121303568e-11
8.13673553095e-11
1.38022783663e-10
1.35667569262e-10
1.67556649843e-10
1.99876898573e-10
1.64905705816e-10
1.65338342676e-10
1.65774899059e-10
-5.28654636663e-13
4.44359672569e-11
8.88398753676e-11
1.34123148664e-10
1.29247580984e-10
1.7365166046e-10
2.18656121772e-10
1.80155696835e-10
1.9805397691e-10
2.16114408463e-10
-4.44089245946e-11
2.98287882414e-11
1.03140748629e-10
1.77904562884e-10
1.64225942395e-10
2.10816903149e-10
2.5803781428e-10
1.87720842325e-10
1.82892199813e-10
1.78019811672e-10
3.21969743304e-12
6.08565618957e-11
1.17774688316e-10
1.75820008738e-10
2.33125931259e-10
2.25429045205e-10
2.89928697535e-10
3.54439899628e-10
4.18183042471e-10
2.67099225729e-10
-6.42529328424e-11
3.55366704984e-11
1.34081886505e-10
2.34578670198e-10
3.33795297105e-10
2.72291999954e-10
3.40687536602e-10
4.09095320637e-10
4.7668865339e-10
1.95420476964e-10
9.58722868331e-12
4.50847882063e-11
8.0139689256e-11
1.15888809821e-10
1.32571506474e-10
1.38193436037e-10
1.43891378986e-10
1.84692417412e-10
1.92194460368e-10
1.99764468923e-10
-8.70109145981e-12
3.7837413168e-11
8.37955775221e-11
1.3066388721e-10
1.46489068514e-10
1.54242467182e-10
1.62100698555e-10
2.10713921435e-10
2.27169435677e-10
2.43774030498e-10
3.29636950037e-11
8.43552757248e-11
1.35105997779e-10
1.86861775921e-10
1.94027958321e-10
2.26738841895e-10
2.59892005111e-10
2.57296739635e-10
2.54191299339e-10
2.51057724958e-10
-7.014732342e-12
6.06308743683e-11
1.27432932919e-10
1.95557924679e-10
1.76974970157e-10
2.09973094155e-10
2.43417381535e-10
2.32769552703e-10
2.36559699392e-10
2.40384183339e-10
5.36685651732e-11
1.19137707527e-10
1.83790442472e-10
2.49723545895e-10
2.4846081567e-10
3.05164772797e-10
3.62635416821e-10
3.21603425032e-10
3.09102785285e-10
2.96488894589e-10
-5.5210999805e-12
8.08193685743e-11
1.66083161986e-10
2.53035500724e-10
2.03976768755e-10
2.59334506617e-10
3.15440729318e-10
2.52304540398e-10
2.4487679011e-10
2.37381747284e-10
7.90487286068e-11
1.61774236833e-10
2.43468148868e-10
3.26779909089e-10
3.1518496339e-10
4.0129978487e-10
4.88578953756e-10
4.00430974873e-10
3.76413639025e-10
3.52178715426e-10
-3.69019579544e-12
1.0556655502e-10
2.13460862131e-10
3.23491884263e-10
2.37075747682e-10
3.19842044473e-10
4.03727413697e-10
2.76250654346e-10
2.55071933571e-10
2.33701341798e-10
1.15115276644e-10
2.22362989004e-10
3.2827331059e-10
4.36281056786e-10
5.42912969408e-10
5.37912696764e-10
6.67551348347e-10
7.97213213943e-10
9.25331347722e-10
4.3131688188e-10
-1.0883845851e-12
1.40733609444e-10
2.80787067601e-10
4.23614113502e-10
5.64621787626e-10
4.05826440374e-10
5.29187438867e-10
6.52570527252e-10
7.74484637859e-10
2.28471291896e-10
2.63643562603e-11
7.63199545631e-11
1.25652601058e-10
1.75962220385e-10
1.96445747929e-10
2.00386820176e-10
2.04381179154e-10
2.63386328159e-10
2.71144999747e-10
2.78973961891e-10
-1.11305731325e-11
5.62275627558e-11
1.22745735278e-10
1.90581218992e-10
2.04967662536e-10
2.1407520149e-10
2.23305882305e-10
2.93399311622e-10
3.16518150197e-10
3.39846436485e-10
7.00137686687e-11
1.43296774371e-10
2.15665932928e-10
2.89468274313e-10
2.96967597827e-10
3.42148874326e-10
3.87941041042e-10
3.81252832111e-10
3.64665348594e-10
3.47927588909e-10
4.63586917541e-12
9.75005272591e-11
1.89207152838e-10
2.82729916169e-10
2.39501128115e-10
2.85180315942e-10
3.31477126182e-10
3.164631131e-10
3.1934874645e-10
3.22260522519e-10
1.08674676802e-10
2.02619100487e-10
2.9539202687e-10
3.90002207792e-10
3.86001236309e-10
4.67709550858e-10
5.50522633e-10
4.85648878468e-10
4.47497657573e-10
4.0900080141e-10
1.86004323624e-11
1.34056581533e-10
2.4807297982e-10
3.64347333668e-10
2.70087911913e-10
3.48159131599e-10
4.27285942187e-10
3.36891051552e-10
3.21855845988e-10
3.06684427292e-10
1.56065467417e-10
2.75336790564e-10
3.93120787187e-10
5.13237352057e-10
4.9513924477e-10
6.2162263822e-10
7.49816197335e-10
6.13618225616e-10
5.49034036321e-10
4.83864739315e-10
3.5718284011e-11
1.78867228708e-10
3.20231090313e-10
4.64394490602e-10
3.07581388827e-10
4.25358970147e-10
5.44729006967e-10
3.61931750299e-10
3.24929064777e-10
2.87591149272e-10
2.23410275133e-10
3.7867245541e-10
5.31998499215e-10
6.88360978117e-10
8.42731667024e-10
8.40341236051e-10
1.03302284139e-09
1.22573894966e-09
1.41616061317e-09
5.90250335284e-10
6.00436521432e-11
2.42545516799e-10
4.22771563121e-10
6.06566766246e-10
7.88020733486e-10
5.35064003872e-10
7.11621783234e-10
8.88211178279e-10
1.06269813043e-09
2.60458596296e-10
4.39336192296e-11
1.09029895469e-10
1.7331441398e-10
2.38872008894e-10
2.6333582431e-10
2.65516677232e-10
2.67727017185e-10
3.45795787445e-10
3.53823204438e-10
3.61923346716e-10
-1.36747632622e-11
7.54860068888e-11
1.63534932425e-10
2.5332755943e-10
2.66207334926e-10
2.76732950167e-10
2.87400880895e-10
3.79988708838e-10
4.1008548192e-10
4.40454920096e-10
1.0881316888e-10
2.05021207518e-10
3.00029521327e-10
3.96919358793e-10
4.04767552745e-10
4.63008014234e-10
5.22035937497e-10
5.11061535977e-10
4.80355451906e-10
4.4937118262e-10
1.68365561446e-11
1.36110988093e-10
2.53898054751e-10
3.74017750454e-10
3.04979470971e-10
3.6393846156e-10
4.23694629065e-10
4.04108281481e-10
4.06046694717e-10
4.08002669225e-10
1.66277912856e-10
2.90042083904e-10
4.1226290212e-10
5.36904154418e-10
5.30035655074e-10
6.37928912721e-10
7.47280981201e-10
6.5743977039e-10
5.92426871092e-10
5.26824980135e-10
4.38608676193e-11
1.89807400017e-10
3.33933963097e-10
4.8091477679e-10
3.39320505753e-10
4.41177628795e-10
5.44411948872e-10
4.25471331537e-10
4.02469483194e-10
3.79259247024e-10
2.36718566762e-10
3.94261222699e-10
5.49839304382e-10
7.08498420022e-10
6.8359010309e-10
8.52348078608e-10
1.02338780897e-09
8.3687115451e-10
7.29804739772e-10
6.21768344831e-10
7.69874429753e-11
2.55628808182e-10
4.32042495908e-10
6.11949841331e-10
3.81415967744e-10
5.35857898308e-10
6.92388018314e-10
4.51658296121e-10
3.98084514231e-10
3.44025374649e-10
3.36818443365e-10
5.42362104146e-10
7.4534261286e-10
9.52342902723e-10
1.15670636367e-09
1.15704899855e-09
1.41575014316e-09
1.67449761262e-09
1.93016447933e-09
7.56687863083e-10
1.2406205006e-10
3.4916449347e-10
5.7145988464e-10
7.98157564625e-10
1.0219675047e-09
6.70403544458e-10
9.02669801205e-10
1.13497764919e-09
1.36451967998e-09
2.9395618759e-10
6.14857461195e-11
1.41707932922e-10
2.20929740228e-10
3.01720438703e-10
3.3016065984e-10
3.30583010256e-10
3.31011071218e-10
4.2812486914e-10
4.36420769418e-10
4.44791827335e-10
-1.62164719308e-11
9.47256674093e-11
2.04284346064e-10
3.16012700586e-10
3.27387277555e-10
3.39329585969e-10
3.51433364797e-10
4.66493651585e-10
5.03561553286e-10
5.40965275804e-10
1.47574726319e-10
2.66685438094e-10
3.84310826186e-10
5.04265641477e-10
5.12462365599e-10
5.83749274876e-10
6.56000045267e-10
6.40743631671e-10
5.95932717542e-10
5.50715833906e-10
2.90253432442e-11
1.74683790437e-10
3.18525860766e-10
4.65216547677e-10
3.70393949902e-10
4.42619790875e-10
5.15822188138e-10
4.91667965653e-10
4.9266008264e-10
4.93661187822e-10
2.23824965925e-10
3.77379799818e-10
5.29019788035e-10
6.83662821076e-10
6.739295907e-10
8.0798225211e-10
9.43847422282e-10
8.29063107056e-10
7.37214728738e-10
6.44534239726e-10
6.90966652562e-11
2.45503842262e-10
4.19711202359e-10
5.97368526528e-10
4.08485573981e-10
5.34105400935e-10
6.61423717382e-10
5.13965215257e-10
4.83004494354e-10
4.51763281325e-10
3.17293001571e-10
5.13069662576e-10
7.06404967075e-10
9.03569041231e-10
8.71857156952e-10
1.08284848227e-09
1.29669259411e-09
1.05990633495e-09
9.10399129559e-10
7.5953744686e-10
1.18216350303e-10
3.32315518693e-10
5.43744846893e-10
7.59361274798e-10
4.5517853253e-10
6.46249051976e-10
8.39903011295e-10
5.41297327674e-10
4.71168611938e-10
4.00404557231e-10
4.50115999594e-10
7.05892099126e-10
9.58478642553e-10
1.21606735408e-09
1.4703748269e-09
1.47344786197e-09
1.79810415407e-09
2.12281858142e-09
2.44366701478e-09
9.22963056998e-10
1.88018008002e-10
4.55679479936e-10
7.20003183862e-10
9.89561496024e-10
1.25568609728e-09
8.05611082402e-10
1.09353148159e-09
1.38150343784e-09
1.66604684963e-09
3.27421107203e-10
7.90196821558e-11
1.74352103176e-10
2.68495718415e-10
3.64503733011e-10
3.96916238762e-10
3.95581909167e-10
3.94229538273e-10
5.10368625775e-10
5.18932731085e-10
5.27574423868e-10
-1.87555463972e-11
1.13945388133e-10
2.44991527407e-10
3.78632875471e-10
3.88503813886e-10
4.01861347228e-10
4.15399486056e-10
5.5290894145e-10
5.96940746961e-10
6.41371463556e-10
1.86296111658e-10
3.28285760462e-10
4.68504782721e-10
6.11500671518e-10
6.20045564596e-10
7.0436540045e-10
7.89825313939e-10
7.70291326104e-10
7.11390200024e-10
6.51955452582e-10
4.12014980033e-11
2.13216616304e-10
3.83086687152e-10
5.56320827353e-10
4.35740633904e-10
5.21219575626e-10
6.07854267105e-10
5.7913690382e-10
5.79183705291e-10
5.79230930764e-10
2.81312377789e-10
4.64626999773e-10
6.45655668249e-10
8.30269388481e-10
8.1767439605e-10
9.77859349873e-10
1.14021014382e-09
1.00050857497e-09
8.81852529657e-10
7.62121506586e-10
9.4306308758e-11
3.01142561256e-10
5.05399542925e-10
7.13701584733e-10
4.77578960206e-10
6.26936863637e-10
7.78314216034e-10
6.02367384776e-10
5.63456039811e-10
5.24192173149e-10
3.9778392982e-10
6.31754970541e-10
8.62808366638e-10
1.09843749314e-09
1.05992909267e-09
1.31310999755e-09
1.56971412882e-09
1.28271036389e-09
1.09080635308e-09
8.97163766333e-10
1.59402528393e-10
4.08922751842e-10
6.55331430648e-10
9.0661993249e-10
5.28864650511e-10
7.56525797326e-10
9.87265121172e-10
6.30843458206e-10
5.44176965998e-10
4.56725308976e-10
5.63296135338e-10
8.69252613211e-10
1.17139378014e-09
1.47951848398e-09
1.78371820719e-09
1.78951881268e-09
2.180061897e-09
2.57067491472e-09
2.9566373612e-09
1.08906592492e-09
2.51907682611e-10
5.62084075306e-10
8.68392534254e-10
1.18076705825e-09
1.48916246618e-09
9.4067849257e-10
1.28419535479e-09
1.62777372957e-09
1.96726151945e-09
3.60851344098e-10
-1.39721546036e-10
-2.44712506259e-10
-3.48394217654e-10
-4.54129218756e-10
-4.93431302041e-10
-4.82581224792e-10
-4.71584445046e-10
-6.05445788286e-10
-6.15389019602e-10
-6.25422332739e-10
-9.6316740244e-12
-1.6422115262e-10
-3.16882883407e-10
-4.72567893383e-10
-4.57961854187e-10
-4.62585702329e-10
-4.67272068926e-10
-6.17025376331e-10
-6.61985684444e-10
-7.07353315516e-10
-2.65326816777e-10
-4.30115998731e-10
-5.92850241453e-10
-7.58807237165e-10
-7.87268988546e-10
-8.80898854298e-10
-9.75794677401e-10
-9.84798885469e-10
-8.65577894794e-10
-7.45276808172e-10
-8.63681812623e-11
-2.72822725407e-10
-4.5695216087e-10
-6.44728054992e-10
-4.35341757912e-10
-5.41480625117e-10
-6.49054582268e-10
-6.35774859859e-10
-6.35605880343e-10
-6.35435369939e-10
-3.76577199432e-10
-5.94330520635e-10
-8.0936843396e-10
-1.02866491061e-09
-1.04752522516e-09
-1.233694469e-09
-1.4223808832e-09
-1.32079734297e-09
-1.08717375568e-09
-8.51433629269e-10
-1.54334801959e-10
-3.69012689876e-10
-5.81013520908e-10
-7.9721276956e-10
-4.15306815496e-10
-6.113589853e-10
-8.10061951228e-10
-6.5238154527e-10
-6.12240910997e-10
-5.71736618142e-10
-5.12948636236e-10
-7.95625741033e-10
-1.07477783123e-09
-1.35945818774e-09
-1.36654899908e-09
-1.66615360961e-09
-1.96980913547e-09
-1.73266641992e-09
-1.3588073916e-09
-9.81561345453e-10
-2.37648724103e-10
-4.86922968902e-10
-7.33088736439e-10
-9.8412951645e-10
-3.90747853825e-10
-6.9701633004e-10
-1.00742582286e-09
-6.72738127387e-10
-5.8359998083e-10
-4.9365427723e-10
-7.06739625378e-10
-1.0816768437e-09
-1.45193855366e-09
-1.82953284472e-09
-2.20231723166e-09
-2.28070080942e-09
-2.74773349396e-09
-3.21484980867e-09
-3.67640471707e-09
-1.16647967898e-09
-3.56042192413e-10
-6.54479681202e-10
-9.49195621666e-10
-1.2497480515e-09
-1.5464719585e-09
-8.18739925198e-10
-1.28789027201e-09
-1.7571246282e-09
-2.22077236105e-09
-3.82695161197e-10
-2.17902300802e-11
-1.78520116505e-11
-1.39629032379e-11
-9.99677578155e-12
-3.94242504034e-12
3.81377098151e-12
1.16748375303e-11
1.47065192905e-11
1.85788917471e-11
2.24863463966e-11
-6.85246544825e-12
-4.42807069044e-12
-2.03390840203e-12
4.07667347392e-13
1.66646600084e-11
2.19364733138e-11
2.72795661277e-11
2.91451851641e-11
3.00716835261e-11
3.10065756041e-11
-3.65538577244e-11
-3.33960716307e-11
-3.02776634772e-11
-2.70974990575e-11
-2.35611438071e-11
-1.78639361908e-11
-1.20896973645e-11
-7.63574278907e-12
1.50005808922e-11
3.78419808888e-11
-3.02084348202e-11
-1.97352623115e-11
-9.39269141649e-12
1.15470146757e-12
3.01443337118e-11
3.55111403714e-11
4.09505109323e-11
4.29374835642e-11
4.85901774707e-11
5.42940825922e-11
-4.96302136378e-11
-4.71636676133e-11
-4.47278796891e-11
-4.91904420206e-11
-4.09377232862e-11
-3.70641911148e-11
-3.31382854142e-11
-2.74246034881e-11
1.18312198493e-11
5.14426857247e-11
-5.08951505497e-11
-3.32930606045e-11
-1.59104706579e-11
2.28766401933e-11
4.20834732777e-11
4.75344169081e-11
5.30590620449e-11
5.515351929e-11
6.49922721074e-11
7.49201602102e-11
-6.565929508e-11
-6.40400755919e-11
-6.24410479488e-11
-6.08103535157e-11
-6.22380465186e-11
-6.05999874733e-11
-5.89397804428e-11
-5.16819166031e-11
7.94619663542e-12
6.8114517459e-11
-7.62530601535e-11
-4.99122972217e-11
-2.39000065022e-11
2.62742587591e-12
5.67185475844e-11
6.22726268563e-11
6.79018021184e-11
7.01280146959e-11
8.5098065533e-11
1.00203739226e-10
-8.84374634453e-11
-8.80223395614e-11
-8.7612392318e-11
-8.71943265699e-11
-8.6781586263e-11
-9.40455928249e-11
-9.5605062852e-11
-9.71648121287e-11
-9.87059912995e-11
9.18060678184e-11
-1.12287984327e-10
-7.35291071514e-11
-3.52535574388e-11
3.77999280418e-12
4.23163225158e-11
8.3216398888e-11
8.89941169597e-11
9.47728696305e-11
1.00482821468e-10
1.36133035722e-10
-8.76168919952e-12
7.21055298097e-12
2.29836195439e-11
3.90690524323e-11
5.013418551e-11
5.75485829373e-11
6.50632294768e-11
8.32182595862e-11
8.86169200952e-11
9.40644903751e-11
-6.54543052493e-12
1.322517674e-11
3.27492423569e-11
5.26599582558e-11
6.90993411033e-11
7.54643842152e-11
8.19154882547e-11
1.00531309436e-10
1.06527183385e-10
1.12577377627e-10
-1.12800123064e-11
1.04318272315e-11
3.18729177412e-11
5.37386228704e-11
6.08099903181e-11
7.74804226919e-11
9.43762538338e-11
1.00317007914e-10
1.12283076013e-10
1.2435755205e-10
-2.40041493305e-11
8.22474417701e-12
4.00517398361e-11
7.25090302856e-11
8.15692205194e-11
9.92546909588e-11
1.17179284365e-10
1.17918682925e-10
1.2417719384e-10
1.30492404438e-10
-1.35105270583e-11
1.32849558533e-11
3.97462961445e-11
5.20388902348e-11
7.02657031481e-11
9.51343379032e-11
1.20339218264e-10
1.15461613576e-10
1.33244528398e-10
1.51188549533e-10
-3.94675859868e-11
3.79578962118e-12
4.65196661747e-11
9.3391002437e-11
9.26139708594e-11
1.20326105503e-10
1.48412932349e-10
1.33318928015e-10
1.39810060244e-10
1.46359999614e-10
-1.62447064315e-11
1.67823393253e-11
4.93975341873e-11
8.26586331627e-11
8.18565769397e-11
1.16774621065e-10
1.52164787566e-10
1.34025968904e-10
1.58939211967e-10
1.84078159351e-10
-5.84227664043e-11
-1.63325144725e-12
5.44480920093e-11
1.11640058002e-10
1.06152697083e-10
1.46155581396e-10
1.86699339554e-10
1.52196647803e-10
1.58972928738e-10
1.65810600152e-10
-2.01301192251e-11
2.17523053118e-11
6.3112451406e-11
1.05291684696e-10
1.46933626843e-10
1.47526602401e-10
1.97390596574e-10
2.47263519746e-10
2.96542664494e-10
2.30816025935e-10
-8.53590754185e-11
-9.3482045445e-12
6.57148024057e-11
1.42264340562e-10
2.17838768798e-10
1.82860626087e-10
2.41106339267e-10
2.99362482337e-10
3.56925037811e-10
1.93450927232e-10
3.68641311505e-12
3.11565475213e-11
5.82841263287e-11
8.59489337135e-11
1.0180161221e-10
1.08889438617e-10
1.16073098613e-10
1.48677712088e-10
1.55534662517e-10
1.62453734258e-10
-6.25207440973e-12
3.00919488683e-11
6.59827581769e-11
1.02584341144e-10
1.19197988456e-10
1.26607556554e-10
1.34117308467e-10
1.68737088341e-10
1.79576490553e-10
1.90514093546e-10
1.28678501845e-11
5.23071357763e-11
9.1254609137e-11
1.30973389655e-10
1.41422279875e-10
1.68577065467e-10
1.96099007415e-10
2.03460322135e-10
2.05231508518e-10
2.07018741164e-10
-1.80762728881e-11
3.49390957435e-11
8.72933568946e-11
1.40684430267e-10
1.30703061243e-10
1.60158382851e-10
1.90011966067e-10
1.89559371613e-10
1.96396709597e-10
2.03295991211e-10
2.09999801603e-11
7.10405139451e-11
1.20457036767e-10
1.48758323108e-10
1.76514871237e-10
2.21443249248e-10
2.66979098069e-10
2.51982062462e-10
2.49248714976e-10
2.46490604423e-10
-2.85491343976e-11
3.92322829758e-11
1.06168458616e-10
1.60763857455e-10
1.40893268569e-10
1.89874829e-10
2.39518662798e-10
2.08001965369e-10
2.11294617893e-10
2.14617100572e-10
3.096839755e-11
9.40040097649e-11
1.56253560959e-10
2.19735888512e-10
2.19531596131e-10
2.86246958399e-10
3.53864370483e-10
3.11460324798e-10
3.03205290635e-10
2.94875469063e-10
-4.13868356027e-11
4.44948995831e-11
1.29305680081e-10
2.15796034538e-10
1.53384490453e-10
2.26301440409e-10
3.00204291049e-10
2.30609015779e-10
2.29556569998e-10
2.28494589465e-10
4.51340433144e-11
1.2663634593e-10
2.07122305863e-10
2.89202191966e-10
3.70236520994e-10
3.78336439824e-10
4.77332915492e-10
5.76347118169e-10
6.74182474819e-10
3.63632908288e-10
-5.96298846837e-11
5.19733547619e-11
1.62184889531e-10
2.74579029186e-10
3.85541460131e-10
2.7806557241e-10
3.86441762775e-10
4.94837359745e-10
6.01942417426e-10
2.48215231578e-10
1.57339598622e-11
5.43320068275e-11
9.24487318999e-11
1.31320312175e-10
1.51806482248e-10
1.58578246053e-10
1.65441570003e-10
2.12030807534e-10
2.20299122968e-10
2.28642346133e-10
-5.96815792012e-12
4.64159812834e-11
9.81468845068e-11
1.50902255109e-10
1.67684559396e-10
1.76105041711e-10
1.84639376282e-10
2.34748138783e-10
2.50275213998e-10
2.65942958494e-10
3.62386817259e-11
9.28349788561e-11
1.48725513933e-10
2.05722892819e-10
2.1944062374e-10
2.56742396584e-10
2.94548521892e-10
3.03284686389e-10
2.95189042396e-10
2.87020055007e-10
-1.23391439069e-11
6.07938317654e-11
1.33014831184e-10
2.06666079319e-10
1.78255871144e-10
2.19102313147e-10
2.6050103463e-10
2.58894803165e-10
2.66292342694e-10
2.73756901062e-10
5.44000068051e-11
1.26937611224e-10
1.98570663734e-10
2.7162232139e-10
2.79345149061e-10
3.43687787054e-10
4.08900393564e-10
3.84109550518e-10
3.61520113889e-10
3.38726025723e-10
-1.79820172095e-11
7.35284993351e-11
1.63897869669e-10
2.56056895047e-10
1.87619032977e-10
2.57185610705e-10
3.27692789166e-10
2.80281848761e-10
2.80478942396e-10
2.80677821623e-10
7.66622762572e-11
1.68740837998e-10
2.59671169942e-10
3.52402266091e-10
3.52776502681e-10
4.5026600763e-10
5.49073655614e-10
4.83185190417e-10
4.42829169268e-10
4.02107538215e-10
-2.48990877094e-11
8.91387370013e-11
2.01754497489e-10
3.16600475618e-10
1.9909645716e-10
3.0386836255e-10
4.10056875372e-10
3.06498227233e-10
2.97868967837e-10
2.89161530697e-10
1.08298132847e-10
2.28145423414e-10
3.46498205079e-10
4.67194819085e-10
5.86353965088e-10
6.01719268449e-10
7.48267238527e-10
8.94841450519e-10
1.03967057521e-09
4.92176003334e-10
-3.47286089461e-11
1.11321706316e-10
2.55550758076e-10
4.02636090113e-10
5.47847807106e-10
3.70207009909e-10
5.27100576823e-10
6.84022238207e-10
8.39075617346e-10
3.01217327801e-10
2.83503339086e-11
7.86017000224e-11
1.28226426071e-10
1.78833909231e-10
2.04172342102e-10
2.10613120346e-10
2.17140983522e-10
2.78375131895e-10
2.88121450211e-10
2.97956066392e-10
-5.67083625738e-12
6.35107561132e-11
1.31829646414e-10
2.01501508925e-10
2.1846043336e-10
2.27939560406e-10
2.37546853507e-10
3.03875914009e-10
3.24311991635e-10
3.449332122e-10
6.07129716946e-11
1.35276352052e-10
2.08909918851e-10
2.84001708539e-10
3.0114261912e-10
3.49070471223e-10
3.97646349639e-10
4.07822277719e-10
3.89393939003e-10
3.70798646685e-10
-6.33113524763e-12
8.78693042552e-11
1.80895053912e-10
2.75763064963e-10
2.28053896356e-10
2.80829292754e-10
3.34318258487e-10
3.31503920812e-10
3.39488111913e-10
3.4754463669e-10
8.9377022305e-11
1.85473900992e-10
2.80372441027e-10
3.77150330784e-10
3.87030578763e-10
4.71704124857e-10
5.57522531058e-10
5.2247546402e-10
4.79092429077e-10
4.35316360659e-10
-6.91597149614e-12
1.09444018324e-10
2.24352986267e-10
3.41537586024e-10
2.36550963581e-10
3.27674484263e-10
4.20030074326e-10
3.55974441123e-10
3.52929818445e-10
3.49857612666e-10
1.24513600473e-10
2.47006380338e-10
3.6797166176e-10
4.9133251289e-10
4.92312593811e-10
6.22029248667e-10
7.53499785699e-10
6.63018079485e-10
5.89045416908e-10
5.14402590691e-10
-7.6328675427e-12
1.35890442021e-10
2.77624000122e-10
4.22164418293e-10
2.46966723404e-10
3.85097622241e-10
5.25096171161e-10
3.85970562794e-10
3.69406749032e-10
3.5269287354e-10
1.74444527343e-10
3.3444727204e-10
4.92454764906e-10
6.53591403251e-10
8.12675436992e-10
8.3564916145e-10
1.03199377914e-09
1.22837355568e-09
1.42241526846e-09
6.26788286001e-10
-8.65161455622e-12
1.73472202012e-10
3.53324914547e-10
5.36739390465e-10
7.17817480311e-10
4.66698923578e-10
6.74400624559e-10
8.82139518073e-10
1.08740510814e-09
3.56721928467e-10
4.09544026473e-11
1.02847721912e-10
1.63969224675e-10
2.26301164175e-10
2.56487127217e-10
2.62597242724e-10
2.68789972315e-10
3.44654747702e-10
3.55877627338e-10
3.67202181913e-10
-5.37380458561e-12
8.05888576529e-11
1.65479556034e-10
2.52051411051e-10
2.69186783369e-10
2.79723522602e-10
2.90402727729e-10
3.72936265859e-10
3.98276557928e-10
4.23846423217e-10
8.51633908056e-11
1.77676330299e-10
2.69035623256e-10
3.62204175468e-10
3.82764926929e-10
4.41308494207e-10
5.00643621515e-10
5.12257908911e-10
4.83506953408e-10
4.54495525396e-10
-3.28986464979e-13
1.14918368839e-10
2.28728576941e-10
3.4479265726e-10
2.77803351352e-10
3.42496067308e-10
4.0806348514e-10
4.04042219575e-10
4.12612490061e-10
4.21260403874e-10
1.24319923174e-10
2.43953097727e-10
3.62094433428e-10
4.82575414041e-10
4.94610978103e-10
5.99595602664e-10
7.05999710806e-10
6.60706423125e-10
5.96550070784e-10
5.31812486768e-10
4.13928101329e-12
1.45324507318e-10
2.84749138316e-10
4.26934903902e-10
2.85435168708e-10
3.98094606904e-10
5.12277298847e-10
4.31593207152e-10
4.2531002995e-10
4.18969929599e-10
1.72318253175e-10
3.25195586832e-10
4.76166523317e-10
6.30127254873e-10
6.31712589219e-10
7.93624961417e-10
9.57726529937e-10
8.42675569581e-10
7.35119053374e-10
6.26588116836e-10
9.61651211569e-12
1.82596548035e-10
3.53419503872e-10
5.27625399786e-10
2.94790299661e-10
4.66247655442e-10
6.40023264037e-10
4.65365385472e-10
4.40874756266e-10
4.16162251455e-10
2.40526406334e-10
4.40645439772e-10
6.38268966843e-10
8.39806186582e-10
1.03877616755e-09
1.06935089228e-09
1.3154435887e-09
1.56158035222e-09
1.80478665387e-09
7.61269275354e-10
1.73999457875e-11
2.35562079579e-10
4.51003707557e-10
6.70711893937e-10
8.87621374576e-10
5.63096724416e-10
8.21557004042e-10
1.08006356539e-09
1.33549239219e-09
4.12172393041e-10
5.35454086517e-11
1.2706861546e-10
1.9967497979e-10
2.73719224517e-10
3.08747693797e-10
3.14527489263e-10
3.20385432599e-10
4.1086567196e-10
4.23563582623e-10
4.36376531433e-10
-5.07708075457e-12
9.76492596143e-11
1.99094591215e-10
3.0254892375e-10
3.19860561081e-10
3.31453816404e-10
3.43203822638e-10
4.41925044231e-10
4.72164468063e-10
5.0267784935e-10
1.0958846974e-10
2.20032365621e-10
3.29099013966e-10
4.4032559412e-10
4.64302642173e-10
5.33450922602e-10
6.0353414802e-10
6.16585304032e-10
5.7752243e-10
5.38105661477e-10
5.66694174907e-12
1.41939400036e-10
2.76512525772e-10
4.13750707959e-10
3.27501246496e-10
4.04098931016e-10
4.81732282959e-10
4.7650534035e-10
4.85661082814e-10
4.94899772755e-10
1.59226609561e-10
3.02371687191e-10
4.43731729952e-10
5.87891235768e-10
6.02079882163e-10
7.27354534987e-10
8.5432301025e-10
7.9879412101e-10
7.13885980535e-10
6.28208605231e-10
1.51830759666e-11
1.81167810123e-10
3.4508269638e-10
5.1224371683e-10
3.3426871072e-10
4.68441746815e-10
6.04428919243e-10
5.07133602627e-10
4.97615227308e-10
4.88010619199e-10
2.200733616e-10
4.03303758794e-10
5.84249252772e-10
7.68778151337e-10
7.70968111827e-10
9.6504283404e-10
1.16174161556e-09
1.0221468644e-09
8.81041300545e-10
7.38657374993e-10
2.68480146848e-11
2.29254248295e-10
4.29136453899e-10
6.32977082543e-10
3.42564312027e-10
5.47313585537e-10
7.54831247591e-10
5.44677924127e-10
5.12268694752e-10
4.79565850324e-10
3.06539798708e-10
5.46733544756e-10
7.83932048359e-10
1.02582797872e-09
1.26464256952e-09
1.30281041691e-09
1.59859963364e-09
1.89444181649e-09
2.18676175331e-09
8.95610889918e-10
4.34245065475e-11
2.97587607802e-10
5.48581267216e-10
8.04545549609e-10
1.05724928574e-09
6.5939461951e-10
9.68560872086e-10
1.27778248615e-09
1.583322561e-09
4.67565389292e-10
-8.93238015174e-11
-1.62702033135e-10
-2.3516523013e-10
-3.09063472269e-10
-3.59107149257e-10
-3.63037007488e-10
-3.67020000826e-10
-4.58851115938e-10
-4.83184842884e-10
-5.07739023961e-10
-3.94815889467e-11
-1.47372593478e-10
-2.53918185311e-10
-3.62573782505e-10
-3.66312898725e-10
-3.67194986311e-10
-3.68089000491e-10
-4.60519225027e-10
-4.87578481796e-10
-5.1488288494e-10
-1.22591818366e-10
-2.4297721036e-10
-3.61861383269e-10
-4.83099912073e-10
-5.43224052347e-10
-6.14753359279e-10
-6.87249804753e-10
-7.51383303229e-10
-6.70319367893e-10
-5.88521024736e-10
-2.70387081267e-11
-1.67398453475e-10
-3.06007897354e-10
-4.47362332036e-10
-3.03378435068e-10
-3.97705264451e-10
-4.93307474738e-10
-5.08073070394e-10
-5.22292131556e-10
-5.36640011899e-10
-1.52057776146e-10
-3.14078081616e-10
-4.74077976049e-10
-6.37246473042e-10
-7.06299023656e-10
-8.37702128009e-10
-9.70881916803e-10
-1.01048324054e-09
-8.36067090045e-10
-6.60070796851e-10
-1.6017870829e-11
-1.85135643758e-10
-3.52144499449e-10
-5.22460761621e-10
-2.47636481544e-10
-4.24728653659e-10
-6.04215266214e-10
-5.50192190576e-10
-5.53038507057e-10
-5.55910610062e-10
-1.88177337296e-10
-4.01233988317e-10
-6.11633799456e-10
-8.26200321972e-10
-9.06197375584e-10
-1.1109941671e-09
-1.31855998964e-09
-1.32808961532e-09
-1.0392417172e-09
-7.47776969122e-10
-2.50845736726e-12
-2.06878006041e-10
-4.08699043954e-10
-6.14516901113e-10
-1.79307635288e-10
-4.57854098496e-10
-7.4016675254e-10
-6.01822079832e-10
-5.90727612511e-10
-5.79532633618e-10
-2.39505134719e-10
-5.25087118893e-10
-8.07107864299e-10
-1.09471368624e-09
-1.37865590293e-09
-1.49935653843e-09
-1.81262882998e-09
-2.12595721828e-09
-2.43555517281e-09
-8.72412056032e-10
1.66891301836e-11
-2.37775047179e-10
-4.89066028249e-10
-7.4533352039e-10
-9.98336603893e-10
-5.04927099053e-10
-9.3336096995e-10
-1.36187155924e-09
-1.78528037534e-09
-6.13100772354e-10
-1.73266180942e-11
-1.47365931496e-11
-1.18204892508e-11
-8.01883099082e-12
-5.38310943938e-12
9.52886476634e-13
4.35968460703e-12
1.11326490956e-11
1.19180371497e-11
1.50619451205e-11
-1.13905206813e-11
-7.80436912459e-12
-5.49647827542e-12
-1.0712113201e-13
1.05034591045e-11
1.61572533495e-11
1.56937608785e-11
2.24291577029e-11
2.19174040627e-11
3.15502939079e-11
-2.77225542967e-11
-2.65053186552e-11
-2.5303262076e-11
-2.62753672448e-11
-2.34663870208e-11
-1.84120300227e-11
-1.32893337148e-11
-1.04414033645e-11
9.42654759271e-12
2.94744944818e-11
-2.87649041671e-11
-2.21340740956e-11
-1.55859312047e-11
2.61615764269e-12
1.5536186218e-11
2.00880013271e-11
2.47013609417e-11
3.00900753456e-11
3.56925649309e-11
4.13458108996e-11
-3.66089557695e-11
-3.69290469601e-11
-3.72451465783e-11
-4.24454422126e-11
-3.94830043073e-11
-3.55638132078e-11
-3.15916312304e-11
-2.95498498292e-11
7.21979969938e-12
5.2595216098e-11
-4.5260005162e-11
-3.48260984985e-11
-2.45223037992e-11
5.02820455743e-12
1.99937445186e-11
2.35695209643e-11
2.71936450227e-11
3.68754595434e-11
4.78934216999e-11
4.18798557116e-11
-5.22259760063e-11
-4.97065203661e-11
-5.18835856456e-11
-6.22668244312e-11
-5.911627711e-11
-5.65885796927e-11
-2.47176713459e-11
-5.29731067859e-11
4.51475389465e-12
7.42052812062e-11
-5.81784528888e-11
-5.03840638956e-11
-3.54765669796e-11
7.98490722711e-12
2.54578482418e-11
2.78371901971e-11
4.59004716611e-11
4.51930272697e-11
6.28493106426e-11
4.78271791743e-11
-6.29815020758e-11
-6.78639825747e-11
-7.26855780044e-11
-7.76026592449e-11
-8.24571052976e-11
-8.64658794345e-11
-8.59081270831e-11
-8.53502748566e-11
-8.47990643226e-11
8.83878184221e-11
-9.42132081145e-11
-7.24927515652e-11
-5.10431514991e-11
-2.91687682921e-11
-7.57302723724e-12
3.3901772791e-11
3.4590101005e-11
3.52785524758e-11
3.59588073621e-11
1.11437525251e-10
-1.04266073131e-11
1.60998763898e-12
1.28536701397e-11
2.52772512283e-11
3.36947900641e-11
4.11649130722e-11
5.08490907967e-11
6.30544193766e-11
6.6614858434e-11
8.17975565747e-11
-8.45080692633e-12
7.61452365967e-12
2.19480756967e-11
3.7863775391e-11
5.21324978606e-11
5.85083480154e-11
6.113777416e-11
7.57832027812e-11
7.82043022767e-11
8.89885800877e-11
-1.72418089983e-11
-2.59044186664e-12
1.18782211046e-11
2.18112413103e-11
3.39541881323e-11
4.74691765431e-11
6.11668993706e-11
7.14146477984e-11
8.45219315168e-11
9.77479621434e-11
-2.89556068274e-11
-6.08589478115e-12
1.64986294393e-11
4.50833830111e-11
5.07684919648e-11
6.62439913517e-11
8.19287329718e-11
8.95440082379e-11
9.73362968782e-11
1.05199180632e-10
-2.38546702457e-11
-6.31082228591e-12
1.10142519593e-11
1.87413468116e-11
3.4183940707e-11
5.30529527601e-11
7.21770902938e-11
7.88194215434e-11
1.00382481962e-10
1.67145554833e-10
-4.84905494793e-11
-1.82205511144e-11
1.167197704e-11
5.14778926174e-11
4.9560372457e-11
7.30955611639e-11
9.69489661246e-11
1.01732150214e-10
1.14281777811e-10
1.65264194233e-10
-1.99628249052e-11
-1.08712886063e-11
9.95519300697e-12
1.49782503292e-11
3.44655728953e-11
5.98975816713e-11
8.84368372283e-11
8.78962409728e-11
1.19824447023e-10
2.16285311406e-10
-5.83042631232e-11
-3.30952911359e-11
5.75543538914e-12
5.93163237478e-11
4.80794517701e-11
8.14942596433e-11
9.15490962288e-11
1.16672453281e-10
1.35053657664e-10
2.09180456922e-10
-4.34799358831e-11
-1.73519512721e-11
8.45021449574e-12
3.4763360654e-11
6.07413224277e-11
6.96241595978e-11
1.04852495614e-10
1.40087139865e-10
1.74902286516e-10
1.94532826141e-10
-1.06465217995e-10
-5.42330795874e-11
-2.65228169363e-12
4.99500109259e-11
1.01882240491e-10
9.34292522193e-11
1.41525141933e-10
1.89629644036e-10
2.37161422231e-10
1.914813775e-10
-2.21440245321e-12
1.72283068362e-11
3.64285634014e-11
5.60090576057e-11
7.10317179451e-11
7.95854411974e-11
8.82548182396e-11
1.12663006764e-10
1.18874864667e-10
1.25142999593e-10
-4.75627424825e-12
1.11076343458e-11
3.69580159342e-11
5.60464484664e-11
6.65829831079e-11
7.36419711558e-11
8.29611484298e-11
9.31109752234e-11
1.02154331605e-10
1.44057468151e-10
-7.22799463466e-12
2.02589958278e-11
4.74032204946e-11
6.77555284516e-11
8.88166014303e-11
1.10415289039e-10
1.3230600972e-10
1.49623904635e-10
1.56271717698e-10
1.62979757369e-10
-2.91378134343e-11
9.24731711863e-12
4.71537808697e-11
8.5658637849e-11
8.44311523293e-11
1.10343671547e-10
1.36606550599e-10
1.46349190524e-10
1.56233719802e-10
1.66207799083e-10
-1.16686048525e-11
2.29433203632e-11
5.71236310629e-11
7.72021842182e-11
1.04568926803e-10
1.37721725699e-10
1.71322779317e-10
1.82360699892e-10
1.89394644668e-10
2.76592525894e-10
-5.15771688147e-11
-2.35480262282e-12
4.62537552463e-11
9.58581862163e-11
7.78097683828e-11
1.20415151384e-10
1.63596596278e-10
1.6369939034e-10
1.77712445676e-10
2.83151598815e-10
-1.71119335067e-11
2.62337826969e-11
6.90389730498e-11
1.12691867935e-10
1.23878228873e-10
1.71194131927e-10
2.1914978721e-10
2.22489674723e-10
2.29996942244e-10
2.37572222699e-10
-6.90069517658e-12
5.61504262195e-11
1.40196925416e-10
2.70256390425e-10
3.51731819766e-10
4.67489648465e-10
5.52001918146e-10
6.83289701841e-10
7.36755870043e-10
9.68318887189e-10
-2.48471900152e-11
3.09097028554e-11
8.59713011365e-11
1.42123327145e-10
1.9756007258e-10
2.18760182883e-10
2.87114482637e-10
3.55481022394e-10
4.23033601917e-10
2.95948934696e-10
-1.18171384782e-10
-3.678689992e-11
4.35827114606e-11
1.25543944869e-10
2.06461132635e-10
1.50304704447e-10
2.43696086682e-10
3.37104192238e-10
4.29400196993e-10
2.67959171259e-10
5.10356346409e-12
3.2344059092e-11
5.92448627419e-11
8.66784039641e-11
1.07167216568e-10
1.16769671929e-10
1.26501960852e-10
1.6067528691e-10
1.69453246189e-10
1.78310730375e-10
-8.05742707755e-13
3.66043998109e-11
7.35480337359e-11
1.11223291225e-10
1.30401456256e-10
1.38134881931e-10
1.45972870259e-10
1.76096965944e-10
1.840322778e-10
1.92039480504e-10
2.46359478307e-12
4.23731833412e-11
8.17850949384e-11
1.21977511326e-10
1.41913649652e-10
1.71335918841e-10
2.01156002741e-10
2.25316540668e-10
2.25712736197e-10
2.26112521105e-10
-2.93141569892e-11
2.40871362716e-11
7.68225095294e-11
1.30602242468e-10
1.17010614172e-10
1.53024310352e-10
1.89524943078e-10
2.0132649323e-10
2.13235938938e-10
2.25253279606e-10
1.25336808452e-13
5.12561219619e-11
1.01749300598e-10
1.33781866304e-10
1.72689061813e-10
2.19666023249e-10
2.67278154128e-10
2.82570222567e-10
2.75542570205e-10
2.68451250037e-10
-5.45644667813e-11
1.30004171369e-11
7.97227595179e-11
1.38810408834e-10
1.05150154041e-10
1.66212089811e-10
2.28099636145e-10
2.23672645969e-10
2.39102038803e-10
2.54671215953e-10
-2.74091490237e-12
6.21448854325e-11
1.26221552697e-10
1.91567180124e-10
2.10413760591e-10
2.7890937704e-10
3.48331113893e-10
3.52752155219e-10
3.36624302214e-10
3.20350337114e-10
-1.0368130904e-10
1.15043440225e-10
2.67043825123e-10
3.16170768657e-10
4.70626904129e-10
5.46831275347e-10
5.94964548492e-10
6.33655207948e-10
9.39222895886e-10
1.49575164272e-09
-6.8140094388e-12
7.76183914171e-11
1.60997910944e-10
2.46028660054e-10
3.29976263152e-10
3.63097300847e-10
4.63511635664e-10
5.63943951381e-10
6.63180537262e-10
3.94101671383e-10
-1.29500870035e-10
-1.99021041664e-11
8.83299530323e-11
1.9870541398e-10
3.07674880725e-10
2.05350015945e-10
3.42579370411e-10
4.79833298135e-10
6.15453104259e-10
3.41976059307e-10
1.27670485876e-11
4.8173504576e-11
8.31384381623e-11
1.18795809568e-10
1.45008859895e-10
1.5570956346e-10
1.66554949858e-10
2.10954476346e-10
2.22419695985e-10
2.33988786068e-10
2.33309074745e-12
5.15355053375e-11
1.00124360404e-10
1.4967545842e-10
1.70713531794e-10
1.79146170645e-10
1.8769282612e-10
2.27763119181e-10
2.3853850135e-10
2.49411504303e-10
1.26127745094e-11
6.55314965859e-11
1.17790316375e-10
1.71084058286e-10
1.97517685494e-10
2.35132928213e-10
2.73256761782e-10
3.04583019461e-10
2.98432426101e-10
2.9222611075e-10
-2.94988266399e-11
3.96276204171e-11
1.07892053073e-10
1.77508379471e-10
1.51128321741e-10
1.97720123948e-10
2.44941887909e-10
2.58899560143e-10
2.72929529109e-10
2.87086604154e-10
1.24761317544e-11
8.09057180804e-11
1.48481979935e-10
2.1739650715e-10
2.44025502452e-10
3.05479336994e-10
3.67764080914e-10
3.87511157649e-10
3.65757987061e-10
3.43807741183e-10
-5.76928106116e-11
2.90806366304e-11
1.14772009437e-10
2.02160395259e-10
1.33781421408e-10
2.14171339731e-10
2.9564819978e-10
2.86477550709e-10
3.03390153696e-10
3.20455978308e-10
1.23086341838e-11
9.97515379768e-11
1.86104019137e-10
2.74166605757e-10
3.01035084531e-10
3.91710418726e-10
4.83611762431e-10
4.8916500446e-10
4.48286094045e-10
4.07036836552e-10
-8.83167584112e-11
2.23798687332e-10
5.06022405884e-10
6.5482225452e-10
8.8108104331e-10
1.04754145368e-09
1.29899199268e-09
1.61197137636e-09
2.20069604687e-09
3.30986369796e-09
1.20706113203e-11
1.26532439935e-10
2.39566916952e-10
3.54839903778e-10
4.68644510317e-10
5.14249324345e-10
6.48237415113e-10
7.82249498734e-10
9.14666057593e-10
4.96888708919e-10
-1.41365279173e-10
-2.2200894462e-12
1.35189944453e-10
2.75321216306e-10
4.13667455923e-10
2.62994302699e-10
4.46131447913e-10
6.29301386958e-10
8.10290536289e-10
4.19487669344e-10
2.04230591751e-11
6.39875109017e-11
1.07008709122e-10
1.50881889646e-10
1.82813594594e-10
1.94611475191e-10
2.06568873412e-10
2.61184626264e-10
2.75334485259e-10
2.8961253649e-10
5.46886275954e-12
6.64520478964e-11
1.26674766004e-10
1.88090121516e-10
2.10986289182e-10
2.20117459235e-10
2.29372090662e-10
2.79378880133e-10
2.92991562569e-10
3.0672757063e-10
2.27520552918e-11
8.86672225033e-11
1.53760420327e-10
2.20142709458e-10
2.53067488259e-10
2.98867713539e-10
3.45287197763e-10
3.83772186151e-10
3.71081189274e-10
3.58275216887e-10
-2.96833161741e-11
5.51529472409e-11
1.38931293116e-10
2.24368766843e-10
1.85212752801e-10
2.4237234374e-10
3.00304782143e-10
3.16416473496e-10
3.32564897481e-10
3.48859619926e-10
2.48148804238e-11
1.10526395636e-10
1.95169078822e-10
2.81488007006e-10
3.15292365506e-10
3.91208953218e-10
4.6815199933e-10
4.92349739194e-10
4.55885412831e-10
4.1909073381e-10
-6.08181032296e-11
4.51451723745e-11
1.49787074272e-10
2.56501281276e-10
1.62384763434e-10
2.62083812873e-10
3.63130880313e-10
3.49221199047e-10
3.67615565546e-10
3.86176577873e-10
2.73435047791e-11
1.37321511089e-10
2.45928079559e-10
3.56685468516e-10
3.91568021485e-10
5.04401440567e-10
6.18760465768e-10
6.25444804215e-10
5.5983897719e-10
4.93638786812e-10
1.5150710263e-10
3.88323355397e-10
7.60585558589e-10
8.73784119447e-10
1.08499194427e-09
1.28214305323e-09
1.3857892841e-09
2.07078879081e-09
3.09125869964e-09
4.65603098992e-09
3.09368130735e-11
1.75398780417e-10
3.18059291132e-10
4.63545019084e-10
6.07177508205e-10
6.65253922589e-10
8.32783023338e-10
1.00034212303e-09
1.16590629297e-09
5.9957549371e-10
-1.53218116427e-10
1.54446792229e-11
1.82004231251e-10
3.5186229185e-10
5.19556651873e-10
3.20582366429e-10
5.49582526493e-10
7.78623692942e-10
1.00493793475e-09
4.96923678879e-10
2.80711351476e-11
7.97851277451e-11
1.30854241164e-10
1.82934716023e-10
2.20579148833e-10
2.3347306936e-10
2.46541326925e-10
3.11362718144e-10
3.28194434161e-10
3.45178638998e-10
8.60138488802e-12
8.13531310957e-11
1.53197655023e-10
2.26464972029e-10
2.51217308276e-10
2.6104628558e-10
2.71008159219e-10
3.30941147012e-10
3.47388189166e-10
3.63984235144e-10
3.28808278222e-11
1.11778970779e-10
1.89693245212e-10
2.69150516722e-10
3.08559719749e-10
3.62536444753e-10
4.172429821e-10
4.6287928196e-10
4.43654659976e-10
4.24255870372e-10
-2.98676145052e-11
7.0662183767e-11
1.69938364393e-10
2.71180588566e-10
2.19261859088e-10
2.86978286406e-10
3.55610298812e-10
3.7387377688e-10
3.92138460338e-10
4.10568614745e-10
3.7140841334e-11
1.4011637461e-10
2.41807791655e-10
3.45513083056e-10
3.86485368275e-10
4.76849720101e-10
5.68435876685e-10
5.97079667054e-10
5.45919431413e-10
4.94295703875e-10
-6.39401568249e-11
6.11930589901e-11
1.84765849834e-10
3.10785848928e-10
1.90958461235e-10
3.09946629994e-10
4.30543622452e-10
4.11899820478e-10
4.31774414804e-10
4.51829065249e-10
4.23627933807e-11
1.74852547047e-10
3.05690138907e-10
4.39118809529e-10
4.82007130984e-10
6.16975670528e-10
7.53769102304e-10
7.61583364911e-10
6.71276248013e-10
5.80150983653e-10
-3.18825453762e-10
-2.27862717183e-10
4.80795386192e-10
9.48789764053e-10
1.09562320804e-09
1.68705091569e-09
2.32624150749e-09
3.31731020138e-09
5.02289759368e-09
7.48197925387e-09
4.97834620786e-11
2.242144763e-10
3.9647031658e-10
5.72137473465e-10
7.45566931843e-10
8.16102021135e-10
1.01713737029e-09
1.21820871825e-09
1.41688614541e-09
7.02155854916e-10
-1.65058669516e-10
3.30911402975e-11
2.28770000178e-10
4.28324040969e-10
6.25336105291e-10
3.78110746451e-10
6.52926389381e-10
9.27791242741e-10
1.19938360255e-09
5.74279434487e-10
-3.89260569984e-11
-8.0691560011e-11
-1.21936242605e-10
-1.63997725782e-10
-2.24782996473e-10
-2.43492790184e-10
-2.62455556605e-10
-3.12256443591e-10
-3.50980666166e-10
-3.90055715182e-10
-6.93315038689e-11
-1.30524034336e-10
-1.90953487214e-10
-2.52579671626e-10
-2.74663943262e-10
-2.71804270294e-10
-2.68905932056e-10
-3.04013073723e-10
-3.13171279149e-10
-3.22412454364e-10
2.01431800447e-11
-5.58384219889e-11
-1.30872525084e-10
-2.0739258698e-10
-2.99179116149e-10
-3.4860786426e-10
-3.98704932105e-10
-5.1796772099e-10
-4.75060840993e-10
-4.317652413e-10
3.22907650089e-11
-6.19741815426e-11
-1.55063633838e-10
-2.4999660908e-10
-1.71415112225e-10
-2.53929903784e-10
-3.37560367208e-10
-3.80371280928e-10
-4.08978382769e-10
-4.37844653859e-10
7.24616471401e-11
-3.38256425978e-11
-1.38787518137e-10
-2.4582803547e-10
-3.65072822149e-10
-4.41709787014e-10
-5.19382950406e-10
-7.00169138114e-10
-5.84960424411e-10
-4.68707964434e-10
1.22299060301e-10
-1.25859764028e-12
-1.23275477991e-10
-2.47708753683e-10
-7.9966147592e-11
-2.38098322019e-10
-3.983685812e-10
-4.48002835882e-10
-4.93836103118e-10
-5.40084601983e-10
1.36593961644e-10
-6.84223560229e-12
-1.48489767686e-10
-2.929424562e-10
-4.45845752084e-10
-5.55834724583e-10
-6.67310843806e-10
-9.23512810719e-10
-7.19676042794e-10
-5.13992592791e-10
2.32631809368e-10
7.31669568207e-11
-8.43093514684e-11
-2.44904285776e-10
3.21325832485e-11
-2.18691866952e-10
-4.72907682223e-10
-5.30906032276e-10
-5.97855244191e-10
-6.65410990006e-10
2.27729355939e-10
3.15026059176e-11
-1.62277174939e-10
-3.59894527763e-10
-5.54994574205e-10
-7.18012267444e-10
-8.77524166006e-10
-1.0370646279e-09
-1.19470562855e-09
-5.78344433087e-10
3.8942045278e-10
1.78929586844e-10
-2.89364348313e-11
-2.40918989276e-10
-4.5020124929e-10
-1.91114272909e-10
-5.78831667887e-10
-9.6661849028e-10
-1.34978838962e-09
-8.43506383512e-10
-1.35888106715e-11
-1.16211746487e-11
-9.6780752637e-12
-7.69649516774e-12
-6.82379383842e-12
-1.90799802824e-12
3.07426362367e-12
7.55877890067e-12
5.2571825523e-12
2.93473463347e-12
-7.66542867291e-12
-4.59063584519e-12
-2.49436585932e-12
2.61715257708e-12
8.36706047755e-12
8.42152068015e-12
7.27265629345e-12
7.81739624881e-12
4.74953175504e-12
1.51453222012e-11
-1.88912508691e-11
-1.96145656796e-11
-2.03288606748e-11
-2.25344269599e-11
-2.33716302346e-11
-1.89601238545e-11
-1.44889700651e-11
-1.324706394e-11
3.85251429322e-12
2.11070080748e-11
-2.73213735141e-11
-2.45328858797e-11
-2.17791709929e-11
-8.94573854808e-12
9.28038724194e-13
4.66486228271e-12
8.45221095105e-12
1.72426671269e-11
2.27949523911e-11
2.83975392069e-11
-2.35876979012e-11
-2.66944263069e-11
-2.97624134675e-11
-3.57004424046e-11
-3.80282853284e-11
-3.40634353007e-11
-3.00449770466e-11
-3.16750961702e-11
2.60837954946e-12
4.90216932718e-11
-3.96248597743e-11
-3.63591363925e-11
-3.31341369406e-11
-1.28202310785e-11
-2.09598424064e-12
-3.95374979449e-13
1.32822800042e-12
1.85973997967e-11
3.07945712925e-11
2.09462205949e-11
-2.93446329729e-11
-3.53729651403e-11
-4.13261233424e-11
-4.73971765741e-11
-5.59945077014e-11
-5.25771719121e-11
-4.91136307658e-11
-5.42642969686e-11
1.08331115388e-12
5.69323471449e-11
-6.87954126826e-12
-1.08772871079e-11
-8.90210419817e-12
1.85318638551e-11
2.24058047647e-11
2.61270666614e-11
5.06591868408e-11
9.10648466043e-11
2.16117998142e-11
1.2268933263e-10
-3.75255407063e-11
-4.77056255879e-11
-5.77587636909e-11
-6.80109919198e-11
-7.81326243321e-11
-7.8886166044e-11
-7.62111913142e-11
-7.35357375846e-11
-7.08921373458e-11
8.49695690258e-11
-7.61384319016e-11
-7.14563959789e-11
-6.68327455594e-11
-6.21175293885e-11
-5.74623769903e-11
-1.54128533059e-11
-1.98139149498e-11
-2.4215764679e-11
-2.85652067442e-11
8.67420147798e-11
-1.22239386972e-11
-7.60718005083e-12
-4.61287360887e-12
1.07556709724e-12
5.85486061435e-12
1.15345528726e-11
1.80342403967e-11
2.40531180501e-11
2.56135646747e-11
3.52355955279e-11
-1.15483957925e-11
-4.16575991391e-12
1.78110008295e-12
1.07694690161e-11
2.54773929099e-11
3.05866176981e-11
3.20089565267e-11
4.24639214444e-11
4.27442110027e-11
6.08123035833e-11
-2.32036056901e-11
-1.56127109647e-11
-8.11647553191e-12
-2.61284466956e-12
7.09838594651e-12
1.74579303942e-11
2.79575449074e-11
4.25122876826e-11
5.67607870202e-11
7.11383722369e-11
-3.39070643243e-11
-2.03965337393e-11
-7.05448095737e-12
1.56898882067e-11
1.99677634101e-11
3.32332917446e-11
4.66781815784e-11
6.11693335512e-11
7.04953999162e-11
7.99059568263e-11
-3.41988134331e-11
-2.59066004251e-11
-1.77177922259e-11
-1.45561966117e-11
-1.89782173413e-12
1.0971567617e-11
2.40149623232e-11
4.21772295107e-11
6.75204355251e-11
1.34291242454e-10
-5.75135129718e-11
-4.02368918501e-11
-2.31757120948e-11
9.56478279789e-12
6.5067740546e-12
2.58650168246e-11
4.54849999006e-11
7.01453724128e-11
8.87534953782e-11
1.18817858062e-10
-4.76768100212e-11
-3.85249165379e-11
-2.94871481734e-11
-2.02703978409e-11
-1.29254311491e-11
3.0205422772e-12
1.91821191555e-11
4.17665130419e-11
8.07096820795e-11
1.20005661128e-10
-1.01901974595e-10
-1.06107892464e-10
-1.0148576326e-10
-4.70995052127e-11
-3.77970944567e-11
-1.77379926936e-12
-6.29810959933e-13
3.6416492889e-11
5.17743755131e-11
1.70683694472e-10
-6.68297525412e-11
-5.6456207856e-11
-4.62120224145e-11
-3.57649633878e-11
-2.5450981988e-11
-8.27828320564e-12
1.23143946539e-11
3.29107599838e-11
5.32619085391e-11
1.58249626347e-10
-1.27571360571e-10
-9.91179546304e-11
-7.10193657929e-11
-4.236431871e-11
-1.40742878156e-11
3.99787835214e-12
4.19439445986e-11
7.98968057357e-11
1.17397806652e-10
1.89511827769e-10
-1.79148902971e-11
-3.68834610527e-12
1.03730380356e-11
2.37749456186e-11
2.8350345612e-11
3.77440185845e-11
4.41404766842e-11
5.79711824169e-11
6.23361223406e-11
8.87957549931e-11
6.22803831838e-13
1.97391462448e-11
3.22785565958e-11
4.31550524693e-11
5.33195788316e-11
5.02981107475e-11
4.98869616609e-11
5.75560453551e-11
5.77266743951e-11
7.42580176661e-11
-2.73238394538e-11
-1.17891441207e-11
3.55183185226e-12
1.64212050287e-11
3.62109229851e-11
5.22535126114e-11
6.85130120247e-11
9.57874871348e-11
1.07311926877e-10
1.18940773575e-10
-4.01993539804e-11
-1.64444615062e-11
7.01420484491e-12
3.92279655121e-11
3.81592434155e-11
6.05289602438e-11
8.32011351309e-11
1.03139009434e-10
1.16070730007e-10
1.29119606955e-10
-4.43371898654e-11
-2.51538732187e-11
-6.20977464143e-12
5.64604532808e-12
3.26229823691e-11
5.40002021501e-11
7.56664605651e-11
1.12739337322e-10
1.2954057436e-10
2.157619215e-10
-7.46052032318e-11
-4.39418882214e-11
-1.36609481233e-11
3.09525149774e-11
1.47262681965e-11
5.09554737675e-11
8.76745297587e-11
1.19396815311e-10
1.44130273458e-10
2.12329185848e-10
-4.2117928433e-11
-3.14574053197e-11
1.77123922943e-11
7.4327087701e-11
1.06715795832e-10
1.90590740861e-10
2.58903292524e-10
3.08220162431e-10
3.00512565159e-10
4.44956387396e-10
-9.89415613507e-11
-4.85361448694e-11
1.0321955039e-11
6.92276670258e-11
8.48018529652e-11
1.42689190282e-10
1.97198359336e-10
2.5565734401e-10
3.82414184223e-10
5.47099787204e-10
-9.48284233447e-11
-6.48169402191e-11
-3.51797035905e-11
-4.95553767536e-12
2.48836241665e-11
5.91839259423e-11
9.68960497816e-11
1.3461492662e-10
1.71884729014e-10
2.28264961104e-10
-1.76712884881e-10
-1.25547154602e-10
-7.50194666098e-11
-2.34911394477e-11
2.73808051396e-11
2.2543836483e-11
1.00950410589e-10
1.79371024731e-10
2.56857976561e-10
2.87703110941e-10
-5.526832934e-12
1.03561113564e-11
2.60409935838e-11
4.20364957536e-11
6.25279508871e-11
7.49610978056e-11
8.75623517015e-11
1.09319766285e-10
1.1860736941e-10
1.27979114617e-10
4.35667250461e-12
2.67928183385e-11
4.89491829649e-11
7.15443273415e-11
9.31183531158e-11
1.00164722152e-10
1.07306364236e-10
1.17445793105e-10
1.17789341601e-10
1.18136002513e-10
-3.13114921597e-11
-8.08861217368e-12
1.48446759435e-11
3.8232129832e-11
6.43866755648e-11
8.59294410993e-11
1.07763483591e-10
1.47348394946e-10
1.56236429999e-10
1.65204987203e-10
-4.62891700715e-11
-1.26195592221e-11
2.06301878751e-11
5.4538405618e-11
5.57653572011e-11
8.69463075574e-11
1.18548851526e-10
1.43758183295e-10
1.60179535182e-10
1.76749658149e-10
-5.41493331882e-11
-2.44253673003e-11
4.92793746216e-12
2.51982186647e-11
6.6032974565e-11
9.56442594452e-11
1.25655914693e-10
1.81030894617e-10
1.8956502652e-10
1.9817647435e-10
-9.11469163532e-11
-4.75276650614e-11
-4.45235063296e-12
5.16520317982e-11
2.26812751052e-11
7.52385689164e-11
1.28506483125e-10
1.67063443178e-10
1.97725135211e-10
2.28664610284e-10
-5.51420176387e-11
-4.84194913762e-12
5.20786086086e-11
8.00685109023e-11
1.08143272082e-10
1.66662934853e-10
2.54814090903e-10
4.02714037197e-10
5.87608363638e-10
9.33946840952e-10
-1.18010975369e-10
-1.11985903881e-10
7.77188739198e-13
1.27099238686e-10
2.24063743953e-10
2.48319414788e-10
3.06422863139e-10
4.44887759494e-10
6.69226116015e-10
9.89185129545e-10
-1.21926151724e-10
-7.29086405795e-11
-2.45023831923e-11
2.48625010219e-11
7.35985612165e-11
1.24475333246e-10
1.78756032801e-10
2.33046452243e-10
2.8669049931e-10
2.96027339432e-10
-2.24273131125e-10
-1.51125914649e-10
-7.88908520119e-11
-5.22526215305e-12
6.75019543448e-11
4.04930219817e-11
1.58058164e-10
2.75644358063e-10
3.91830591172e-10
3.82734790813e-10
-2.81623673338e-12
1.77453091297e-11
3.80504502532e-11
5.87577099056e-11
8.58453776875e-11
1.00806006573e-10
1.15968916195e-10
1.43533820796e-10
1.56717941758e-10
1.70021505744e-10
1.03370177523e-11
3.95602545619e-11
6.84190743928e-11
9.78494079158e-11
1.22966630228e-10
1.30352780885e-10
1.37838798732e-10
1.51650324352e-10
1.52765011065e-10
1.53889796407e-10
-3.54874226758e-11
-4.21335887989e-12
2.66707138991e-11
5.81664080322e-11
9.38927518676e-11
1.21195385202e-10
1.48867173924e-10
2.01343761203e-10
2.07470913199e-10
2.13653574815e-10
-5.26665180322e-11
-8.6140634211e-12
3.48890522335e-11
7.92536939794e-11
7.42027471266e-11
1.14610955142e-10
1.55565517332e-10
1.86295199473e-10
2.06370946305e-10
2.26628571619e-10
-6.44247587962e-11
-2.36624648312e-11
1.65915188426e-11
5.76426835158e-11
1.01020426141e-10
1.39254549131e-10
1.78005630771e-10
2.52546851278e-10
2.52423545046e-10
2.52299121707e-10
-1.08469649727e-10
-5.12827450632e-11
5.19103260678e-12
6.27832044929e-11
3.10118792363e-11
1.00668195199e-10
1.71266325234e-10
2.16980660295e-10
2.53850488947e-10
2.91054343949e-10
-1.4657860509e-10
-5.49083678685e-12
1.4272553181e-10
2.47676743824e-10
2.62717278498e-10
3.26336126326e-10
4.33487304347e-10
5.4889194835e-10
7.65128352476e-10
1.16487069063e-09
-1.61116978724e-10
7.00322853799e-11
3.49651116398e-10
4.77395632069e-10
5.93415695094e-10
7.5740487088e-10
8.89145013695e-10
1.01890040306e-09
1.43537391934e-09
1.90622661228e-09
-1.50303304702e-10
-8.13823921706e-11
-1.33209310025e-11
5.60884043057e-11
1.24613583641e-10
1.92849487241e-10
2.64481051088e-10
3.36125441789e-10
4.06916846727e-10
3.66989131836e-10
-2.74078943789e-10
-1.77912380904e-10
-8.29450256403e-11
1.39030421459e-11
1.09517431534e-10
5.92896818191e-11
2.17862271267e-10
3.76463255843e-10
5.33175964441e-10
4.82253410221e-10
-1.08284297132e-13
2.51272998915e-11
5.00481935683e-11
7.54626151178e-11
1.0914006197e-10
1.26625707658e-10
1.44347774509e-10
1.77714504826e-10
1.9479134318e-10
2.12022891067e-10
1.63115301047e-11
5.23152381399e-11
8.78699759742e-11
1.24128831981e-10
1.52785794996e-10
1.60511395868e-10
1.68341453594e-10
1.85821494407e-10
1.87706567211e-10
1.89608718044e-10
-3.9659280222e-11
-3.41885292055e-13
3.84852173967e-11
7.80812434491e-11
1.23370049589e-10
1.5642693287e-10
1.8993077401e-10
2.55286463391e-10
2.58655425141e-10
2.62054908377e-10
-5.90376458833e-11
-4.61247435738e-12
4.91340092907e-11
1.03944876427e-10
9.262215425e-11
1.42248620172e-10
1.92546079146e-10
2.28790727418e-10
2.52517304902e-10
2.76458835978e-10
-7.46901623269e-11
-2.29003064546e-11
2.82437242162e-11
8.04005999711e-11
1.35973752908e-10
1.82822303772e-10
2.30304287855e-10
3.23993055264e-10
3.15220754877e-10
3.06368980851e-10
-1.25775487473e-10
-5.50341625693e-11
1.48250102283e-11
8.60676586499e-11
3.93343581607e-11
1.26073018842e-10
2.13984461778e-10
2.66849190942e-10
3.09921101142e-10
3.53383226148e-10
-1.1868611e-10
1.0470246568e-10
3.54592985205e-10
4.72323647867e-10
6.76182819601e-10
8.58673904105e-10
1.03932834755e-09
1.49851708135e-09
2.2156632067e-09
3.01476408036e-09
-2.12043604469e-10
8.59628421924e-11
1.93818785108e-10
1.69032944898e-10
7.36682001918e-11
1.90265812845e-10
1.57594110167e-10
5.79948325876e-10
1.30362599991e-09
2.32086040925e-09
-1.78652780187e-10
-8.9847878937e-11
-2.15038457773e-12
8.72838515848e-11
1.75578848858e-10
2.611569529e-10
3.50122457973e-10
4.39103893838e-10
5.27025932068e-10
4.37881712065e-10
-3.23836178641e-10
-2.04672721134e-10
-8.6995245054e-11
3.30126897635e-11
1.5149192917e-10
7.80680084426e-11
2.77608048943e-10
4.77183820493e-10
6.74383477315e-10
5.81674964717e-10
2.59686164355e-12
3.25016400298e-11
6.2033502539e-11
9.21502075288e-11
1.32410603869e-10
1.52418649456e-10
1.7269722125e-10
2.11859764328e-10
2.32825285698e-10
2.53980746563e-10
2.22798505306e-11
6.50570025771e-11
1.0730071883e-10
1.50381020308e-10
1.82574055471e-10
1.90638754756e-10
1.98812495801e-10
2.19957249793e-10
2.22611910268e-10
2.25290620938e-10
-4.38268140957e-11
3.52557593821e-12
5.02874764579e-11
9.79754393243e-11
1.52816797326e-10
1.91621966905e-10
2.30951816181e-10
3.09173259888e-10
3.09786889952e-10
3.10406079267e-10
-6.54021707594e-11
-6.15032501626e-13
6.33642030131e-11
1.28610469173e-10
1.11022471679e-10
1.69857641796e-10
2.29488314666e-10
2.7124221341e-10
2.98615837861e-10
3.26237456735e-10
-8.49449268934e-11
-2.21389379715e-11
3.98838533575e-11
1.03134930343e-10
1.70890854388e-10
2.26344905216e-10
2.82548743119e-10
3.95365213098e-10
3.77952882292e-10
3.6038280252e-10
-1.43063389616e-10
-5.87816921428e-11
2.44490032891e-11
1.09327981025e-10
4.76482117489e-11
1.51451513173e-10
2.5665832566e-10
3.16666038328e-10
3.65933602301e-10
4.15647511299e-10
-3.91537764055e-11
1.42553022866e-10
5.42592990154e-10
6.35486743175e-10
8.80517351722e-10
8.28607050601e-10
8.9956355194e-10
1.21781648029e-09
2.20129933858e-09
3.74110747667e-09
-6.03683763612e-10
-4.82652400992e-10
-3.21667915157e-10
-2.78449424796e-10
-3.21353417334e-10
-9.78275204869e-11
1.05821030241e-10
4.06470414386e-10
1.27849222662e-09
2.66107455253e-09
-2.06972874551e-10
-9.83045921552e-11
9.00858480142e-12
1.18446968206e-10
2.2649129417e-10
3.29393625365e-10
4.35675106936e-10
5.4197562002e-10
6.47010537522e-10
5.08700819914e-10
-3.73541845579e-10
-2.31405327207e-10
-9.10412668596e-11
5.21025323282e-11
1.93422924845e-10
9.6826873391e-11
3.37291906677e-10
5.77799999329e-10
8.15444644097e-10
6.80993479681e-10
1.14716875207e-11
1.31891311286e-12
-8.70725508089e-12
-1.89319792945e-11
-9.04588436885e-11
-1.2394857288e-10
-1.57891112384e-10
-1.65661771244e-10
-2.18776489448e-10
-2.72372406404e-10
-9.91814187912e-11
-1.13675475193e-10
-1.27988789117e-10
-1.42585560748e-10
-1.830149878e-10
-1.76413554276e-10
-1.6972286362e-10
-1.47506922419e-10
-1.38764076501e-10
-1.29942023788e-10
1.62878178455e-10
1.31300366382e-10
1.001163331e-10
6.83147381124e-11
-5.51341799514e-11
-8.24623692415e-11
-1.10160059458e-10
-2.8455213875e-10
-2.79802314092e-10
-2.75009457865e-10
9.16202381445e-11
4.34500903897e-11
-4.11937032209e-12
-5.26308861243e-11
-3.94517893816e-11
-1.10154543118e-10
-1.81813259678e-10
-2.52669491463e-10
-2.95664633981e-10
-3.39049295819e-10
2.96981070426e-10
2.46426796421e-10
1.96502939775e-10
1.45590402101e-10
-2.38466206413e-11
-4.57174460189e-11
-6.78839840082e-11
-3.89855035684e-10
-3.33853758777e-10
-2.77345132016e-10
2.6061599143e-10
1.82618448477e-10
1.05593543468e-10
2.70432542564e-11
8.77041863601e-11
-5.1467990379e-11
-1.92521896186e-10
-3.45813481188e-10
-4.34633699178e-10
-5.24258593903e-10
4.61365260584e-10
3.87549517113e-10
3.14654264085e-10
2.40315409572e-10
1.45058714162e-11
-6.75282068541e-13
-1.60616979733e-11
-5.1893600612e-10
-4.00110368391e-10
-2.80208216459e-10
4.67772076104e-10
3.53211919682e-10
2.40080341017e-10
1.24708329562e-10
2.43572801785e-10
2.0470364592e-11
-2.05648611906e-10
-4.59989984721e-10
-6.04982875871e-10
-7.51289346394e-10
6.94963846598e-10
5.88092330728e-10
4.82553514422e-10
3.74924630714e-10
2.68666754521e-10
6.33320035451e-11
5.75804979709e-11
5.18279624916e-11
4.61439157078e-11
-2.84276810142e-10
7.62151775376e-10
5.95634220867e-10
4.31193158586e-10
2.63495541838e-10
9.79341053138e-11
1.22698553235e-10
-2.24302365824e-10
-5.71365421318e-10
-9.14296403911e-10
-1.07391199467e-09
-9.65496603065e-12
-8.50575614784e-12
-7.53566127659e-12
-7.32031063475e-12
-8.26447823747e-12
-4.76888253311e-12
-1.59009004497e-12
3.98490870573e-12
-1.4036720451e-12
2.43084594025e-12
-1.59360876277e-11
-1.45569659929e-11
-1.24216180222e-11
-9.03550186327e-12
-1.81894270327e-12
4.59881342081e-12
1.70151363347e-12
8.9971027806e-12
5.60884513586e-12
7.48148814901e-12
-1.00599474414e-11
-1.2723812704e-11
-1.53544592736e-11
-1.87934866751e-11
-2.32768734484e-11
-1.95082176864e-11
-1.56886064154e-11
-1.60527245154e-11
-1.72151900628e-12
1.27395216678e-11
-2.5877842861e-11
-2.69316976637e-11
-2.79724107811e-11
-2.05076347389e-11
-1.36801087696e-11
-1.07582767616e-11
-7.79693903955e-12
4.39525890833e-12
9.89733985135e-12
1.54492675143e-11
-1.05664400329e-11
-1.64598056537e-11
-2.22796803566e-11
-2.89554425965e-11
-3.65735663495e-11
-3.25630573936e-11
-2.84983228628e-11
-3.38003425113e-11
-2.00304060047e-12
4.54481704456e-11
-3.39897143867e-11
-3.78921742865e-11
-4.17459700819e-11
-3.06686667144e-11
-2.41857129998e-11
-2.43602709232e-11
-2.45371890218e-11
3.19340050025e-13
1.36957208851e-11
1.25854781967e-14
-1.93117588408e-11
-2.10394099146e-11
-3.07686610391e-11
-4.1412033726e-11
-5.28727382928e-11
-4.85657641314e-11
-1.78050760043e-11
-5.55554871514e-11
-2.34813158689e-12
7.02157209184e-11
-5.12142409474e-11
-5.13275972434e-11
-5.86296879345e-11
-4.3124125265e-11
-3.70635504433e-11
-4.10336831213e-11
-1.72831497743e-11
-4.67694758273e-12
1.83518008619e-11
-4.28769181712e-12
-1.20695793368e-11
-2.75472686012e-11
-4.28319493773e-11
-5.84193245947e-11
-7.38081433667e-11
-7.13064526536e-11
-6.65142555454e-11
-6.17212003125e-11
-5.69852103689e-11
8.15513196295e-11
-5.80636556887e-11
-7.04200403927e-11
-8.26223396197e-11
-9.50662904848e-11
-1.07351726743e-10
-6.47274794028e-11
-7.42179309046e-11
-8.37100818337e-11
-9.30892208504e-11
6.20465043087e-11
-1.2537374827e-11
-9.59114304499e-12
-7.40622866871e-12
-3.53408134328e-12
8.15999172285e-13
8.39757334203e-12
1.46787170306e-11
2.27267389573e-11
2.26107351115e-11
3.3472028619e-11
-5.69713165904e-12
-3.60678250108e-12
3.45742376269e-13
7.34688420364e-12
1.81988113752e-11
2.45962756159e-11
2.21398919815e-11
2.62869894725e-11
2.15585400609e-11
3.69806603168e-11
-2.91654023819e-11
-2.86349800629e-11
-2.81111721685e-11
-2.70369306494e-11
-1.97574162393e-11
-1.25533157547e-11
-5.25180955582e-12
1.36099275667e-11
2.89996425236e-11
4.45287823305e-11
-3.88585218212e-11
-3.47071726975e-11
-3.06075913541e-11
-1.37036065976e-11
-1.08329651446e-11
2.22592137525e-13
1.14276301851e-11
3.27946588645e-11
4.36545029542e-11
5.46127330204e-11
-4.45429566205e-11
-4.55023785644e-11
-4.64498364111e-11
-4.78537400349e-11
-3.79795841752e-11
-3.11098175261e-11
-2.41471656474e-11
5.53503747797e-12
3.46583890885e-11
1.01436930074e-10
-6.65364764643e-11
-6.22532325857e-11
-5.80234012296e-11
-3.23483270216e-11
-3.65468243478e-11
-2.13655275148e-11
-5.97896632342e-12
3.85585946118e-11
6.32252129454e-11
7.23715218907e-11
-5.17050893187e-11
-6.61785444695e-11
-6.89294893537e-11
-7.33711192816e-11
-6.03164351935e-11
-5.38564971169e-11
-1.83974976537e-11
-4.36321488892e-12
4.15949171359e-11
1.40568236973e-10
-1.03863406593e-10
-9.60193705132e-11
-9.16298778511e-11
-5.52031456059e-11
-6.8067038855e-11
-4.78283838627e-11
-5.9602746306e-12
4.56240642374e-11
8.72151155153e-11
9.27480785544e-11
-9.01795691993e-11
-9.55604644399e-11
-1.00874259325e-10
-1.0629328743e-10
-1.11643286404e-10
-8.6180726009e-11
-8.02237063063e-11
-7.42656198975e-11
-6.83784694383e-11
1.21966426553e-10
-1.48677503147e-10
-1.44002829673e-10
-1.39386449892e-10
-1.34678648346e-10
-1.30030816123e-10
-8.54334955151e-11
-5.76372527357e-11
-2.98360325648e-11
-2.36580892807e-12
1.87542278037e-10
-1.55883529811e-11
-1.03751972192e-11
-3.7817302593e-12
3.56197892312e-12
9.24493982635e-12
1.87457371688e-11
2.56343562433e-11
3.6921493829e-11
4.80699923474e-11
6.99995777265e-11
-1.22593069553e-11
1.95177864543e-12
1.03515778529e-11
1.92642659538e-11
2.83277412901e-11
3.01011121245e-11
3.39050213257e-11
4.5540993462e-11
4.14783005568e-11
5.94767160782e-11
-4.7419684273e-11
-4.38372840692e-11
-4.02995567901e-11
-3.49131183943e-11
-1.639475546e-11
-5.90826381639e-12
4.72001432947e-12
4.19510696348e-11
5.83521360566e-11
7.49017897806e-11
-5.12608945266e-11
-4.21362401311e-11
-3.31253711799e-11
-7.20270682473e-12
-8.11266549834e-12
1.07142489402e-11
2.97957196628e-11
5.9928828344e-11
7.59077402124e-11
9.20314148265e-11
-7.70057748782e-11
-7.32510668006e-11
-6.95431803458e-11
-6.5910093562e-11
-3.93229620647e-11
-2.97213213988e-11
-1.99898581868e-11
4.31179747518e-11
6.96865040513e-11
1.54931317106e-10
-9.76332376488e-11
-8.552897382e-11
-7.3575651493e-11
-3.39531562616e-11
-4.83572319898e-11
-1.85042038488e-11
1.17524632389e-11
7.5094240282e-11
1.10548101241e-10
1.41506772882e-10
-5.23420207222e-11
-4.13076260828e-11
-2.04969340224e-11
1.45765511663e-11
4.72566214394e-11
1.35366492441e-10
2.06941687902e-10
2.53407730879e-10
3.03871357385e-10
3.80540535269e-10
-1.19262831254e-10
-9.38392178481e-11
-5.27377777996e-11
9.79416809011e-12
4.5796944564e-11
7.01977300904e-11
1.68040911887e-10
2.46286976109e-10
3.71189239702e-10
4.59249789261e-10
-1.64809656674e-10
-1.60543583294e-10
-1.56330708317e-10
-1.52034402496e-10
-1.47792824247e-10
-1.00392330998e-10
-9.33223830737e-11
-8.62511691543e-11
-7.92641438887e-11
1.60580987512e-10
-2.35254384979e-10
-2.14307409284e-10
-1.9362164468e-10
-1.72526223764e-10
-1.51699522356e-10
-1.05217031481e-10
-4.17952655031e-11
2.16378572237e-11
8.43157561279e-11
3.07447050622e-10
-1.61572293321e-11
-1.16318363791e-11
-7.16287557424e-12
-2.6054124569e-12
1.78886852066e-11
3.3152523682e-11
4.86227425505e-11
5.79642456605e-11
6.77614926306e-11
7.76474988594e-11
9.51908771698e-12
1.6981236866e-11
2.4350332194e-11
3.18653634579e-11
5.58352499756e-11
6.21945623727e-11
6.86398582133e-11
5.87946202655e-11
5.15464054023e-11
4.42325245229e-11
-6.50865791025e-11
-5.85504076886e-11
-5.20957430513e-11
-4.55132516617e-11
-1.31402985227e-11
5.22963357132e-13
1.43709644403e-11
6.93802492242e-11
8.67601238002e-11
1.04297453301e-10
-6.32641831538e-11
-4.93262547158e-11
-3.55621337791e-11
-2.15254312323e-11
-5.47989977018e-12
2.08683047625e-11
4.75727599736e-11
8.61898733601e-11
1.07123131426e-10
1.28246036693e-10
-1.08424003185e-10
-1.00106856563e-10
-9.18934256739e-11
-8.33854289749e-11
-4.06231126831e-11
-2.83775043592e-11
-1.5966324743e-11
7.94915666663e-11
1.03587482836e-10
1.27901698663e-10
-1.27729365925e-10
-1.0805574726e-10
-8.86274607838e-11
-3.55063452377e-11
-5.97876038307e-11
-1.57349519779e-11
2.89133301042e-11
1.10454240387e-10
1.56348231618e-10
2.02658004615e-10
-1.61547297221e-10
-1.51047019699e-10
-1.40677681792e-10
-1.30102991808e-10
-7.43117235892e-11
-6.38038841404e-11
-5.31539695484e-11
9.18860848212e-11
1.24214568106e-10
1.56835934914e-10
-1.16892549027e-10
-9.33817963918e-11
-9.03363790594e-11
-1.81368406691e-11
6.40320255745e-11
1.13622667264e-10
1.44862202316e-10
1.62953666038e-10
2.8298744343e-10
6.36358607829e-10
-2.3703829401e-10
-2.23435672576e-10
-2.10002677328e-10
-1.9630365801e-10
-1.82779140719e-10
-1.14146634356e-10
-1.05999570061e-10
-9.78510468958e-11
-8.97995386422e-11
1.97953007481e-10
-3.19045392214e-10
-2.82349725132e-10
-2.46111657056e-10
-2.09155938286e-10
-1.72670972036e-10
-1.24363971982e-10
-2.64630424116e-11
7.14554179903e-11
1.68208078085e-10
4.23493522319e-10
-1.83995220544e-11
-1.26828863167e-11
-7.03753765576e-12
-1.28038975716e-12
2.66818954802e-11
4.59024496873e-11
6.53828825311e-11
7.61131652465e-11
9.10161875319e-11
1.06054225421e-10
1.83409447571e-11
2.75850037862e-11
3.6713788382e-11
4.60233574111e-11
7.52197286624e-11
8.15593911238e-11
8.79847713444e-11
7.55375295231e-11
6.69915207795e-11
5.83680885105e-11
-8.35876198609e-11
-7.39582143457e-11
-6.44488885768e-11
-5.47512422213e-11
-9.7321817584e-12
7.25784219192e-12
2.44775860668e-11
9.81045029455e-11
1.16509400296e-10
1.3508103888e-10
-7.58342094244e-11
-5.68557472593e-11
-3.81139486057e-11
-1.90009915121e-11
-2.72282748816e-12
3.15017863361e-11
6.61891467539e-11
1.13690838804e-10
1.39812363501e-10
1.66170539084e-10
-1.41325649347e-10
-1.28230647743e-10
-1.1529894225e-10
-1.02111140118e-10
-4.19846501697e-11
-2.69702387325e-11
-1.1752819373e-11
1.17582544907e-10
1.3908910303e-10
1.60790502231e-10
-1.59246488842e-10
-1.31646126757e-10
-1.04389944223e-10
-7.65939862727e-11
-7.17576629358e-11
-1.28349493329e-11
4.6884450688e-11
1.47483769881e-10
2.04310824197e-10
2.61652709591e-10
-2.12101298394e-10
-1.94758146746e-10
-1.77631266107e-10
-1.60165208508e-10
-8.15199340287e-11
-6.8927241156e-11
-5.61642841057e-11
1.41458854409e-10
1.66767448317e-10
1.92305328273e-10
-8.61757269029e-11
1.83799668105e-11
8.56415404614e-11
1.23906763703e-10
1.02036239359e-10
1.13294978341e-10
5.382410174e-11
-3.6720473234e-11
2.8622174636e-10
7.06645329277e-10
-3.12677220724e-10
-2.89297224276e-10
-2.66208778957e-10
-2.42663095167e-10
-2.19417343034e-10
-1.28550349863e-10
-1.19275312936e-10
-1.09998615156e-10
-1.0083236414e-10
2.37089554754e-10
-4.06792608405e-10
-3.53604672362e-10
-3.01079995734e-10
-2.47515132014e-10
-1.94632592854e-10
-1.4441493906e-10
-1.04069053785e-11
1.23625124728e-10
2.56061392593e-10
5.45019151098e-10
-2.06396277693e-11
-1.37329111188e-11
-6.9123219849e-12
4.33405893377e-14
3.54665293467e-11
5.86399401257e-11
8.21266756058e-11
9.42443833885e-11
1.14248201101e-10
1.34433245645e-10
2.71541974498e-11
3.81784283835e-11
4.90651859443e-11
6.01675424466e-11
9.45853008097e-11
1.00905332501e-10
1.07310816526e-10
9.22641086807e-11
8.24215718525e-11
7.24898654572e-11
-1.02070615736e-10
-8.93509930874e-11
-7.6789985533e-11
-6.39802225602e-11
-6.32738908109e-12
1.39861522015e-11
3.45743502582e-11
1.26800740632e-10
1.46229661007e-10
1.65834599867e-10
-8.83919755924e-11
-6.43778959556e-11
-4.06632745344e-11
-1.64790139898e-11
3.15556993017e-14
4.21248966048e-11
8.47873761487e-11
1.41164981339e-10
1.72469712322e-10
2.0405805203e-10
-1.74195205078e-10
-1.56327008545e-10
-1.3868163039e-10
-1.20686807064e-10
-4.33448596886e-11
-2.55643456743e-11
-7.54342362118e-12
1.55636371333e-10
1.74556096924e-10
1.93647227893e-10
-1.90732871716e-10
-1.55213497513e-10
-1.20137053815e-10
-8.43659639762e-11
-8.37160471128e-11
-9.93777518881e-12
6.4838043243e-11
1.84477182837e-10
2.52226636738e-10
3.20589874422e-10
-2.62605992013e-10
-2.38426640397e-10
-2.14548807957e-10
-1.90198104198e-10
-8.87211139816e-11
-7.40456011349e-11
-5.91716625701e-11
1.90983273482e-10
2.09278824822e-10
2.27740126763e-10
1.41700377807e-11
6.67923950799e-11
2.09377363026e-10
2.82944364807e-10
2.03199903085e-10
2.86896133474e-10
4.54101953842e-10
8.53805683903e-10
1.30816701409e-09
2.20807040261e-09
-3.88242373447e-10
-3.55094538291e-10
-3.22360060288e-10
-2.88977315914e-10
-2.5601981049e-10
-1.4294001679e-10
-1.32538107392e-10
-1.22134335355e-10
-1.11854428835e-10
2.76187930421e-10
-4.94454240855e-10
-4.2479012149e-10
-3.55994721359e-10
-2.85836912323e-10
-2.16572793532e-10
-1.64446349544e-10
5.63357139394e-12
1.75743948043e-10
3.43829019877e-10
6.66426250555e-10
-2.28774118605e-11
-1.47818476854e-11
-6.78723608634e-12
1.36569903458e-12
4.42420589042e-11
7.1364229553e-11
9.88531155763e-11
1.12356810512e-10
1.37456137236e-10
1.62782854128e-10
3.59583161732e-11
4.87608740585e-11
6.14037826383e-11
7.42970685863e-11
1.13930802666e-10
1.20231223932e-10
1.26616832382e-10
1.08973352574e-10
9.78356313707e-11
8.65970067317e-11
-1.20534456014e-10
-1.04727818903e-10
-8.91182922964e-11
-7.31996380735e-11
-2.92612509779e-12
2.0707489056e-11
4.46606502614e-11
1.55467237816e-10
1.75919119929e-10
1.96556288163e-10
-1.00936727014e-10
-7.18922487702e-11
-4.32099583665e-11
-1.39596502203e-11
2.78308427083e-12
5.27369971853e-11
1.03366330519e-10
1.68610649941e-10
2.05093215385e-10
2.41906298726e-10
-2.07030695121e-10
-1.84394250553e-10
-1.6204008494e-10
-1.39243222369e-10
-4.47036594996e-11
-2.415990967e-11
-3.33839044615e-12
1.93650759142e-10
2.0998633317e-10
2.26469901165e-10
-2.22186622408e-10
-1.78756443276e-10
-1.35867843256e-10
-9.21298868777e-11
-9.56620377367e-11
-7.0436036478e-12
8.27730288693e-11
2.21432256179e-10
3.00092789797e-10
3.79465957349e-10
-3.13058343058e-10
-2.82049876446e-10
-2.51428088825e-10
-2.20199874087e-10
-9.59148307017e-11
-7.91586564953e-11
-6.21759242166e-11
2.40456365929e-10
2.5174614295e-10
2.63138200973e-10
-8.93705604317e-11
-2.43834164327e-10
-4.14294784696e-10
-6.05143442643e-10
-7.31261905189e-10
-1.11933752949e-09
-1.0927782258e-09
-6.405483968e-10
1.41191330038e-10
9.90099906081e-10
-4.6372921118e-10
-4.20823660611e-10
-3.78453146978e-10
-3.35243537053e-10
-2.92584343504e-10
-1.57314770405e-10
-1.45787156417e-10
-1.34257478213e-10
-1.22865070369e-10
3.15245784912e-10
-5.82025021642e-10
-4.95901794711e-10
-4.10852533897e-10
-3.24118976312e-10
-2.384902556e-10
-1.84456999669e-10
2.16574239723e-11
2.27808755917e-10
4.31505685647e-10
7.87707524875e-10
6.18694320397e-11
8.33293862368e-11
1.04521732444e-10
1.26133767193e-10
4.38653090956e-11
-4.40435557607e-12
-5.33266681639e-11
-1.90670988961e-11
-8.65723127296e-11
-1.54689097625e-10
-1.29031333713e-10
-9.6826916051e-11
-6.50240910204e-11
-3.25914498692e-11
-9.13660323371e-11
-8.10228382582e-11
-7.05397951848e-11
8.99922888496e-12
3.56431261471e-11
6.25284067873e-11
3.05613176866e-10
3.18439154753e-10
3.31105191284e-10
3.44022063205e-10
1.88910756247e-10
1.83683125777e-10
1.7838481319e-10
-5.11365565101e-11
-8.45437871915e-11
-1.18253674429e-10
1.5094971128e-10
1.48874362322e-10
1.46824893194e-10
1.44734836832e-10
9.25115334617e-11
3.36208175476e-11
-2.6066152148e-11
-1.24967701997e-10
-1.82350885194e-10
-2.40253937779e-10
5.21500493712e-10
5.26679235439e-10
5.31793397686e-10
5.37008839673e-10
3.17379580866e-10
3.50274894976e-10
3.83614982389e-10
-7.9540933254e-11
-8.27470931434e-11
-8.59822995983e-11
3.9893292256e-10
3.66495494595e-10
3.34462564926e-10
3.01795262195e-10
2.55374520312e-10
1.35162341261e-10
1.33247888275e-11
-2.43624126493e-10
-3.75431295238e-10
-5.08432585824e-10
7.86136559524e-10
7.81941269828e-10
7.77798295856e-10
7.73573275343e-10
4.74857494916e-10
5.54484160446e-10
6.35187447859e-10
-1.14359201521e-10
-8.05446939878e-11
-4.64238401283e-11
7.02912342839e-10
6.33256882543e-10
5.64470033502e-10
4.94320944899e-10
4.55013020322e-10
2.59632596136e-10
6.16104584104e-11
-3.89073937166e-10
-6.12110507551e-10
-8.37167702782e-10
1.16219833726e-09
1.14468205554e-09
1.12738420378e-09
1.10974378919e-09
1.09232808325e-09
8.44676274534e-10
9.92685161948e-10
1.14072055288e-09
1.28699345997e-09
9.79081280267e-12
1.13488309797e-09
1.01233885489e-09
8.91322752004e-10
7.67910072952e-10
6.46069459917e-10
4.36511379379e-10
1.30226936239e-10
-1.76112352357e-10
-4.78804418198e-10
-1.30431760583e-09
-5.3873912627e-12
-5.39033764696e-12
-5.39324728949e-12
-5.39621455393e-12
-9.70516263651e-12
-7.62976703798e-12
-5.52631028299e-12
4.11038510795e-13
-8.0645266425e-12
-1.66168771297e-11
-5.66875733507e-12
-2.84484099839e-12
-1.530142247e-12
1.71704982031e-12
5.3575011819e-12
7.30298744359e-12
2.76582778783e-12
2.35977433814e-12
-5.60904620932e-13
5.08946965427e-12
-1.22864401371e-12
-5.83305972837e-12
-1.03800578724e-11
-1.50171037631e-11
-2.31821166622e-11
-2.00563115182e-11
-1.68882427657e-11
-1.88583850909e-11
-7.29555230577e-12
4.37203526085e-12
-2.44343122079e-11
-2.93305094478e-11
-3.41656505694e-11
-3.90965457575e-11
-2.82882562634e-11
-2.6181415806e-11
-2.40460890302e-11
-8.4521493103e-12
-3.00027268844e-12
2.50099582165e-12
2.45481783539e-12
-6.22518500047e-12
-1.47969472458e-11
-2.22104427885e-11
-3.51188473706e-11
-3.10626794865e-11
-2.6951668679e-11
-3.59255888523e-11
-6.61446075039e-12
2.29622148067e-11
-2.8354568999e-11
-3.94252121805e-11
-5.03578032233e-11
-4.85171023503e-11
-4.6275441759e-11
-4.8325166867e-11
-5.0402606044e-11
-1.79587196966e-11
-3.40312952236e-12
1.1284328655e-11
6.97002913429e-12
-6.70585468885e-12
-2.02111987358e-11
-3.39839996326e-11
-4.97509688842e-11
-4.45543563508e-11
-3.92874810889e-11
-5.68466773341e-11
-5.77957432766e-12
4.57501768307e-11
4.83133066467e-12
-3.87672431356e-12
-8.62038238342e-12
1.25400417344e-11
4.22533539111e-12
7.51361276745e-13
2.30064508121e-11
5.94275131948e-11
2.00745361758e-11
1.02944516018e-10
1.33863820327e-11
-7.38891161445e-12
-2.79051350638e-11
-4.88276572696e-11
-6.94836624012e-11
-6.37267392631e-11
-5.68173197765e-11
-4.99066630404e-11
-4.3078283392e-11
7.81330702332e-11
-3.99888794759e-11
-6.93836848065e-11
-9.84119336801e-11
-1.28015051581e-10
-1.57241076496e-10
-1.140421055e-10
-1.28621946859e-10
-1.43204398988e-10
-1.57613234957e-10
3.73509938377e-11
-1.28176337288e-11
-1.5191708387e-11
-1.75361780729e-11
-1.99270771186e-11
-1.56233962736e-11
-7.98609652306e-12
-2.45533826677e-13
2.56289874765e-12
6.0867345025e-13
-1.36325637059e-12
-8.41911171477e-12
-4.45814201297e-12
-3.12246757183e-12
1.86937751093e-12
1.09843374878e-11
1.66195243393e-11
1.28762791242e-11
1.8140840478e-11
1.34538791053e-11
2.29167923874e-11
-3.51271990738e-11
-4.1657249161e-11
-4.8105868805e-11
-5.46821954878e-11
-4.66132184251e-11
-4.25645619036e-11
-3.8461164019e-11
-1.52924325491e-11
1.23849802692e-12
1.7919192424e-11
-4.38099793181e-11
-4.90178116556e-11
-5.41607017508e-11
-5.94054405052e-11
-4.16336936992e-11
-3.27881074696e-11
-2.38229212083e-11
4.41998417787e-12
1.68136059922e-11
2.93195092146e-11
-5.48870998079e-11
-6.50981567036e-11
-7.51818805963e-11
-8.11512834581e-11
-7.40613466163e-11
-7.31912026693e-11
-7.2309293618e-11
-3.11071545548e-11
1.79634265197e-12
3.4997932785e-11
-7.55594399568e-11
-8.42695733213e-11
-9.28710903643e-11
-7.42614368412e-11
-7.96004227502e-11
-6.85960718541e-11
-5.74429325474e-11
6.97181681076e-12
3.76969305127e-11
6.8700401831e-11
-7.91089136109e-11
-9.38321724011e-11
-1.08371830534e-10
-1.23199428844e-10
-1.07707439238e-10
-1.10733536511e-10
-1.13800549255e-10
-5.04929428198e-11
2.48015219235e-12
5.59331629049e-11
-1.19383236478e-10
-1.20635905566e-10
-1.21373789956e-10
-8.29613581963e-11
-8.177238093e-11
-4.4954246406e-11
-4.23375430951e-11
-4.91837496291e-12
2.08270747213e-11
5.51867851993e-11
-1.13529385857e-10
-1.34664721024e-10
-1.55536496235e-10
-1.76821611471e-10
-1.9783559082e-10
-1.64083168812e-10
-1.72761807266e-10
-1.81441999779e-10
-1.90018847416e-10
8.56832267595e-11
-1.69783645723e-10
-1.88887704716e-10
-2.07753533992e-10
-2.26992977982e-10
-2.4598734443e-10
-1.74864869382e-10
-1.5721845007e-10
-1.39568870865e-10
-1.22129424508e-10
1.85572728306e-10
-1.9916849158e-11
-2.45564152188e-11
-2.91381253804e-11
-3.38105707177e-11
-2.12779648482e-11
-8.32655106271e-12
4.79997711967e-12
4.6188907916e-12
8.8954711153e-12
1.32107955985e-11
-8.33467812545e-12
-6.48766675172e-12
-3.43872232308e-12
5.30938443392e-12
1.53112344557e-11
2.41113820137e-11
2.89362278184e-11
3.32586569857e-11
3.3264382053e-11
4.27457489199e-11
-6.75155290922e-11
-7.58854240177e-11
-8.41509454325e-11
-9.25801554073e-11
-6.90004339051e-11
-6.40700402442e-11
-5.90729833658e-11
-1.18853478651e-11
9.39234523603e-12
3.08628059862e-11
-6.23224350727e-11
-6.78280187559e-11
-7.32649472048e-11
-7.88095473834e-11
-5.43845744122e-11
-3.91004623635e-11
-2.36096958053e-11
1.67186472542e-11
3.57447504176e-11
5.49432226984e-11
-1.09674359891e-10
-1.21348260382e-10
-1.3287658605e-10
-1.37466232452e-10
-1.11268906498e-10
-1.13442844948e-10
-1.15646176939e-10
-2.65033878182e-11
9.83243374297e-12
4.64974437582e-11
-1.20661272066e-10
-1.27116059419e-10
-1.33490354863e-10
-9.88588275005e-11
-1.11440732176e-10
-8.79638814652e-11
-6.41696032809e-11
3.07916652529e-11
7.69659290241e-11
1.23558513721e-10
-1.61352926677e-10
-1.77076898507e-10
-1.92604790678e-10
-2.08440193795e-10
-1.63081872903e-10
-1.73964347488e-10
-1.84993962609e-10
-4.44222755026e-11
1.03718970741e-11
6.56624836078e-11
-1.32592319341e-10
-1.20920333708e-10
-8.93008044192e-11
-2.39590911386e-11
2.06981988964e-11
5.68724587105e-11
1.32848459082e-10
2.27902677378e-10
2.75105124532e-10
4.20638075829e-10
-2.34790890004e-10
-2.56270226368e-10
-2.77481713044e-10
-2.99113267316e-10
-3.20469272661e-10
-2.59968587939e-10
-2.83540815929e-10
-3.07117264929e-10
-3.30413016791e-10
9.28970139203e-11
-2.93795885078e-10
-3.03067663966e-10
-3.1222382275e-10
-3.21561308081e-10
-3.30779849852e-10
-2.32977899444e-10
-1.84540941596e-10
-1.36095310283e-10
-8.82264643048e-11
3.27190990304e-10
-2.67876257302e-11
-3.36197841147e-11
-4.03667447323e-11
-4.72473206674e-11
-2.67505804738e-11
-8.65605044166e-12
9.6831333995e-12
6.60872503583e-12
1.69156158515e-11
2.73158831014e-11
1.46815029294e-11
7.16965539355e-12
-2.48518576903e-13
-7.81360042576e-12
1.85521468354e-11
2.42244025933e-11
2.99733521904e-11
1.43447426379e-13
-1.46965307964e-11
-2.96709534676e-11
-9.88616660454e-11
-1.09012203203e-10
-1.19036162046e-10
-1.29258633155e-10
-9.06672726102e-11
-8.4883514385e-11
-7.90215547101e-11
-8.58789649749e-12
1.72838176017e-11
4.33899193989e-11
-8.02391962361e-11
-8.60329502095e-11
-9.17544554333e-11
-9.75892680825e-11
-6.67251567415e-11
-4.52096980323e-11
-2.34033315784e-11
2.86215634252e-11
5.40667276699e-11
7.97424152364e-11
-1.62698673182e-10
-1.75788345825e-10
-1.8871478881e-10
-2.01897224216e-10
-1.47279199931e-10
-1.52399268163e-10
-1.57588564179e-10
-2.20477612841e-11
1.7609939152e-11
5.76269229767e-11
-1.64311815497e-10
-1.68583829458e-10
-1.72802570935e-10
-1.77104859436e-10
-1.42256482767e-10
-1.06708472872e-10
-7.06798229165e-11
5.38450375956e-11
1.14971328026e-10
1.76651398946e-10
-2.40950488381e-10
-2.57642972264e-10
-2.74127299037e-10
-2.90938077774e-10
-2.16674465679e-10
-2.35160514731e-10
-2.53896511269e-10
-3.85469503775e-11
1.80097010522e-11
7.50787338139e-11
-1.47285306587e-10
-1.80076087e-10
-1.62318674921e-10
-1.0944734297e-10
-3.47789156011e-11
2.60736728813e-11
5.34528338993e-11
6.77822909939e-11
1.01131122958e-10
4.37738203081e-10
-3.52150436296e-10
-3.73962704573e-10
-3.95502971464e-10
-4.17469817042e-10
-4.39156842655e-10
-3.52768601958e-10
-3.90755172924e-10
-4.28748546034e-10
-4.66289576594e-10
9.98786755301e-11
-4.13817653303e-10
-4.13573535615e-10
-4.133324621e-10
-4.13086614419e-10
-4.12843898416e-10
-2.89220965945e-10
-2.10984248823e-10
-1.32733522082e-10
-5.54144350021e-11
4.64252253825e-10
-3.39828073753e-11
-4.31110817631e-11
-5.21255255648e-11
-6.13184894199e-11
-3.24815867272e-11
-9.00110719886e-12
1.47968488676e-11
8.69250969693e-12
2.53144333055e-11
4.20869450968e-11
2.63448717619e-11
1.56097530106e-11
5.00850237126e-12
-5.80269309355e-12
2.74728270964e-11
3.2766001363e-11
3.81307439569e-11
-5.75265305657e-13
-1.87819695057e-11
-3.7153619386e-11
-1.31687817046e-10
-1.43703069811e-10
-1.55568491053e-10
-1.67668892475e-10
-1.13357115384e-10
-1.06679700818e-10
-9.99120017907e-11
-5.13475531224e-12
2.55478873939e-11
5.65085029457e-11
-9.90019008167e-11
-1.05097431097e-10
-1.11116949445e-10
-1.17255677004e-10
-7.96484021029e-11
-5.16073824699e-11
-2.31872238238e-11
4.10864781343e-11
7.32537806971e-11
1.05712506548e-10
-2.18226539897e-10
-2.32798830654e-10
-2.47189403342e-10
-2.61864963752e-10
-1.84989726481e-10
-1.93195026596e-10
-2.01511269517e-10
-1.73817614632e-11
2.5754661015e-11
6.92818827547e-11
-2.10023327958e-10
-2.1200950845e-10
-2.13970921053e-10
-2.15971177038e-10
-1.74527205108e-10
-1.26338093865e-10
-7.7497423858e-11
7.79868794668e-11
1.54771159448e-10
2.32251075233e-10
-3.24306264683e-10
-3.42012989107e-10
-3.59498908729e-10
-3.7733111564e-10
-2.72797443308e-10
-2.99246071097e-10
-3.26052307374e-10
-3.2394220616e-11
2.60081254538e-11
8.49395741335e-11
-7.42263143994e-11
-6.41026830872e-11
-1.52847284043e-10
-1.34778948937e-10
-1.49730857349e-10
-1.02007246418e-10
-1.92089050576e-10
-1.8250243034e-10
-6.6524589684e-11
3.85824805611e-10
-4.75051136746e-10
-4.97212056382e-10
-5.19096626911e-10
-5.41414594639e-10
-5.6344826971e-10
-4.49950186967e-10
-5.03031676961e-10
-5.56122672101e-10
-6.08581575007e-10
1.07189977672e-10
-5.39506273022e-10
-5.2929696382e-10
-5.19214965827e-10
-5.08933306174e-10
-4.98782617243e-10
-3.4811955994e-10
-2.38676082024e-10
-1.29213006387e-10
-2.10531792548e-11
6.07784891974e-10
-4.11709712415e-11
-5.2593122129e-11
-6.38728375381e-11
-7.53759339391e-11
-3.82070032767e-11
-9.34582740695e-12
1.99055767028e-11
1.07742619507e-11
3.37050590213e-11
5.6843600222e-11
3.7996864795e-11
2.4041618627e-11
1.02603959143e-11
-3.79374708822e-12
3.63848066234e-11
4.12992691337e-11
4.62801794583e-11
-1.29327704537e-12
-2.28634235058e-11
-4.46289871293e-11
-1.6448195125e-10
-1.78360100883e-10
-1.92065188463e-10
-2.06041688569e-10
-1.36024827751e-10
-1.28454628467e-10
-1.20782073494e-10
-1.68498212835e-12
3.38038968732e-11
6.96142913576e-11
-1.17746305302e-10
-1.24143317554e-10
-1.30460558359e-10
-1.36902904406e-10
-9.25590428514e-11
-5.79988269629e-11
-2.29713268486e-11
5.35392352606e-11
9.24221197427e-11
1.31657268081e-10
-2.73700247828e-10
-2.89753710636e-10
-3.05606984996e-10
-3.21774214099e-10
-2.22663472286e-10
-2.3395099512e-10
-2.45391135097e-10
-1.27203125983e-11
3.38914389705e-11
8.09254749348e-11
-2.55690255958e-10
-2.55392832457e-10
-2.55099117859e-10
-2.54799586602e-10
-2.06766452386e-10
-1.4594856922e-10
-8.43083752918e-11
1.02105174732e-10
1.94532172334e-10
2.87796522696e-10
-4.07580740409e-10
-4.2630071614e-10
-4.44787251714e-10
-4.63639890555e-10
-3.28865681715e-10
-3.63269121986e-10
-3.98137726739e-10
-2.62474918841e-11
3.39987486383e-11
9.47907967392e-11
5.70587131295e-11
1.40479463223e-10
1.91234936988e-10
2.80302018185e-10
2.42216668254e-10
2.2530062767e-10
3.65951211515e-10
4.31777790626e-10
6.07963477165e-10
1.04393968082e-09
-5.97831966707e-10
-6.20341197646e-10
-6.42569735998e-10
-6.65238483413e-10
-6.87618469837e-10
-5.47036986479e-10
-6.15198672757e-10
-6.83372564548e-10
-7.50734789738e-10
1.14494148777e-10
-6.65072303069e-10
-6.44907521847e-10
-6.24994197665e-10
-6.0468651441e-10
-5.84637516235e-10
-4.06960707531e-10
-2.66340906156e-10
-1.25695924406e-10
1.32745624397e-11
7.51177536393e-10
-4.83516853646e-11
-6.20653354006e-11
-7.56079747116e-11
-8.94188094596e-11
-4.39264860601e-11
-9.69019035037e-12
2.50090099021e-11
1.28538566966e-11
4.20869887743e-11
7.15849616934e-11
4.96367818158e-11
3.246474554e-11
1.55068464461e-11
-1.78688313498e-12
4.52875498615e-11
4.98236931086e-11
5.4421168964e-11
-2.01054464471e-12
-2.69406475268e-11
-5.20966074743e-11
-1.97242097932e-10
-2.12981213744e-10
-2.28524061051e-10
-2.44374715471e-10
-1.58669047521e-10
-1.50206988793e-10
-1.41630515658e-10
1.76121574418e-12
4.20513499046e-11
8.27064970579e-11
-1.36471283268e-10
-1.43169465039e-10
-1.49784119746e-10
-1.56529769614e-10
-1.05456303138e-10
-6.43836474249e-11
-2.27556536269e-11
6.59790864707e-11
1.11570592908e-10
1.57575140716e-10
-3.29116463348e-10
-3.46649563134e-10
-3.63964023237e-10
-3.81621375082e-10
-2.60298173387e-10
-2.74664724556e-10
-2.89225524012e-10
-8.06369481369e-12
4.20197840485e-11
9.25569998093e-11
-3.01309855199e-10
-2.98731194409e-10
-2.96184689802e-10
-2.9358775478e-10
-2.38972287222e-10
-1.65538720469e-10
-9.11122679218e-11
1.2619847403e-10
2.34251977293e-10
3.43284403399e-10
-4.90768911278e-10
-5.10501088193e-10
-5.29987202691e-10
-5.49859215895e-10
-3.84875811545e-10
-4.27225820007e-10
-4.70148437477e-10
-2.01071335621e-11
4.19810904186e-11
1.04631809634e-10
-1.01846008658e-10
-3.41555226001e-10
-2.44823788695e-10
-2.1178463138e-10
-1.45343317229e-10
-7.27032540937e-11
9.63080248449e-11
2.28668139217e-10
4.33254269147e-10
1.38088047794e-09
-7.2048554781e-10
-7.43342729066e-10
-7.65914878756e-10
-7.88934042313e-10
-8.11659981177e-10
-6.44023166175e-10
-7.2724941977e-10
-8.10490576445e-10
-8.92740678261e-10
1.2179074991e-10
-7.90508197705e-10
-7.60398262216e-10
-7.30663800935e-10
-7.00340484953e-10
-6.70403436045e-10
-4.65740872728e-10
-2.93977058732e-10
-1.22182487495e-10
4.75667271966e-11
8.9442157007e-10
