-6.6162590361e-11
-2.1665468137e-10
-3.65270119445e-10
-5.16828704821e-10
-4.69597806586e-10
-5.01157825939e-10
-5.33144564247e-10
-6.89011237122e-10
-7.90872675767e-10
-8.9365693955e-10
-1.82225191957e-10
-3.176345296e-10
-4.51355297903e-10
-5.87724242758e-10
-5.42331327316e-10
-6.05355679521e-10
-6.69232175871e-10
-7.47056143957e-10
-9.88337131231e-10
-1.23180403069e-09
-9.84697976739e-12
-1.60007961495e-10
-3.08296419258e-10
-4.59521548876e-10
-6.66112321259e-10
-7.88377387722e-10
-9.12295584394e-10
-1.17575320653e-09
-1.33620240208e-09
-1.49810520513e-09
-1.22343769442e-10
-4.36978970017e-10
-7.47690635019e-10
-1.06455556519e-09
-1.11486738033e-09
-1.32705526374e-09
-1.54211211219e-09
-2.05782126114e-09
-2.62066376163e-09
-3.18860539694e-09
4.00325610441e-11
-1.09835152463e-10
-2.57833999092e-10
-4.08763782183e-10
-8.40168034255e-10
-1.04277185673e-09
-1.24811505938e-09
-1.6068675223e-09
-1.81920873111e-09
-2.03347366893e-09
-6.93059380713e-11
-5.42684045815e-10
-1.01015907647e-09
-1.48689187934e-09
-1.62197074156e-09
-1.96627489548e-09
-2.3152343415e-09
-3.21878465064e-09
-4.06643877713e-09
-4.92177232133e-09
1.01175223974e-10
-4.83329994565e-11
-1.9597683889e-10
-3.465445843e-10
-1.05352665019e-09
-1.35461023809e-09
-1.6597647384e-09
-2.13533023194e-09
-2.41128100539e-09
-2.68973178585e-09
-4.29182219792e-12
-6.72258009696e-10
-1.33189458533e-09
-2.00459445798e-09
-2.2435813134e-09
-2.74983444407e-09
-3.26293255807e-09
-4.64190106359e-09
-5.83867911871e-09
-7.04629951897e-09
1.88062166033e-10
3.90647969218e-11
-1.08074558601e-10
-2.58127829414e-10
-4.06269678729e-10
-1.79774899056e-09
-2.24474059805e-09
-2.69181224702e-09
-3.13356113801e-09
-3.62230910989e-09
8.80966582537e-11
-8.56389432054e-10
-1.78909767689e-09
-2.74027706974e-09
-3.67934006733e-09
-3.86331380258e-09
-4.60966160268e-09
-5.35614304908e-09
-6.09373701609e-09
-1.0065364484e-08
-8.29757204315e-12
-4.791100942e-14
8.09887584344e-12
1.64069998633e-11
2.94281538927e-11
3.44337681991e-11
3.95070627714e-11
4.95653971941e-11
4.44476636787e-11
3.9283565482e-11
-9.14284659549e-12
2.17578313838e-12
1.3353268314e-11
2.47521099366e-11
3.66813826492e-11
4.18797558223e-11
4.71484155292e-11
5.73869769001e-11
5.34279476616e-11
4.94330511533e-11
-8.13071487309e-11
-5.70510589177e-11
-3.30974452135e-11
-8.66945943559e-12
5.92412681855e-12
1.49263416407e-11
2.40502742495e-11
3.54026614879e-11
9.77897057477e-12
-1.60768610424e-11
-7.50678882345e-11
-5.65296045868e-11
-3.82224953761e-11
-1.95528362192e-11
6.81334453988e-12
1.48112561163e-11
2.29173064246e-11
8.9304578492e-12
2.34458773041e-12
-4.30094781797e-12
-1.45972773797e-10
-1.07539561351e-10
-6.95856152925e-11
-3.08800376717e-11
-1.48937257329e-11
-2.35166473956e-12
1.03599758443e-11
2.28585241482e-11
-2.09275861744e-11
-6.51103816784e-11
-1.334586394e-10
-1.08525805143e-10
-8.3903886073e-11
-5.87943599572e-11
-1.96412034998e-11
-9.16370076614e-12
1.4554669319e-12
-3.39881733102e-11
-4.29006739229e-11
-5.18939183354e-11
-2.25240314201e-10
-1.69428693365e-10
-1.14313049583e-10
-5.81059077676e-11
-4.04123836991e-11
-2.35311564315e-11
-6.42168026527e-12
7.48183966718e-12
-5.85678815444e-11
-1.25215987619e-10
-2.05034398894e-10
-1.72263083245e-10
-1.39900429508e-10
-1.06896872926e-10
-5.20693591614e-11
-3.85523575898e-11
-2.48525943817e-11
-8.65981082797e-11
-9.83626075625e-11
-1.10233688647e-10
-3.37883661091e-10
-2.57376407281e-10
-1.77873087785e-10
-9.67953021145e-11
-1.67503084759e-11
-5.36283288358e-11
-3.0269296842e-11
-6.90608201503e-12
1.61789744043e-11
-2.10629217114e-10
-3.0674732028e-10
-2.62837110021e-10
-2.19474464916e-10
-1.75253075567e-10
-1.31594990928e-10
-8.03151857076e-11
-6.22377341432e-11
-4.41570455026e-11
-2.62916224236e-11
-1.93137572774e-10
-1.90489550423e-12
2.38818665887e-11
4.93470649208e-11
7.53165704146e-11
8.45583801088e-11
9.3603607211e-11
1.02771133663e-10
1.31160144066e-10
1.36730235977e-10
1.42350790761e-10
9.97854108667e-12
3.75070409964e-11
6.46922574831e-11
9.2415843991e-11
1.00648198427e-10
1.13383522743e-10
1.26291039738e-10
1.46258367856e-10
1.68517640407e-10
1.90978573336e-10
-8.92017586158e-11
-4.56768263544e-11
-2.6946547876e-12
4.11387262088e-11
8.01678021826e-11
1.0367185756e-10
1.27493708242e-10
1.69205914775e-10
1.58477161519e-10
1.47651209918e-10
-6.98450536889e-11
-1.449920689e-11
4.01564711092e-11
9.58945380805e-11
1.30731771639e-10
1.6305485595e-10
1.95814976518e-10
2.3725623411e-10
2.92123186681e-10
3.47487212567e-10
-1.66521837372e-10
-1.0728595439e-10
-4.87887493865e-11
1.08669213408e-11
7.62790045907e-11
1.12589450727e-10
1.49390845727e-10
2.02903597404e-10
1.77738724142e-10
1.52345866886e-10
-1.40545951919e-10
-6.05618835894e-11
1.84247746067e-11
9.89756671311e-11
1.57377222198e-10
2.07049465361e-10
2.57393320524e-10
3.1785434422e-10
4.01602384809e-10
4.86109150172e-10
-2.6130128875e-10
-1.82806821014e-10
-1.05291187927e-10
-2.62404523684e-11
7.15120914136e-11
1.23520693964e-10
1.76232498127e-10
2.44210434174e-10
2.01349671873e-10
1.58100607685e-10
-2.27211569104e-10
-1.17025809866e-10
-8.2140791706e-12
1.02752535e-10
1.90039387399e-10
2.60978341414e-10
3.32876451885e-10
4.16652027581e-10
5.35802692192e-10
6.56032815622e-10
-3.95987877551e-10
-2.90125947268e-10
-1.85584126906e-10
-7.89719834288e-11
2.62821040604e-11
1.39054565931e-10
2.14375898906e-10
2.89710719451e-10
3.64148616611e-10
1.66278397242e-10
-3.50367972472e-10
-1.97264020891e-10
-4.60692924331e-11
1.08119663023e-10
2.60344515449e-10
3.37614112647e-10
4.40141954345e-10
5.42688155403e-10
6.44013459072e-10
8.97503287579e-10
4.20297891924e-12
4.67455412422e-11
8.87575931316e-11
1.31601642415e-10
1.37232482516e-10
1.50137352371e-10
1.63216707309e-10
2.0911973806e-10
2.24901498771e-10
2.40826236115e-10
2.82480458949e-11
7.12642450261e-11
1.13744027421e-10
1.57065070041e-10
1.61765208754e-10
1.81701703164e-10
2.01907756347e-10
2.31170421906e-10
2.78479936551e-10
3.26218057054e-10
-9.67446532868e-11
-3.48093307542e-11
2.63536514913e-11
8.87278919244e-11
1.51103824536e-10
1.88463644472e-10
2.2632860172e-10
2.97048057821e-10
3.00550653233e-10
3.04084980802e-10
-6.48549032653e-11
2.56586815215e-11
1.15043551946e-10
2.06198580597e-10
2.49129470454e-10
3.04694009183e-10
3.6100982888e-10
4.55409797887e-10
5.68991769382e-10
6.83602749496e-10
-1.86155413241e-10
-1.07043645951e-10
-2.89184111044e-11
5.07539986327e-11
1.63389870324e-10
2.22409788905e-10
2.82227708199e-10
3.74927426752e-10
3.67554190042e-10
3.60114154667e-10
-1.47317515379e-10
-1.47348175826e-11
1.16194559383e-10
2.49716832803e-10
3.26509245103e-10
4.13630051656e-10
5.0192880741e-10
6.54021816613e-10
8.26302249889e-10
1.00014347709e-09
-2.95755699636e-10
-1.95588935547e-10
-9.66712620283e-11
4.20535524289e-12
1.78450184517e-10
2.64021191757e-10
3.5074919356e-10
4.70392459635e-10
4.49687557743e-10
4.28795077469e-10
-2.48400717324e-10
-6.42494293875e-11
1.17605471725e-10
3.03061787121e-10
4.21361872091e-10
5.47164555334e-10
6.74668200446e-10
8.97481710535e-10
1.14171509696e-09
1.38816114317e-09
-4.5150347504e-10
-3.21416452341e-10
-1.92951629131e-10
-6.19427169426e-11
6.73973662374e-11
3.23153185285e-10
4.48121830651e-10
5.73112853786e-10
6.96615755349e-10
5.26394283556e-10
-3.92045267457e-10
-1.34612298795e-10
1.19610452421e-10
3.78867774836e-10
6.34822603299e-10
7.36924113191e-10
9.20139969497e-10
1.10338863373e-09
1.28445557096e-09
1.93955466865e-09
1.01143138989e-11
6.88735075971e-11
1.26899967684e-10
1.86075570967e-10
1.88211635408e-10
2.04851952267e-10
2.21717260706e-10
2.84570744912e-10
3.10235582909e-10
3.36132934388e-10
4.59296737978e-11
1.03935208304e-10
1.61217407412e-10
2.19634010536e-10
2.20915593314e-10
2.4782153826e-10
2.75091275022e-10
3.13350172258e-10
3.84903861237e-10
4.57105798893e-10
-1.04044832371e-10
-2.42915298911e-11
5.44672401313e-11
1.34785731435e-10
2.19757264534e-10
2.70526997647e-10
3.21983181778e-10
4.20776490933e-10
4.38052498069e-10
4.55485019131e-10
-6.00253261149e-11
6.45243676861e-11
1.875209131e-10
3.12953254926e-10
3.63717363064e-10
4.417754917e-10
5.20889034234e-10
6.6654360698e-10
8.36951263015e-10
1.00890274634e-09
-2.05157219068e-10
-1.06809134523e-10
-9.68746141552e-12
8.93575878496e-11
2.47697678904e-10
3.28696323554e-10
4.10790140442e-10
5.41415865979e-10
5.51261765781e-10
5.61196865618e-10
-1.53871183181e-10
2.96176231388e-11
2.10818303853e-10
3.95607442815e-10
4.90198930557e-10
6.13563279031e-10
7.38595620965e-10
9.79372077735e-10
1.23733610459e-09
1.4976371855e-09
-3.29101435018e-10
-2.07959746654e-10
-8.83287084729e-11
3.36714763578e-11
2.81947219098e-10
4.00000658538e-10
5.1965028332e-10
6.8929639023e-10
6.90034416526e-10
6.90779129054e-10
-2.68908040229e-10
-1.3171289532e-11
2.39376395743e-10
4.96925479581e-10
6.45240852001e-10
8.24141857051e-10
1.00546175954e-09
1.36283923543e-09
1.72813042652e-09
2.09673101415e-09
-5.05232689264e-10
-3.51700090207e-10
-2.00082059554e-10
-4.546141892e-11
1.07189619754e-10
5.01327871409e-10
6.74346275831e-10
8.4739566215e-10
1.01838475231e-09
8.74922345515e-10
-4.32381468665e-10
-7.39765864854e-11
2.79958947376e-10
6.40903742354e-10
9.97250719261e-10
1.1233850995e-09
1.38469258804e-09
1.64604686814e-09
1.90428950924e-09
2.94807487592e-09
1.63047537272e-11
9.20462502541e-11
1.66843241985e-10
2.43121496815e-10
2.41597779073e-10
2.62149912804e-10
2.82979929287e-10
3.63584185955e-10
3.99598732685e-10
4.35939557243e-10
6.44461432546e-11
1.38148737566e-10
2.10932252417e-10
2.85157155915e-10
2.82858774964e-10
3.1706323443e-10
3.51730167986e-10
3.99410055754e-10
4.96352612548e-10
5.94173431317e-10
-1.11689690853e-10
-1.32771289829e-11
8.39082174118e-11
1.83018200935e-10
2.91652190263e-10
3.5646498825e-10
4.22154111727e-10
5.50346786452e-10
5.82046519667e-10
6.14033440174e-10
-5.49677195255e-11
1.052251049e-10
2.63420307177e-10
4.2474837229e-10
4.83715545657e-10
5.85329303489e-10
6.88316967847e-10
8.87646140573e-10
1.11756251707e-09
1.34956184678e-09
-2.2505619891e-10
-1.06563550593e-10
1.04514813614e-11
1.29783853156e-10
3.35986097317e-10
4.40001197931e-10
5.45422673317e-10
7.15765089749e-10
7.43643130994e-10
7.71773736484e-10
-1.60734283702e-10
7.60641731092e-11
3.09909727107e-10
5.48386306793e-10
6.61617256842e-10
8.22936393227e-10
9.86436704867e-10
1.3200838157e-09
1.66777700392e-09
2.01862015762e-09
-3.64021595883e-10
-2.2091464805e-10
-7.95922596036e-11
6.45288462011e-11
3.90330886609e-10
5.42400422701e-10
6.96526071394e-10
9.18535913145e-10
9.41729299718e-10
9.6513280938e-10
-2.90383620435e-10
4.03185147855e-11
3.6689675799e-10
6.99942484572e-10
8.79690322166e-10
1.11419669678e-09
1.35187380186e-09
1.85016870779e-09
2.34223347169e-09
2.83875615155e-09
-5.6149873895e-10
-3.83413576015e-10
-2.07549154659e-10
-2.8201953156e-11
1.48860672379e-10
6.87915110531e-10
9.11251952873e-10
1.13462878749e-09
1.35534613602e-09
1.23990622876e-09
-4.74622151581e-10
-1.0477947043e-11
4.47878328191e-10
9.15311789835e-10
1.3767909503e-09
1.52809291761e-09
1.87117915022e-09
2.21432681827e-09
2.55338902934e-09
4.00421256398e-09
2.24891557457e-11
1.1519639151e-10
2.06747557843e-10
3.00111783248e-10
2.94931852871e-10
3.19391988106e-10
3.44182845677e-10
4.42520561694e-10
4.88874722627e-10
5.35648834284e-10
8.29445527796e-11
1.7232889686e-10
2.60598608334e-10
3.50616393672e-10
3.44741540689e-10
3.86237396111e-10
4.28294311648e-10
4.85386001239e-10
6.07692662962e-10
7.31107375615e-10
-1.19327092966e-10
-2.27347090706e-12
1.13320479605e-10
2.31203627174e-10
3.6347699369e-10
4.4231915973e-10
5.22227340537e-10
6.7979070633e-10
7.25900097527e-10
7.72427221928e-10
-4.99150458435e-11
1.45886144884e-10
3.39245673217e-10
5.36434450931e-10
6.03596688714e-10
7.28743100896e-10
8.5558160159e-10
1.10853302308e-09
1.39790007855e-09
1.68988868733e-09
-2.44935770397e-10
-1.06318206191e-10
3.05707817365e-11
1.70170688938e-10
4.24188404131e-10
5.5119751174e-10
6.79923893127e-10
8.89944263008e-10
9.35836858152e-10
9.82145222413e-10
-1.67590690338e-10
1.22465421705e-10
4.08904502114e-10
7.01016158788e-10
8.32868391251e-10
1.03210529656e-09
1.2340360584e-09
1.66046324243e-09
2.09779807521e-09
2.539094992e-09
-3.9890769757e-10
-2.33856913958e-10
-7.08643317794e-11
9.53561194867e-11
4.98608842735e-10
6.84661298074e-10
8.73229344688e-10
1.14755184861e-09
1.19317869376e-09
1.23921890043e-09
-3.11838254558e-10
9.37561481307e-11
4.94292743987e-10
9.02761478096e-10
1.11391112339e-09
1.40396863319e-09
1.69794797319e-09
2.33702286615e-09
2.95573755499e-09
3.58005755901e-09
-6.17709909869e-10
-4.15096130259e-10
-2.15008966776e-10
-1.09593213124e-11
1.90491081384e-10
8.74320362866e-10
1.14792656533e-09
1.42158176165e-09
1.69197886638e-09
1.60453412708e-09
-5.1682163529e-10
5.29587593674e-11
6.15633929806e-10
1.18945219501e-09
1.75596099897e-09
1.93240600628e-09
2.35719122053e-09
2.78205249982e-09
3.20185545397e-09
5.05932015423e-09
2.86671483101e-11
1.38322540185e-10
2.46610517257e-10
3.57043005502e-10
3.48210651753e-10
3.76574738277e-10
4.05322331961e-10
5.21375128541e-10
5.78058187802e-10
6.35254773601e-10
1.01423790733e-10
2.06473632169e-10
3.10213490523e-10
4.16007790112e-10
4.06560171718e-10
4.55339866364e-10
5.04779104975e-10
5.71272842091e-10
7.1891732163e-10
8.67899402905e-10
-1.2695657975e-10
8.71878308456e-12
1.42702259215e-10
2.79339114507e-10
4.3522735859e-10
5.28084352781e-10
6.22196854426e-10
8.0910047179e-10
8.69604586937e-10
9.30656845908e-10
-4.48676087033e-11
1.86505044162e-10
4.14992454585e-10
6.48004779206e-10
7.23353588121e-10
8.72008265638e-10
1.02267288389e-09
1.32919098058e-09
1.67794710091e-09
2.02986281646e-09
-2.64794738889e-10
-1.06073116061e-10
5.06692306645e-11
2.10515668196e-10
5.12299298931e-10
6.62278582771e-10
8.14285717181e-10
1.06394291867e-09
1.1278313976e-09
1.19229868138e-09
-1.74439991061e-10
1.68818580498e-10
5.07796679898e-10
8.53487826688e-10
1.00394204265e-09
1.24105741928e-09
1.48137880237e-09
2.00048990324e-09
2.52737347684e-09
3.05903041132e-09
-4.33757643641e-10
-2.46785766627e-10
-6.21454494946e-11
1.26151443686e-10
6.0677458064e-10
8.26774735661e-10
1.04974948443e-09
1.37633043419e-09
1.44436748809e-09
1.51302093131e-09
-3.33270653306e-10
1.47138399233e-10
6.21556698023e-10
1.10537027199e-09
1.34788918046e-09
1.69344025278e-09
2.04366347662e-09
2.82337245359e-09
3.56860580863e-09
4.32059068889e-09
-6.73862824077e-10
-4.46745849011e-10
-2.22461047616e-10
6.26544043531e-12
2.32078345038e-10
1.06053242661e-09
1.38435589052e-09
1.70823734054e-09
2.02826271386e-09
1.96878412859e-09
-5.58977383865e-10
1.16329720592e-10
7.83215671148e-10
1.46330848373e-09
2.13473807948e-09
2.3363000688e-09
2.84269959267e-09
3.34918979601e-09
3.84964981431e-09
6.11333424123e-09
-5.87690541275e-11
-1.78262721434e-10
-2.96266289561e-10
-4.16606774281e-10
-3.83585254342e-10
-4.06123277018e-10
-4.28966033396e-10
-5.44812333098e-10
-6.19322000769e-10
-6.94506697138e-10
-1.23038487171e-10
-2.36502218582e-10
-3.48551044777e-10
-4.6281886117e-10
-4.34416014872e-10
-4.81365417622e-10
-5.28949617197e-10
-5.78225366843e-10
-7.63169837265e-10
-9.49789832876e-10
-1.10512825831e-11
-1.41608368191e-10
-2.70537392574e-10
-4.02019698872e-10
-5.59384363084e-10
-6.64343648587e-10
-7.70722075065e-10
-9.92341836092e-10
-1.13563287581e-09
-1.28022207679e-09
-6.78884044444e-11
-3.27164527793e-10
-5.83207449353e-10
-8.44320988363e-10
-9.1351841683e-10
-1.11207531139e-09
-1.31331686813e-09
-1.64846148303e-09
-2.08137549275e-09
-2.51821153554e-09
3.12130293561e-11
-1.09143083889e-10
-2.47748940957e-10
-3.89099717796e-10
-7.15092145114e-10
-8.93053120548e-10
-1.0734202834e-09
-1.38872511017e-09
-1.5929367937e-09
-1.7989985559e-09
-1.90411883151e-11
-4.07465430236e-10
-7.9104597912e-10
-1.18222287245e-09
-1.33786625856e-09
-1.67070407444e-09
-2.00804214753e-09
-2.59638490022e-09
-3.24892907332e-09
-3.90738504361e-09
8.30208956042e-11
-6.93469289382e-11
-2.19814709942e-10
-3.73262321639e-10
-9.05959748892e-10
-1.17340666682e-09
-1.44446970007e-09
-1.87461428485e-09
-2.1535028866e-09
-2.43491811095e-09
4.08360443596e-11
-5.05898794522e-10
-1.0458157898e-09
-1.59642518197e-09
-1.85803458069e-09
-2.35547481624e-09
-2.85964087711e-09
-3.75835554064e-09
-4.68012378499e-09
-5.61024289222e-09
1.56642600273e-10
-1.2794498219e-11
-1.80118697448e-10
-3.50756548151e-10
-5.19220765089e-10
-1.57180381153e-09
-1.97175045007e-09
-2.37176870589e-09
-2.76702441331e-09
-3.33859326812e-09
1.25924743423e-10
-6.45777785876e-10
-1.40785709972e-09
-2.18502846393e-09
-2.95229999693e-09
-3.3285700809e-09
-4.06980749284e-09
-4.81117763597e-09
-5.54372115401e-09
-8.03009351918e-09
-9.95273607283e-12
-3.11190310369e-12
3.64362392557e-12
1.05329359196e-11
2.08899191822e-11
2.57266523396e-11
3.06287823428e-11
3.94168422225e-11
3.61265748106e-11
3.28064988519e-11
-1.03259222415e-11
-1.54500597467e-12
7.12641130012e-12
1.59695554068e-11
2.66895305405e-11
3.16845813986e-11
3.67471696956e-11
4.5245111919e-11
4.26521621007e-11
4.00357211623e-11
-7.20183822093e-11
-5.23014744523e-11
-3.28304387046e-11
-1.29738028666e-11
-3.350601144e-14
9.5582080226e-12
1.92796103861e-11
2.67118223627e-11
3.38391354428e-12
-2.01553370826e-11
-7.312595803e-11
-5.78780036736e-11
-4.28201929858e-11
-2.74641807419e-11
-6.63707813772e-12
2.59717519755e-12
1.19562836823e-11
1.65272445478e-12
-4.44089380544e-12
-1.05897178843e-11
-1.26990811645e-10
-9.58693805039e-11
-6.51360370341e-11
-3.28654330727e-11
-1.85656826115e-11
-4.76241408677e-12
9.22748665307e-12
1.54588047726e-11
-2.56167292916e-11
-6.70643917674e-11
-1.28748846871e-10
-1.07772944493e-10
-8.70586139248e-11
-5.58640420889e-11
-3.61549315384e-11
-2.3165956009e-11
-1.00013582152e-11
-3.69576758707e-11
-4.61518861794e-11
-5.54293924684e-11
-1.94376370307e-10
-1.49275200825e-10
-1.0473644789e-10
-5.93156593309e-11
-4.12825442503e-11
-2.23167250596e-11
-3.09447147134e-12
1.66478321048e-12
-6.11659043809e-11
-1.24565813639e-10
-1.9693174287e-10
-1.68934484852e-10
-1.41286355721e-10
-1.1309068915e-10
-7.23381066748e-11
-5.47465684559e-11
-3.69171773154e-11
-8.42865536891e-11
-9.72814897346e-11
-1.10394154862e-10
-2.90134795775e-10
-2.25167682334e-10
-1.61010715948e-10
-9.55831991726e-11
-3.09891168264e-11
-4.7262324863e-11
-2.06046224902e-11
6.0578533989e-12
3.2402890447e-11
-2.06278360509e-10
-2.93823226658e-10
-2.5584825273e-10
-2.18346830905e-10
-1.80102739208e-10
-1.42345811693e-10
-9.96242808803e-11
-7.51659728788e-11
-5.07032852001e-11
-2.65318460633e-11
-1.88501975105e-10
-4.5597207379e-12
1.62380005111e-11
3.67763718875e-11
5.77214806331e-11
6.55745840718e-11
7.34355616599e-11
8.14028265131e-11
1.03959950494e-10
1.08537693884e-10
1.13156909853e-10
2.1260736346e-12
2.44120489844e-11
4.64201157693e-11
6.88640254465e-11
7.76304735803e-11
8.83641226374e-11
9.92428999803e-11
1.14123429392e-10
1.31675885581e-10
1.49387360216e-10
-7.87537632523e-11
-4.24352357305e-11
-6.56960424333e-12
3.0006302286e-11
6.17611534388e-11
8.40079656399e-11
1.06555574122e-10
1.39292455769e-10
1.29217553944e-10
1.19051377415e-10
-7.37045802599e-11
-2.81283951013e-11
1.68794500132e-11
6.27786205487e-11
9.35512433383e-11
1.25741362493e-10
1.583667201e-10
1.83950193415e-10
2.25009842918e-10
2.66441476924e-10
-1.44468486622e-10
-9.44029592587e-11
-4.49617545306e-11
7.66284096839e-12
5.83835434497e-11
9.33720948794e-11
1.28833722004e-10
1.70586960442e-10
1.47534001426e-10
1.24272191541e-10
-1.40868873709e-10
-7.46642170058e-11
-9.28513965653e-12
5.96970115901e-11
1.07652496552e-10
1.58846917793e-10
2.10733532206e-10
2.45796755836e-10
3.07677062274e-10
3.70117980294e-10
-2.25022018495e-10
-1.58105330035e-10
-9.20231000441e-11
-2.46321921698e-11
5.42432473339e-11
1.04850704915e-10
1.56142419409e-10
2.08947966169e-10
1.69986420921e-10
1.30671899179e-10
-2.23199297938e-10
-1.31708127727e-10
-4.13578624775e-11
5.07816794645e-11
1.24937903718e-10
1.99427921064e-10
2.74925108337e-10
3.21608671061e-10
4.09011073097e-10
4.97205307006e-10
-3.39492826946e-10
-2.48629751665e-10
-1.58899748932e-10
-6.73927530482e-11
2.29486005396e-11
1.21162413913e-10
1.9494951572e-10
2.68749830366e-10
3.41671491191e-10
1.3976622056e-10
-3.40195163946e-10
-2.12770527174e-10
-8.6934889644e-11
4.13927690508e-11
1.68085753312e-10
2.57095662555e-10
3.66144716522e-10
4.75213297581e-10
5.8298332692e-10
6.7780308707e-10
5.93028697972e-13
3.47258405676e-11
6.84330125174e-11
1.02807713854e-10
1.08268488595e-10
1.19018976562e-10
1.29914820492e-10
1.65627578728e-10
1.77722802729e-10
1.8992760477e-10
1.40233167799e-11
4.92126831363e-11
8.3963234222e-11
1.19401977544e-10
1.26301930865e-10
1.42518516053e-10
1.58954363599e-10
1.79933127578e-10
2.16733485541e-10
2.53867240478e-10
-8.51890742451e-11
-3.30085508704e-11
1.85212756359e-11
7.10715874418e-11
1.20802779848e-10
1.55140889012e-10
1.89943279325e-10
2.46857474455e-10
2.49445140798e-10
2.52056250394e-10
-7.42574241113e-11
2.95829431293e-13
7.39193956985e-11
1.49000986806e-10
1.89276043826e-10
2.43399314901e-10
2.9825437975e-10
3.58126071289e-10
4.44238248695e-10
5.31130569039e-10
-1.6116750828e-10
-9.30018690013e-11
-2.56862627449e-11
4.6385527301e-11
1.31904580671e-10
1.87134582896e-10
2.43111342864e-10
3.18803953528e-10
3.1297064023e-10
3.07084479375e-10
-1.52448937472e-10
-4.30305267074e-11
6.50234244348e-11
1.7010966892e-10
2.45053115306e-10
3.32750879595e-10
4.21634394054e-10
5.15954107147e-10
6.45742467489e-10
7.76706660051e-10
-2.54302362904e-10
-1.6654206542e-10
-7.9876148502e-11
8.50608108731e-12
1.45513239746e-10
2.2635265927e-10
3.08285098169e-10
4.06996411746e-10
3.90840607275e-10
3.74538437481e-10
-2.48296599011e-10
-9.61402535871e-11
5.41186854664e-11
2.07353319352e-10
3.13425009379e-10
4.42278604059e-10
5.72874411589e-10
7.09420731746e-10
8.92747638914e-10
1.07773541677e-09
-3.86651893159e-10
-2.71046555067e-10
-1.56882828262e-10
-4.04582282336e-11
7.44833219281e-11
2.82083609907e-10
4.00900434655e-10
5.19738535582e-10
6.37161770569e-10
4.70394062158e-10
-3.84501170672e-10
-1.71611970732e-10
3.86224774587e-11
2.53020362214e-10
4.6468718537e-10
5.97923265139e-10
7.87794436507e-10
9.77699607547e-10
1.16534380036e-09
1.5055131237e-09
5.57997274263e-12
5.2618778118e-11
9.90710044144e-11
1.46443160338e-10
1.49588586837e-10
1.63135606394e-10
1.76865793458e-10
2.2531086339e-10
2.44681670191e-10
2.6422796899e-10
2.55377299277e-11
7.32152814242e-11
1.20298288607e-10
1.68313717262e-10
1.73407235921e-10
1.94930327086e-10
2.16744429194e-10
2.43625198488e-10
2.99054098421e-10
3.54985162695e-10
-9.14173095262e-11
-2.3885198278e-11
4.28047801117e-11
1.108154721e-10
1.77944562283e-10
2.2398489414e-10
2.70647731392e-10
3.5096126138e-10
3.65804039232e-10
3.80781286895e-10
-7.47924785296e-11
2.78054180541e-11
1.29123907578e-10
2.32448886084e-10
2.819206076e-10
3.57271264697e-10
4.33640728318e-10
5.26697310332e-10
6.56412313478e-10
7.87302484255e-10
-1.77329188107e-10
-9.1645863086e-11
-7.03101855635e-12
7.92595196604e-11
2.0305985482e-10
2.77879977572e-10
3.53711733563e-10
4.62251613886e-10
4.73083851811e-10
4.84014225611e-10
-1.63656377449e-10
-1.24147466452e-11
1.3694088438e-10
2.89254321325e-10
3.78032451087e-10
5.01058952294e-10
6.25748878971e-10
7.7741832368e-10
9.72929589671e-10
1.17021211192e-09
-2.82640523142e-10
-1.74707323173e-10
-6.81200620849e-11
4.05780295735e-11
2.33846342447e-10
3.43944918553e-10
4.5553212332e-10
5.9867204599e-10
6.04588138198e-10
6.10557827908e-10
-2.7258631806e-10
-6.17168840184e-11
1.46522984977e-10
3.58886790331e-10
4.95846968911e-10
6.77314827414e-10
8.61236289448e-10
1.0847537594e-09
1.36091850887e-09
1.6395852039e-09
-4.32293472928e-10
-2.92742029613e-10
-1.54930808152e-10
-1.43904037078e-11
1.24359756853e-10
4.3782667679e-10
6.00224256132e-10
7.62650915533e-10
9.2314375113e-10
7.90382946961e-10
-4.27381496822e-10
-1.31777816075e-10
1.60139654245e-10
4.57838193655e-10
7.51744563892e-10
9.27783702584e-10
1.19587629381e-09
1.46401689159e-09
1.72896505364e-09
2.30658907145e-09
1.08023763354e-11
7.1356534249e-11
1.3115557515e-10
1.92138863046e-10
1.92859621678e-10
2.09335211618e-10
2.26033565887e-10
2.87812106125e-10
3.14802013805e-10
3.42036439583e-10
3.75957983665e-11
9.83511671312e-11
1.58348909762e-10
2.19534834433e-10
2.22736627259e-10
2.4981677213e-10
2.77263064151e-10
3.10324503106e-10
3.85261495298e-10
4.60877387582e-10
-9.79396121662e-11
-1.4331084791e-11
6.82348350478e-11
1.52435872122e-10
2.37784305262e-10
2.96079382569e-10
3.55162660104e-10
4.59980329167e-10
4.87656846038e-10
5.1558410142e-10
-7.5352795648e-11
5.66138773373e-11
1.86934911389e-10
3.19836794407e-10
3.78939402751e-10
4.76519701093e-10
5.75419370075e-10
7.03227673722e-10
8.78604218636e-10
1.05556960704e-09
-1.94253944839e-10
-9.02258330836e-11
1.25050366713e-11
1.17270365874e-10
2.77574739293e-10
3.72909933982e-10
4.69534143554e-10
6.12472183861e-10
6.40756840302e-10
6.69297744762e-10
-1.75392978918e-10
1.96465635198e-11
2.12253941402e-10
4.08675673242e-10
5.17290432473e-10
6.77313723889e-10
8.39500669609e-10
1.05122762484e-09
1.31556491645e-09
1.58229700143e-09
-3.12316675212e-10
-1.83258105184e-10
-5.58089097257e-11
7.41642614423e-11
3.2635011004e-10
4.67089319585e-10
6.09731445847e-10
7.99397683164e-10
8.28427801012e-10
8.57720920471e-10
-2.98022880991e-10
-2.56682082564e-11
2.4329017174e-10
5.17574944072e-10
6.86882017293e-10
9.23448332478e-10
1.16321323033e-09
1.47780821008e-09
1.85119415893e-09
2.2279628397e-09
-4.800900289e-10
-3.15461860274e-10
-1.52886623027e-10
1.29082183018e-11
1.76591117504e-10
6.00923183337e-10
8.08959191211e-10
1.01703245148e-09
1.22262842739e-09
1.12548017016e-09
-4.72286426042e-10
-9.00628839385e-11
2.87394288536e-10
6.72326539462e-10
1.05235541324e-09
1.27321856574e-09
1.62322581661e-09
1.97329574226e-09
2.31919779572e-09
3.1454879783e-09
1.60196862868e-11
9.00760146176e-11
1.63208852385e-10
2.37789996714e-10
2.36088452365e-10
2.55489756323e-10
2.75153382812e-10
3.50252388633e-10
3.84853965946e-10
4.19769020132e-10
4.96421060377e-11
1.23462536697e-10
1.96362418463e-10
2.70705993381e-10
2.72017905459e-10
3.04649683996e-10
3.37722672605e-10
3.76958752941e-10
4.71384810286e-10
5.66666331097e-10
-1.04455553316e-10
-4.78628985346e-12
9.36400869263e-11
1.94015677926e-10
2.97565683892e-10
3.68103554053e-10
4.39595157667e-10
5.68893065834e-10
6.09390804411e-10
6.50255436797e-10
-7.59125662643e-11
8.53942384558e-11
2.44689529571e-10
4.07139469439e-10
4.75863571179e-10
5.95651829215e-10
7.17059728851e-10
8.7958585924e-10
1.1005794102e-09
1.32357507704e-09
-2.11162194107e-10
-8.88071880992e-11
3.20220375201e-11
1.55244138429e-10
3.52016946102e-10
4.67847203471e-10
5.85243586825e-10
7.6254623707e-10
8.0826628991e-10
8.544005487e-10
-1.8711813316e-10
5.16766028707e-11
2.87493542267e-10
5.27980548232e-10
6.56412589389e-10
8.53396586408e-10
1.05304397867e-09
1.32476986768e-09
1.65786605584e-09
1.99397996631e-09
-3.41963882819e-10
-1.91800547239e-10
-4.35097649779e-11
1.07717735173e-10
4.18763654617e-10
5.90113612435e-10
7.63780370954e-10
9.99927543745e-10
1.0520491431e-09
1.10464294394e-09
-3.23434634517e-10
1.03453076375e-11
3.39962977185e-10
6.76108322237e-10
8.77730740742e-10
1.16934177265e-09
1.46489563974e-09
1.87047929737e-09
2.34099162146e-09
2.81576660476e-09
-5.27839966777e-10
-3.3815953128e-10
-1.50844431686e-10
4.01802147578e-11
2.28771534599e-10
7.63860614647e-10
1.01749053787e-09
1.27116587787e-09
1.52182100299e-09
1.46025055822e-09
-5.17147557497e-10
-4.83886382203e-11
4.14524805752e-10
8.86605685297e-10
1.35267306353e-09
1.61831651098e-09
2.05015852652e-09
2.48207787073e-09
2.9088548577e-09
3.98356866994e-09
2.12315890691e-11
1.08776094299e-10
1.95228909915e-10
2.83393817992e-10
2.79272481113e-10
3.01596466907e-10
3.24222292437e-10
4.1262795864e-10
4.54833316925e-10
4.9742103939e-10
6.16759290329e-11
1.48547881084e-10
2.34336530333e-10
3.21824119039e-10
3.21248109022e-10
3.59425767565e-10
3.9811962131e-10
4.43523943688e-10
5.57418867909e-10
6.72345635981e-10
-1.10964741408e-10
4.74861295145e-12
1.19019009049e-10
2.35552390825e-10
3.57285105684e-10
4.40053080387e-10
5.23940150212e-10
6.77692926401e-10
7.30998598895e-10
7.84787200112e-10
-7.64717567398e-11
1.14144771888e-10
3.02384291429e-10
4.94351664827e-10
5.72687288342e-10
7.14660489957e-10
8.58553292938e-10
1.05576126885e-09
1.32232454884e-09
1.59130278878e-09
-2.2805291983e-10
-8.73900133847e-11
5.1518811139e-11
1.93178555335e-10
4.26382001732e-10
5.62686080898e-10
7.00833109955e-10
9.12464754989e-10
9.75602134354e-10
1.03931151389e-09
-1.98831135567e-10
8.36734466005e-11
3.62655165542e-10
6.4716177681e-10
7.95390561454e-10
1.02929695836e-09
1.26636597352e-09
1.59802861399e-09
1.99981243766e-09
2.40523626697e-09
-3.71580364348e-10
-2.0033413599e-10
-3.12233669441e-11
1.41236434411e-10
5.11081422695e-10
7.13010404105e-10
9.17669641253e-10
1.20024957713e-09
1.27543872621e-09
1.35130905982e-09
-3.48820051549e-10
4.63214994738e-11
4.36535591875e-10
8.34477397952e-10
1.06838167043e-09
1.41498037125e-09
1.76626538843e-09
2.26274342417e-09
2.83028146266e-09
3.40296117572e-09
-5.75540417083e-10
-3.6083367864e-10
-1.48804356852e-10
6.7423946782e-11
2.80897872417e-10
9.26629179189e-10
1.22580576468e-09
1.52503592284e-09
1.82070349833e-09
1.7946739935e-09
-5.61962195313e-10
-6.75758328504e-12
5.41523566137e-10
1.10066275431e-09
1.65267946752e-09
1.96305680008e-09
2.47664876752e-09
2.99033270235e-09
3.49790080483e-09
4.8207807829e-09
-5.13755178939e-11
-1.39870761499e-10
-2.27262459678e-10
-3.1638484374e-10
-2.97572702097e-10
-3.11088728098e-10
-3.24787502544e-10
-4.00613429074e-10
-4.47771325771e-10
-4.95356454727e-10
-6.38517823854e-11
-1.55369907564e-10
-2.45746791651e-10
-3.37913479583e-10
-3.26500702428e-10
-3.57375155723e-10
-3.88667058523e-10
-4.0939458973e-10
-5.38002543299e-10
-6.6777563506e-10
-1.22555853989e-11
-1.23208774886e-10
-2.3277836589e-10
-3.44517848868e-10
-4.5265640491e-10
-5.40309909453e-10
-6.29148565736e-10
-8.08930465652e-10
-9.35063349537e-10
-1.06233894844e-09
-1.34330394471e-11
-2.17350085568e-10
-4.18724263686e-10
-6.24086411537e-10
-7.12169453334e-10
-8.97095359031e-10
-1.08452162407e-09
-1.23910170491e-09
-1.54208722387e-09
-1.84781767414e-09
2.23934976681e-11
-1.08451015314e-10
-2.37663882822e-10
-3.6943565341e-10
-5.90016255973e-10
-7.43334384368e-10
-8.9872550742e-10
-1.17058269805e-09
-1.3666648563e-09
-1.56452344287e-09
3.12235614412e-11
-2.72246814658e-10
-5.71932881774e-10
-8.77553865553e-10
-1.05376177556e-09
-1.37513325339e-09
-1.70084995355e-09
-1.97398514979e-09
-2.43141936951e-09
-2.89299776589e-09
6.48665672342e-11
-9.03608584199e-11
-2.43652580995e-10
-3.99980058978e-10
-7.58392847598e-10
-9.92203095553e-10
-1.22917466174e-09
-1.61389833776e-09
-1.89572476782e-09
-2.18010443605e-09
8.5963910917e-11
-3.39539579349e-10
-7.59736994269e-10
-1.18825590596e-09
-1.47248784798e-09
-1.96111518841e-09
-2.45634919615e-09
-2.8748100177e-09
-3.52156845127e-09
-4.17418626547e-09
1.25223034512e-10
-6.46537933597e-11
-2.52162836294e-10
-4.43385266889e-10
-6.3217185145e-10
-1.3458586325e-09
-1.6987603021e-09
-2.05172516476e-09
-2.40048768862e-09
-3.05487742635e-09
1.63752828593e-10
-4.35166139699e-10
-1.02661652255e-09
-1.62977985812e-09
-2.22525992654e-09
-2.79382635923e-09
-3.52995338299e-09
-4.26621222286e-09
-4.99370529192e-09
-5.99482255433e-09
-1.30955630601e-11
-6.17589519796e-12
-8.11627992298e-13
6.49725657501e-12
1.23516844717e-11
1.70195364802e-11
2.45849156802e-11
2.92682872508e-11
2.78054859426e-11
2.72214157069e-11
-1.25554963823e-11
-5.26579508771e-12
8.99554286247e-13
9.34300328047e-12
1.66976784318e-11
2.14894069748e-11
2.8915783878e-11
3.3103246938e-11
3.18763765397e-11
3.37860745687e-11
-6.27296156877e-11
-4.75518899869e-11
-3.25634321956e-11
-1.67088363136e-11
-5.99113884143e-12
4.1900744045e-12
1.45089465228e-11
1.80209832374e-11
-3.01114348621e-12
-2.42338131227e-11
-7.11840278256e-11
-5.92264027604e-11
-4.74178905956e-11
-3.02777516879e-11
-2.00875008153e-11
-9.6169057212e-12
9.95260939968e-13
-5.62500893963e-12
-1.12263753413e-11
-1.68784879506e-11
-1.08008849492e-10
-8.4199199657e-11
-6.06864587757e-11
-3.72628043006e-11
-2.22376394902e-11
-7.17316343398e-12
8.09499746184e-12
8.05908539693e-12
-3.03058724089e-11
1.88340828386e-11
-1.24039054342e-10
-1.07020083842e-10
-9.02133417766e-11
-6.53704203741e-11
-5.2668659577e-11
-3.7168211252e-11
-2.14581833624e-11
-3.99271784313e-11
-4.94030984359e-11
-2.41822747863e-11
-1.39700157998e-10
-1.29121708285e-10
-9.51598461964e-11
-6.24579908653e-11
-4.21527048016e-11
-2.11022936876e-11
-4.92989182797e-12
-4.15227324621e-12
-6.37639272173e-11
1.40050123992e-11
-1.65608833726e-10
-1.65605886458e-10
-1.42672281934e-10
-1.08387240054e-10
-9.26068541882e-11
-7.09407793219e-11
-1.00723291552e-10
-8.19749990984e-11
-9.62003719067e-11
-5.75579910816e-11
-2.42385930459e-10
-1.92958957388e-10
-1.4414834411e-10
-9.43710962306e-11
-4.5227925177e-11
-4.08963208901e-11
-1.09399481385e-11
1.90217888128e-11
4.86268064897e-11
-2.01927503905e-10
-2.80899133036e-10
-2.48859395439e-10
-2.17219196895e-10
-1.84952402849e-10
-1.53096632457e-10
-1.18933376053e-10
-8.80942116145e-11
-5.72495248977e-11
-2.67720697029e-11
-1.83866377436e-10
-8.2300136852e-12
8.59413443342e-12
2.42056788542e-11
3.73326222019e-11
4.65907880347e-11
5.32675161088e-11
6.30578475957e-11
7.67597569219e-11
8.03451517904e-11
9.81661729273e-11
-1.0757591323e-11
1.13170569724e-11
2.81479740555e-11
4.23813086045e-11
5.46127487333e-11
6.33447225315e-11
7.30899540666e-11
8.19884909286e-11
9.48341307543e-11
1.12324935961e-10
-6.83057678887e-11
-3.91936451066e-11
-1.04445536991e-11
1.85137233498e-11
4.33545046951e-11
6.43440737194e-11
8.56174400018e-11
1.09378996763e-10
9.99579463694e-11
9.04515449123e-11
-7.75641068308e-11
-4.17575833127e-11
-6.39757108289e-12
2.99311607823e-11
5.63707150375e-11
8.84278690356e-11
1.20918463682e-10
1.30644152721e-10
1.57896499155e-10
1.85395741281e-10
-1.22415135872e-10
-8.15199641278e-11
-4.11347596748e-11
1.84555579512e-12
4.04880823086e-11
7.41547390316e-11
1.08276598282e-10
1.38270323479e-10
1.17329278711e-10
1.62900543233e-10
-1.411917955e-10
-8.87665504223e-11
-3.69950539198e-11
1.89038869969e-11
5.7927770907e-11
1.10644370225e-10
1.64073743889e-10
1.73739167451e-10
2.13751739739e-10
2.18037736221e-10
-1.70677418753e-10
-1.33403839057e-10
-7.87550121612e-11
-1.858639153e-11
3.69744032542e-11
8.6180715866e-11
1.31845695648e-10
1.73685498164e-10
1.38623169968e-10
2.00171847348e-10
-1.8891443412e-10
-1.46390445589e-10
-7.45016457843e-11
5.38658364704e-12
5.98364200373e-11
1.37877500715e-10
1.69416980538e-10
2.2656531454e-10
2.82219454003e-10
2.78902681826e-10
-2.8299777634e-10
-2.07133556062e-10
-1.32215370958e-10
-5.58135226676e-11
1.96150970188e-11
1.03270261894e-10
1.75523132533e-10
2.47788941281e-10
3.1919436577e-10
1.13254043879e-10
-3.30022355421e-10
-2.28277033457e-10
-1.27800486855e-10
-2.53341249219e-11
7.5826991175e-11
1.76577212464e-10
2.92147478698e-10
4.07738439759e-10
5.21953194768e-10
4.58102886561e-10
-3.0169215233e-12
2.27061398931e-11
4.81084319032e-11
7.40137852921e-11
7.93044946741e-11
8.79006007531e-11
9.66129336747e-11
1.22135419396e-10
1.30544106688e-10
1.39028973425e-10
-8.64730122864e-12
2.74849573193e-11
6.59207538723e-11
8.6211454957e-11
9.68374813845e-11
1.07598905434e-10
1.22246270005e-10
1.39775809035e-10
1.49102554568e-10
1.71022173289e-10
-7.36334952033e-11
-3.12077709867e-11
1.06888997805e-11
5.21670718318e-11
9.05017351598e-11
1.21818133551e-10
1.5355795693e-10
1.96666891089e-10
1.98339628363e-10
2.00027519987e-10
-8.36599449572e-11
-2.50670226589e-11
3.27952394509e-11
8.74576873166e-11
1.29422617199e-10
1.82104620619e-10
2.35498930619e-10
2.6084234469e-10
3.19484728009e-10
3.78658388583e-10
-1.3617960332e-10
-7.89600920517e-11
-2.24541143854e-11
3.9211587209e-11
1.00419291018e-10
1.51859376887e-10
2.03994977528e-10
2.62680480303e-10
2.58387090417e-10
3.00548654061e-10
-1.57580359565e-10
-7.13262358322e-11
1.38522894868e-11
9.94236635588e-11
1.6359698551e-10
2.51871707534e-10
3.41339980699e-10
3.7788639768e-10
4.6518268509e-10
4.49466528384e-10
-2.12849026172e-10
-1.37495195293e-10
-6.30810349758e-11
1.28068069317e-11
1.12576294974e-10
1.88684126782e-10
2.65821002778e-10
3.43600363856e-10
3.31993656807e-10
3.20281797494e-10
-5.57853542515e-11
4.60830930107e-11
1.77173878026e-10
2.98460462227e-10
3.86811918512e-10
4.48097326722e-10
5.59940989576e-10
6.25886282593e-10
6.96177903983e-10
9.60088815524e-10
-3.21800311279e-10
-2.20676657793e-10
-1.20814027394e-10
-1.89737395246e-11
8.15692776189e-11
2.41014034529e-10
3.53679038658e-10
4.66364217378e-10
5.77707785789e-10
4.1439384076e-10
-3.76957073887e-10
-2.08611642669e-10
-4.23654975035e-11
1.27172949592e-10
2.9455176744e-10
4.58922417087e-10
6.55448903517e-10
8.52010581367e-10
1.04623202977e-09
1.07147157874e-09
1.04563158637e-12
3.6364048639e-11
7.12420411446e-11
1.06810749708e-10
1.10965538265e-10
1.21419260522e-10
1.3201432621e-10
1.66050981867e-10
1.79127757472e-10
1.92323003593e-10
5.14578605752e-12
4.24953545443e-11
7.93791698022e-11
1.16993423989e-10
1.25898878528e-10
1.42039115912e-10
1.58397583367e-10
1.73900224718e-10
2.13204335605e-10
2.52864526496e-10
-7.8789786681e-11
-2.3478866665e-11
3.11423200922e-11
8.68452127644e-11
1.36131860031e-10
1.77442790634e-10
2.19312281006e-10
2.81146031828e-10
2.93555580395e-10
3.0607755466e-10
-8.95596309443e-11
-8.913531578e-12
7.07269020551e-11
1.51944517241e-10
2.00123852136e-10
2.72767037693e-10
3.46392422402e-10
3.86851013683e-10
4.75873363941e-10
5.65702222173e-10
-1.49501157146e-10
-7.64825916485e-11
-4.37457569718e-12
7.53752528697e-11
1.58422030737e-10
2.2706363159e-10
2.96633326683e-10
3.83087361793e-10
3.9490593784e-10
4.06831585604e-10
-1.73441571717e-10
-5.44471164292e-11
6.30634649076e-11
1.77352471315e-10
2.65865971617e-10
3.88554625557e-10
5.12902136977e-10
5.75464569624e-10
7.08523074752e-10
8.42787038343e-10
-2.36179611265e-10
-1.41454899693e-10
-4.7911415697e-11
4.74845827893e-11
1.85745465797e-10
2.87889178569e-10
3.91413963319e-10
5.0804770175e-10
5.1914185987e-10
5.30336526762e-10
-9.64914557991e-11
9.35827132977e-11
2.90281012804e-10
3.73303060214e-10
4.89023236643e-10
5.41861119412e-10
6.62194093396e-10
7.65894269521e-10
1.08552190637e-09
1.52205045207e-09
-3.59354256592e-10
-2.33783969019e-10
-1.09779556749e-10
1.66806115045e-11
1.41529893952e-10
3.7432548217e-10
5.26102236434e-10
6.77906168915e-10
8.27902749948e-10
7.05843548407e-10
-4.22381524979e-10
-1.89579045665e-10
4.03203611152e-11
2.74772644956e-10
5.06238408522e-10
7.32182305667e-10
1.00705999959e-09
1.28198691504e-09
1.55364059805e-09
1.66510326698e-09
5.29999894352e-12
5.0666818244e-11
9.54679083157e-11
1.41156229277e-10
1.44121464283e-10
1.56520510432e-10
1.69087202486e-10
2.12040026294e-10
2.30005294924e-10
2.48133321922e-10
1.07454534783e-11
5.85535966961e-11
1.05765567107e-10
1.5391251295e-10
1.62614479553e-10
1.82570309829e-10
2.02795960315e-10
2.21238950457e-10
2.74170378047e-10
3.27581343847e-10
-8.41895334793e-11
-1.53850405991e-11
5.25614526838e-11
1.21853543308e-10
1.8391642026e-10
2.35693776887e-10
2.88171208481e-10
3.69613871882e-10
3.93267172409e-10
4.17134762667e-10
-9.57378717705e-11
8.00264977486e-12
1.10449515601e-10
2.14925216525e-10
2.74163259845e-10
3.67710098697e-10
4.62521772303e-10
5.18809206872e-10
6.39645920207e-10
7.6157736731e-10
-1.63451690768e-10
-7.38881155744e-11
1.45585919812e-11
1.04756878593e-10
2.19163381268e-10
3.05818670033e-10
3.93645613791e-10
5.09179277974e-10
5.37870549609e-10
5.6682175304e-10
-1.90051674134e-10
-3.67710460696e-11
1.14598155696e-10
2.68965039691e-10
3.72963608103e-10
5.31691054551e-10
6.9256463435e-10
7.82371433982e-10
9.63352828977e-10
1.14597384523e-09
-2.60611754541e-10
-1.45601562318e-10
-3.20255598478e-11
8.37996766834e-11
2.62369333472e-10
3.9177821647e-10
5.229368203e-10
6.80259453183e-10
7.15126302306e-10
7.50309031562e-10
-3.38807075542e-11
3.04429737203e-10
6.35249560003e-10
7.66971597229e-10
9.41404356591e-10
1.0510682247e-09
1.16144526608e-09
1.58161754252e-09
2.27367278728e-09
3.2046590569e-09
-3.98681318851e-10
-2.47510144533e-10
-9.82240913942e-11
5.40183897597e-11
2.04321562629e-10
5.13931256143e-10
7.06666429549e-10
8.99436115476e-10
1.08991071876e-09
1.01105411157e-09
-4.69950700502e-10
-1.69647820834e-10
1.2691024888e-10
4.29341289089e-10
7.27919876175e-10
1.01834421386e-09
1.375272483e-09
1.73226466624e-09
2.0850065621e-09
2.28676339262e-09
9.550216828e-12
6.49556377251e-11
1.19670146927e-10
1.75468210181e-10
1.7724505186e-10
1.91587524541e-10
2.06123919946e-10
2.57984215572e-10
2.80833209264e-10
3.03889205979e-10
1.63396592958e-11
7.45961765339e-11
1.32126228592e-10
1.9079559309e-10
1.99294270229e-10
2.2306197188e-10
2.47151033563e-10
2.68531504643e-10
3.35076957611e-10
4.0222528658e-10
-8.95840136657e-11
-7.29910879986e-12
7.39596942478e-11
1.56827728679e-10
2.31654374094e-10
2.93887948377e-10
3.56962974798e-10
4.57995425338e-10
4.92881511296e-10
5.28083651666e-10
-1.01910086685e-10
2.49023320277e-11
1.50133385925e-10
2.77844487947e-10
3.48130453644e-10
4.62560557533e-10
5.78537856112e-10
6.50638695397e-10
8.03258741854e-10
9.57261466753e-10
-1.77388617817e-10
-7.12961700076e-11
3.34732933036e-11
1.4031758792e-10
2.79845488073e-10
3.84496895203e-10
4.90563280524e-10
6.35148211131e-10
6.80695721667e-10
7.26655874988e-10
-2.06645575983e-10
-1.91122159634e-11
1.66082582421e-10
3.54944937677e-10
4.79956787526e-10
6.74687876255e-10
8.72051898942e-10
9.89076492922e-10
1.21793403647e-09
1.44886494062e-09
-2.85020068068e-10
-1.4974418052e-10
-1.61551981765e-11
1.2007935086e-10
3.38918466499e-10
4.95565926796e-10
6.5433139722e-10
8.52303238877e-10
9.10919592445e-10
9.70066987448e-10
-2.56173798383e-10
-4.91155454976e-10
-1.72816132661e-10
-1.73890623898e-10
-1.82299027784e-11
1.75886572242e-10
6.35540870891e-10
1.36111968783e-09
2.54638300426e-09
4.48535596884e-09
-4.37970023686e-10
-2.61222932302e-10
-8.66798965955e-11
9.13197508281e-11
2.67051987813e-10
6.53400866429e-10
8.87054510419e-10
1.12074999408e-09
1.3516631396e-09
1.31596698936e-09
-5.17473479704e-10
-1.49736035808e-10
2.13415681698e-10
5.83759175586e-10
9.49385128085e-10
1.30422701569e-09
1.7431258325e-09
2.18210324164e-09
2.61585426142e-09
2.90781718565e-09
1.3796029828e-11
7.92296484126e-11
1.43847302573e-10
2.09744630481e-10
2.10334310473e-10
2.26618195537e-10
2.43122252913e-10
3.03880788739e-10
3.31608446047e-10
3.5958730518e-10
2.19280673328e-11
9.0622129998e-11
1.58459570143e-10
2.27640447965e-10
2.35936046326e-10
2.63511668766e-10
2.91460137644e-10
3.15775045286e-10
3.95920414188e-10
4.76791869057e-10
-9.49729030653e-11
7.78442818351e-13
9.53357588825e-11
1.91765667144e-10
2.79342852778e-10
3.52021807993e-10
4.25683445997e-10
5.46285381012e-10
5.92392610852e-10
6.38917554315e-10
-1.08075904776e-10
4.17844996143e-11
1.89776128272e-10
3.40698550448e-10
4.22020988563e-10
5.57312714277e-10
6.94433701981e-10
7.82331557122e-10
9.66701996764e-10
1.1527427611e-09
-1.91311100771e-10
-6.8706910708e-11
5.23683916136e-11
1.75841442473e-10
3.40464704533e-10
4.63093579026e-10
5.87380502729e-10
7.60986591312e-10
8.23372871107e-10
8.86324346407e-10
-2.23222280073e-10
-1.4716872969e-12
2.17513651186e-10
4.40835726932e-10
5.86839080259e-10
8.17536497444e-10
1.05135314468e-09
1.19556732475e-09
1.47225139847e-09
1.75144212262e-09
-3.09403085055e-10
-1.53882505353e-10
-3.0128439358e-13
1.56321425135e-10
4.15388264749e-10
5.9924607255e-10
7.85589798078e-10
1.02416872007e-09
1.10650996432e-09
1.18959718833e-09
-6.98823394478e-10
-1.47086862351e-09
-8.42293460804e-10
-9.02198526022e-10
-9.98659300154e-10
-5.75816774686e-10
-8.91552503617e-11
1.00418866811e-09
2.63434235155e-09
4.95805762269e-09
-4.7721801009e-10
-2.7492150827e-10
-7.51476660879e-11
1.28582453129e-10
3.29717399795e-10
7.92725931768e-10
1.06725563884e-09
1.34183450513e-09
1.61314428279e-09
1.62056385842e-09
-5.6494700676e-10
-1.29844887163e-10
2.99831461126e-10
7.38017024887e-10
1.17062085556e-09
1.58981353136e-09
2.11059794236e-09
2.6314756087e-09
3.14615179535e-09
3.52822732456e-09
-4.39819816604e-11
-1.01478801563e-10
-1.58258629795e-10
-2.161629132e-10
-2.11560149853e-10
-2.16054179177e-10
-2.20608971693e-10
-2.5641452505e-10
-2.76220650773e-10
-2.96206212315e-10
-4.6650775998e-12
-7.42375965455e-11
-1.42942538524e-10
-2.13008097995e-10
-2.18585389984e-10
-2.33384893824e-10
-2.48384499849e-10
-2.40563812616e-10
-3.12835249333e-10
-3.85761437243e-10
-1.34598882146e-11
-1.04809181581e-10
-1.95019339207e-10
-2.87015998864e-10
-3.45928446736e-10
-4.16276170319e-10
-4.87575056407e-10
-6.25519095212e-10
-7.34493823263e-10
-8.44455820096e-10
4.10223255502e-11
-1.07535643344e-10
-2.54241078019e-10
-4.03851834711e-10
-5.10820489838e-10
-6.82115406675e-10
-8.5572638001e-10
-8.29741926798e-10
-1.00279895498e-09
-1.17742381274e-09
1.35739659801e-11
-1.07758946739e-10
-2.27578824686e-10
-3.49771589024e-10
-4.64940366832e-10
-5.93615648187e-10
-7.2403073144e-10
-9.52440285926e-10
-1.1403929189e-09
-1.33004832984e-09
8.14883111974e-11
-1.3702819908e-10
-3.52819784428e-10
-5.72884858658e-10
-7.69657292565e-10
-1.07956243234e-09
-1.39365775958e-09
-1.35158539936e-09
-1.6139096657e-09
-1.87861048818e-09
4.67122388641e-11
-1.11374787902e-10
-2.67490452048e-10
-4.26697796316e-10
-6.10825946304e-10
-8.10999524283e-10
-1.01387962342e-09
-1.35318239067e-09
-1.63794664903e-09
-1.92529076115e-09
1.31091777475e-10
-1.73180364175e-10
-4.73658198737e-10
-7.80086629949e-10
-1.08694111526e-09
-1.56675556058e-09
-2.05305751519e-09
-1.99126449476e-09
-2.36301311755e-09
-2.73812963871e-09
9.38034687518e-11
-1.16513088501e-10
-3.24206975141e-10
-5.36013985627e-10
-7.4512293781e-10
-1.11991345347e-09
-1.42577015412e-09
-1.73168162363e-09
-2.03395096392e-09
-2.77116158458e-09
2.01580913763e-10
-2.24554493521e-10
-6.45375945385e-10
-1.07453125231e-09
-1.49821985614e-09
-2.25908263755e-09
-2.99009927315e-09
-3.72124680975e-09
-4.44368942984e-09
-3.95955158948e-09
-1.32630641322e-11
-9.23988729223e-12
-5.26687991017e-12
-1.21519196767e-12
3.81344976119e-12
8.31242062077e-12
1.28722214856e-11
1.91197322791e-11
1.94843970746e-11
1.98523655916e-11
-1.91970262004e-11
-1.60542391489e-11
-1.39070828497e-11
-1.0189823926e-11
-5.35735897809e-12
-1.76876598123e-13
6.06129733202e-12
9.90397887521e-12
1.0251161254e-11
1.49957872314e-11
-5.34408491662e-11
-4.28023055215e-11
-3.22964256867e-11
-2.22099388549e-11
-1.19487716714e-11
-1.1780592136e-12
9.73828265948e-12
9.33014411211e-12
-9.4062005167e-12
-2.83122891628e-11
-6.92420976211e-11
-6.05748018472e-11
-5.20155882053e-11
-3.93927184988e-11
-3.35379234929e-11
-2.183098664e-11
-9.96576180234e-12
-1.29027423341e-11
-1.80118568772e-11
-2.3167258017e-11
-8.90268873391e-11
-7.25290188102e-11
-5.62368805173e-11
-4.16601755285e-11
-2.59095963689e-11
-9.58391278119e-12
6.96250827061e-12
6.59366021304e-13
-3.49950155261e-11
4.79829881776e-12
-1.19329261813e-10
-1.06267223191e-10
-9.33680696284e-11
-7.48767986593e-11
-6.91823876157e-11
-5.11704664949e-11
-3.29150085095e-11
-4.28966809918e-11
-5.26543106924e-11
-4.52059506328e-11
-1.32648482519e-10
-1.08968215745e-10
-8.55832445031e-11
-6.17351624575e-11
-4.30228653528e-11
-1.98878623156e-11
3.55994611652e-12
-9.9693297029e-12
-6.63619500538e-11
-1.23265465679e-10
-1.36582226542e-10
-1.32352228979e-10
-1.1386475081e-10
-1.09026550759e-10
-8.72959306785e-11
-8.01956132853e-11
-8.01233951711e-11
-6.28558193089e-11
-6.59315788897e-11
-1.45424246842e-11
-1.94637065143e-10
-1.60750232441e-10
-1.27285972273e-10
-9.31589932887e-11
-5.94667335276e-11
-3.45303169173e-11
-1.27527378667e-12
3.19857242267e-11
6.48507225324e-11
-1.975766473e-10
-2.67975039414e-10
-2.41870538148e-10
-2.16091562884e-10
-1.8980206649e-10
-1.63847453222e-10
-1.38242471226e-10
-1.0102245035e-10
-6.37957645952e-11
-2.70122933426e-11
-1.79230779767e-10
-1.49371809117e-11
-2.72657566245e-12
6.25695919871e-12
1.61070994833e-11
2.43617968195e-11
2.91179297386e-11
3.78042746952e-11
4.78896505449e-11
5.13695193435e-11
5.65233012647e-11
-2.08904457614e-11
-9.23360155831e-12
3.03204837741e-13
1.13922748111e-11
2.43576038921e-11
3.23680105192e-11
4.07295634782e-11
4.9005880459e-11
5.56479817495e-11
6.05461320852e-11
-5.78577725252e-11
-3.59520544828e-11
-1.43195031548e-11
7.94554745741e-12
2.49478559514e-11
4.46801817989e-11
6.46793058815e-11
7.94655377567e-11
7.06983387946e-11
6.18517124094e-11
-8.14236334018e-11
-5.5386771524e-11
-2.9674592179e-11
-2.21476961068e-12
1.91901867368e-11
5.11143755785e-11
8.34702072638e-11
7.73381120265e-11
9.07831553927e-11
1.04350005638e-10
-1.00361785123e-10
-6.86369689969e-11
-3.7307764819e-11
-3.97172937815e-12
2.25926211676e-11
5.49373831839e-11
8.77194745597e-11
1.05953686517e-10
8.71245559953e-11
1.09882987966e-10
-1.4151471729e-10
-1.02868883839e-10
-6.4704968183e-11
-2.18892375963e-11
8.2030452615e-12
6.24418226567e-11
1.17413955572e-10
1.01681579067e-10
1.19826417204e-10
1.39780010456e-10
-1.52463477985e-10
-1.08702348079e-10
-6.54869242783e-11
-2.14156717725e-11
1.97055591745e-11
6.75107268172e-11
1.15962261972e-10
1.38423030159e-10
1.07259919015e-10
7.58144821686e-11
-2.20204449647e-10
-2.03807253797e-10
-1.76439114941e-10
-1.29589348788e-10
-9.11789655581e-11
-5.30473893542e-11
-3.41207678198e-11
2.66502512695e-11
8.42760899101e-11
1.23641549016e-10
-2.26502725735e-10
-1.65637360458e-10
-1.05530992984e-10
-4.42342922869e-11
1.6281593498e-11
8.5378109875e-11
1.56096749346e-10
2.26828052197e-10
2.9671724035e-10
8.67418671975e-11
-3.19849546895e-10
-2.43783539741e-10
-1.68666084066e-10
-9.20610188946e-11
-1.64317709617e-11
9.60587623728e-11
2.18150240874e-10
3.40263581937e-10
4.60923062616e-10
2.38402686052e-10
-1.21577660729e-11
1.10475191852e-11
3.09124640538e-11
4.38876624179e-11
4.9162376521e-11
5.94801640949e-11
7.13433993249e-11
8.03720114942e-11
8.94093855083e-11
1.02364097054e-10
-1.82850198988e-11
4.90745359118e-12
2.70421507432e-11
3.92398737714e-11
4.60455269769e-11
4.66145004372e-11
5.52258690189e-11
6.30441506363e-11
8.352334464e-11
9.12034205704e-11
-6.20779161615e-11
-2.9406991103e-11
2.85652392503e-12
3.6757567345e-11
6.02006904719e-11
8.84953780911e-11
1.17172634536e-10
1.46476307724e-10
1.47234115927e-10
1.47998789579e-10
-9.30624658032e-11
-5.04298747491e-11
-8.32891679663e-12
3.33068529442e-11
6.95691905717e-11
1.20809926338e-10
1.72743481489e-10
1.63558618092e-10
1.94731207323e-10
2.26186208126e-10
-1.11191698359e-10
-6.49183151021e-11
-1.92219660259e-11
3.2037647117e-11
6.89340013655e-11
1.16584170878e-10
1.64878612193e-10
2.06557007079e-10
2.03803540605e-10
2.10286016532e-10
-1.62711781659e-10
-9.96219449571e-11
-3.73188454612e-11
2.87376581973e-11
8.21408557141e-11
1.70992535473e-10
2.61045567344e-10
2.39818688214e-10
2.8462290269e-10
3.16524604612e-10
-1.66100404885e-10
-8.85606172239e-11
-1.91791169061e-12
8.74503564195e-11
1.4698713395e-10
2.02816531001e-10
2.80461655213e-10
3.34135357053e-10
3.40284434732e-10
4.17025075075e-10
-1.62983513379e-10
-1.33427866379e-10
-5.01399445657e-11
6.43206129227e-11
1.20347927793e-10
1.94794669474e-10
2.70383812156e-10
3.50335973782e-10
3.85085289668e-10
5.24595586026e-10
-2.56948729398e-10
-1.70306760519e-10
-8.47452265253e-11
2.51074918439e-12
8.86552333097e-11
1.9994445915e-10
3.06457642661e-10
4.12989899175e-10
5.18253801009e-10
3.58393619362e-10
-3.69412977102e-10
-2.45611314607e-10
-1.23353472466e-10
1.32553697043e-12
1.24416349511e-10
3.19921569034e-10
5.23103370526e-10
7.26321555186e-10
9.27120259176e-10
6.37430033789e-10
-3.4887095699e-12
2.010931916e-11
4.34130778749e-11
6.71783390789e-11
7.23424896942e-11
7.97029146494e-11
8.71628589619e-11
1.06791100345e-10
1.13573844753e-10
1.20418038196e-10
-1.52461578126e-11
1.17754276644e-11
3.84600509972e-11
6.5673130715e-11
7.83905211349e-11
8.91479047382e-11
1.00050737539e-10
1.04175250948e-10
1.27354572789e-10
1.50743890298e-10
-6.61622638359e-11
-2.30725350519e-11
1.94798600726e-11
6.28749534291e-11
9.4319157779e-11
1.30900687127e-10
1.67976830621e-10
2.11330802275e-10
2.21307121558e-10
2.31373822424e-10
-1.04326783359e-10
-4.56324812101e-11
1.23298965325e-11
7.14401483982e-11
1.18327096672e-10
1.8826281069e-10
2.59144116487e-10
2.47004717035e-10
2.95334414404e-10
3.44101960091e-10
-1.21673126186e-10
-6.1319320211e-11
-1.71813283801e-12
6.68883123588e-11
1.13784206654e-10
1.76247285608e-10
2.39554919804e-10
3.03923109699e-10
3.1672802387e-10
3.29648945597e-10
-1.83226765986e-10
-9.64794862132e-11
-1.08139545649e-11
7.77354795779e-11
1.53699492147e-10
2.7605029882e-10
4.00055394983e-10
3.73510815569e-10
4.44116559834e-10
5.15361964764e-10
-1.52613406115e-10
-2.05230574178e-11
1.65540527132e-10
3.34054476092e-10
4.24599535647e-10
5.21417324788e-10
5.76347908212e-10
6.96851166417e-10
8.51425471496e-10
1.07903268735e-09
-1.92867656976e-10
-8.03283779667e-11
3.24106681735e-11
1.34633644709e-10
2.22685227004e-10
2.70877547818e-10
3.80514313614e-10
5.41403522586e-10
7.12863413657e-10
9.98288750176e-10
-2.86415040256e-10
-1.74825908425e-10
-6.46283053469e-11
4.77516267167e-11
1.58700031051e-10
3.1082428755e-10
4.51980216735e-10
5.93161422297e-10
7.32661748767e-10
6.21304149853e-10
-4.17381553136e-10
-2.47380275255e-10
-7.94989320151e-11
9.17070962561e-11
2.60732253153e-10
5.36580908751e-10
8.1824370536e-10
1.0999569385e-09
1.37831614245e-09
1.0236174625e-09
-2.02378448317e-13
2.99771022389e-11
5.97802414811e-11
9.01735955085e-11
9.53833068887e-11
1.03705809246e-10
1.12140839086e-10
1.36267946464e-10
1.45208576044e-10
1.54230204262e-10
-1.61048914098e-11
1.87560262609e-11
5.31822244523e-11
8.82901914668e-11
1.02492331848e-10
1.15323847529e-10
1.2832885648e-10
1.32153397808e-10
1.63079260796e-10
1.94285300112e-10
-7.04394547924e-11
-1.64389964072e-11
3.68880703197e-11
9.12712144946e-11
1.30048535259e-10
1.75308171206e-10
2.21179756858e-10
2.79247414597e-10
2.98877498779e-10
3.18685423913e-10
-1.16122947893e-10
-4.06085777875e-11
3.39641198133e-11
1.10013638642e-10
1.69387116939e-10
2.58900496301e-10
3.49624174532e-10
3.34390740021e-10
4.00687621777e-10
4.67585127575e-10
-1.32649436697e-10
-5.75503980653e-11
1.66121472911e-11
9.2243391311e-11
1.60752023244e-10
2.38727406084e-10
3.17757084028e-10
4.05886372086e-10
4.34984258916e-10
4.64345761318e-10
-2.0471036935e-10
-9.3188655659e-11
1.69423699902e-11
1.2925440614e-10
2.28636783733e-10
3.86068385214e-10
5.45628599092e-10
5.13515243124e-10
6.11140741503e-10
7.09650689042e-10
-2.22696659447e-10
-9.73440825339e-11
7.81946653176e-11
1.73365954011e-10
2.38550349176e-10
2.93430568847e-10
3.62368159216e-10
7.05460514745e-10
9.51164341273e-10
1.27444855386e-09
-1.18779205075e-10
6.51379131619e-11
1.57939013365e-10
9.96079664791e-11
7.86625523508e-11
1.17292871273e-10
2.85052980924e-10
5.10049656139e-10
8.50560217524e-10
1.39873703445e-09
-3.17272608802e-10
-1.79558428792e-10
-4.35615597617e-11
9.51285612175e-11
2.32052007753e-10
4.26939328949e-10
6.04373667887e-10
7.8183977947e-10
9.57193010126e-10
8.96628052972e-10
-4.67614974963e-10
-2.49232757729e-10
-3.3573790775e-11
1.86356038715e-10
4.03484339111e-10
7.63469861986e-10
1.1273191494e-09
1.49123359023e-09
1.85081532848e-09
1.42803880695e-09
3.08074736915e-12
3.98352608326e-11
7.61314414687e-11
1.13146423647e-10
1.18401651355e-10
1.27685292758e-10
1.37094457081e-10
1.65716042511e-10
1.76812452582e-10
1.88009391826e-10
-1.69627874461e-11
2.57298163708e-11
6.78900387204e-11
1.10885192799e-10
1.26570634999e-10
1.41474259765e-10
1.56579394521e-10
1.60104256345e-10
1.98769104936e-10
2.37784242062e-10
-7.47124740154e-11
-9.81192774626e-12
5.42793015694e-11
1.19639779431e-10
1.65743064296e-10
2.196723427e-10
2.74330791928e-10
3.47097784842e-10
3.76372218181e-10
4.05911866534e-10
-1.27907607106e-10
-3.55895744003e-11
5.55772422792e-11
1.48549506455e-10
2.20397336109e-10
3.29469285852e-10
4.40015983373e-10
4.21691531554e-10
5.05938073507e-10
5.90947856463e-10
-1.43615041527e-10
-5.37851519161e-11
3.49245490871e-11
1.2539103741e-10
2.07674030045e-10
3.01146586935e-10
3.95882974222e-10
5.07750185192e-10
5.53125153425e-10
5.98911201276e-10
-2.26173018805e-10
-8.99010347975e-11
4.46716225742e-11
1.81909327121e-10
3.03500985664e-10
4.95979166101e-10
6.91059819214e-10
6.53383118167e-10
7.78002017098e-10
9.03749914933e-10
-2.25467734925e-10
-1.31829699437e-10
1.89183849266e-11
-1.14711230804e-11
8.87954730551e-12
8.55393556007e-11
2.09493426495e-10
5.26393895316e-10
1.13218525137e-09
1.79683502077e-09
-1.05756922108e-10
2.9488605575e-11
1.60145965782e-10
5.03719464355e-11
9.47978750931e-11
1.12918239033e-10
4.00974557668e-10
8.87448405624e-10
1.39221300738e-09
2.10872409323e-09
-3.48100080595e-10
-1.84286333323e-10
-2.25153615054e-11
1.42459286898e-10
3.05332441028e-10
5.42941118211e-10
7.56618482965e-10
9.70334110296e-10
1.18150527621e-09
1.17168342051e-09
-5.17799401911e-10
-2.51083433396e-10
1.23065576432e-11
2.80912665874e-10
5.46097192644e-10
9.90137520389e-10
1.43609313848e-09
1.88212861254e-09
2.32285366515e-09
1.83206570136e-09
6.36047058695e-12
4.96832025265e-11
9.24656952316e-11
1.3609544297e-10
1.41396139833e-10
1.51639924167e-10
1.62022213389e-10
1.95133618838e-10
2.0838357517e-10
2.21753570969e-10
-1.78197943673e-11
3.26963789125e-11
8.25826099528e-11
1.33456776891e-10
1.5062398363e-10
1.67597569967e-10
1.84800653978e-10
1.88026146883e-10
2.34421960468e-10
2.81238102133e-10
-7.89810647228e-11
-3.19172731475e-12
7.16525087161e-11
1.47978943462e-10
2.01400599871e-10
2.63990535599e-10
3.27426741783e-10
4.14877835624e-10
4.53786622809e-10
4.93047908519e-10
-1.39680052813e-10
-3.05757726593e-11
7.71679651152e-11
1.87045436069e-10
2.71354688785e-10
3.99964938596e-10
5.30314111024e-10
5.08901845395e-10
6.11079444692e-10
7.1418273342e-10
-1.54569281711e-10
-5.00238080313e-11
5.32179720881e-11
1.58504329612e-10
2.54547407334e-10
3.63501077154e-10
4.73927895504e-10
6.09508427634e-10
6.7114360786e-10
7.3333717892e-10
-2.47613424579e-10
-8.66168211943e-11
7.23721368305e-11
2.34509677055e-10
3.78287599064e-10
6.05776036525e-10
8.36340315835e-10
7.93106035505e-10
9.44690359291e-10
1.09764797827e-09
-4.04922729359e-10
-4.58688311528e-10
-1.96989794923e-10
-2.49798006147e-10
-2.60829241747e-10
-2.44604091651e-10
-9.17915099211e-11
3.21927029736e-10
1.11050203485e-09
2.76955691728e-09
-1.74735116284e-10
-4.26887969947e-10
-4.57570716211e-11
7.23682763644e-12
2.98297892099e-10
6.02731617246e-10
1.18795300503e-09
1.78196406185e-09
2.70414817525e-09
4.27320013321e-09
-3.78895603097e-10
-1.890093379e-10
-1.49097532414e-12
1.89740959475e-10
3.78536927174e-10
6.58822684347e-10
9.08705512997e-10
1.15863308743e-09
1.40558506725e-09
1.44645372334e-09
-5.67931818207e-10
-2.5293219104e-10
5.81393561147e-11
3.75371295464e-10
6.88562243603e-10
1.21657026264e-09
1.74454711721e-09
2.27261851505e-09
2.79440278587e-09
2.23567386623e-09
-3.65884454268e-11
-6.30868416272e-11
-8.92547999112e-11
-1.1594098266e-10
-1.25547597609e-10
-1.21019630257e-10
-1.16430440841e-10
-1.12215621026e-10
-1.04669975775e-10
-9.70559699038e-11
5.45216271858e-11
6.89471447262e-12
-4.01382853983e-11
-8.81027164076e-11
-1.1067007754e-10
-1.09394631925e-10
-1.08101941174e-10
-7.17330355028e-11
-8.76679553672e-11
-1.03747239427e-10
-1.46641910304e-11
-8.64095882759e-11
-1.57260312523e-10
-2.2951414886e-10
-2.39200488562e-10
-2.92242431184e-10
-3.46001547079e-10
-4.42107724771e-10
-5.3392429699e-10
-6.26572691751e-10
9.54776905475e-11
2.27879888047e-12
-8.97578923521e-11
-1.83617257884e-10
-3.09471526341e-10
-4.67135454319e-10
-6.26931135951e-10
-4.20382148684e-10
-4.63510686097e-10
-5.07029951337e-10
4.75443429215e-12
-1.07066878165e-10
-2.17493766551e-10
-3.30107524638e-10
-3.39864477691e-10
-4.43896912006e-10
-5.4933595546e-10
-7.34297873803e-10
-9.14120981495e-10
-1.09557321682e-09
1.31753060954e-10
-1.80958350115e-12
-1.33706687083e-10
-2.68215851763e-10
-4.85552809565e-10
-7.83991611296e-10
-1.08646556561e-09
-7.2918564893e-10
-7.96399961887e-10
-8.64223210457e-10
2.8557910494e-11
-1.32388717383e-10
-2.91328323101e-10
-4.53415533655e-10
-4.63259045011e-10
-6.29795953013e-10
-7.9858458509e-10
-1.09246644358e-09
-1.38016853024e-09
-1.67047708625e-09
1.76219644032e-10
-6.8211490012e-12
-1.87579403204e-10
-3.71917353938e-10
-7.01394382549e-10
-1.17239593275e-09
-1.64976583422e-09
-1.10771897181e-09
-1.20445778382e-09
-1.30207301196e-09
6.23839029913e-11
-1.68372383641e-10
-3.96251113988e-10
-6.28642704365e-10
-8.58074024171e-10
-8.93968274445e-10
-1.15278000614e-09
-1.4116380825e-09
-1.66741423922e-09
-2.48744574281e-09
2.39408998933e-10
-1.39428473434e-11
-2.64135368218e-10
-5.19282646502e-10
-7.71179785751e-10
-1.72433891587e-09
-2.45024516331e-09
-3.17628139664e-09
-3.89367356775e-09
-1.92428062462e-09
-1.6052811782e-11
-1.23038793865e-11
-9.72213182804e-12
-6.99724502185e-12
-4.72478494932e-12
-3.94695238667e-13
5.82699851501e-12
8.97117730748e-12
1.11633082065e-11
1.65905043014e-11
-1.38228542667e-11
-1.27073733138e-11
-1.15541597415e-11
-8.00309798036e-12
-3.28602578562e-12
1.09905812729e-12
8.83338015462e-12
8.81951697591e-12
1.03248054178e-11
8.69135372307e-12
-4.41520826446e-11
-3.80527210561e-11
-3.20294191777e-11
-2.77110413962e-11
-1.79064045014e-11
-6.54619283171e-12
4.96761879614e-12
6.39304986828e-13
-1.58012575472e-11
-3.23907652029e-11
-6.73001674167e-11
-6.1923200934e-11
-5.6613285815e-11
-4.85076853098e-11
-4.69883461705e-11
-3.40450675587e-11
-2.09267845447e-11
-2.01804757285e-11
-2.4797338413e-11
-2.94560280833e-11
-7.00449251864e-11
-6.08588379634e-11
-5.17873022588e-11
-4.60575467564e-11
-2.95815532475e-11
-1.19946621284e-11
5.83001907938e-12
-6.74035335432e-12
-3.96841586433e-11
-9.23748520303e-12
-1.14619469284e-10
-1.0551436254e-10
-9.65227974802e-11
-8.43831769445e-11
-8.56961156543e-11
-6.51727217378e-11
-4.43718336567e-11
-4.58661835523e-11
-5.59055229489e-11
-6.62296264793e-11
-9.50910441524e-11
-8.88147232046e-11
-7.60066428099e-11
-6.85468113914e-11
-4.38930259041e-11
-1.86734309437e-11
-1.18081632368e-11
-1.57863861596e-11
-6.89599728902e-11
-2.41081458268e-11
-1.55497600859e-10
-1.58948689671e-10
-1.4544413436e-10
-1.28359586045e-10
-1.33144349215e-10
-1.03329201054e-10
-1.28021917883e-10
-7.73518899171e-11
-9.40381362509e-11
-1.09365948414e-10
-1.46888199827e-10
-1.28541507495e-10
-1.10423600435e-10
-9.19468903468e-11
-7.37055418782e-11
-2.81643129444e-11
8.38940056512e-12
4.49496596407e-11
8.1074638575e-11
-1.93225790695e-10
-2.55050945793e-10
-2.34881680856e-10
-2.14963928873e-10
-1.94651730131e-10
-1.74598273987e-10
-1.57551566398e-10
-1.13950689086e-10
-7.03420042928e-11
-2.72525169822e-11
-1.74595182098e-10
-1.55701171949e-11
-6.69359772185e-12
-9.3570721239e-13
5.46845266421e-12
8.62319596056e-12
1.29314250066e-11
1.83478314312e-11
2.23593697777e-11
2.39600676038e-11
2.89262078414e-11
-2.23055438524e-11
-1.48729270516e-11
-8.39630937208e-12
-2.38462979377e-12
8.57729903932e-12
1.33059223197e-11
1.76883777433e-11
1.77186140012e-11
2.11506211017e-11
2.66268975847e-11
-4.74097771616e-11
-3.27104638589e-11
-1.81944526105e-11
-2.62262843499e-12
6.54120720766e-12
2.50162898784e-11
4.37411717612e-11
4.95520787505e-11
4.14387312199e-11
3.32518799066e-11
-8.52831599727e-11
-6.90159597354e-11
-5.2951613275e-11
-3.43607000036e-11
-1.7990341564e-11
1.38008821214e-11
4.60219508456e-11
2.40320713321e-11
2.366981163e-11
2.33042699955e-11
-7.83084343732e-11
-5.5753973866e-11
-3.34807699631e-11
-9.78901455143e-12
4.69716002651e-12
3.57200273362e-11
6.71623508373e-11
7.3637049555e-11
5.69198332798e-11
5.68654326999e-11
-1.41837639081e-10
-1.16971217255e-10
-9.24148824462e-11
-6.26823621895e-11
-4.1521680384e-11
1.42392750886e-11
7.07541672549e-11
2.96239906823e-11
2.59010946694e-11
6.15222846913e-11
-1.03822085542e-10
-8.40008571005e-11
-5.22188363954e-11
-1.85736168877e-11
2.43671509479e-12
4.88407377684e-11
6.79863525474e-11
1.03160562154e-10
7.5896668063e-11
7.29516530729e-11
-1.89412872376e-10
-1.75755081312e-10
-1.40789212398e-10
-9.73992384174e-11
-7.03665473247e-11
1.47766600161e-11
1.96116289053e-11
3.64786014987e-11
2.86362158144e-11
8.16135681769e-11
-1.7000767513e-10
-1.24141164855e-10
-7.88466150097e-11
-3.26550619063e-11
1.29480899772e-11
6.74859578563e-11
1.3667036616e-10
2.05867163112e-10
2.7424011493e-10
6.02296905161e-11
-3.09676738369e-10
-2.59290046024e-10
-2.09531681277e-10
-1.58787912867e-10
-1.08690533098e-10
1.55403122815e-11
1.4415300305e-10
2.72788724115e-10
3.99892930464e-10
1.87024855437e-11
-1.79452870842e-11
-6.25554788878e-12
3.77014736001e-12
1.21757425168e-11
1.65245227073e-11
2.29001501557e-11
2.99695360112e-11
4.51595498688e-11
5.33523230327e-11
5.43713766311e-11
-2.20252590351e-11
-8.64812247017e-12
6.66903735729e-12
1.62550859908e-11
2.33582292857e-11
3.09269588613e-11
3.8258964848e-11
4.68002100236e-11
5.94052029004e-11
6.07772004347e-11
-5.05223371198e-11
-2.76062112193e-11
-4.97585193038e-12
2.13480628581e-11
2.9899645784e-11
5.51726226307e-11
8.07873121408e-11
9.62857243578e-11
9.61286034919e-11
9.59700591719e-11
-1.02464986649e-10
-7.57927268393e-11
-4.94530730442e-11
-2.08439814282e-11
9.71576394438e-12
5.95152320558e-11
1.09988032359e-10
6.62748914941e-11
6.99776866373e-11
7.37140276687e-11
-8.6203793399e-11
-5.08765381525e-11
-1.59898176663e-11
2.4863707025e-11
3.74487117125e-11
8.13089648697e-11
1.25762246858e-10
1.50433533855e-10
1.49219990793e-10
1.20023379003e-10
-1.67843203752e-10
-1.27917654082e-10
-8.84899804092e-11
-4.19483471642e-11
6.84725917919e-13
9.01133634112e-11
1.80751153989e-10
1.01750978748e-10
1.0406312029e-10
1.8358268084e-10
-1.97140845754e-10
-1.46841981278e-10
-7.40030811574e-11
3.14346193749e-12
4.81279622558e-11
7.63255588813e-11
1.55356110075e-10
1.82070472647e-10
1.96230508492e-10
2.80430832639e-10
-1.46457573133e-10
-1.00962539627e-10
-2.87065322157e-11
7.80968252297e-11
1.22953748947e-10
2.0851362009e-10
2.67537629728e-10
3.31401873665e-10
3.23267623192e-10
3.70831176385e-10
-1.92097147518e-10
-1.19936863245e-10
-4.86764256569e-11
2.39952378934e-11
9.57411890004e-11
1.58874883772e-10
2.59236246664e-10
3.59615580971e-10
4.58799816229e-10
3.02393397963e-10
-3.61868880317e-10
-2.82610986544e-10
-2.04341447428e-10
-1.24521875651e-10
-4.57190684184e-11
1.80920720982e-10
3.90757837536e-10
6.00632529005e-10
8.08008488583e-10
2.03388488835e-10
-8.02305072616e-12
3.85458968094e-12
1.55841146052e-11
2.75459284496e-11
3.3719441123e-11
3.79865687768e-11
4.23113917138e-11
4.75312188223e-11
4.80199320348e-11
4.85130727994e-11
-3.56381016828e-11
-1.89444992154e-11
-2.45906780781e-12
1.43528374413e-11
3.08821637419e-11
3.62566935641e-11
4.17038917114e-11
3.44502771777e-11
4.15048099727e-11
4.86232540994e-11
-5.35347409907e-11
-2.26662034389e-11
7.81740005304e-12
3.89046940937e-11
5.25064555271e-11
8.43585836211e-11
1.16641380235e-10
1.41515572723e-10
1.4905866272e-10
1.56670090189e-10
-1.19093935774e-10
-8.23514308421e-11
-4.60671089902e-11
-9.06422044455e-12
3.65303412075e-11
1.03758583687e-10
1.71895810571e-10
1.07158420386e-10
1.14795464867e-10
1.22501698009e-10
-9.38450952251e-11
-4.61560487735e-11
9.38310021161e-13
5.84013718479e-11
6.91463825708e-11
1.25430939626e-10
1.82476512924e-10
2.24758857606e-10
2.38550109899e-10
2.52466305591e-10
-1.93011960254e-10
-1.38511855997e-10
-8.46913740374e-11
-2.18815121591e-11
4.15330126769e-11
1.63545972082e-10
2.8720865299e-10
1.71557061514e-10
1.79710044916e-10
1.87936891185e-10
-1.43257787512e-10
-7.49500527322e-11
-7.49412292115e-12
6.12976892208e-11
8.95437124953e-11
1.757776986e-10
2.63177643318e-10
3.26799013269e-10
3.48249303215e-10
3.69893924471e-10
-9.07020849367e-11
-8.34642462622e-11
3.29821126728e-11
1.45328269583e-10
1.53038128129e-10
1.57342135088e-10
2.18704274906e-10
2.74171866093e-10
4.73530714414e-10
6.65016768927e-10
-2.13475823921e-10
-1.15867847831e-10
-1.94770539444e-11
7.88226419289e-11
1.75870168151e-10
2.47323092931e-10
3.77858197036e-10
5.08416675679e-10
6.37420747585e-10
5.367647513e-10
-4.12381581293e-10
-3.05181504845e-10
-1.99318225145e-10
-9.13584524434e-11
1.52260977843e-11
3.40979511835e-10
6.29427411135e-10
9.17926961953e-10
1.20299168686e-09
3.82131658032e-10
-5.70475584016e-12
9.2873862339e-12
2.40925746466e-11
3.91909617397e-11
4.66451494939e-11
5.08911080603e-11
5.51944756853e-11
6.04958666333e-11
6.04118571641e-11
6.03270866017e-11
-4.29552362979e-11
-2.10415441742e-11
5.98881797434e-13
2.2667869984e-11
4.23701841424e-11
4.80773852282e-11
5.38617526446e-11
4.30678451597e-11
5.1988143546e-11
6.09892563767e-11
-5.66893761055e-11
-1.74929522154e-11
2.12146879557e-11
6.06888856811e-11
7.61806502575e-11
1.14922565524e-10
1.54188305235e-10
1.88880957312e-10
2.0448782515e-10
2.20236085159e-10
-1.36508024016e-10
-8.92198053499e-11
-4.25212759746e-11
5.10206075945e-12
6.46109740324e-11
1.50090893905e-10
2.3672657676e-10
1.49972273171e-10
1.61729323347e-10
1.7359288784e-10
-1.01847182626e-10
-4.12126805562e-11
1.8665702601e-11
7.97299040292e-11
1.02340665219e-10
1.71636142135e-10
2.41868554265e-10
3.02593466198e-10
3.32097968223e-10
3.61869769596e-10
-2.19369064566e-10
-1.49606265248e-10
-8.07134157155e-11
-1.04562274108e-11
8.43099593635e-11
2.40445715876e-10
3.98692563833e-10
2.44659052266e-10
2.58928654029e-10
2.7332753285e-10
-1.572019132e-10
-7.02884765868e-11
1.55411399081e-11
1.03070507166e-10
1.34407780334e-10
2.41156010239e-10
3.49347569205e-10
4.41982993221e-10
4.88523304893e-10
5.35485253744e-10
-1.8897906564e-10
-5.81771760283e-11
3.67636819087e-11
4.13889876858e-11
4.9837554221e-11
1.12475609331e-10
1.65506129351e-10
3.11688435734e-10
6.30044861502e-10
9.29747408698e-10
-2.35863898752e-10
-1.11606713051e-10
1.11009718708e-11
1.36238732675e-10
2.59782452878e-10
3.39947401755e-10
5.02080906225e-10
6.64243443465e-10
8.24475301495e-10
7.82201994376e-10
-4.65279249423e-10
-3.28817694625e-10
-1.9405783043e-10
-5.66292116582e-11
7.90488020469e-11
5.08595510112e-10
8.79365815793e-10
1.25020251422e-09
1.61662409486e-09
5.69314221267e-10
-3.3887220897e-12
1.47148839401e-11
3.25927360105e-11
5.08246371137e-11
5.95582508497e-11
6.37830609757e-11
6.80649942151e-11
7.34478694498e-11
7.27916959007e-11
7.21295776736e-11
-5.0265234188e-11
-2.31365437922e-11
3.65384884916e-12
3.09747925076e-11
5.38469997683e-11
5.98865476489e-11
6.60077554782e-11
5.16770080465e-11
6.24612522602e-11
7.33431975449e-11
-5.98409343651e-11
-1.23247466927e-11
3.45989088909e-11
8.24518301828e-11
9.98317544985e-11
1.45456737024e-10
1.91698609059e-10
2.36200144346e-10
2.59862925065e-10
2.83740081403e-10
-1.53905127527e-10
-9.60814808283e-11
-3.89789013668e-11
1.92545249627e-11
9.26642185739e-11
1.96378014171e-10
3.01494110634e-10
1.9274436771e-10
2.0861740516e-10
2.24634246174e-10
-1.09841465238e-10
-3.62741338245e-11
3.63758048706e-11
1.10464486901e-10
1.35502572016e-10
2.17796278666e-10
3.01202667921e-10
3.80352159254e-10
4.25554585183e-10
4.71166527563e-10
-2.45700461627e-10
-1.60689853632e-10
-7.67393372723e-11
8.87371656586e-12
1.27045183802e-10
3.17270455948e-10
5.10067739487e-10
3.17689743413e-10
3.38069997728e-10
3.58634889245e-10
-1.71132438565e-10
-6.56314470828e-11
3.85539354265e-11
1.44802582233e-10
1.79228090263e-10
3.06470555519e-10
4.35433449751e-10
5.57054629141e-10
6.28660491133e-10
7.00915074469e-10
-2.45602777098e-10
6.44817510654e-11
2.2026464766e-10
2.5661350469e-10
1.8923507476e-10
1.8177894852e-10
1.68575849212e-10
4.25304133651e-10
7.94280438187e-10
1.40600764038e-09
-2.58230137504e-10
-1.07349734345e-10
4.16491735847e-11
1.93598822969e-10
3.43612894242e-10
4.32481369993e-10
6.2618245551e-10
8.19918226511e-10
1.01134741282e-09
1.02739985165e-09
-5.18125324118e-10
-3.52430830984e-10
-1.88802566411e-10
-2.19338438378e-11
1.42809257203e-10
6.76048025092e-10
1.12906044447e-09
1.58215398345e-09
2.02985306887e-09
7.56314217068e-10
-1.0750886541e-12
2.01367566404e-11
4.10840878899e-11
6.24462554597e-11
7.24579691929e-11
7.66616527966e-11
8.09221738647e-11
8.63864489365e-11
8.51587042928e-11
8.39198367587e-11
-5.75676560674e-11
-2.5229372173e-11
6.70564976276e-12
3.92731058175e-11
6.53119209342e-11
7.16834711686e-11
7.81411703127e-11
6.02772484806e-11
7.29235067465e-11
8.56843352088e-11
-6.29892263803e-11
-7.16189744786e-12
4.79692585497e-11
1.0419221978e-10
1.23458346965e-10
1.75959263205e-10
2.29170037569e-10
2.83470290235e-10
3.15180634766e-10
3.47178262723e-10
-1.71284200849e-10
-1.02936044933e-10
-3.54401980415e-11
3.33923216898e-11
1.20688389006e-10
2.42617162916e-10
3.66194520067e-10
2.35472133667e-10
2.5545689262e-10
2.7562270574e-10
-1.17827462652e-10
-3.13407053546e-11
5.40675525626e-11
1.4116721675e-10
1.68630110135e-10
2.63908575281e-10
3.60475288278e-10
4.58030263956e-10
5.18914344614e-10
5.80350011434e-10
-2.72004569085e-10
-1.71761955092e-10
-7.27693775253e-11
2.81836271767e-11
1.69736117869e-10
3.94015575606e-10
6.21327486992e-10
3.90644746261e-10
4.17129320108e-10
4.43853833925e-10
-1.85048526469e-10
-6.0979244079e-11
6.15428807075e-11
1.86491406584e-10
2.24001948859e-10
3.71717409439e-10
5.21430111728e-10
6.72007005938e-10
7.68652440556e-10
8.66173445338e-10
-1.34905572848e-10
-5.09712466469e-11
1.8647583335e-10
2.74259554739e-10
2.98507696574e-10
6.12534821996e-10
7.61717329369e-10
1.34252583633e-09
1.99016318504e-09
2.85643677525e-09
-2.80573196104e-10
-1.03097167529e-10
7.21657154397e-11
2.50899465822e-10
4.27356454553e-10
5.24919436927e-10
7.50155387157e-10
9.75431669726e-10
1.19802585172e-09
1.27234358825e-09
-5.70916629655e-10
-3.76019494918e-10
-1.83552748897e-10
1.27255660409e-11
2.06503631643e-10
8.43326993913e-10
1.37849629206e-09
1.9137614214e-09
2.44265377639e-09
9.43120407893e-10
-2.91949091933e-11
-2.46948816915e-11
-2.02509700278e-11
-1.57190521194e-11
-3.95350453649e-11
-2.5985081336e-11
-1.22519099895e-11
3.19832829982e-11
6.68806992232e-11
1.02094272508e-10
1.13708331971e-10
8.80270254908e-11
6.26659677279e-11
3.68026651801e-11
-2.75476509623e-12
1.45956299738e-11
3.21806174999e-11
9.70977416107e-11
1.37499338599e-10
1.7826695839e-10
-1.58684938462e-11
-6.80099949711e-11
-1.19501285839e-10
-1.72012298856e-10
-1.32472530387e-10
-1.6820869205e-10
-2.0442803775e-10
-2.58696354331e-10
-3.33354770717e-10
-4.08689563406e-10
1.49933055545e-10
1.12093241105e-10
7.47252933147e-11
3.66173189423e-11
-1.08122562845e-10
-2.52155501963e-10
-3.98135891891e-10
-1.10223705699e-11
7.57775827866e-11
1.63363910064e-10
-4.06509739584e-12
-1.0637480959e-10
-2.07408708415e-10
-3.10443460252e-10
-2.1478858855e-10
-2.94178175825e-10
-3.7464117948e-10
-5.1615546168e-10
-6.87849044092e-10
-8.61098103787e-10
1.8201781071e-10
1.33409032077e-10
8.54064102631e-11
3.64531551318e-11
-2.01448326566e-10
-4.8842079025e-10
-7.79273371637e-10
-1.06785898501e-10
2.11097419245e-11
1.50164067261e-10
1.04035821239e-11
-1.53402646865e-10
-3.15166194154e-10
-4.80133270994e-10
-3.15692143717e-10
-4.48592381743e-10
-5.83289546763e-10
-8.31750496494e-10
-1.12239041146e-09
-1.41566341135e-09
2.21347510589e-10
1.59538066173e-10
9.84993923289e-11
3.62519220737e-11
-3.15847649836e-10
-7.78036304924e-10
-1.24647415326e-09
-2.24173448869e-10
-4.59024501e-11
1.33983614793e-10
3.09643372309e-11
-2.20231678782e-10
-4.68295252834e-10
-7.21271423102e-10
-9.71025110532e-10
-6.68023095416e-10
-8.79789858165e-10
-1.09159454137e-09
-1.30087751452e-09
-2.20372990105e-09
2.77237084103e-10
1.96668798834e-10
1.17105208949e-10
3.59659593069e-11
-4.41397153571e-11
-1.1895951942e-09
-1.91039105346e-09
-2.63131598353e-09
-3.34365770567e-09
1.10990340233e-10
-1.65733921915e-11
-1.53678714808e-11
-1.41773837459e-11
-1.2963319855e-11
-1.32630196598e-11
-9.1018110981e-12
-4.88433937161e-12
-1.17737766418e-12
2.84221933845e-12
6.89823233132e-12
-1.93347016231e-11
-1.74157110972e-11
-1.62652461609e-11
-1.38627505507e-11
-1.28846933223e-11
-8.73971261398e-12
-2.60696621517e-12
2.12425011124e-12
-3.66062637409e-12
-6.44711895015e-13
-3.4863316123e-11
-3.33031365906e-11
-3.17624126688e-11
-3.01911765907e-11
-2.38640373314e-11
-1.19143264498e-11
1.96954932811e-13
-8.05153413845e-12
-2.21963145777e-11
-3.64692412431e-11
-6.53582372123e-11
-6.32716000208e-11
-6.12109834248e-11
-5.91095588329e-11
-6.04387688481e-11
-4.62591484775e-11
-3.1887807287e-11
-2.74582091229e-11
-3.15828199489e-11
-3.57447981496e-11
-5.10629630337e-11
-4.91886571165e-11
-4.73377240004e-11
-5.04549179843e-11
-3.32535101262e-11
-1.44054114756e-11
4.69752988815e-12
-1.41400727299e-11
-4.43733017606e-11
-7.48804321232e-11
-1.09909676755e-10
-1.0476150189e-10
-9.96775253319e-11
-9.38895552296e-11
-1.02209843693e-10
-7.91749769807e-11
-5.58286588038e-11
-4.88356861129e-11
-5.91567352054e-11
-6.95712890006e-11
-7.09205947307e-11
-6.86612306644e-11
-6.64300411167e-11
-6.4154665584e-11
-4.47631864553e-11
-1.74589995717e-11
1.02143637044e-11
-2.16034426163e-11
-7.15579957267e-11
-1.21965117718e-10
-1.63841339191e-10
-1.7265372932e-10
-1.72079054003e-10
-1.67738589103e-10
-1.74872313732e-10
-1.42959912224e-10
-1.44919636337e-10
-1.23706607191e-10
-1.20973717261e-10
-4.3441137804e-11
-9.91393345106e-11
-9.63327825482e-11
-9.35612285976e-11
-9.07347874049e-11
-8.79443502288e-11
-2.17983089715e-11
1.80540749169e-11
5.79135950546e-11
9.72985546177e-11
-1.8887493409e-10
-2.42126852171e-10
-2.27892823565e-10
-2.13836294863e-10
-1.99501393772e-10
-1.85349094752e-10
-1.76860661571e-10
-1.26878927822e-10
-7.68882439904e-11
-2.74927406219e-11
-1.69959584429e-10
-1.51790216726e-11
-1.43374637995e-11
-1.35064002457e-11
-1.26588784929e-11
-1.03606000765e-11
-7.2366205445e-12
-4.07040208778e-12
-4.8408237944e-12
-4.2324744895e-12
-3.61861377579e-12
-2.35521201565e-11
-1.77560977877e-11
-1.39641816015e-11
-7.55870471767e-12
-4.05831382841e-12
2.25850390849e-13
7.44284508324e-12
1.091118617e-11
1.02038802336e-11
1.6815881604e-11
-3.69617817981e-11
-2.9468873235e-11
-2.20694020662e-11
-1.45233934052e-11
-1.18654415361e-11
5.35239795784e-12
2.28030376409e-11
1.96386197442e-11
1.21791236451e-11
4.65204740376e-12
-8.91426865437e-11
-8.26451479467e-11
-7.62286343711e-11
-6.96850495782e-11
-5.51708698647e-11
-2.35126113357e-11
8.57369442745e-12
-2.92739693623e-11
-4.34435321326e-11
-5.77414656474e-11
-5.62550836236e-11
-4.28709787351e-11
-2.96537751073e-11
-1.56062997247e-11
-1.31983011145e-11
1.65026714885e-11
4.66052271149e-11
4.13204125928e-11
2.67151105643e-11
1.19774901628e-11
-1.42160560871e-10
-1.31073550672e-10
-1.20124796709e-10
-1.03475486783e-10
-9.12464060295e-11
-3.39632724796e-11
2.40943789377e-11
-4.24335977022e-11
-6.80242278655e-11
-9.38466992153e-11
-7.99049374742e-11
-5.92993661223e-11
-3.89507485125e-11
-1.81991513752e-11
-1.48321289849e-11
3.01707487196e-11
7.57821045346e-11
6.7898094149e-11
4.45334171105e-11
2.09570651577e-11
-1.20248130222e-10
-1.21308347453e-10
-1.23136042075e-10
-1.05730588671e-10
-9.24502590094e-11
-5.68752885928e-11
-3.54391511025e-11
-2.49276926304e-11
1.59900113575e-11
5.82618006585e-11
-1.13512624525e-10
-8.26449692514e-11
-5.21622370357e-11
-2.10758315257e-11
9.61458645641e-12
4.95938058375e-11
1.17243982973e-10
1.84906274027e-10
2.5176298951e-10
3.37175138347e-11
-2.99503929844e-10
-2.74796552307e-10
-2.50397278488e-10
-2.2551480684e-10
-2.00949295235e-10
-6.49781378098e-11
7.01557652264e-11
2.05313866293e-10
3.38862798312e-10
-2.00997714965e-10
-1.38467721871e-11
-1.33529621304e-11
-1.28653099395e-11
-1.23680003923e-11
-7.58748708836e-12
-5.45452667382e-12
-3.29272677637e-12
-8.3410585997e-12
-1.09919814382e-11
-1.36669206097e-11
-1.79837148486e-11
-9.51976893875e-12
-4.29271214441e-12
5.99004340926e-12
8.46238146453e-12
1.21085354987e-11
1.97976596974e-11
2.54741124903e-11
2.98736402265e-11
2.88706743289e-11
-3.8966758078e-11
-2.58054313355e-11
-1.28082277858e-11
4.46369511559e-13
-4.01398903903e-13
2.18498671704e-11
4.4401989746e-11
4.6095140992e-11
4.50230910566e-11
4.39413287645e-11
-1.11867507495e-10
-1.01155578929e-10
-9.05772292918e-11
-7.97893883549e-11
-5.0137662683e-11
-1.77946222599e-12
4.72325832281e-11
-3.10088351041e-11
-5.47758340488e-11
-7.87581527882e-11
-6.12158884385e-11
-3.68347612029e-11
-1.27576693068e-11
1.7689766933e-11
5.96342205947e-12
4.6033758861e-11
8.6645881523e-11
9.43100606304e-11
9.46364409806e-11
9.49657782103e-11
-1.72974625846e-10
-1.56213363207e-10
-1.39661115357e-10
-1.12634352526e-10
-8.07714038782e-11
9.23419134989e-12
1.00456740633e-10
-3.63167307181e-11
-7.64966621094e-11
-1.17040608099e-10
-8.84890159772e-11
-5.03545849113e-11
-1.26956943971e-11
2.5708984465e-11
1.37654606597e-11
7.56785293204e-11
1.38428716604e-10
1.53412220187e-10
1.55452805404e-10
1.57511877531e-10
-1.6475235241e-10
-1.36203183604e-10
-1.0178568989e-10
-4.0731751196e-11
8.59858805491e-12
8.84639595934e-11
1.50969543647e-10
1.81839355962e-10
1.60015047103e-10
3.13353489461e-10
-1.27245565637e-10
-6.95669659706e-11
-1.26076247885e-11
4.54797266024e-11
1.02827144691e-10
1.17805308394e-10
2.12014850668e-10
3.06241262767e-10
3.99345831449e-10
2.46393176565e-10
-3.54324783531e-10
-3.19610658481e-10
-2.8532942239e-10
-2.50369288273e-10
-2.15854486348e-10
4.19198729299e-11
2.58412304546e-10
4.74943502824e-10
6.88896717989e-10
-2.30653056119e-10
-1.25573918824e-11
-1.24001397981e-11
-1.22448486646e-11
-1.20864821797e-11
-4.90360744826e-12
-3.72977709576e-12
-2.54007553431e-12
-1.17286627001e-11
-1.75339806839e-11
-2.33918925976e-11
-5.60300455529e-11
-4.96644260953e-11
-4.33781866128e-11
-3.69674558324e-11
-1.6626193651e-11
-1.663451761e-11
-1.66429541162e-11
-3.52746965923e-11
-4.43449528434e-11
-5.34973820991e-11
-4.09072181456e-11
-2.22598718258e-11
-3.84505996651e-12
1.49344347584e-11
1.06937532753e-11
3.78164801147e-11
6.53059298487e-11
7.17003431702e-11
7.68102038833e-11
8.19663579532e-11
-1.33861088188e-10
-1.19070380474e-10
-1.04464114513e-10
-8.95685892873e-11
-4.52664142567e-11
1.92543566844e-11
8.46475046554e-11
-3.2687876262e-11
-6.57434846703e-11
-9.90985640735e-11
-6.60170642644e-11
-3.0992777336e-11
3.59475288033e-12
3.88672469037e-11
2.45085584876e-11
7.46145936439e-11
1.25398106045e-10
1.45594605512e-10
1.60372195929e-10
1.75283665584e-10
-2.02797154523e-10
-1.80544225781e-10
-1.5856879351e-10
-1.36158164633e-10
-7.06334667932e-11
5.10416453451e-11
1.74361910996e-10
-3.03966925408e-11
-8.46964700028e-11
-1.39488182394e-10
-9.67968756359e-11
-4.16976292518e-11
1.27145234668e-11
6.82042424366e-11
4.14428358446e-11
1.19721958615e-10
1.99059483318e-10
2.36174669029e-10
2.62803024887e-10
2.89672623325e-10
-1.3085552652e-10
-1.16798038213e-10
-5.97996017423e-11
2.32349244996e-11
2.45591982647e-11
7.06678843574e-11
1.4003107276e-10
1.96529438997e-10
3.60725107148e-10
4.70095284313e-10
-1.40536607585e-10
-5.69097872374e-11
2.56741974581e-11
1.09893657141e-10
1.9304030525e-10
1.83821898311e-10
3.03736177338e-10
4.23671929061e-10
5.42179746403e-10
4.52225352746e-10
-4.0738160945e-10
-3.62982734434e-10
-3.19137518276e-10
-2.74424001143e-10
-2.30280057585e-10
1.45378114919e-10
4.4061111691e-10
7.35896985407e-10
1.02766723126e-09
-2.59354146441e-10
-1.1207133232e-11
-1.14023297711e-11
-1.1595092188e-11
-1.17916720291e-11
-2.09300790086e-12
-1.9235931257e-12
-1.75188771519e-12
-1.52762131972e-11
-2.43848617161e-11
-3.35760310587e-11
-6.98055811861e-11
-6.08391146093e-11
-5.19844608574e-11
-4.29544514989e-11
-1.77519635631e-11
-1.91690770723e-11
-2.06053511907e-11
-4.60177074889e-11
-5.91029737046e-11
-7.23067873583e-11
-4.29392974186e-11
-1.85469080235e-11
5.54130559173e-12
3.01065568676e-11
2.23127652561e-11
5.45369598428e-11
8.71968536122e-11
9.85145000266e-11
1.10098151521e-10
1.21786746406e-10
-1.56893100138e-10
-1.37831032912e-10
-1.19006671762e-10
-9.98095171232e-11
-4.01651688738e-11
4.12812915091e-11
1.23828978988e-10
-3.44461936798e-11
-7.72289750823e-11
-1.20399351895e-10
-7.10449285553e-11
-2.4874963047e-11
2.07192579109e-11
6.72164167475e-11
4.39293071951e-11
1.04544878186e-10
1.65980024502e-10
1.99300560311e-10
2.2921167753e-10
2.59393777874e-10
-2.34027759781e-10
-2.06023874838e-10
-1.78369201421e-10
-1.50166860962e-10
-6.00168650062e-11
9.48230465383e-11
2.51756528575e-10
-2.41971385917e-11
-9.32834334454e-11
-1.62995623342e-10
-1.05496992529e-10
-3.2631933721e-11
3.9324489786e-11
1.12705922407e-10
7.04270037655e-11
1.65844907124e-10
2.62552943658e-10
3.22844763239e-10
3.75221806187e-10
4.28073364835e-10
-1.82751735902e-10
-2.31024984093e-10
-1.4369252919e-10
-1.02153365878e-10
-1.04744675509e-10
-1.21926846857e-10
-4.80488406827e-11
1.19941393621e-10
3.52411464039e-10
5.87854922058e-10
-1.54455188703e-10
-4.36549973104e-11
6.57635035032e-11
1.77348904133e-10
2.87512898003e-10
2.52955474561e-10
3.99788144563e-10
5.46647107459e-10
6.91757592864e-10
6.6777593578e-10
-4.62943523884e-10
-4.0840263152e-10
-3.54541870086e-10
-2.99614462032e-10
-2.45386735017e-10
2.53721158238e-10
6.31412482187e-10
1.00917143821e-09
1.38243286123e-09
-2.89410364411e-10
-9.85819154855e-12
-1.04054929524e-11
-1.09459694476e-11
-1.14971494199e-11
7.14850344486e-13
-1.1917080676e-13
-9.64468650523e-13
-1.88203036113e-11
-3.1229060781e-11
-4.37502364791e-11
-8.35676809299e-11
-7.20029039553e-11
-6.0582341022e-11
-4.89356077836e-11
-1.88766354619e-11
-2.17011644666e-11
-2.45638835641e-11
-5.67502402517e-11
-7.38466004151e-11
-9.10978469725e-11
-4.49693947147e-11
-1.48375656391e-11
1.49185162124e-11
4.52638809349e-11
3.39204447005e-11
7.12411313474e-11
1.09066426189e-10
1.2530250385e-10
1.4335363195e-10
1.61568296272e-10
-1.79902647948e-10
-1.56573387256e-10
-1.33535045013e-10
-1.10040456529e-10
-3.50688989612e-11
6.32867424899e-11
1.62972237895e-10
-3.62027961328e-11
-8.87032631873e-11
-1.41679364116e-10
-7.60678889477e-11
-1.87631157329e-11
3.78270606542e-11
9.55379363919e-11
6.33311139873e-11
1.34445970398e-10
2.06522361619e-10
2.52954133315e-10
2.9798401694e-10
3.43421853851e-10
-2.65227904449e-10
-2.31478672466e-10
-1.98150297119e-10
-1.6416189399e-10
-4.94106180606e-11
1.38561745794e-10
3.29075659759e-10
-1.80036313418e-11
-1.01862021643e-10
-1.86480136444e-10
-1.14188623814e-10
-2.35750803641e-11
6.59085022279e-11
1.5716419792e-10
9.93829021453e-11
2.1192286988e-10
3.25984476017e-10
4.09430324273e-10
4.87530940477e-10
5.6633911798e-10
-9.53649363801e-11
-5.84632372343e-11
2.55095427522e-11
1.24117640567e-11
-2.3614181414e-11
-5.43530110769e-11
-2.04757095553e-11
8.81860507722e-11
4.00020582153e-10
8.29364631146e-10
-1.68360194413e-10
-3.04131353663e-11
1.05813708675e-10
2.44738359039e-10
3.81893347457e-10
3.22021621775e-10
4.95746428055e-10
6.69502342726e-10
8.41189549434e-10
8.83116282796e-10
-5.18451246325e-10
-4.53778228571e-10
-3.89911690466e-10
-3.24780353549e-10
-2.60478678238e-10
3.61958529794e-10
8.22027750452e-10
1.28217935435e-09
1.73685247259e-09
-3.19437267221e-10
-8.51064789515e-12
-9.40968924573e-12
-1.02975194517e-11
-1.1202932051e-11
3.51979855286e-12
1.68338142644e-12
-1.77865659312e-13
-2.23607209646e-11
-3.80661665845e-11
-5.3913897452e-11
-9.73155177675e-11
-8.31551232585e-11
-6.91713104273e-11
-5.49105652562e-11
-2.00001417618e-11
-2.42306276302e-11
-2.8518313353e-11
-6.7471649922e-11
-8.85749469744e-11
-1.09869431715e-10
-4.69973880378e-11
-1.1132067581e-11
2.42860083833e-11
6.0405496099e-11
4.55160940589e-11
8.79279908111e-11
1.30913333354e-10
1.52062744846e-10
1.76574646723e-10
2.01308616926e-10
-2.02888348886e-10
-1.75296317206e-10
-1.48048361198e-10
-1.20260792689e-10
-2.99779107732e-11
8.52693872353e-11
2.0207492911e-10
-3.79575780602e-11
-1.00165659452e-10
-1.6293732194e-10
-8.10856435928e-11
-1.26576026779e-11
5.49171330371e-11
1.23830103889e-10
8.27128129357e-11
1.64316073409e-10
2.47022681052e-10
3.06552100279e-10
3.66685081367e-10
4.27362843947e-10
-2.96395713591e-10
-2.56907088989e-10
-2.17910891881e-10
-1.78142422701e-10
-3.88153633262e-11
1.82255114688e-10
4.06314658148e-10
-1.18165429826e-11
-1.10431719075e-10
-2.09940310424e-10
-1.22871247176e-10
-1.45276134418e-11
9.2464963258e-11
2.01576397309e-10
1.28308790914e-10
2.57953077884e-10
3.89350268552e-10
4.95926148874e-10
5.99723678673e-10
7.04461573844e-10
-2.93785153628e-10
-1.2524151725e-11
7.84853396428e-12
2.06947822085e-11
6.2580877505e-12
1.24119456451e-10
1.15281530448e-10
4.75235109793e-10
8.78988604778e-10
1.49463290611e-09
-1.82250789111e-10
-1.7184997159e-11
1.45822406203e-10
3.12057972169e-10
4.76175981931e-10
3.91016189506e-10
5.91605261316e-10
7.92230252022e-10
9.90466636179e-10
1.09823345317e-09
-5.73901441102e-10
-4.99106798795e-10
-4.25244853908e-10
-3.49920163382e-10
-2.75554980317e-10
4.70083725191e-10
1.01244546691e-09
1.55490432775e-09
2.09090476692e-09
-3.49433050442e-10
