24773.4035895
15124.1601911
5595.24391959
-4122.38090452
10684.1372266
4157.79822172
-2456.78257191
-7276.89874272
-5054.48845353
-2811.94398886
6790.81908248
9383.61740113
11944.0832394
14555.2559775
8278.45241386
-13605.6930902
-35785.7313056
-7074.71415204
-6416.80903634
-5752.9435554
12874.5137813
5574.10063835
-1635.27554942
-8987.42463045
3041619.6327
2369757.99472
1688812.20211
10652.6883512
4478.10595377
-1752.41576592
3634.36162335
4622.4469999
5598.21084308
6593.29849784
6031.32215661
6463.87072662
6902.26773011
1083507.29161
82700.3963549
-927173.421303
2335.49709408
-2884.52353693
-8039.44993627
-13296.4633591
5726162.50011
4465003.88305
3186793.30283
26533.1797772
12921.2610002
-813.976482757
838.642159555
405.410358822
-22.4189936825
-458.720984164
4041.0067859
24239.7701072
44711.6383046
2049451.35385
161632.778273
-1743288.70159
-10583.2975548
-13253.1596228
-15889.7282169
-18578.510833
9016892.46662
7033369.81067
5023028.20049
45999.5886219
23270.9349282
336.368444996
-2588.36879607
-4763.8603625
-6912.22330972
-9103.1319621
1601.26536375
46029.5822512
91058.6086863
3233511.81724
258388.601269
-2743688.07744
-28941.5846875
-27987.5372184
-27045.3868262
-26084.5782959
-25136.0088195
10683152.971
7632414.634
4581130.01026
1566173.45518
1971.0691318
-7458.33173301
-12109.6661244
-16702.9978641
-21387.2949307
-26011.9220811
76994.0521399
156920.092913
236860.445807
315849.042642
-4165308.2431
1761.03909017
1325.93912797
896.26491018
458.081519109
756.33901357
367.44412136
-26.7089685759
-495.62089407
-316.096243598
-134.945169404
444.392203195
892.2007188
1334.42501294
1785.4070193
423.68179053
-1620.17728157
-3691.67110882
-526.141102112
-450.113003004
-373.396118798
896.573625337
746.566956563
598.430887455
447.361164361
304210.113949
41548.0689734
-224665.395666
1332.26469473
634.980524517
-68.6207699014
419.282780752
798.548808508
1173.08534716
1555.03912469
1464.74769206
1053.37742711
636.445077811
107763.29899
8217.14558638
-92230.8573676
130.904213631
233.408747602
334.635038755
437.865993014
572983.457463
78022.3366995
-423631.089598
2951.24907337
1477.36280485
-9.87630177088
397.043006589
715.599973678
1030.18450033
1350.99898946
2386.83463342
3421.38302623
4469.91941454
203676.803071
15893.860337
-173590.323045
-807.65829104
-395.62389564
11.27238551
426.226750716
902447.555964
122732.729396
-667524.52087
4935.81056978
2509.9604388
62.1330462601
369.781347937
613.92075679
855.01572035
1100.8852753
3517.13475509
6324.09956708
9169.0169886
321248.195171
25304.0268055
-273321.280973
-2141.4050082
-1289.51238867
-448.242963838
409.68677482
1256.68795899
186268.550596
-1014109.9232
-2214703.34525
-3401002.70901
164.462119778
331.041096169
469.429238054
606.091664582
745.460523612
883.05406224
10449.0125462
15846.6819623
21245.3179231
26579.678655
-415044.221185
-781.267244763
-198.428557952
377.1420663
964.111164034
-340.441123456
-51.297778944
241.755035471
253.545304562
207.380799928
160.798062782
-256.733544219
-45.894209454
162.315935606
374.649428379
-444.079239226
-296.069419102
-146.058377272
197.316878489
209.061725632
220.912976536
-426.697311851
213.241949407
845.201097661
1489.67542527
1792.96941781
-215662.477271
-436058.111035
302.584667426
210.408676414
117.397606664
64.0947986974
376.101102347
684.216653057
998.434056062
960.252328694
455.649566907
-55.7758638008
-32.6701626366
-11.4412796013
9.97992888286
-112.649656987
577.864398783
1259.76766829
1955.1751995
3682.5616115
-406632.379108
-822495.135268
346.019531677
213.090509872
78.9572026738
348.25704528
749.868378513
1146.47157423
1550.92901201
2204.08886028
1121.45781166
24.1886481309
-236.372970491
-206.743941379
-176.846484753
272.31198446
1024.82094963
1767.9460452
2525.78782598
5998.83591345
-640724.516842
-1296192.13272
399.2622685
216.377918628
31.8367074598
696.584960446
1208.03471704
1713.10663889
2228.18089349
3728.79170545
1937.60985361
122.209662757
-486.07318657
-446.147204204
-405.859507919
819.362738095
1659.96973241
2490.09426501
3336.65840046
4172.43875972
-973381.765202
-1969340.49751
-2965477.57322
-3949754.81265
-35.1239962653
1191.57726095
1859.1131981
2518.32488867
3190.59146192
3854.29451121
3097.4048606
261.502683541
-2574.90731018
-5377.54749554
-731.299067155
-3210.31050156
-1654.88366625
-118.853174734
1447.59652528
-1388.35826838
-451.384178957
498.258616398
969.335167492
707.536255309
443.365546494
-926.623220975
-942.195779568
-957.574146643
-973.257063502
-1273.18037817
969.047703256
3241.59266165
888.543858184
838.869356461
788.744823013
-1691.01479505
-296.32272992
1080.97737169
2485.55322022
-287151.095099
-461413.956685
-638033.003968
-681.221765578
-195.247939585
295.128620834
-275.269093392
-27.5260050167
217.127699785
466.626472506
478.232894748
-115.448733985
-717.157455521
-103026.187656
-7873.43381967
88141.3670705
-345.352883566
906.9740994
2143.68442708
3404.88629287
-540255.233435
-869695.092334
-1203589.26511
-2143.14362058
-994.85679792
163.833058106
301.644562467
782.610081015
1257.57790662
1741.95189011
2029.48465076
-1076.00272126
-4223.47898787
-195064.949854
-15590.0452042
165510.83249
1304.16816922
2381.98311599
3446.35759177
4531.81070452
-850511.919137
-1370168.74248
-1896851.77878
-3935.1768622
-1975.02249523
2.89011024715
1008.82904384
1775.68012196
2532.96848274
3305.25401492
3931.01906136
-2253.45599597
-8521.55054365
-307886.658355
-25049.117224
260350.822358
3648.22440212
4478.04856061
5297.52472053
6133.22960527
6958.28904209
-2081368.14007
-2882014.29819
-3682803.82568
-4474059.29111
-225.818289342
2013.77541211
3186.88491698
4345.36561723
5526.78861333
6693.16230528
-3926.67907058
-14629.3364387
-25333.9103002
-35911.0373509
395123.43954
-5561.19190079
-3064.47289993
-598.888259738
1915.52427394
-2402.55549071
-838.596581718
746.508414153
1662.09231367
1191.59768711
716.840561657
-1574.95715913
-1809.65611952
-2041.42835804
-2277.79056277
-2075.60266529
2193.45583287
6520.23572089
1557.52850663
1448.41101047
1338.30495211
-2914.64901632
-789.490615254
1309.1668267
3449.38561699
-566797.505179
-699257.634509
-833508.740179
-1633.3712332
-587.851319686
467.140598846
-603.712919681
-418.165182097
-234.931245218
-48.0685839354
11.7239027144
-668.170209383
-1357.25708216
-202705.575348
-15482.4428283
173436.858676
-570.568175792
1225.49369403
2999.1584747
4807.94852082
-1066690.1749
-1317857.35382
-1572420.53179
-4552.21037472
-2163.9347257
245.977774641
256.531978115
814.298219616
1365.10905471
1926.82802589
1860.49886295
-3202.75327538
-8334.46499343
-383624.324477
-30478.3419427
325867.00626
2302.82124163
3695.47446024
5070.76113998
6473.28369327
-1679461.83457
-2076140.88071
-2478183.37312
-8130.14222561
-4095.90793307
-25.1250421253
1311.0257238
2325.05980881
3326.4487772
4347.66903149
4126.73913678
-6309.66154982
-16887.1714653
-605395.694376
-48860.4118248
512716.864589
6386.05883481
7205.44712802
8014.61755906
8839.81262254
9654.49611519
-3153701.68208
-3765320.04238
-4377047.92337
-4981492.67769
-410.37641332
2809.51683609
4471.93154083
6113.61575127
7787.81151312
9440.68089033
-10724.7417293
-29041.0175043
-47360.573121
-65462.019267
778240.347478
-8023.07062962
-4540.61616769
-1101.5882961
2405.54532368
-3464.6382352
-1244.09129456
1006.47937514
2387.55812534
1698.51417501
1003.22775368
-2253.90231223
-2718.07377075
-3176.45696011
-3643.91786888
-2915.91147919
3475.67463416
9953.68055975
2258.09939739
2086.73229407
1913.81267124
-4196.05736904
-1305.9435197
1548.13029191
4458.72555074
-859647.475746
-948331.148559
-1038213.90188
-2630.47662601
-998.991545923
647.274156375
-947.664286101
-827.248465081
-708.334242599
-587.065069127
-476.811403521
-1246.98853841
-2027.5791391
-307091.345019
-23450.7127002
262759.593765
-806.417052524
1559.05225423
3895.02389843
6277.25660899
-1617980.84611
-1787179.68499
-1958666.23957
-7075.02169148
-3388.21089875
332.000970192
209.289394182
847.48251994
1477.7173072
2120.43312494
1683.53437778
-5429.91877698
-12639.5520152
-581086.567216
-46069.5925523
493794.428449
3348.62591611
5070.98255776
6771.86122256
8506.42371266
-2547550.78398
-2815445.63288
-3086962.65351
-12523.1737072
-6316.93139577
-54.4629354504
1627.49067969
2900.3785661
4157.39340049
5439.30187895
4331.70017422
-10557.3816501
-25647.7768311
-916951.678297
-73795.9614032
776998.419351
9253.16066101
10061.6203575
10859.9984726
11674.1874916
12478.0051378
-4276665.66409
-4690331.24174
-5104070.89327
-5512884.63184
-603.648485575
3642.82934857
5817.65189484
7965.35416465
10155.5890557
12317.9241081
-17843.7762592
-44133.1489379
-70427.2291774
-96408.2566309
1179446.1959
-10482.5481792
-6015.31968762
-1603.79802687
2895.08843421
-4525.68508342
-1649.19051046
1266.19677495
3112.31635811
2204.93624485
1289.3356196
-2932.18526009
-3625.60540207
-4310.37851857
-5008.71273059
-3755.40070273
4756.64283074
13383.776608
2957.98699037
2724.43099469
2488.75907224
-5476.21590751
-1821.89270479
1786.86068548
5467.08103061
-1152211.81678
-1197161.73019
-1242719.40559
-3626.60949781
-1409.73076891
827.232021677
-1291.28018154
-1235.93275104
-1181.2755091
-1125.5358472
-964.870219661
-1825.24232032
-2697.24740129
-411375.302631
-31411.210766
351995.20844
-1042.03589541
1892.28548001
4790.01554499
7745.13161599
-2168733.81914
-2256044.26534
-2344535.22483
-9595.37239877
-4611.2929811
417.940263516
162.092888031
880.634454149
1590.21572787
2313.84939237
1506.74249391
-7654.91202555
-16940.4400952
-778356.216296
-61645.6363255
661558.063594
4393.41057103
6445.14906137
8471.30214698
10537.5807206
-3414793.04784
-3554029.30842
-3695148.16454
-16911.9204709
-8535.78859603
-83.7722142304
1943.64697331
3475.13618954
4987.52756673
6529.87000862
4536.4613041
-14800.958761
-34399.837591
-1228203.78788
-98707.1902371
1041022.20862
12117.466076
12915.0078349
13702.6041603
14505.7978694
15298.7602672
-5398534.36965
-5614440.23676
-5830384.7655
-6043758.29591
-796.732051027
4475.3290945
7162.05970826
9815.28649564
12521.0572001
15192.3610232
-24955.8672798
-59210.5603482
-93471.3873038
-127324.310761
1580260.7305
-12939.4767502
-7488.49483918
-2105.48727236
3384.12418703
-5585.632273
-2053.86988549
1525.64500618
3836.32345849
2710.83346377
1575.14696611
-3609.7652421
-4532.19647643
-5443.12489176
-6372.09313218
-4594.0198878
6036.28344434
16810.317738
3657.14922666
3361.46879057
3063.10960438
-6755.04770212
-2337.30716516
2025.3436612
6474.39146067
-1444472.94698
-1445734.42623
-1447012.96178
-4621.7099872
-1820.04430576
1007.0033804
-1634.53995681
-1644.19348059
-1653.72662386
-1663.4485594
-1452.42321639
-2402.89680564
-3366.22162581
-515551.181364
-39363.4586491
441138.340191
-1277.41054523
2225.17334612
5684.07963092
9211.48533161
-2718915.99715
-2724422.919
-2730004.29922
-12113.1110391
-5833.10747307
503.790490191
114.94529588
913.752030015
1702.59755628
2507.06520506
1330.13383543
-9877.59931276
-21236.8707767
-975421.41703
-77205.5372384
829147.830139
5437.11242129
7817.8913922
10168.9817874
12566.6326573
-4281136.51026
-4291847.52303
-4302703.35802
-21296.1187801
-10752.3461943
-113.051117159
2259.47560562
4049.29813978
5816.80139
7619.30788408
4741.01022153
-19040.1378699
-43142.8278003
-1539133.31881
-123592.601316
1304772.3662
14978.8029527
15765.4380893
16542.2637991
17334.4735937
18116.5919933
-6519240.38139
-6537591.49421
-6555945.8931
-6574081.76769
-989.615506551
5306.96604578
8505.07419051
11663.3015748
14884.0737964
18063.8188999
-32060.5873984
-74272.3456759
-116491.662689
-158208.323793
1980659.86482
18810.2486837
13029.4702873
7320.77883366
1499.03371565
10275.8078822
5924.6791404
1514.71934754
-2472.20226056
-1944.44112129
-1411.89867074
5747.68069461
7758.5316827
9744.3071377
11769.4084511
9160.27102243
-3373.39684705
-16076.5308247
-2489.97265045
-2697.23595921
-2906.37699317
16488.5783832
10022.1429038
3636.34458632
-2875.91667018
2284216.62899
1583409.87147
873127.596083
13004.7137008
4999.43429834
-3078.36983142
4544.92029375
5122.41338091
5692.70506572
6274.29068107
6767.53406296
9155.00530978
11574.7572477
815849.977739
64678.6198743
-693298.059224
14432.2418313
7358.51007831
372.988538681
-6750.8727262
4298278.49911
2980611.04182
1645127.57262
26712.8392665
11149.7239557
-4554.38714517
3479.61822442
2787.56574218
2104.14323055
1407.18637048
4648.25275601
20251.5900773
36065.8981118
1540665.36237
124354.377898
-1304787.83492
11911.5712193
4093.41177614
-3627.25435843
-11500.8188594
6767128.53346
4693309.25063
2591450.1245
43516.3480245
18688.788697
-6363.69869106
2173.76407493
-74.5055569036
-2294.73901903
-4558.94149412
2050.42405716
33853.8552761
66087.2965905
2429148.73708
197505.307089
-2054355.94705
8329.56561272
-546.464758512
-9311.81005431
-18250.7423118
-27075.8078926
7127143.54736
3936224.27718
744733.618464
-2408759.70272
-8934.82562469
318.07659932
-4141.65950824
-8545.78221579
-13037.1231964
-17471.2521906
53183.3900323
108749.283902
164325.127793
219239.295269
-3119531.68535
1782.02790977
1536.23688629
1293.5109039
1045.9780298
1215.39298595
843.23141503
466.037895465
60.43753599
38.051832234
15.4633226821
691.802805997
1034.14606603
1372.22026795
1716.98961667
979.809138625
-235.13282981
-1466.50187205
8.726359356
-48.339526563
-105.922407281
1787.29642238
1523.16849679
1262.33427551
996.334550928
229273.122059
61108.1541198
-109330.550681
1790.33686267
826.74389009
-145.578861184
816.455303541
1073.06579248
1326.47632039
1584.90533441
1708.44539575
1646.06802886
1582.84726562
81446.4549601
6598.0817494
-68928.3887
1791.96281925
1511.59363753
1234.72069035
191351.739677
431267.110666
114485.657087
-206578.957707
3322.53340915
1525.29971276
-288.216224036
926.861801365
1107.53755019
1285.96025255
1982.1451927
2353.80893778
3312.27450368
4283.69935899
153577.014578
12484.9120224
-129885.430274
1797.68291865
1497.40510037
1200.87177952
898.465978302
678872.645088
179916.144595
-325786.682447
5200.70982097
2381.593947
-463.062023662
1062.1987987
1149.7932532
1236.2953952
1324.51060652
3144.89973123
5354.72115023
7594.42127989
241995.119916
19701.0265506
-204606.965106
1805.81148094
1477.24244229
1152.7706957
821.873182334
495.190736166
272896.311054
-495187.133394
-1263408.11629
-2022482.79261
-711.527107341
1254.51979491
1209.84083114
1165.71901897
1120.72342818
1076.3010041
8257.14533217
12299.131378
16341.8412104
20336.4192366
-310790.198815
-99.1761510833
266.514251521
627.644454565
995.926400366
214.437600053
281.855084354
350.184111774
340.232608722
257.069065115
173.152092048
133.251320112
291.265074722
447.308380425
606.441933278
76.067149383
111.568983119
147.550832573
284.771801009
244.299075675
203.459683142
163.162480748
584.238623862
1000.06390114
1424.12409033
2251.86591046
-107069.144645
-217868.270497
551.421092904
365.76313086
178.42317967
404.550644007
625.711413637
844.114284135
1066.84235683
1149.53919696
816.513168539
478.984338105
312.735371916
181.595515874
49.2675835857
395.519554657
865.651639365
1329.92112524
2140.26698098
4056.4452711
-202151.45869
-411147.47315
738.473750321
462.035017664
183.091857277
644.844330885
921.93531382
1195.57094171
1653.44452327
2100.32872481
1440.8923042
772.539728719
337.503106147
126.058077193
-87.3025617355
680.344354931
1210.60952933
1734.26223867
2268.28525056
6268.51029382
-318703.972682
-648070.366725
967.764104575
580.045717616
188.81475241
939.397882543
1285.04848178
1626.38878002
1974.48890611
3265.81266217
2206.26027694
1132.38182044
367.86355456
57.979926552
-254.711126968
1085.0953869
1700.81284666
2308.85224195
2928.93311508
3541.11522064
-484331.229406
-984750.26812
-1485258.9154
-1979808.59302
196.947287597
1357.97398227
1801.05140468
2238.60360289
2684.82098816
3125.3543287
3293.88844873
1643.73637183
-6.71119295032
-1637.50881358
-492.60750914
-1896.57010629
-946.640576282
-8.55677204305
948.104636604
-741.923911957
-254.511195278
239.491765937
607.562444379
466.328793315
323.815620136
-400.415965266
-418.51959511
-436.397470698
-454.629395785
-787.411950161
442.824776035
1689.69537448
548.519056563
523.900244769
499.058396086
-1388.61416585
-312.860693049
749.478015571
1832.85504527
-214655.295835
-267753.924404
-321570.492689
-632.299356096
-74.6803315716
487.990505098
10.9968767304
198.28725849
383.24210858
571.85976366
615.533001593
23.9160641256
-575.700049719
-77206.3707078
-5949.02784911
65953.8789057
-938.710332889
248.487203528
1420.88025603
-178641.586703
-404121.425252
-504681.976104
-606602.193206
-1730.46266509
-553.859842186
633.402546064
375.391108213
744.60190025
1109.20859308
1339.38789933
1858.14138743
-347.117366422
-2582.19313973
-146074.987356
-11682.1927323
123928.1485
-387.215311841
936.591076752
2243.88945401
3577.07727951
-636370.229054
-795109.910445
-955995.890614
-3076.59833418
-1141.24117778
811.649564022
822.067908095
1414.27791273
1999.10299344
2595.50982085
3381.33876362
-801.932539352
-5041.76531457
-230494.581957
-18709.9432342
194993.382196
396.488139122
1914.4228966
3413.42884062
4942.12076717
6451.33977858
-1207823.29082
-1452502.72377
-1697225.97075
-1939035.58494
1064.94795796
1456.81915003
2365.92277257
3263.6897729
4179.23595256
5083.11964303
-1448.24883773
-8536.9468262
-15626.914167
-22632.469579
295980.819554
-3636.12744211
-2120.75845627
-624.286288435
901.821683597
-1667.51158243
-773.618257878
132.361283128
866.290129177
668.854953053
469.631090789
-916.910881964
-1105.46478355
-1291.66739724
-1481.55752635
-1623.1059824
763.421405912
3182.21672352
803.779441675
794.504395514
785.145321032
-2890.4576773
-1181.09310986
506.955493323
2228.43383811
-424582.809674
-423268.182465
-421935.78035
-1777.92999798
-500.951185476
787.59655992
-369.89310063
-215.383223955
-62.800102444
92.8047414952
98.7100803696
-743.176816843
-1596.44675831
-152231.063684
-11882.3797539
129737.808833
-2230.00731418
-348.818088758
1508.91250002
3403.43317496
-799164.93084
-797477.653619
-795767.56294
-4119.95353918
-1537.06519389
1069.22311829
114.608362837
572.97472883
1025.6252158
1487.23989301
1623.74716453
-2077.59238557
-5828.97727079
-287776.210453
-23110.4771433
243953.025086
-1420.4229981
671.390001628
2737.11786308
4843.75494271
-1258330.11163
-1256186.03761
-1254012.97386
-6990.82110581
-2807.14043
1414.44277049
708.513382571
1539.34899353
2359.823993
3196.5474981
3493.14746125
-3713.32759885
-11017.2404796
-453928.325847
-36873.9513626
383958.774041
-269.961075254
2121.15939323
4482.46232636
6890.52798109
9267.91900652
-1908034.79382
-1905203.82095
-1902372.34114
-1899574.57245
1905.01806572
1552.48367377
2912.61768548
4255.7906764
5625.56356848
6977.88790154
-6037.79342824
-18390.0355659
-30744.4895832
-42951.853601
582914.312031
-5457.81832113
-3350.31254387
-1269.08759556
853.353471823
-2636.80105758
-1317.23506297
20.172613413
1137.23369272
880.943425425
622.331267689
-1457.79220817
-1824.84422475
-2187.31906229
-2556.97227143
-2498.25747343
1099.15506899
4745.20776285
1071.09199629
1077.88517469
1084.73989665
-4463.21102678
-2090.31929173
252.982222285
2642.68996177
-644422.092543
-586125.076936
-527039.834892
-2977.6518169
-947.348501943
1101.3485738
-768.766873504
-648.585239935
-529.902284562
-408.868958162
-442.51473716
-1546.4881397
-2665.38822436
-230798.062358
-18095.8760407
196533.309609
-3582.2731375
-974.325268397
1601.10120381
4227.53085287
-1212860.49357
-1104097.73688
-993864.412969
-6622.26469685
-2566.69278047
1525.62104492
-158.487291371
393.244146611
938.09543285
1493.73683359
1378.28597211
-3889.77212454
-9229.05895589
-436167.884787
-35078.3502601
369644.899926
-2502.41378935
393.667405361
3253.63414889
6170.23904196
-1909655.9529
-1739031.9652
-1566100.99255
-11089.8546787
-4551.69544447
2045.69697727
589.597357695
1670.32533012
2737.57650581
3825.96328799
3610.23522863
-6762.18475112
-17274.8488849
-687911.538086
-55895.5767226
581846.204186
-967.876820922
2337.65699439
5601.97043928
8930.92962646
12217.483579
-2641306.92123
-2379279.28984
-2117204.73793
-1858250.40046
2784.75224954
1652.66501689
3485.12490668
5294.73382001
7140.17982846
8962.11801763
-10844.0342731
-28708.3398365
-46575.8443087
-64230.6213531
883395.426028
-7277.73242446
-4578.66739298
-1913.25999945
804.932533239
-3605.14514182
-1860.32165455
-91.9066337297
1407.91299301
1092.82503853
774.882509352
-1998.14598889
-2543.52202335
-3082.09715865
-3631.33811694
-3372.5553905
1434.56127618
6306.67434787
1338.14382914
1360.98956005
1384.04226442
-6034.43040035
-2998.65866507
-0.743337387023
3056.54204312
-864046.956435
-748823.129874
-632041.376801
-4176.20349406
-1393.31042736
1414.79457146
-1167.25160714
-1081.36473483
-996.54888126
-910.053353267
-983.211674183
-2349.01595749
-3733.28710451
-309288.431163
-24303.3120298
263263.661779
-4933.22003614
-1599.22236321
1693.19999187
5050.82475187
-1626152.56072
-1410418.76001
-1191768.05038
-9122.13523975
-3595.31612572
1981.57382646
-431.316583307
213.68886358
850.651021569
1500.22743741
1133.06418884
-5700.18436445
-12625.8243909
-584414.826156
-47034.5505809
495214.181921
-3583.34926711
116.215684228
3769.64665353
7495.4293626
-2560346.52727
-2221406.95179
-1877884.61799
-15184.8902829
-6294.54891725
2676.33549389
470.797316879
1801.17391969
3114.96057987
4454.76518082
3727.20879512
-9808.06821814
-23526.3539678
-921666.536148
-74898.6494499
779540.625966
-1665.11185849
2553.94343586
6720.38664642
10969.3411778
15164.1713107
-3373863.8559
-2852892.37196
-2331827.59919
-1816966.53376
3663.6283897
1752.74864872
4057.07373627
6332.66363642
8653.3188162
10944.4128263
-15645.5873787
-39016.5802086
-62391.7580136
-85488.6349817
1183583.4675
-9095.76038651
-5805.74918707
-2556.76478932
756.561777645
-4572.48564368
-2402.84539646
-203.869723031
1678.31176391
1304.48705959
927.275648392
-2537.93975221
-3261.45499128
-3975.94791569
-4704.59050013
-4245.94719371
1769.61987164
7866.52264412
1604.91889207
1643.80053878
1683.03443813
-7604.02137744
-3906.05664433
-254.205938357
3469.96521219
-1083444.20325
-911352.564132
-736934.096133
-5373.51300392
-1838.81016218
1727.91571673
-1565.32335508
-1513.69570126
-1462.71184996
-1410.71832574
-1523.34823816
-3150.71204325
-4800.07922466
-387697.453313
-30504.3146926
329924.855262
-6282.76682656
-2223.47182076
1785.20332964
5873.26539708
-2039016.29599
-1716422.31501
-1389466.58238
-11619.4149412
-4622.87341574
2437.05406297
-703.863117618
34.3196698975
763.297236825
1506.71131443
888.096551038
-7508.72031072
-16019.0694513
-732508.125838
-58978.3596119
620653.325134
-4663.16447386
-160.948488641
4285.12436783
8819.24626888
-3210362.73226
-2703282.00964
-2189345.11391
-19275.6818319
-8035.59611365
3306.32042289
352.120399269
1931.88689906
3491.95353676
5082.91538949
3844.06113135
-12850.7949612
-29771.3800517
-1155179.2728
-93882.0275774
977030.159171
-2361.62428845
2770.00572016
7837.64373789
13005.6401393
18107.8051239
-4105661.57569
-3326014.60609
-2546228.02739
-1775725.45326
4541.59367118
1852.72855485
4628.42980365
7369.51775246
10164.8896014
12924.6532039
-20442.1642013
-49314.1372207
-78191.2802594
-106724.617012
1483460.39701
12847.0937779
10934.7803836
9046.31374772
7120.44833583
9867.47853783
7691.56005909
5486.22126698
2332.49422161
1165.60621095
-11.8533526233
4704.54230674
6133.44596428
7544.53103597
8983.56092468
10042.089631
6858.89939608
3632.66965617
2094.76885114
1022.33711793
-59.8104309433
20102.642985
14470.1851692
8907.96472207
3235.59129009
1526813.62528
797061.748216
57442.9900544
15356.7390504
5520.7626429
-4404.32389692
5455.47896415
5622.37976192
5787.19928837
5955.2828643
7503.74596931
11846.1398929
16247.2467653
548192.663871
46656.8433938
-459422.697146
26528.9865685
17601.5436935
8785.42701363
-205.282093271
2870394.49811
1496218.20058
103461.842409
26892.4987559
9378.18691121
-8294.79780759
6120.5942893
5169.72112554
4230.70545477
3273.09372512
5255.49872611
16263.4100473
27420.157919
1031879.37089
87075.9775239
-866286.968236
34406.4399933
21439.983175
8635.21950006
-4423.12688578
4517364.60029
2353248.69058
159872.048521
41033.1074271
14106.6424659
-13063.7658271
6935.89694592
4614.8492487
2322.74527166
-14.7510261427
2499.58275058
21678.128301
41115.9844946
1624785.65691
136622.012909
-1365023.81667
45600.7159129
26894.6077014
8421.76671762
-10416.9063278
-29015.6069658
3571134.12374
240033.920364
-3091662.77333
-6383692.86062
-19840.7203812
8094.48493165
3826.34710792
-388.566567502
-4686.95146215
-8930.58230014
29372.7279248
60578.4748915
91789.8097796
122629.547896
-2073755.1276
1953.60625338
1746.5346446
1690.75689763
1928.40334614
1674.44695833
1319.0187087
974.051593993
616.49596605
392.199908066
37.8901677425
1155.65892714
1176.09141327
1410.01552296
1931.23298506
1535.93648672
1149.91162195
836.263786887
543.593820824
353.433949878
35.991845879
2678.01921941
2299.77003702
1926.23766356
69098.5209377
154336.130169
80668.2392663
6004.29430351
2248.40903061
1018.50725566
-222.536952466
1213.62782633
1347.58277646
1479.86729362
2040.35376301
1952.14309944
2238.7586306
2529.24945344
55129.6109305
4979.01791241
-45625.9200325
3453.02142487
2789.77852745
2134.80634195
128592.053662
289550.763869
150948.977474
10473.1741853
3693.81774493
1573.23662068
90.5166023485
1456.68059614
1499.47512671
1541.73600477
2137.0035949
2320.78324213
3203.16598113
4097.47930344
103477.226085
9075.9637078
43.0644438939
2628.72179808
3390.43409637
2390.47117353
201519.609904
455297.734212
237099.559794
3701.86751266
5465.60907216
2253.22745521
120.816670758
1560.50432055
1685.6657496
1617.57507006
2255.47758239
2772.66470736
4385.34273338
4596.05882181
162742.044661
14098.0262957
47.1365457813
5753.02797009
4243.99727325
2753.78435525
1234.05958985
-266.306486662
359524.071511
23735.6564153
-312112.887325
-643962.876208
-1587.51633446
2177.99849365
1950.25242423
1725.34637336
1495.98633275
1269.54794596
6065.27811816
8751.58079377
11438.3644977
14093.1598181
-206536.176444
408.603059116
731.457060994
878.14684283
938.505408363
769.316323562
615.007947653
521.207506421
426.919912883
306.757330301
36.4706380625
377.297246457
628.424358898
732.300825243
672.981296446
596.213537992
519.207385339
453.710756874
372.226723529
279.536425717
35.2439672631
753.022273348
955.235298317
1154.92670461
1493.97588997
2710.7624031
1524.1879822
321.570041454
800.257518382
521.117585307
239.448752675
745.006489317
875.321724928
1004.01191521
1206.80000976
1338.82606522
1177.37677017
1013.74454001
658.140906468
374.632311349
88.5552382885
903.6887663
1153.43887995
1400.07458219
1985.96403082
4430.32893069
2329.46172709
200.18896873
1130.92796897
710.979525455
46.386074218
941.431616491
1094.00224913
1244.67030918
1679.61087012
1996.56858933
1760.32679674
1520.89080931
911.379182785
458.860095765
42.5875269934
1351.68476831
1396.39810904
1700.57843213
2589.04626799
6538.18467419
3316.57147888
1952.76357921
1536.26594065
943.713516604
52.0949617014
1222.41331614
1362.06224653
1539.67092115
2259.18547314
2802.83361889
2474.91070027
1477.85179064
1221.80029569
562.107057308
46.8156371412
1350.8280357
1741.65596091
2127.61021888
2521.20782971
2909.79168155
4719.30638932
-160.038730965
-5040.25758124
-9862.37338729
429.01857146
1524.37070359
1742.98961126
1958.8823171
2179.05051439
2396.41414619
3490.37203687
3025.97006012
2561.48492428
2102.52986838
-253.915951125
-582.829711019
-238.397486314
101.739630648
448.612747928
-95.4895555309
-57.6382115991
-19.2750845234
245.789721266
225.121331322
204.265693779
401.106505145
511.365031789
511.134122545
457.016563596
420.84869197
379.210815323
348.053995988
295.827650738
224.597714828
34.8223505471
-1086.21353665
-329.398656178
417.978659457
-63098.6981009
-142159.49657
-74093.8921231
-5107.98140926
-583.376946615
45.8872764421
680.852389362
297.262846853
424.100521997
549.356517375
410.382168329
752.833108438
163.280862237
-434.242643918
-51386.5537598
-4024.62187855
43766.3907409
-1532.06778221
-409.999692344
698.076084974
-118979.658429
-267987.617068
-139668.859873
-9615.12129688
-1317.7817096
-112.862886451
4.22161893516
449.137653959
706.593719486
960.839279547
1242.59559049
1686.7981241
381.767988411
-940.907291582
-97085.0248586
-7774.34026028
42.1318573657
-2078.5987929
-508.800962482
1041.42131625
2622.3438545
-422228.53897
-220051.078406
-15140.0024495
-2218.01980615
-307.459860321
1620.4090178
966.704547129
1131.9078918
1256.05035395
1252.93889623
1075.8199108
898.039677836
714.796485632
585.808819425
402.333013087
45.0235688025
-2855.24812387
-649.202767415
1529.3329607
3751.01192907
5944.39051507
-334278.441584
-22991.1493505
288351.884183
595988.121238
2355.71420527
899.86288795
1544.96062816
2182.01392857
2831.68329179
3473.07698079
1030.18139512
-2444.55721368
-5919.91803372
-9353.90180702
196838.199567
-1711.06298343
-1177.04401262
-649.684317132
-111.880906749
-932.467674146
-708.639934038
-481.785847897
70.4879446833
146.112219001
222.421619921
-258.8646048
-401.273447586
-541.906436432
-685.32448992
-1170.6092995
-666.613021045
-155.802273849
50.0303767166
140.597780557
231.985689959
-2866.26633828
-1572.69560447
-295.255840058
1007.48205923
-282368.114168
-147278.73042
-10362.8205217
-1922.48876276
-414.051051266
1108.05252099
-136.073281579
-12.6012658129
109.33104033
233.678066926
185.696258025
-818.183424302
-1835.63643446
-101756.55202
-8282.31667942
86038.758989
-3889.44645257
-1923.12987154
18.6665253511
-236052.843927
-531639.686778
-277097.953422
-19114.59409
-3687.69670364
-910.195662074
1892.46846194
-27.3152524413
331.651238043
686.141376892
819.642607183
1386.99546612
-952.431495759
-3323.48954814
-191928.096429
-15742.612344
162039.043911
-5143.66723784
-2352.69445699
403.474586175
3214.22619215
-837198.388686
-436231.194522
-29842.574593
-5851.499986
-1518.37292694
2854.01058311
371.854630421
940.053078612
895.454432611
825.672872942
753.696612245
619.958750431
524.693122041
430.607163894
321.128704942
42.229215274
-6925.98098532
-2963.12834156
950.307093661
4941.24333965
8881.34189784
-662367.905558
-45087.5995183
572303.241091
1182343.5328
4220.41254476
295.450511452
1353.30383013
2397.96560152
3463.31562384
4515.09491275
-1350.84512718
-7739.05362745
-14128.4060454
-20441.6879351
387588.276583
-2892.56601264
-2160.00892006
-1436.58689503
-698.838380037
-1808.96387995
-1390.37883138
-966.134148317
-113.090739906
63.3726758364
241.434781701
-661.682104112
-931.614678742
-1198.18116446
-1470.02667398
-2080.60346767
-1277.36449618
-463.265034059
-115.915404819
69.0380553005
255.667122053
-4730.36468452
-2874.69506375
-1042.16584734
826.654372806
-429196.70934
-223919.005313
-15865.7679008
-3324.8270078
-895.705457963
1555.42299122
-589.869460906
-469.92201479
-351.470326525
-230.672847196
-408.218070799
-1845.98774099
-3303.19730962
-154504.779698
-12741.0393813
130307.025453
-6358.12922248
-3507.70279102
-692.821490823
2177.80509675
-807740.141033
-421015.788768
-29062.5863673
-6169.50770222
-1745.17466218
2719.24111965
-526.263976924
-60.994226718
398.473558505
867.040542237
1073.03756643
-2349.6254721
-5818.56589654
-291249.202357
-24087.107968
245495.371404
-8353.45349481
-4283.64774703
-264.592924768
3834.05437127
-1271761.12182
-662618.297519
-45239.3315842
-9656.53565021
-2786.45949317
4145.85688998
115.086308169
1045.27567293
843.929072153
772.147706773
743.132340974
630.675300635
455.537067426
306.946210967
234.481073517
38.8784491178
-11188.9143029
-5386.30636873
343.942405943
6187.67176137
11956.9620202
-1005948.17838
-68227.3379452
869661.4174
1796383.83093
6173.15298466
-337.499314783
1152.59791853
2624.11347537
4124.7706012
5606.31192719
-3844.29228702
-13283.5307351
-22724.45944
-32052.9860753
587344.656161
-4072.91666968
-3142.01509834
-2222.72197202
-1285.22336774
-2684.60520023
-2071.45279863
-1450.01004241
-296.490372083
-19.2861677917
260.429399104
-1064.1067177
-1461.43864463
-1853.81579872
-2253.96350328
-2989.71007826
-1887.52027838
-770.427912238
-281.699332093
-2.45187459046
279.325456599
-6592.64489319
-4175.42462536
-1788.34736026
646.003055628
-575882.096088
-300484.529555
-21363.3480118
-4725.79749031
-1376.89008581
2002.35712123
-1043.22303274
-926.79671861
-811.822253424
-694.570859331
-1001.55312871
-2872.78959465
-4769.32680773
-207201.559695
-17195.4132936
174532.115119
-8824.40417687
-5090.73020644
-1403.61556126
2356.51788775
-1083571.3023
-564793.254682
-39000.8759276
-8648.89808074
-2579.33927034
3545.20738941
-1024.72605464
-453.256726988
111.086315268
686.605482453
759.385883761
-3745.45670335
-8311.2086866
-390473.436017
-32423.4648362
328870.300249
-11560.1091053
-6212.71769292
-932.008839914
4453.27800455
-1705900.00669
-888784.59516
-60621.0714373
-13457.8600948
-4053.30923847
5436.443202
298.602115185
490.516862985
575.243894727
573.340185646
548.192803715
491.286038228
372.847264376
247.81108575
185.330693858
37.1107344826
-15447.6897929
-7807.12096318
-261.830867473
7432.88448631
15029.5823543
-1349193.34216
-91344.5071616
1166729.56713
2409825.22839
8123.98883043
-969.831797054
952.087764276
2850.04077719
4785.58043226
6696.46462941
-6335.30747755
-18822.600069
-31312.1287233
-43652.9592028
786906.204506
-5252.04402279
-4123.00353497
-3008.04230628
-1871.00063174
-3559.33901436
-2751.82090744
-1933.38445224
-479.699930665
-101.859344598
279.40433067
-1466.11426233
-1990.71350612
-2508.77093962
-3037.08786808
-3897.87449961
-2497.04370107
-1077.2724498
-447.311442518
-73.8677130136
302.959271877
-8452.99505277
-5474.80612351
-2533.75553791
465.538963718
-722415.459528
-376970.702033
-26855.2304844
-6125.31602065
-1857.57601859
2448.82805306
-1496.10675335
-1383.19792193
-1271.69707606
-1157.98809208
-1594.27325993
-3898.52728087
-6233.9368235
-259843.725263
-21645.1707362
218711.370333
-11288.1231079
-6672.11698764
-2113.67297164
2535.04546255
-1359116.59484
-708421.711029
-48928.8655414
-11125.7188432
-3412.63935841
4370.31763576
-1522.67153112
-845.11269022
-176.003082627
506.357423809
446.059266647
-5139.84130869
-10801.2681259
-489594.834647
-40751.1819853
412158.820129
-14763.441369
-8139.78836948
-1598.7330517
5071.85988048
-2139588.95425
-1114716.49625
-75986.8698048
-17255.2448838
-5318.84603303
6725.69196293
226.483887497
291.25224123
625.636488245
456.272067506
405.385097497
340.495317387
275.132532907
192.43398177
135.5817282
35.699859329
-19702.0515296
-10225.4266489
-866.976323361
8676.8066849
18099.0182545
-1692082.76999
-114437.717969
1463489.83831
3022630.86116
10072.8028489
-1601.50893609
751.785416798
3075.73393016
5445.70540644
7785.48750797
-8823.74100417
-24355.9287654
-39890.8978298
-55240.9102309
986260.929203
6883.93887206
8840.09047982
10771.8486618
12741.862956
9459.14919344
9458.44097778
9457.72318643
7137.19070377
4275.65354319
1388.19196549
3661.40391886
4508.36024585
5344.75493424
6197.71339826
10923.9082396
17091.1956392
23341.8701371
6679.51035273
4741.91019507
2786.75613129
23716.7075869
18918.2274346
14179.5848578
9347.09925037
769410.621575
10713.6249648
-758241.615974
17708.7644
6042.09098747
-5730.27796242
6366.03763455
6122.34614292
5881.69351101
5636.27504754
8239.95787567
14537.2744761
20919.7362828
280535.350003
28635.0669133
-225547.335067
38625.7313057
27844.5773088
17197.8654886
6340.30853966
1442510.49711
11825.3593533
-1438203.8878
27072.1582453
7606.64986669
-12035.20847
8761.57035417
7551.8765089
6357.267679
5139.00107976
5862.74469622
12275.2300173
18774.4177262
523093.379408
49797.5771494
-427786.101557
56901.3087674
38786.5545739
20897.6933585
2654.56508783
2267600.66713
13188.1305392
-2271706.02746
38549.8668297
9524.49623477
-19763.8329632
11698.0298169
9304.2040543
6940.22956235
4529.43944184
2948.741444
9502.40132597
16144.6723987
820422.576743
75738.7187292
-675691.686286
82871.8662131
54335.6801613
26155.3434896
-2583.07034372
-30955.4060389
15124.7001191
-3456156.43645
-6928059.16513
-10358626.0185
-30746.6151377
15870.893264
11794.3537241
7768.64908079
3663.22027216
-389.912409663
5562.06581718
12407.6658807
19254.4917658
26019.8005223
-1027978.56985
1824.00554899
1956.83240291
2088.00289135
2221.77105117
2133.50093071
1794.80600237
1451.53162355
1172.55439611
746.347983898
316.280306853
1734.75427811
1613.89993877
1487.62393434
2573.4893614
4687.47895132
2442.06869477
1568.8127716
1276.68003547
477.396852102
36.2531510817
3568.74201645
3076.37157725
2590.14105161
35909.2018172
79399.1382787
100228.324413
121339.139288
2706.48119855
1210.27062124
-299.495043748
1610.80034912
1622.09976043
1633.25826685
2089.07922389
2195.84080312
2831.44923235
3475.65164125
28812.7669009
3359.95407543
-22323.4513649
5114.08003049
4067.96341738
3034.89199355
65832.3676467
147834.417073
187412.297862
227525.306077
4065.1020807
1621.17352859
694.754506153
1986.49939092
1891.41270323
1797.51175699
2291.8619971
2287.75754648
3094.05745858
3911.25924789
53377.4375916
5667.01539321
947.787176776
7008.36533802
5283.46309238
3580.07056754
1842.94443347
231722.823336
294282.974993
357688.994399
5730.50832335
2124.86096341
-1513.45216351
4049.04040868
4214.10506254
2382.55193094
208892.350338
430234.434205
332807.059706
4797.24725098
2362.59076533
5616.51587248
45.8124363541
9700.24445924
7010.75210421
4354.79801479
1646.24599736
-1027.80370949
446151.831969
542658.446225
639182.341636
734557.040191
-2463.50556158
3101.47719239
2690.66401732
2284.97372775
1871.24923732
1462.79488781
3873.41090415
5204.03020953
6534.887785
7849.90039963
-102282.154074
1064.35477575
1124.23251173
1065.76296618
1134.29151871
1229.98114215
863.05345846
665.391604161
508.321809086
351.602244265
37.2659457856
312.794360681
965.051384139
1087.89653976
1186.51421944
1006.21685726
679.042040508
564.699566798
436.93651322
316.054909978
35.41193427
1342.88206595
1326.23197277
1309.78950809
1550.58117898
3169.65889575
110117.520609
218511.41058
1049.09394386
676.472039753
300.474325681
1085.46233463
1124.93203622
1163.90954629
1395.6908733
1528.11293348
1538.2403718
1548.50474192
1003.54644102
567.669106824
127.842892991
1411.85797794
1441.22612053
1470.22803914
1831.66108065
4804.21259029
206810.382144
411547.851087
1523.38218761
959.924033246
46.4721401147
1238.0189021
1266.06918443
1293.76967666
1705.77721696
1892.80845386
2079.76128928
2269.2418899
1485.25525942
791.662114337
42.4464749408
1496.40909587
1582.18668875
1666.89462559
1753.28009971
6807.85905456
325337.115639
648173.165258
2104.76777672
1307.38131559
502.770842309
2302.32155037
2589.82029356
2284.99657172
5860.52884712
2541.89277982
2202.08840326
1705.54327003
1278.38806927
1084.16934874
47.3715245157
1616.56068451
1782.49907516
1946.36819582
2113.48254434
2278.46814247
493769.842185
984430.190659
1475178.40024
1960083.84625
661.089855322
1690.76742491
1684.92781784
1679.16103132
1673.28004063
1667.47396368
3686.85562501
4408.20374841
5129.68104151
5842.56855034
-15.2243931101
505.335985065
775.685152109
819.892822733
778.350192927
646.9612753
559.989816384
479.651813663
385.525963688
284.943167375
35.7785530089
316.076113814
612.611830656
733.638813118
680.118984941
554.146633209
480.683051478
404.474689945
326.812283799
247.151523021
35.0622126193
-783.812907454
-345.936619307
86.4793033428
-31277.3178934
-69663.6973054
119566.140158
311354.52987
-534.454537134
166.454884456
873.714273626
583.528816975
649.913785504
715.47092617
733.1938822
890.133215282
302.645660348
-292.785238116
-25566.7368119
-2100.215908
21578.9025761
-2125.42523153
-1068.48658822
-24.7280860819
-59317.7301545
-131853.808885
225344.256357
587371.950612
-905.100754101
328.134069283
-572.928397141
522.884199704
668.585538722
812.469966009
1145.80328165
1515.45486077
1110.65334324
700.378556561
-48095.0623611
-3866.48778831
-822.560112456
1286.43011478
1925.10325385
3082.15124577
3452.8091024
2224.17271143
1512.01395293
1251.54452746
760.235397653
509.63867086
48.7434130053
1065.44430568
1296.66630259
1386.60008386
1788.88212507
1484.82775402
1388.92814246
1070.46514062
787.723438059
458.825598049
47.4712706512
-6106.98438687
-3212.82843143
-354.762919213
2559.90309097
5437.44125157
539266.407657
1406520.42507
2273929.73911
3131011.82741
3646.48045257
342.906625869
723.998483755
1100.33808424
1484.13063103
1863.03431854
3508.61162797
3647.83239883
3787.07809954
3924.66596494
97695.5795809
214.001475251
-233.329568962
-675.08234583
-1125.58349709
-197.423765865
-643.661610197
-1095.93297892
-725.314239811
-376.630515051
-24.7878509478
399.181672364
302.917888379
207.854524372
110.908546507
-718.112616608
-2096.647448
-3493.82127122
-703.718688242
-513.3088344
-321.173941115
-2842.07499926
-1964.29809908
-1097.46717344
-213.469719654
-140153.418663
128710.721624
401210.139307
-2067.04752754
-327.150917057
1428.50848207
97.7465374715
190.180692329
281.462183105
374.551392356
272.68243568
-893.190031762
-2074.82611061
-51282.0403566
-4682.25360498
42339.7091454
-5548.88559096
-3497.44165433
-1471.57944932
-118499.453669
-264114.442715
243281.746774
757538.37476
-3255.43986809
-283.326130262
2715.71380559
-169.238867719
90.3277472569
346.657537982
603.848211533
1150.24376771
172.729394051
-818.001825493
-96079.9824057
-8374.74754463
80125.0627364
1025.40493095
1374.64382305
1598.59279402
1687.47695961
1664.26813461
1517.71171728
1169.91581822
872.851249798
417.552431397
47.0801238858
392.460085795
1390.87751642
1595.71239172
1426.95720049
1183.5418805
1042.79353703
903.690741389
595.826112148
380.589613501
42.3319186803
-13582.0008954
-8047.41607636
-2581.84813904
2991.95869821
8494.76478917
583298.982704
1815028.62191
3046978.82332
4264261.63804
6535.8070238
-961.582650866
-206.010025216
540.140526651
1301.0676792
2052.30192396
3336.10317388
2911.92831097
2487.67749232
2068.47773076
192262.241135
-327.313704148
-969.70529624
-1604.08619449
-2251.0302319
-981.12670232
-1463.5225998
-1952.44091005
-1363.41517253
-754.198073752
-139.461704287
134.427999946
-38.3851327377
-209.043266641
-383.081076525
-1662.94946191
-3653.88406135
-5671.73783096
-1302.92280593
-939.809064085
-573.405652541
-4997.51834226
-3659.07083577
-2337.31391697
-989.381216162
-213971.326137
138287.06631
495308.299091
-3672.00219869
-844.062413983
2009.49740864
-410.972048308
-291.258789644
-173.038368489
-52.4767362311
-373.921404438
-2145.48734227
-3941.00639487
-78211.4970373
-7386.20272181
64080.7412976
-9133.98530745
-6041.08031365
-2986.74418545
128.079340632
-402619.788494
262066.159345
935739.240235
-5716.75070758
-923.656543901
3912.86119438
-894.040662477
-515.232600047
-141.148315839
240.344250886
767.789160748
-809.47881966
-2408.07283719
-146330.519928
-13095.8656758
121345.842882
437.351037803
1191.36566015
1154.83377394
1151.39923582
1129.82647681
1096.1500628
1159.78325703
514.318759018
327.409543282
42.3790477034
171.647612971
1429.89408292
1150.90590537
1114.5140117
1213.95564377
1196.13882982
1084.02470603
673.666820864
339.179383065
40.284339687
-21409.9517848
-13110.2697319
-4914.0856274
3444.41389628
11696.4404615
629410.564479
2242824.61395
3856527.57273
5451018.06231
9561.55371978
-2327.66364646
-1179.92906963
-46.5068692671
1109.36137394
2250.50583676
3155.44969906
2141.27836626
1126.92542877
124.649202482
291293.886294
-868.100914908
-1705.3628037
-2532.1839446
-3375.37926871
-1764.06525863
-2282.58394271
-2808.1134511
-2000.89373718
-1131.39737411
-254.023711145
-130.067446503
-379.35526592
-625.534438797
-876.588889625
-2606.86476603
-5209.60183294
-7847.53017235
-1901.54249333
-1365.89330923
-825.391351221
-7150.85938603
-5352.19058565
-3575.95138313
-1764.53593186
-287717.235741
147854.070764
589314.680777
-5275.39148656
-1360.46974426
2589.91967101
-919.194458348
-772.228702394
-627.095625589
-479.088365395
-1019.89458323
-3396.56323182
-5805.36651095
-105114.688228
-10087.5145575
85800.5684593
-12715.5883176
-8582.23804966
-4500.43111439
-337.788976369
-540990.043882
280832.250646
1113766.29852
-8175.66092173
-1563.36241496
5108.84095235
-1618.13552598
-1120.20231756
-628.478391033
-127.016472505
385.707578685
-1790.72904225
-3996.59298229
-196532.045878
-17812.3790916
162526.418577
146.599131649
1672.57347729
1274.78787359
1281.85501064
1203.85575727
1224.08355327
1139.0139288
931.079537812
285.806575
37.8378353609
122.753958685
1112.37625068
1148.63540744
1119.21496222
1192.45884835
1173.23440113
995.032042814
491.881348923
237.763719169
39.9319836828
-29230.2677274
-18168.1853622
-7244.04838137
3896.42779478
14894.9933979
675477.171589
2670203.35764
4665286.73344
6636616.99054
12584.3492712
-3692.41224283
-2152.89820772
-632.582082029
917.842048329
2448.51643251
2974.97242356
1371.38007052
-232.499433085
-1817.28342385
390228.941508
-1408.32765906
-2440.25788287
-3459.31982323
-4498.56304112
-2546.19238504
-3100.79641841
-3662.89918145
-2637.71162524
-1508.20574878
-368.466987053
-394.288772446
-719.972020973
-1041.59396355
-1369.58523603
-3549.80180552
-6763.70727377
-10021.0675437
-2499.54177711
-1791.53596481
-1077.11589437
-9301.96872809
-7043.55560268
-4813.30513746
-2538.88728476
-361386.715801
157411.160067
683223.635164
-6877.11903737
-1876.341875
3169.7403894
-1426.89015163
-1252.70014261
-1080.68230216
-905.257858416
-1665.1982817
-4646.34251848
-7667.79442235
-131989.997212
-12786.0267798
107497.885403
-16293.4793892
-11120.7621545
-6012.54927292
-803.174471977
-679216.893684
299578.892954
1291608.8513
-10632.0227453
-2202.40530108
6303.58120854
-2341.47994461
-1724.54505034
-1115.30340208
-493.996466816
4.02198225696
-2770.96230666
-5583.46680057
-246681.543455
-22524.0043588
203664.315124
195.970997166
1429.42748945
1319.65483556
1474.23273721
1516.39755694
1493.97863991
1525.25227868
1412.76703556
247.082488508
36.7900331462
212.312359562
1387.84131864
1152.71944469
1200.6540149
1149.70499385
1242.9864979
1319.78622568
292.551251818
197.312103209
36.2084479218
-37042.4787707
-23220.859018
-9571.59638461
4347.97323047
18090.2313851
721496.035715
3097139.17015
5473207.70402
7820987.17558
15604.0120266
-5055.74642703
-3124.85897006
-1218.04989214
726.52121148
2646.321812
2794.68219295
602.279689891
-1590.51540024
-3757.20345009
489061.461393
920.783966236
6745.40057607
12497.3835759
18363.2775762
9050.81984904
11225.3218965
13429.2251059
11941.8871859
7385.70087542
2788.23728361
2618.26553099
2883.27452742
3144.97883251
3411.86587184
11805.7268481
27323.4918823
43051.070618
11264.2518543
8461.4832722
5633.32269351
27330.7721887
23366.2697
19451.2049936
15458.6072106
12007.6178688
-775634.498287
-1573926.222
20060.7897496
6563.41933203
-7056.23202792
7276.59630495
6622.31252393
5976.18773365
5317.26723077
8976.16978202
17228.4090593
25592.2258004
12878.0361355
10613.2904327
8328.02701207
50722.4760429
38087.610924
25610.3039635
12885.8991726
14626.4961149
-1472567.48188
-2979869.61801
27251.8177346
5835.11282218
-15775.6191324
11402.546419
9934.03189226
8483.82990323
7004.9084344
6469.99066633
8287.04998739
10128.6775334
14307.3879274
12519.1767749
10714.7651228
79396.1775415
56133.1259728
33160.167217
9732.25706144
17836.7339649
-2326872.42951
-4703284.10344
36066.6262323
4942.35000364
-26463.9000992
16460.1626879
13993.5588599
11557.713853
9073.62990981
3397.90013741
-2673.32564909
-8826.63969713
16059.4965756
14855.4245492
13640.4440972
120143.016513
81776.7526212
43888.9202615
5250.76564033
-32895.205112
-3540884.7235
-7152346.79327
-10764455.5569
-14333559.1764
-41652.5098942
23647.3015963
19762.3603402
15925.8647291
12013.3920065
8150.75748081
-18248.5962904
-35763.14313
-53280.826248
-70589.946851
17797.987903
2031.28818588
2167.13016123
2485.24888508
2321.56131845
2592.55490309
2270.59329604
2016.33830957
1728.61282617
1100.49605973
38.6734763883
1404.96151908
1459.98210774
1485.60603298
1789.02887805
2648.19118291
3920.00052547
2222.72759891
1613.32874376
1156.98090276
37.1647207785
4459.46481349
3852.97311748
3254.04443966
2719.88269664
4462.14638875
119788.409559
236673.984273
3164.55336649
1402.03398681
-376.453135031
2007.97287191
1896.61674441
1786.64924007
2137.80468478
2439.53850681
3424.1398341
4422.05382906
2495.92287126
1740.89023845
979.017302746
6775.13863611
5346.14830731
3934.97764515
3072.68163161
6118.07027606
223875.618249
444577.437969
4436.38641648
1669.11043651
1298.99240996
2516.31818569
2283.35027974
2053.28750921
2446.72039931
2254.73185083
2984.94893603
3725.03919234
3277.64909847
2258.06707862
1852.50990966
10237.3825107
7176.49208838
4769.66996155
3505.14484222
8147.91246049
351466.390192
71995.2445105
5995.40757454
1996.49447162
2024.63058383
2575.06162299
2757.41074241
2380.13441977
2825.39127518
2028.19465963
2446.58589968
4519.91386097
4235.89415118
2892.02578594
2897.70865477
13647.4609484
9777.50693517
5955.81167433
2058.43240488
-1789.30093232
532779.592426
1061581.23603
1590477.5706
2113076.95659
-3339.4947887
4024.95589113
3431.07561041
2844.60108214
2246.51214188
1656.04182967
1681.54369014
1656.47962529
1631.41107229
1606.64098116
1971.86829656
1634.51030471
1661.34267994
1379.15161936
1527.96039741
1879.07377058
1281.31367425
906.421638284
600.294521204
406.133860674
38.0741453685
1248.42095149
1302.74292725
1302.28571488
1418.2054806
1636.50631521
1334.48418978
847.104930727
547.136568569
350.011125802
36.4700652184
1932.74185855
1697.22864723
1464.65231157
1607.18646798
3628.55538839
218710.853236
436701.251118
1297.93036934
831.8264942
361.499898687
1425.91817994
1374.54234751
1323.80717737
1584.58173684
1717.39980174
1899.10397344
2083.26494382
1348.95197557
760.705902298
167.130547694
1920.02718959
1729.01336111
1540.38149609
1677.35813049
5178.09624988
411291.302562
822895.513206
1915.83640626
1208.86854104
46.5582060114
1534.6061877
1438.13611974
1342.86904414
1731.9435638
1789.04831838
2399.19578182
3017.59297048
2059.13133606
1124.46413291
42.3054228882
1696.68616609
1767.97526845
1633.21081906
1763.37500711
7077.53343493
647357.6598
5308.02979745
2673.2696128
1671.04911458
51.4429681997
1236.61312536
1516.08977602
1366.23520341
1912.58064201
1876.87553233
3012.21154693
2910.72192293
2929.67377795
1570.36131882
45.6651742739
1882.29333332
1823.34218941
1765.12617275
1705.75725896
1647.14460338
982820.377981
1969020.42005
2955397.05806
3930030.06588
893.161139184
1857.16414623
1626.86602442
1399.43974553
1167.50956686
938.533781167
3883.33921314
5790.4374367
7697.87715874
9582.6072323
223.467164905
607.113685479
1074.34844622
1122.05699283
1089.76570273
972.562641399
787.368953217
634.694753277
450.694134866
323.095064233
36.2197800629
346.011036789
707.149939774
814.128758246
1085.72627473
832.800375641
610.013478617
516.499541043
416.603764412
288.556320522
34.3652953876
-481.412278256
-362.474582436
-245.020052771
544.062314156
2832.10195926
313226.172439
627817.04115
-485.532127652
287.02249247
1066.57615789
869.794787097
875.727049011
881.585334966
1056.00559607
1027.43332213
442.010458459
-151.327832314
253.080136044
-175.809937442
-608.585588691
-2718.78268086
-1726.97348409
-747.532257138
344.198119485
4279.99929812
590357.372587
1184359.02252
-492.419798607
769.131025018
-1150.07841322
596.63074545
630.577357957
664.100652471
1049.01097282
1344.11159744
1839.53869808
2341.6644047
894.900136462
41.3646836656
-1687.25208228
1288.34527367
1561.23302945
1944.05473789
3630.06980776
3986.60525158
3324.67951176
2075.65632885
1111.00587039
576.095275812
49.5031058701
1417.24098737
1773.03138156
1870.95950347
2015.79279663
2373.97784517
2091.49820305
1800.85749288
1241.09232299
528.09155754
46.4615665457
-9358.72064987
-5776.45409544
-2238.85879913
1368.79425287
4930.49198806
1412811.2569
2836031.99949
4259507.59404
5666035.53359
4937.24669988
-214.049636212
-96.9636606526
18.6622399078
136.577970258
252.991656296
5987.04186082
9740.22201134
13494.0742328
17203.2337369
-1447.04040559
2139.06593393
710.384874694
-700.480374527
-2139.28608744
537.620142416
-578.683286357
-1710.08010995
-1521.1164243
-899.373249103
-271.997321816
1057.22794953
1007.10922434
957.615485176
907.141582933
-265.615933714
-3526.68187496
-6831.84026858
-1457.4677532
-1167.21544936
-874.333572188
-2817.88366024
-2355.90059369
-1899.67850682
-1434.42149853
2061.27684255
404700.173668
812783.099135
-2211.60629231
-240.250782847
1748.96444314
331.566356522
392.962650471
453.593325879
515.424717787
359.668613335
-968.196639221
-2314.01578675
-807.528692672
-1082.19053053
-1359.34069814
-7208.32472936
-5071.75343712
-2961.82542399
-946.063411801
3410.80134839
763661.446971
1534191.34361
-2823.18303255
343.543401551
3538.95914925
-311.162482997
-150.99574353
7.1736990727
388.053815884
913.492069293
1297.89028386
1687.48589715
-231.86838192
-1006.88274529
-1788.91843827
-12590.1557173
-8400.86337422
-4263.81196763
-44.8313089775
5065.05719425
1203678.49166
2418498.22393
-3572.85774639
1059.1620792
5733.14620834
1950.76242959
2271.97265127
1673.90984805
1711.08296727
1630.24251354
1374.32001147
1117.24151082
1045.29839118
492.002105784
44.2243408624
-20238.0208055
-13131.7038112
-6114.00337173
1042.67405676
8108.1876805
1828965.87097
3675144.84334
5521654.40556
7346179.74328
8851.20150285
-2218.61581319
-1765.32388056
-1317.68454822
-861.180265441
-410.491064829
8023.05147494
13562.9102494
19103.7610301
24578.6433967
-3063.79431221
2237.93860434
220.598327577
-1771.58549396
-3803.22208376
-153.289524692
-1536.66636821
-2938.74767178
-2613.73960515
-1571.76882334
-520.358190275
930.538104004
854.844413267
780.094631181
703.864520926
-1245.29545614
-6030.40362652
-10880.2106279
-2489.93020703
-1948.65618347
-1402.47842713
-5264.67200001
-4443.4466078
-3632.4619866
-2805.41680513
1254.05706571
500493.137933
1006482.36608
-4019.17738959
-792.419370003
2463.57182606
-232.074635711
-112.595564499
5.3935895481
125.719374734
-339.624738077
-2444.98694356
-4578.81548013
-1918.21437672
-2031.36606235
-2145.54285837
-11909.8413924
-8574.45783627
-5280.66688008
-1921.64641549
2500.56404578
945148.107457
1900541.06684
-5263.99371295
-102.138425617
5106.4812691
-1261.81734803
-969.470973376
-680.770190184
-386.352040464
462.540755069
730.66783278
1002.42022216
-1411.83749845
-2104.62338364
-2803.68564032
-20055.5329057
-13638.2780518
-7301.04707209
-838.314970124
4028.54034394
1490209.03784
2996483.99034
-6789.8975932
744.012409436
8346.17671541
307.599174539
1543.37032121
1804.42972937
1513.84442188
1613.64963044
1577.034955
1658.42893231
1348.41087731
400.644232454
42.3672542022
-31630.9892667
-20834.233095
-10172.1136607
701.156031184
11435.9189027
2264769.30733
4553876.56585
6843393.72807
9105652.29369
12949.9544549
-4317.82797814
-3512.45605779
-2717.12721391
-1906.04785331
-1105.30025368
10155.1916851
17566.0874677
24978.3102975
32302.2844803
-4756.88357385
2336.71483987
-268.710509055
-2841.64591718
-5465.53516969
-843.525317038
-2493.71508679
-4166.21685978
-3705.29710227
-2243.50858043
-768.476821393
803.971824691
702.728112795
602.746921128
500.78572403
-2224.0194538
-8531.6833875
-14924.6324325
-3521.38565456
-2729.33474387
-1930.10815904
-7709.07387887
-6528.95654593
-5363.555406
-4175.07491935
447.624606028
596192.671082
1199992.70957
-5824.98548281
-1344.04940271
3177.48222079
-795.165883951
-617.660686178
-442.368997753
-263.605871459
-1038.23603775
-3920.33686898
-6841.40621417
-3027.8167599
-2979.61582128
-2930.97820085
-16606.7724583
-12073.7458929
-7597.24666752
-3032.09584049
1591.21453789
1126457.75597
2266533.47297
-7702.42376272
-547.385559585
6672.4745153
-2211.54499732
-1787.14790813
-1368.04309733
-940.638427463
12.0292736093
163.998618849
318.022722023
-2590.65573891
-3201.29334699
-3817.46309503
-27513.6287815
-18870.5844472
-10335.3198268
-1631.02471156
2993.03445436
1776460.1181
3573906.02166
-10003.7997187
429.170119085
10956.6586182
158.501103469
1649.64420463
1615.6292639
1626.73274736
1734.82092772
1760.459867
1703.80736362
1560.58617774
1046.38465564
39.859654396
-43012.8456619
-28529.2497613
-14226.2658953
359.971103244
14760.4044414
2700147.68533
5431751.22244
8163843.89975
10863408.7527
17044.7097119
-6414.99268861
-5257.88417971
-4115.20494125
-2949.8963356
-1799.43176439
12285.2523247
21565.3602101
30847.1298572
40018.3923551
-6448.32149065
2435.38870466
-757.512230768
-3910.59734019
-7126.12545051
-1533.04575572
-3449.77192939
-5392.41391066
-4795.72331982
-2914.55215297
-1016.33830478
677.536717438
550.769464178
425.583012516
297.917396023
-3201.72911142
-11030.3708465
-18964.8626376
-4551.7721117
-3509.2042166
-2457.19106063
-10150.9424034
-8612.30508186
-7092.85473702
-5543.31353323
-357.9720749
691793.022166
1393302.50081
-7628.9220541
-1895.10773142
3890.65272573
-1357.6735499
-1122.20236328
-889.667528265
-652.527624754
-1736.12330347
-5394.1577561
-9101.6520212
-4136.26916195
-3926.88282339
-3715.59952579
-21298.8356706
-15569.4073214
-9911.4255742
-4141.39440651
682.807470972
1307579.49694
2632146.56814
-10138.3266473
-992.171243754
8236.84478132
-3160.28835811
-2603.97741045
-2054.60372153
-1494.35035744
-438.015302134
-402.083304623
-365.665475203
-3768.25226361
-4296.82673226
-4830.18988065
-34963.9951593
-24097.4681312
-13366.4478908
-2422.91289632
1958.60175301
2062414.53053
4150729.61841
-13214.3709874
114.65412822
13564.435043
160.832618144
1756.48190497
1594.86097947
1691.62974731
1760.59543768
1915.88960548
1927.78014806
2202.6230693
311.310263947
36.4296515379
-54382.9060118
-36216.2913871
-18276.2164459
19.1397760432
18081.4445157
3135074.84142
6308716.05827
9482925.56972
12619343.49
21135.2212044
-8509.98391797
-7001.50335691
-5511.83371444
-3992.66298348
-2492.84388396
14413.1053901
25560.4881452
36709.8670293
47726.5033307
-8138.00641765
-5042.37093959
4650.71067232
14222.9184899
23984.6921963
8642.49050465
12992.2028152
17400.7270253
16746.5836681
10495.7482077
4188.28260172
1575.12714312
1258.188809
945.202730782
626.018345421
12687.5454567
37555.7881255
62760.2710989
15848.9933559
12181.0563493
8479.88925574
30944.8367905
27814.3119654
24722.8251293
21570.1151709
-745395.385838
-1561982.62154
-2389610.82803
22412.8150993
7084.7476766
-8382.18609342
8187.15497535
7122.27890494
6070.68195629
4998.25941401
9712.38168837
19919.5436424
30264.715318
-254779.277732
-7408.48604778
242203.389091
62819.2207801
48330.6445393
34022.7424385
19431.4898055
-1413257.50488
-2956960.32311
-4521535.34822
27431.477224
4063.57577766
-19516.0297948
14043.5224839
12316.1872756
10610.3921275
8870.81578904
7077.23663643
4298.86995743
1482.93734058
-494478.603553
-24759.2235995
449215.631802
101891.046316
73479.6973717
45422.6410755
16809.9490351
-2231927.1992
-4666932.98955
-7134862.17943
33583.385635
360.203772507
-33163.9672353
21222.2955589
18682.9136655
16175.1981437
13617.8203778
3847.05883083
-14849.0526242
-33797.951793
-788303.583592
-46027.8696307
702972.57448
157414.166813
109217.825081
61622.4970334
13084.6016244
-34835.0041852
-7096894.14712
-10848537.1501
-14600851.9487
-18308492.3343
-52558.4046506
31423.7099286
27730.3669564
24083.0803774
20363.5637408
16691.4273713
-42059.258398
-83933.9521407
-125816.144262
-167199.694224
1063574.54565
1865.98318821
2377.42791954
2882.49487881
3397.56407254
3051.60887547
2746.38058971
2437.02535163
2284.67125623
1454.64413556
617.097291025
2654.67697787
1857.93165636
1710.98347044
2727.72754349
4197.13641287
3610.42219061
2116.63787549
2017.44890396
1484.71198761
37.1655839813
5350.18761053
4629.57465771
3917.94782771
3192.22809719
-70474.8455012
139348.494706
352008.829258
3622.62553443
1593.79735238
-453.411226313
2405.14539469
2171.13372838
1940.0402133
1704.3701733
2683.23621049
4016.83043585
5368.45601688
-23820.9211584
121.826401461
24281.4859703
8436.19724173
6624.33319723
4835.06329675
-59687.0043834
-135598.276521
260338.938637
661629.569861
4807.67075226
1717.04734442
-1401.5759131
3046.13698047
2675.28785626
2309.06326143
2601.57880151
2221.70615518
2875.84041348
3538.81913679
-46822.1393947
-1150.88123597
44934.1408126
12219.0477574
9069.52108438
5959.26935556
2787.42288865
-215426.998415
408649.805391
1041164.67125
6260.30682573
1868.12797983
-2563.84230335
6255.92434456
46967.0651935
7562.7470558
387824.982278
102687.420824
334395.827335
2984.53790083
2386.06797028
3583.43028138
3154.42199066
17594.6774375
12544.2617661
7556.82533388
2470.61881239
-2550.79815515
619407.352884
1580504.02584
2541772.79956
3491596.87299
-4215.48401581
4948.43458987
4171.4872035
3404.22843653
2621.77504645
1849.28877153
-510.323523878
-1891.07095896
-3272.06564042
-4636.6184373
106225.890667
2629.18822364
2126.28548941
1629.65400763
1123.18734569
2433.95249409
1614.46653755
783.900416986
686.981825365
455.82212586
222.568209111
1423.54640308
1405.0221814
1436.70203964
1713.28213899
2213.6035483
2036.39856992
1404.7815136
843.684200745
400.502688916
36.9148180259
2522.60165115
2068.22532168
1619.51511504
1161.91875061
4087.45188104
327304.185863
654891.091656
1546.76679482
987.180948647
422.525471692
1766.37402525
1624.1526588
1483.70480844
1340.47555989
1906.68667
2259.96757507
2618.02514573
1694.35751012
953.742697773
206.418202397
2428.19640123
2016.80060169
1610.53495304
1523.05518032
5551.97990947
615772.222979
1234243.17532
2308.2906249
1457.81304883
599.630475692
1831.19347331
1610.20305504
1391.96841162
1758.10991065
1685.28818291
2718.63027436
3765.94405107
2633.0074127
1457.26615148
270.873130334
2312.47383682
1953.76384815
1599.52701252
1238.27494886
7347.2078153
969378.203961
1944416.69724
3241.77144887
2034.71691357
816.726932208
2600.57171667
2778.2758623
2001.49296738
4374.15606894
3086.66317668
502217.034582
2231.53039755
1891.8329456
2221.66634242
48.3944399964
2148.02598212
1864.18530366
1583.88414968
1298.03197359
1015.8210643
1471870.91378
2953610.64944
4435615.71588
5899976.28551
1125.23242305
2023.56086755
1568.804231
1119.71845975
661.739093096
209.593598657
4079.82280128
7172.67112499
10266.073276
13322.6459143
462.15872292
3358.39147479
1886.33178359
432.62883872
-1049.8629181
1843.81351375
532.980739437
-795.575635906
-839.528448074
-498.501054659
-154.384085293
1531.42081213
1426.37411119
1255.85045258
1236.7073462
1019.57675665
697.918417345
564.3037976
446.918878962
314.584849688
35.2418532318
-179.011649058
-379.012545565
-576.519408886
-777.937654492
75327.9012239
506886.20472
944279.552429
-436.609718171
407.590100483
1259.43804215
1156.06075722
1101.54031252
1047.69974376
992.792928275
1164.73342897
581.37525657
-9.87042651265
26072.897084
1748.59603311
-22796.0737535
-3312.14013018
-2385.46037996
-1470.33642819
60006.1263935
140413.807481
955370.488818
1781346.09443
-79.7388431136
1210.12798075
2511.68049789
670.377291196
592.569177193
515.731338934
952.218663979
1172.76833411
2568.42405291
3982.95025285
49884.862634
3949.21715564
-42402.5874591
-7152.74923607
-4844.97708018
-2565.98309702
-241.856420518
220196.531281
1505125.41771
2807427.66204
357.715777924
2193.88409205
4046.68737912
1799.18218654
1816.02737959
1615.50305102
2490.85804804
2246.37877708
2294.41619046
1396.59682082
1273.5083632
696.47409395
46.934210575
-12610.4569129
-8340.07975945
-4122.95467904
177.685414767
4423.54272455
2286356.10614
4265543.57392
6245085.44897
8201059.23976
6228.01294719
-771.005898294
-917.925805061
-1063.01360442
-1210.97469051
-1357.05100595
8465.47209367
15832.6116238
23201.070366
30481.8015089
-100589.660392
4064.13039261
1654.09931835
-725.878403224
-3152.98867779
1272.6640507
-513.704962517
-2324.22724097
-2316.9186088
-1422.11598316
-519.206792685
1715.27422669
1711.30056031
1707.37644598
1703.37461936
186.88074918
-4956.71630192
-10169.859266
-2211.21681816
-1821.12206431
-1427.49320326
-2793.69232121
-2747.5030883
-2701.8898402
-2655.37327741
144275.972348
680689.625713
1224356.05896
-2356.16505709
-153.350648637
2069.42040421
565.386175573
595.744608614
625.724468653
656.298043218
446.654790991
-1043.20324668
-2553.2054629
49666.9829712
2517.87254391
-45058.3905417
-8867.76386775
-6646.0652199
-4452.07139867
-2214.62820851
270936.045411
1284041.14717
2310844.31246
-2390.92619701
970.412933364
4362.2044929
-453.086098275
-392.319234316
-332.310139837
-271.112638508
676.74037088
2423.05117367
4192.9736198
95616.2456418
6360.98205406
-83702.8996129
-16313.399957
-11424.9478328
-6597.45524453
-1674.36005954
426196.780134
2023633.33476
3642668.6232
-2433.53662659
2347.92958227
7172.71402096
2589.84695018
2544.01941916
2778.47608876
2620.5579553
2332.32068004
1778.35143728
1430.92714698
1111.61201297
497.786650445
45.3073450755
-26894.0407155
-18215.9915459
-9646.15860443
-906.61058468
7721.61057182
3074632.75923
5535261.06477
7996329.98779
10428097.8485
11166.5959819
-3475.6489755
-3324.63773591
-3175.5096231
-3023.42821008
-2873.28405362
12709.999776
24213.8921878
35719.8445678
47088.8090626
-198389.82976
4803.19091284
1410.90195139
-1939.08479342
-5355.41393561
674.547652937
-1609.81013663
-3925.05443351
-3864.06403777
-2389.33957293
-901.254676264
1726.64820806
1748.07395927
1769.232529
1790.81011838
-827.641450383
-8406.92319169
-16088.6834248
-3676.93760814
-2957.50330285
-2231.55120173
-5531.82565775
-5227.82237982
-4927.61005623
-4621.4523941
216479.440269
862699.209556
1517656.43307
-4366.35258049
-740.776326022
2917.64624348
-53.1772231128
66.067660647
183.825547585
303.915485699
-305.328071716
-2744.48654484
-5216.62456538
74375.0682838
3323.47059712
-68371.8270143
-14685.6974774
-11107.8353589
-7574.58957471
-3971.37217161
407620.916585
1628230.05557
2865342.89344
-4811.23671832
719.379692667
6300.10134383
-1629.59403358
-1423.70934671
-1220.39206453
-1013.04833182
157.29234939
2270.81448522
4412.91328151
143506.844931
8886.61890852
-126953.214163
-25906.5726112
-18315.5932042
-10819.2741458
-3174.49964082
641923.371425
2566622.70552
4517345.6513
-5356.57856469
2509.24836074
10446.3366281
2298.69521065
2297.72109626
1848.41519812
1486.23301232
1864.6865373
1565.41223553
1752.53861504
1346.66437604
463.254146507
40.4187795862
-41852.0267487
-28558.1964581
-15430.1416941
-2042.10183391
11175.3973439
3900128.05019
6864928.51774
9830259.8834
12760286.5251
16338.35519
-6307.99230981
-5844.98304595
-5387.74755854
-4921.45708057
-4461.10634412
17154.9336712
32990.8965691
48829.6951662
64479.9197581
-300807.653441
5541.53059464
1167.94178559
-3151.10788976
-7555.69107066
77.0146245574
-2704.84623087
-5524.32026846
-5409.70046737
-3355.61978675
-1282.92993164
1738.01109589
1784.81149151
1831.02828105
1878.16033768
-1841.17414157
-11853.7649421
-22001.7346926
-5141.22881579
-4092.7761785
-3034.82496686
-8267.28837171
-7705.72250622
-7151.15942887
-6585.61390685
288612.484953
1044531.2714
1810670.73836
-6374.57947906
-1327.62906116
3765.04477057
-671.137309554
-463.092669962
-257.642369918
-48.1233775226
-1056.57749227
-4444.11050615
-7877.44591739
99059.0547079
4128.2829149
-91662.524861
-20497.9565991
-15565.2537361
-10694.0622206
-5726.40270461
544172.472958
1972083.2613
3419300.64742
-7229.18660371
468.591295793
8236.10807824
-2804.95446866
-2454.09349869
-2107.60780364
-1754.26038242
-361.649031466
2118.72627995
4632.63842633
191350.7344
11409.7923976
-170161.344767
-35490.3886197
-25199.5178244
-15036.9753203
-4673.17606961
857439.555029
3109082.47473
5391169.56821
-8276.7695307
2670.40979786
13716.7663264
458.042510489
1684.3920254
1867.73538875
2227.79724094
1868.61688321
2048.40078635
2018.29602592
2055.65202602
1221.75386926
40.4526268576
-56795.4235963
-38890.3141603
-21208.4834092
-3176.48558829
14625.815485
4724818.19908
8193299.08723
11662401.0661
15090200.5148
21505.0701526
-9137.57313438
-8362.87015171
-7597.82780047
-6817.63471954
-6047.3799613
21595.5322258
41759.3403497
61926.7591474
81854.068134
-403125.584489
6279.10506838
925.233421334
-4361.87485715
-9753.68785989
-519.899126404
-3798.74744036
-7121.92863987
-6953.7350144
-4320.89855716
-1664.2096225
1749.36220732
1821.51094933
1892.75998859
1965.42002807
-2853.65641733
-15297.0344192
-27908.6577316
-6604.00244629
-5226.87246839
-3837.26622688
-10999.9160787
-10181.054561
-9372.40433657
-8547.73978171
360670.771652
1226174.88427
2103381.36646
-8380.72507082
-1913.87358783
4611.56506207
-1288.45694817
-991.704583951
-698.652754366
-399.797391092
-1807.04832524
-6141.97299371
-10535.50962
123717.458888
4932.26113303
-114929.084455
-26304.1919519
-20018.0524883
-13810.3018755
-7479.61434104
680582.508626
2315580.10092
3972684.28498
-9644.63054936
218.062813575
10170.1083541
-3979.09677161
-3483.40977057
-2993.90404098
-2494.70424807
-880.052586524
1966.79569741
4852.13585016
239145.038928
13930.3508943
-213324.694886
-45064.2720545
-32076.308012
-19250.3053103
-6170.29928472
1072732.37976
3650980.04392
6264087.86252
-11193.9340392
2831.40420884
16983.8065831
210.556344894
2084.1416205
2073.99301615
2141.73647741
2364.22544481
2656.5550242
2610.30069364
2376.76940524
1728.29260497
39.4297317671
-71723.3332529
-49211.7237562
-26980.8365071
-4309.69367838
18072.6576463
5548653.64712
9520292.94639
13492643.4354
17417699.8044
26666.4303821
-11964.2214089
-10878.1477438
-9805.61753674
-8711.84717845
-7632.00957993
26031.5285872
50518.6966004
75010.2494589
99210.2101116
-505337.474228
