2824.35578162
4063.16500857
5286.52614814
6534.11446143
35386.1438914
8941.78520332
-17860.1242511
-2057.47075119
-13119.5017065
-24281.7503729
10160.2599495
8340.33233351
6543.09941519
4710.27449321
3231.14735319
-5984.10638089
-15323.9583733
-5376.05417498
-6250.46513285
-7132.79791495
-965.311056949
-5010.28703818
-9004.82172383
-13078.4632919
19044.2608916
32549.7880296
46237.9216596
-1610763.49181
-534776.117898
550959.284407
1902.46952356
2385.08074254
2861.67374651
3347.70509304
1655026.12483
49561.2732079
-1577610.8618
56171.298739
543065.630643
1034371.0364
-4321.87311397
-13046.7731367
-21662.8726961
-30449.6035877
4570.02166327
53459.73339
103010.476609
-3035617.39618
-996814.835097
1060458.48664
-5411.57342511
-2889.57066661
-399.017560027
2140.85791004
3118044.53346
98758.6094151
-2961350.69056
110684.668463
1029602.74405
1956845.86108
-8436.36853871
-22897.9496446
-37179.1932429
-51743.2594341
-13172.594165
79091.2793156
172602.640741
-4782212.50476
-1563184.87553
1685005.89583
-14377.174459
-9355.27239396
-4395.9940003
661.496847006
4911421.93758
159065.02154
-4657547.89999
177507.508769
1626003.0766
3087621.45262
-14283.2830896
-36896.9899453
-59228.7013882
-82002.6651107
-104486.527567
115515.055105
271496.768717
427506.413517
581658.634383
2572520.63521
-27117.7654018
-18543.3748486
-10075.9078891
-1440.75308468
7084.40464716
244763.607191
-7067933.40814
-14381939.8866
-21608867.065
4694513.08271
-192.472527961
277.31585905
741.24593318
1214.363576
3156.13388754
727.04907989
-1734.87907044
-4.510537026
-1124.13852892
-2253.90991628
722.027654056
914.3741022
1104.32196897
1298.03152133
334.95276517
-548.08688924
-1443.06600903
-338.520234652
-445.740043638
-553.931222519
-921.774139052
171.532760162
1251.20600204
2352.26085426
2943.85954331
3809.57673123
4686.9991697
-160090.004326
-53213.51055
54631.2428183
1178.74352718
1370.92879331
1560.71748802
1754.26471612
166219.769694
5381.78309421
-157630.873197
5549.13938921
54066.2351926
103022.877071
-1567.72699459
77.8391582898
1702.88492017
3360.11272929
2755.84512414
6539.81550814
10374.9484681
-301880.013111
-99349.811483
105015.23524
1583.26330051
1775.30580543
1964.95351919
2158.35697436
313146.32183
10633.953651
-295968.645278
10763.9236275
102348.270402
194762.335846
-2359.54017235
-37.01106336
2256.55585207
4595.54405997
2525.37583612
9886.55981531
17347.2734145
-475687.120654
-155903.98682
166776.258209
2079.12624847
2270.99375578
2460.46865416
2653.69587157
493249.837353
17072.0982045
-465543.978796
17156.2397905
161532.700658
307217.156279
-3484.74837231
-200.219273073
3043.35138688
6351.15700358
9616.82684589
14642.4596202
27255.3141279
39870.4271823
52335.3468758
254541.922428
2783.77359557
2975.39242206
3164.6217407
3357.59851496
3548.11709585
26221.0404646
-706519.452744
-1439391.15564
-2163537.41439
467021.37479
-525.758649995
-140.928353802
239.103066252
626.660544588
-404.497989722
-180.479378862
46.5681587692
222.29161353
201.057228211
179.630467595
-320.667361304
93.986407798
503.469398772
921.061700432
14.99373408
52.460994086
90.4348440866
218.004691296
195.540836787
172.873468467
-916.964368974
743.997762624
2384.24751367
4056.98040841
1165.15695307
634.482696332
96.6332613543
174.117913248
-12.5599323677
-200.92900688
1098.78941445
1258.8896795
1416.99347663
1578.22832644
1742.89343621
501.024422371
-757.635742384
-43.3774686839
43.7004432748
131.567247351
-1263.46086293
1527.78946574
4284.23259567
7095.26371637
2555.42275953
1356.30624865
140.97663793
131.449778712
-201.763703166
-537.995969986
2356.02255868
2290.66114873
2226.11480274
2160.29019518
3273.31888667
898.323458852
-1508.78397611
-274.887381809
-90.7867624074
94.9817372207
-1688.19850068
2488.56639215
6613.24656716
10819.6109971
4259.61955456
2241.122216
195.333035022
79.14690412
-433.69090608
-951.174827987
3897.14705807
3555.41327229
3217.94094442
2873.78538913
5149.32427756
1385.33518099
-2429.54632714
-558.67372693
-255.642046792
50.1349828671
-2291.77303853
3853.88097178
9922.89800032
16112.1045013
22222.4711189
3498.49227487
272.576336153
-2953.91725785
-6141.9967754
-1538.32373146
6087.16608352
5352.69260578
4627.37809312
3887.6996121
3157.44336721
2077.40447034
-3737.99808912
-9554.44199563
-15301.6363238
-13.5946154249
-844.196438624
-540.539238991
-240.66867805
65.1404532289
-3806.49905174
-1047.57625574
1748.64957988
438.989431124
1467.2137781
2504.75343896
-1316.9089476
-689.851939952
-70.6144021906
560.88637896
-290.710702967
626.253682376
1555.61622502
749.735702638
808.251813787
867.298058214
-912.368880456
1290.95869919
3466.81054146
5685.75247291
-534.302106342
-2399.15673933
-4289.22583151
153298.26353
50818.2186317
-52590.2557365
1022.3973622
1151.84205501
1279.67255826
1410.03458855
-155406.322488
-4162.2900559
149126.693449
-5386.74037328
-51572.059603
-98175.7999164
-972.750186078
2913.14258729
6750.57785017
10664.0088332
2363.92947386
-3596.27088193
-9637.05833873
288687.906303
94529.1086449
-101388.692435
3094.35437944
2783.05673626
2475.64100894
2162.13728848
-292794.435782
-8403.57165266
279832.504705
-10821.9048977
-97966.0497149
-185899.686694
-1046.76598007
4901.62606302
10775.8410028
16766.3875974
5916.60044315
-5063.70112126
-16192.4659282
454649.403896
148110.199629
-161206.130968
5634.17265865
4782.6102165
3941.66685171
3084.06963032
-461205.671434
-13602.5619971
440052.531406
-17484.3646372
-154836.10211
-293432.193066
-1151.94631889
7727.36573907
16495.9517986
25438.1889992
34266.5174238
-7148.99672451
-25508.0451344
-43870.3810451
-62014.0981503
-246209.85941
9243.38810804
7624.08095158
6024.96673355
4394.18401083
2784.17466504
-20990.6009076
667733.621981
1356581.17269
2037227.42323
-446241.544227
-1152.3875225
-927.291428065
-705.002306693
-478.311020671
-7099.03037842
-1886.77165231
3395.96135239
648.714337097
2692.6278885
4755.05850415
-2281.09342962
-1448.4679039
-626.22531011
212.300794351
-586.578169594
1181.58284506
2973.65093695
1264.35665081
1401.24695083
1539.37742388
-907.921265763
1820.31950339
4514.53880995
7262.11384042
-2179.07589962
-5335.17959578
-8533.95656334
301495.173855
100013.362234
-103293.796475
948.463456661
1048.23901354
1146.77035825
1247.25299594
-307498.784236
-8675.54820192
294188.038301
-10558.1643183
-101526.92552
-193319.828425
-691.394009793
4253.91775697
9137.56094183
14117.9187174
2178.59806731
-8389.48377429
-19100.4552887
567959.180857
186211.726941
-198994.210886
3808.92812737
3259.60799757
2717.13795023
2163.92494593
-579335.309609
-17406.1499864
552120.781395
-21029.5400339
-192691.87828
-365909.410748
-425.973502475
7237.03819684
14804.491297
22521.8085666
7520.26293
-12133.4695415
-32052.9375972
894592.479763
291874.238516
-316304.396292
7315.30417533
5970.31836508
4642.10467588
3287.58733623
-912554.276195
-28108.1779802
868296.401962
-33865.4199432
-304442.465534
-577470.834241
-48.7969920757
11476.2093482
22857.4975913
34464.1783523
45923.0098928
-17453.8703685
-50459.0966672
-83470.2331147
-116088.344663
-483008.343974
12298.0490856
9822.38046628
7377.58370707
4884.37073297
2422.9170191
-43316.3230241
1317598.59961
2678757.21728
4023710.11512
-878110.751837
-1475.12990928
-1332.30419814
-1191.25953932
-1047.42166325
-10547.019222
-2765.58982529
5121.05127561
868.34144593
3975.90016816
7111.61216745
-3290.8020724
-2242.90207043
-1208.06949679
-152.743327487
-896.415077097
1763.13198384
4458.6384379
1803.27552869
2022.24047039
2243.18914955
-903.263656064
2374.67418253
5611.73577558
8912.90342125
-3901.50801242
-8409.82735132
-12979.1030951
456689.230573
151531.264259
-156391.314905
871.038747173
939.744334012
1007.59315462
1076.78563829
-466772.321606
-13401.9007227
446098.483202
-15973.7580664
-153840.420298
-292956.101032
-396.753546072
5657.99789112
11637.2459116
17734.905639
1984.51620179
-13409.0091601
-29010.6683948
860416.3038
282223.158168
-301208.193169
4557.24061594
3758.6597208
2970.0372173
2165.79700797
-879405.267389
-26833.7868343
837265.20285
-31719.1306792
-291890.205551
-554418.329478
224.129814562
9682.71727584
19023.3551107
28548.9728736
9199.64265792
-19537.0384741
-48662.2645687
1355307.55485
442426.124895
-478725.656847
9075.81064862
7214.10438848
5375.61381027
3500.71417082
-1385213.39448
-43298.6794871
1316759.89145
-51019.910011
-461112.522956
-874920.415961
1106.4377481
15402.0553489
29519.4050251
43916.3315754
58129.865956
-28245.2906571
-76588.2170263
-124939.800021
-172715.717406
-730987.315758
15496.9364845
12124.4731268
8794.06475816
5397.70171801
2044.60252204
-66696.1585201
1998147.08052
4063360.06496
6103984.97968
-1330370.74938
-1797.55751113
-1736.92194134
-1677.04250377
-1615.97722705
-13991.6450896
-3643.55084803
6844.45864232
1087.75434273
5257.9208156
9465.86737973
-4299.52590168
-3036.56139017
-1789.34618509
-517.431405645
-1205.94978696
2344.11391203
5942.17756484
2341.66877515
2642.62830749
2946.3144165
-898.610589138
2928.48817502
6707.86259647
10562.082914
-5622.26016098
-11481.4762669
-17419.9140788
611731.919662
202998.918595
-209437.044976
793.689553429
831.355474142
868.551696678
906.484544987
-625890.51245
-18123.6434229
597860.763126
-21384.0697463
-206102.891411
-392495.193975
-102.40045823
7060.7085638
14134.4928281
21348.3647532
1790.6236329
-18423.6387807
-38911.2156317
1152588.18037
378140.945199
-403322.481633
5304.82324224
4257.22469682
3222.68982053
2167.66724412
-1179182.55367
-36252.2284909
1122131.51034
-42398.2952939
-390991.780304
-742743.387121
873.599057077
12126.0109758
23238.1040798
34570.2586206
10877.3844125
-26933.3863783
-65255.3917289
1815573.27415
592831.171359
-640988.500762
10834.6000221
8456.67729236
6108.40752074
3713.63313338
-1857411.50741
-58474.3650259
1764785.97466
-68157.6685457
-617629.773141
-1172079.88195
2260.54573672
19324.0722982
36174.8148059
53359.2656953
70324.8161325
-39026.185596
-102691.852499
-166368.919825
-229287.858966
-978724.422682
18692.7038671
14424.3204544
10209.1642526
5910.53202864
1666.65701185
-90053.1906283
2678031.79238
5446612.44824
8182230.86013
-1782189.63775
-2119.65095215
-2141.12034264
-2162.32200747
-2183.94354539
-17432.7009804
-4520.60196051
8566.0798864
1306.93984213
6538.61278931
11817.6826648
-5307.20429939
-3829.39816911
-2370.0204439
-881.741524626
-1515.16369806
2924.4937162
7424.17916627
2879.50403609
3262.37318069
3648.71097127
-893.962344605
3481.72820008
7802.85340219
12209.5532131
-7341.22893876
-14549.9417554
-21856.1226491
766613.924016
254413.232354
-262427.798968
716.420523638
723.078947431
729.654339946
736.359950083
-784843.794749
-22840.4925548
749465.758099
-26788.7742318
-258311.198207
-491931.12557
191.647564936
8461.96548079
16629.1516222
24958.0789135
1596.93201238
-23433.071288
-48801.5020378
1444457.25286
473959.323969
-505330.939843
6051.63108118
4755.27296494
3475.08057706
2169.53554197
-1478649.15368
-45660.9089662
1406702.58515
-53066.3921263
-489990.64715
-930873.266507
1522.39519599
14566.77247
27448.4849241
40585.3039656
12553.3873719
-34322.0687796
-81831.3219335
2275361.97853
743080.339496
-803083.177044
12591.5666033
9697.96240576
6840.44177095
3926.33142879
-2329120.23882
-73634.3226319
2212347.728
-85277.6656743
-773984.810371
-1468931.37475
3413.45761906
23242.0245074
42823.3269847
62792.4132502
82507.1275813
-49795.9073203
-128768.434417
-207755.102892
-285801.36971
-1226204.77728
21885.1591874
16721.7842427
11622.7971517
6422.83084692
1289.10320071
-113386.015736
3357211.87835
6828431.2422
10258322.8668
-2233540.26542
5588.51054348
6615.96132296
7630.59967817
8665.3317072
30219.8722197
11611.9279744
-7247.61188729
1806.71223712
-5639.9374538
-13154.0509035
9973.06083115
8266.64263486
6581.50366125
4862.9925677
5552.0451726
-415.063984112
-6462.85365483
-1595.0908163
-2565.91498329
-3545.53444079
9126.45411329
2664.76347828
-3716.34916347
-10223.8319502
16751.9028156
29356.6956646
42131.9162935
-795754.372382
-260792.540346
279015.838456
5218.24105856
4893.62714696
4573.06120654
4246.14684907
1242588.15611
40653.4839507
-1177532.39203
43960.3201209
411343.046104
782054.117131
12260.0612751
-834.86889843
-13766.5038518
-26954.2340468
4823.12991477
45073.4899045
85868.0698251
-1502165.61876
-486784.845765
537794.883318
1006.82925999
1906.09914338
2794.15503238
3699.797784
2338248.71151
77028.48355
-2214765.41174
84309.3983796
777948.125924
1477870.95138
16101.2571509
-5124.74084408
-26086.0483084
-47462.4688748
-9799.23686687
64339.2376824
139480.128993
-2368089.08206
-763807.671762
855007.906051
-4155.5464931
-1756.03195777
613.560367271
3030.0795752
3681316.4891
121617.192736
-3486212.33912
133769.558826
1227334.99796
2330807.71594
21559.7986586
-11220.8746616
-43592.7693784
-76605.7499462
-109198.201722
91716.8792616
215665.686758
339636.689402
462131.714663
1305784.30678
-11491.5541422
-6960.11299625
-2485.17941999
2078.37475217
6583.79706555
184980.095264
-5293005.34119
-10771971.7044
-16185706.4387
3542875.7498
589.343200184
925.85486557
1258.17019346
1597.06662069
3152.20450283
1363.11684609
-450.160834321
479.34379596
-329.343618305
-1145.35742697
1050.33478248
1161.98514867
1272.2432225
1384.68482287
837.735886655
228.38768029
-389.199444655
119.430694849
-36.0294178485
-192.897938887
693.575545617
1172.08573911
1644.62885783
2126.53011608
2905.48434963
3779.76703751
4665.87078895
-78749.5022369
-25703.7069898
27822.6625937
1584.67464789
1650.25146287
1715.01052774
1781.05206683
125376.718665
4770.86708815
-117465.680667
4669.53193533
41172.2425931
78005.6536554
785.895623
1390.17594138
1986.9208177
2062.32511033
2686.96078536
5920.22863562
9197.21308385
-148923.623009
-48178.1431188
53480.0517549
2057.94710012
2082.71591259
2107.17585524
406962.519172
235682.674841
8794.20599225
-221161.992608
8699.62160548
77670.9978028
147267.227925
899.06216947
1657.51231836
2406.50451045
3170.32957842
2419.09319045
8544.02027201
14751.7617034
-234943.512987
-75727.4519221
84931.0449202
2638.08752543
2612.83362515
2587.89464378
2562.46177634
370896.427572
13726.0407779
-348273.600792
13639.7315237
122411.407415
232168.512513
1059.87778814
2037.41138039
3002.75502119
3987.21611417
4959.13686007
12272.5662816
22645.0676365
33019.4263646
43270.2697664
129624.561523
3462.4976035
3366.15879563
3271.0213433
3173.99980988
3078.21416451
20734.4375786
-528905.886107
-1078644.63227
-1621838.2837
352817.706401
37.0568496624
297.236555034
554.171790849
816.19531531
161.885836956
230.872592888
300.792109859
332.701881053
257.347781901
181.31100383
64.5906639636
377.093368634
685.699130189
1000.41645207
316.919420237
299.47343259
281.791559991
308.843603691
243.461379363
177.486817436
-238.052345332
1007.18116911
2236.88648461
3490.94461249
1375.79202344
954.138768039
526.784393305
462.089583441
267.888859432
71.9287521656
1183.25397231
1291.93736835
1399.26547049
1508.71907465
1952.03907869
806.711029094
-354.102853474
328.855873503
277.375888006
225.429513803
-481.720489469
1635.98925587
3727.29092765
2229.5142785
2450.96607433
1594.74595174
726.948987215
576.690119842
277.225242388
-24.9526707374
2174.07004541
2102.2277681
2031.2813719
2367.97843434
3400.28791903
1255.97861457
-917.323619685
346.581026765
307.414452804
267.89304487
-780.410472606
2406.78626544
5554.23830945
8764.02179837
3768.92136251
2380.00637048
972.312037814
717.16819672
288.66984085
-143.710543973
3388.61878018
3095.4869678
2806.01054137
2510.80138776
5175.56069105
1806.69371935
-1607.72326859
368.30863399
344.235919331
319.945115211
-1204.86465917
3502.1293843
8150.42669411
12890.7778569
17570.7450702
3495.902755
1320.98584656
-854.320517857
-3003.72805975
-312.471732256
5114.55645591
4506.96056737
3906.94146641
3295.03971975
2690.93255261
2589.28886824
-2588.8175065
-7767.85110953
-12885.2240314
393.913846749
-490.624420341
-303.375986157
-118.462560552
70.1128496815
-2695.21021446
-850.928695374
1018.28911648
192.593055584
817.90131155
1448.87461785
-877.237262555
-372.830454238
125.286345677
633.267740647
-180.693990231
367.392221488
922.889036251
489.817919276
510.500495373
531.370447589
-1128.17499313
849.623313769
2802.75825814
4794.57265545
-85.7505054198
-1745.6040599
-3427.90028041
76144.7012057
25082.4160858
-26442.4735379
799.717113754
949.586636211
1097.58726923
1248.51887409
-115973.909322
-2980.83668372
111540.00073
-3818.43738265
-38795.5709252
-74089.5837352
-1692.86264331
1870.85126513
5390.12526899
2389.25495017
2225.48523687
-2538.03081134
-7365.95374623
143416.568424
46573.8434572
-51146.2390473
2285.01956134
2120.87034489
1958.76808724
-384201.345416
-218533.614331
-5946.4108569
209515.156802
-7634.32065006
-73609.5198977
-140182.428868
-2385.06040804
3122.67907648
8561.73644357
14108.5077011
5058.61292097
-3509.39263569
-12193.2450914
225878.857273
72918.1737835
-81428.2741878
4105.71288419
3556.63747167
3014.40908995
2461.44253716
-344251.962405
-9581.63081113
329613.735212
-12311.8549779
-116284.683154
-221199.464838
-3368.7098632
4901.59228208
13068.7628496
21397.6742586
29620.489611
-4889.74891239
-19053.0801609
-33218.9475955
-47216.1586548
-124460.639914
6693.01392193
5596.9381255
4514.53051487
3410.68714305
2320.90484393
-14747.4696934
500280.136111
1015399.96639
1524386.86879
-336328.937006
-1001.32593992
-884.66199137
-769.452855092
-651.962142533
-5460.37050722
-1897.91973562
1712.69847381
56.9926578791
1360.4173258
2675.65051581
-1788.75900987
-1098.62319634
-417.093452343
277.933156131
-662.295175144
433.125516699
1543.35725057
664.968835613
768.946815313
873.866795191
-1989.65523638
697.135361817
3350.4213856
6056.25249961
-1500.26345642
-4358.47444793
-7255.33094195
149391.994522
49098.4603962
-52103.6942597
428.521720601
618.252080535
805.616482003
996.691406684
-230105.231524
-6646.50852462
219833.571074
-7832.27885944
-76611.2267886
-146013.285317
-2865.03261324
2098.15587464
6999.45285593
11997.8140398
2007.25993142
-6537.8229074
-15198.4427102
281660.13903
91380.7271156
-100622.542489
2392.39893902
2138.91304005
1888.58813814
1633.30585717
-433326.118004
-12917.0415326
413176.331889
-15358.4125322
-145147.951981
-276113.33433
-3938.07584939
3815.5358581
11472.4591744
19281.0185084
6306.80472943
-9209.28230934
-24935.1603616
443795.283911
143210.602449
-160097.259674
4799.73230353
4002.94905494
3216.10178114
2413.67195777
-682435.591754
-20603.5013489
650177.135469
-24583.995744
-229160.711893
-435590.813766
-5462.92676392
6256.02320301
17828.8365743
29630.8353849
41282.4969578
-13005.5667226
-38771.5486031
-64542.1443222
-90005.9197718
-244613.963042
8220.67971625
6651.84233926
5102.56853699
3522.61325863
1962.78390266
-31526.3652984
986967.751082
2005644.24621
3012192.55462
-662216.705596
-1536.14033262
-1493.39353013
-1451.17978497
-1408.13004813
-8356.08838937
-2994.34466464
2439.8945061
-85.0101393867
1928.54834082
3960.3488801
-2743.31843652
-1858.68438611
-985.081819656
-94.1786209784
-1166.63525513
501.962422427
2193.12099417
848.389537059
1039.5957293
1232.53417549
-2891.81043947
537.447661094
3923.9425358
7377.50280682
-2981.5629158
-7094.71202741
-11263.4744982
226097.673259
74248.4269823
-78976.5145864
39.8002636435
271.273498369
499.860236387
732.973855663
-349625.286646
-10485.2557855
333240.243731
-12035.6346544
-116212.356313
-221332.878675
-4092.54681982
2336.19271618
8684.76516276
15159.0633355
1778.73107508
-10726.4659773
-23400.7441877
426430.907127
138303.176636
-152434.879371
2504.84825522
2157.80762462
1815.09462888
1465.59462069
-658260.092163
-20216.7919125
626453.409584
-23447.1989382
-220064.085264
-418462.244342
-5564.41722154
4541.10600951
14520.6122539
24697.7504351
7613.93016066
-15178.2933997
-38278.687678
672000.677674
216821.902018
-242480.616849
5526.51998682
4470.33332777
3427.31743259
2363.64588104
-1036586.62796
-32145.7716812
985875.999985
-37435.5680603
-347366.204624
-660104.69258
-7656.02252925
7674.4038474
22813.6581202
38252.7268399
53495.1282848
-21504.5744738
-59421.0284274
-97344.2719691
-134816.007911
-370440.349055
9820.47455279
7756.55406383
5718.37089048
3639.82398786
1587.7542104
-49097.4797734
1496634.41792
3042643.10529
4570245.27977
-1003491.32955
-2070.43309719
-2101.5313461
-2132.24179642
-2163.56042971
-11248.9819498
-4089.70020191
3166.38127194
-226.874435043
2496.12523253
5243.79422125
-3696.94683914
-2618.00425459
-1552.51620279
-465.92746101
-1670.48342992
570.732188476
2842.25099445
1031.63134018
1309.98066742
1590.85173163
-3793.08573069
377.915710851
4496.90430545
8697.46444016
-4461.41759828
-9828.28083335
-15267.7087347
302728.537555
99373.8636934
-105823.124663
-348.542056082
-75.3666602365
194.402208363
469.513520036
-469028.768571
-14320.2589464
446536.305844
-16234.8907304
-155774.861104
-296579.009502
-5318.8637775
2573.99738986
10368.43371
18317.2293249
1550.42511303
-14911.0236783
-31595.0455976
571060.47389
185179.860616
-204196.681389
2617.18789462
2176.68378047
1741.6728011
1298.04696039
-882974.678267
-27509.422523
839522.468711
-31528.095993
-294907.149529
-560672.315165
-7189.17235101
5265.96848026
17565.7923348
30109.1991836
8919.78069464
-21141.4826496
-51609.2004619
899983.492622
290361.405231
-324783.621891
6252.59880194
4937.26174005
3638.32707606
2313.66859696
-1390392.24499
-43676.7843266
1321247.44255
-50274.6056696
-465456.406309
-884399.593076
-9846.97927127
9091.40108241
27793.6177491
46866.2089828
65695.8480923
-29995.2927667
-80050.3679007
-130114.40625
-179582.39079
-496144.011026
11418.7090387
8860.18831419
6333.57262469
3756.92039628
1213.0903012
-66651.4563632
2005803.98432
4078630.5335
6126778.36717
-1344433.09326
-2604.17212593
-2709.03889394
-2812.59796182
-2918.2078906
-14138.8773434
-5183.92052337
3892.11511395
-368.591703923
3063.11389308
6525.90941213
-4649.58691056
-3376.53717133
-2119.36250245
-837.291024161
-2173.80942137
639.430682208
3490.70824272
1214.68323328
1580.08538123
1948.79793095
-4693.42694896
218.549097968
5069.27226309
10016.0580781
-5939.73857377
-12559.0165952
-19267.7930217
379279.982369
124473.260646
-132641.911174
-736.481901604
-421.647564354
-110.739245933
206.326232137
-588308.501889
-18151.2875473
559714.949021
-20429.7947384
-195296.363699
-371747.15597
-6543.90979222
2811.55560509
12050.3573194
21472.1222218
1322.35576507
-19091.2445445
-39780.8545133
715540.147977
232007.962056
-255904.837978
2729.41110632
2195.54037326
1668.32706698
1130.67294486
-1107456.37236
-34794.495122
1052370.70514
-39600.6180847
-369672.647171
-702735.000854
-8812.24360008
5990.0797106
20607.8164208
35515.0395592
10224.2778578
-27098.4917081
-64925.8976321
1127730.0284
363824.692817
-407001.3289
6977.92511604
5403.70623226
3849.11803119
2263.74310884
-1743831.18132
-55195.8463426
1656271.30941
-63100.3370253
-583424.220458
-1108462.03652
-12035.665327
10506.9297553
32768.4161963
55470.7641967
77883.9231925
-38477.2113617
-100658.327327
-162850.577882
-224302.378225
-621717.394946
13015.2871299
9962.67876875
6948.13676981
3873.89544713
838.814690022
-84187.2401825
2514445.85233
5113544.27443
7681698.27882
-1685021.50825
8352.66530533
9168.75763736
9974.6732082
10796.548953
25053.600548
14282.0707455
3364.90047648
5670.89522543
1839.62679891
-2026.35143398
9785.86171282
8192.9529362
6619.90790731
5015.7106422
7872.94299201
5153.97841267
2398.25106361
2185.87254238
1118.63516627
41.729033358
19218.2192835
10339.8139948
1572.12339689
-7369.20060853
14459.5447395
26163.6032996
38025.9109274
19254.747047
13191.0372063
7072.3925056
8534.01259357
7402.17355137
6284.44866658
5144.5886051
830150.187383
31745.6946934
-777453.922262
31749.3415028
279620.461564
529737.197861
28841.9956642
11377.0353399
-5870.13500742
-23458.8645059
5076.23816626
36687.246419
68725.6630411
31286.1586604
23245.1435671
15131.2799949
7425.23194509
6701.76895338
5987.32762478
5258.73765796
1558452.88956
55298.3576849
-1468180.13292
57934.1282964
526293.507802
998896.04168
40638.8828406
12648.4679565
-14992.903374
-43181.6783155
-6425.87956869
49587.1960493
106357.617245
46034.3406381
35569.5320094
25009.9162722
6066.08147276
5843.20847842
5623.11473484
5398.66230339
2451211.04061
84169.3639326
-2314876.77825
90031.608882
828666.91932
1573993.97926
57402.8804069
14455.2406222
-27956.8373686
-71208.8347818
-113909.875877
67918.7034185
159834.604798
251766.965287
342604.794943
39047.9783504
4134.65711734
4623.14885611
5105.54904914
5597.50258901
6083.18948394
125196.583337
-3518077.27424
-7162003.52215
-10762545.8124
2391238.41688
1693.38701876
1574.39387209
1775.09445374
2305.13282606
3148.27511812
1999.18461229
1533.57235673
963.198128947
465.45129231
36.0701725045
1506.29501933
1409.59619513
1440.16447603
1694.69408538
1340.51900814
1004.86224982
879.573465355
577.381624349
373.681207941
35.1045807197
2308.92523028
2172.63871805
2038.05171362
2287.47247524
2867.10915594
3749.95734378
4644.7424082
2590.99985243
1806.09657044
1014.08236907
1990.60576861
1929.57413242
1869.30356746
145137.999927
84533.667637
4159.95108208
-77300.4881377
3789.92448146
28278.2499936
52988.4302395
3139.51824059
2702.51272447
2270.95671523
2271.83045023
2618.07644658
5300.6417631
8019.47769959
4032.76709323
2993.52524536
48.1245122327
2532.63089973
2390.12601974
2249.39819129
272187.785101
158219.027851
6954.45833352
-146355.339937
6635.31958347
52993.7252038
41.9131262523
2949.58393607
3352.03570009
2556.45316882
2252.65635506
2312.81054478
7201.48072871
564214.695332
5800.09467872
4449.08297591
55.064889652
2332.82586154
2954.67349452
2715.32063341
427926.231443
248543.017791
10379.9833514
4276.6883939
10123.2232569
83290.1141711
45.8331979226
5604.50394859
4275.04203386
2962.1586555
1623.27522476
301.446874255
9902.67294301
18034.821145
26168.4255469
34205.192657
4707.20061847
4141.22161143
3756.9251692
3377.4209459
2990.40110479
2608.31123316
15247.8346926
-351292.319471
-717898.108902
-1080139.15301
238614.038013
514.840284063
735.401463869
869.240515446
890.558044377
728.269663634
642.224564639
546.520345869
443.112148576
313.638335592
35.9450567941
374.783077266
660.200329469
867.928861606
743.174085222
618.845106395
546.485871093
477.072856623
399.682516085
291.38192194
34.4539609159
440.859678311
1270.3645756
2089.52545554
1574.93569844
1586.42709382
1273.79483975
956.935525256
750.061253634
548.337651232
344.786511211
1267.71853016
1324.9850572
1381.53746435
1591.27098179
2161.18472116
1112.39763582
49.4300354366
701.08921569
511.051332738
319.291780254
300.019883989
1744.18904599
3170.34925963
2181.09876346
2346.50938912
1833.18565484
1312.9213365
1021.93046097
756.214187942
45.7151056142
1992.11753213
1913.79438748
1836.44794107
2342.44251874
3527.25695138
1613.63377029
-325.863263255
968.049435339
705.615668016
41.8938026059
2337.15887282
2325.00613873
4495.23005174
2924.1373593
3278.22317046
2518.89052496
1857.76046416
1355.18948932
1011.03058778
51.3402852379
2301.79413948
2635.56066331
2394.08013833
3263.23343501
5201.79710455
2228.0522577
2279.02984503
1295.29099491
944.113885454
46.1773478214
-117.956279807
3150.37779683
6377.95538789
9669.4512125
12919.0190215
3493.31323513
2369.39535697
1245.27622213
134.540655911
913.38026695
4141.9468283
3661.22852896
3186.50483971
2702.37982739
2224.421738
3101.17326613
-1439.63692389
-5981.26022344
-10468.811739
801.422308922
-137.052402058
-66.2127333234
3.74355694688
75.0852461342
-1583.92137718
-654.281135009
287.928653085
-53.8033199562
168.588845
392.995796738
367.067167731
555.732567492
589.398157799
504.475673069
460.810109627
425.611961344
363.772009444
306.202337409
226.438693451
34.3238681911
-1343.98110579
408.28792835
2138.70597482
894.1433686
362.801095502
-1092.05138048
-2566.57472932
-1008.8611186
-653.386460222
-294.691339276
577.036865312
747.331217413
915.501980205
-135560.263115
-76541.4961569
-1799.38331153
73953.3080106
-2250.13439202
-26019.0822474
-50003.3675539
-2412.97510053
828.559942976
4029.6726878
2094.40929221
2087.04099988
-1479.79074075
-5094.84915373
-1854.76945454
-1381.42173056
43.4130412173
1475.68474324
1458.68395353
1441.89516553
-255480.936502
-144272.792879
-3489.25006114
139197.808898
-4446.73640247
-49252.9900804
41.8753398533
-3723.35483602
1343.73208994
6347.63188435
11450.6278048
4200.62539879
-1955.08415011
-8194.02425462
-2891.68935021
-2273.85206195
-1650.41740742
1297.18323607
1201.61143018
1245.84962886
1163.15921663
1091.21000948
907.821940055
786.669843042
623.114993341
419.229640379
45.5996662383
-5585.4734075
2075.81882509
9641.57390051
17357.1595179
24974.4617982
-2630.50110026
-12598.1151875
-22567.514146
-32418.2191594
-2711.42041727
4142.63973581
3569.79529942
3004.09429618
2427.19027526
1857.63502283
-8504.33847932
332826.650241
674218.760098
1011546.31435
-226416.329785
-850.264357342
-842.032554674
-833.903403492
-825.613264395
-3821.71063602
-1909.06781893
29.4355952295
-534.729021339
28.2067631056
596.242527478
-1296.42459012
-748.778488773
-207.961594577
343.56551791
-738.012180695
-315.33181166
113.063564178
65.5810204173
136.6466798
208.356166501
-3071.38920699
-426.048779761
2186.30396126
4850.39115881
-821.451013227
-3381.76930008
-5976.70532057
-2711.18481169
-1816.44144194
-913.592044205
-91.420015459
188.265147527
464.462605754
746.129817423
-152711.678811
-4617.46884732
145479.103847
-5106.39340055
-51695.5280572
-98706.7422088
-5038.67121668
-57.6060076948
4861.34477003
2010.50931847
1835.92179554
-4686.16204052
-11296.4301317
-4638.90279742
-3450.27270927
-2250.87409341
975.869750665
1018.21808254
1060.03832605
-505008.063831
-287316.926399
-8427.9330789
274231.882383
-9687.28503055
-97604.0256814
-186317.257913
-7450.1781963
394.033519354
8140.42705176
16040.2284503
5093.34652886
-6285.09507719
-17817.383126
-7001.91194122
-5453.0336176
-3890.12305695
224.736193205
1013.67324992
1037.20877357
984.746014014
813.431900975
637.913073279
563.681222916
437.312409678
309.802338911
41.535144756
-10877.0565358
1035.83705779
12800.1755574
24797.4924175
36641.9840228
-8557.26307667
-27084.000539
-45614.0555297
-63923.4948804
-6219.58211041
4143.31034691
3481.30421224
2827.55336691
2160.85578428
1502.65078622
-19736.4075726
656336.902554
1332531.27514
2000674.99411
-446322.659356
-1597.15075597
-1654.48286213
-1711.10003062
-1768.838433
-6165.15755672
-3223.09950398
-241.26226341
-1038.3617247
-118.803486513
809.085592755
-2195.83480064
-1474.46670179
-762.094142522
-35.61391447
-1436.85543316
-759.20713899
-72.3964495552
-106.496454574
56.9509882066
221.879201441
-4880.35722288
-1299.77886034
2236.14929602
5842.10219239
-2061.61781918
-5779.59670351
-9547.84590125
-4493.88405418
-3034.41029434
-1561.71426816
-791.438219886
-397.197337274
-7.87268184927
389.162073038
-232478.251685
-7568.61084829
220382.004261
-8097.51124232
-78584.2923274
-149709.656318
-7788.34009357
-985.612458758
5732.28441389
12583.221032
1572.94594836
-8043.92279452
-17790.8199805
-7554.489546
-5616.80489557
-3661.56557354
452.455894494
556.955528444
660.152040461
765.392233402
-437114.916936
-13599.7969908
415641.616319
-15175.2671972
-148237.964978
-282506.159206
-11352.9642576
-600.505256819
10017.8693971
20846.5279967
6028.21766341
-10819.5483254
-27895.1107873
-11306.1995037
-8782.32085835
-6235.57685111
116.69592418
785.415735261
594.962904973
596.237997238
542.858740692
524.512289715
442.897826405
337.799130131
249.739894718
39.6986226419
-16418.4828066
-53.247654062
16107.9112153
32589.1221045
48860.3906137
-14763.8582904
-42253.8398285
-69748.7439168
-96916.2984174
-9893.3823508
4144.01262104
3388.6350009
2642.6770228
1881.94625771
1130.90589876
-31498.8010267
995121.755329
2021926.14561
3036505.57985
-676611.909714
-2343.30868325
-2466.14075086
-2587.44108907
-2711.14363238
-8506.31880997
-4535.8495558
-511.696098453
-1541.50321281
-265.670350532
1021.72106277
-3094.36777659
-2199.447119
-1315.68622048
-414.423516376
-2135.01707288
-1202.64953508
-257.675575933
-278.406094791
-22.6669726532
235.389046768
-6687.56087224
-2172.65675332
2285.94601442
6832.84596633
-3300.57503558
-8175.0853998
-13115.5033905
-6274.84455124
-4251.19120785
-2209.20434984
-1490.77366559
-982.088794614
-479.747279952
32.5424950841
-312167.024691
-10516.8744699
295211.848563
-11085.7117146
-105446.830796
-200662.825028
-10535.3270968
-1912.71378408
6602.37459179
15286.0938966
1310.22659316
-11398.4085759
-24278.8755635
-10467.2325938
-7781.22396718
-5070.88114387
-70.4474529904
96.1428641271
260.655781659
428.426676663
-586766.802868
-18766.6165551
556913.427086
-20657.8966921
-198822.518754
-378601.243209
-15251.9437591
-1594.07401533
11893.4805899
25648.1397466
6962.17697678
-15349.5789209
-37963.009195
-15606.2889041
-12108.360898
-8578.74302042
340.637120255
769.323846987
533.623887264
524.076794357
486.517176735
479.967369346
394.589707418
236.561758093
175.892501839
36.8308858193
-21954.5042793
-1141.27013342
19412.4206924
40373.1522704
61066.8800522
-20964.3999373
-57408.8833028
-93859.8926747
-129876.922614
-13563.5993713
4144.71421022
3296.05617394
2457.98099676
1603.30876393
759.523590542
-43249.7220981
1333576.17625
2710648.61877
4071325.8742
-906676.548778
-3088.69329971
-3276.95744524
-3462.87391617
-3652.47223581
-10845.0537065
-5847.23908623
-781.8496585
-2044.12324998
-412.385003163
1234.13615946
-3991.96952172
-2923.67617355
-1868.704561
-792.840523697
-2832.45514468
-1645.63235178
-442.762680827
-450.13756953
-102.202418233
248.884890622
-8492.89155332
-3044.63000415
2335.69112399
7822.56294307
-4538.24820878
-10568.0914349
-16679.4633943
-8053.95927817
-5466.71106145
-2856.0233791
-2189.38432685
-1566.37407614
-951.132831812
-323.707485808
-391773.209029
-13462.0825398
369964.139942
-14070.8152449
-132281.529192
-251563.186371
-13279.4671494
-2838.85427061
7471.5630167
17986.1655301
1047.77951775
-14749.4178009
-30760.2069889
-13376.9569031
-9943.39985593
-6478.73611325
-592.808868532
-364.192218428
-138.426443107
91.8103477499
-736263.59104
-23928.0812778
698038.825123
-26134.8440431
-249354.647191
-474596.735202
-19146.8823961
-2586.61304884
13767.1479174
30444.7751529
7895.16834382
-19874.9146366
-48020.4733307
-19901.9217337
-15430.9538621
-10919.4807551
149.969086377
256.451657584
539.990516571
434.271457103
385.744044584
311.735322804
271.257275956
196.820686112
136.49483958
35.9710157669
-27484.7882731
-2228.16499686
22713.505408
48149.1151431
73260.7188038
-27158.5154032
-72548.2202374
-117946.052873
-162803.38674
-17230.0126146
4145.41507227
3203.57329478
2273.47638789
1324.96004734
388.526179332
-54988.4646292
1671679.8263
3398657.30665
5105073.69087
-1136502.75109
11116.8200672
11721.5539518
12318.7467382
12927.7661987
19887.3288763
16952.2135166
13977.4128402
9535.07821374
9319.19105161
9101.3480355
9598.6625945
8119.26323755
6658.31215337
5168.42871669
10193.8408114
10723.0208095
11259.355782
5966.83590106
4803.18531583
3628.99250751
29309.9844538
18014.8645112
6860.59595725
-4514.56926686
12167.1866634
22970.5109347
33919.9055613
834263.866476
287174.614759
-264871.053445
11849.7841286
9910.71995579
7995.83612661
6043.03036113
417712.218657
22837.9054362
-377375.452492
19538.3628848
147897.877025
277420.278591
45423.9300533
23588.9395782
2026.23383694
-19963.4949649
5329.34641776
28301.0029336
51583.2562571
1564737.93608
533275.132899
-507532.323328
13843.6346302
11497.4387634
9180.50021719
6817.67753191
778657.067606
33568.2318198
-721594.854105
31558.8582132
274638.889681
519921.131979
65176.5085302
30421.676757
-3899.75843956
-38900.8877561
-3052.52227051
34835.1544161
73235.1054971
2460157.76334
834946.735781
-804988.073507
16287.7094386
13442.4489146
10632.6691024
7767.24503159
1221105.59212
46721.5351288
-1143541.21737
46293.6589384
429998.840679
817180.242584
93245.9621552
40131.3559059
-12320.9053588
-65811.9196173
-118621.550031
44120.5275754
104003.522838
163897.241173
223077.875223
-1227688.35008
19760.8683769
16206.4107085
12696.2775183
9116.63042586
5582.58190233
65413.0714101
-1743149.20728
-3552035.3399
-5339385.1861
1239601.08397
2152.97465647
2222.93287861
2292.01871402
2362.47271005
3144.34573341
2635.25237849
2119.27563792
1447.05246193
1260.24620293
1071.74755164
2404.94163998
1723.95155889
1820.57557879
1600.21325264
1923.1682251
1684.86599655
1627.57243761
1245.26583826
894.049448574
34.303172334
3924.27491495
3173.191697
2431.47456942
2552.99670411
2828.73396225
3720.14765005
4623.61402746
83931.5019418
29315.9001307
-25794.4978555
2396.53688933
2208.89680198
2023.59660717
73715.4039909
43690.6166086
3549.03507602
-37135.295608
2910.31702758
15384.2573941
27971.2068236
5493.14085818
4014.84950757
2554.99261277
2481.33579014
2549.1921078
4681.05489057
6841.74231533
156989.157195
54165.1936095
1516.03473776
3007.31469934
2697.5361269
2391.62052734
137413.05103
80755.3808614
5114.71067478
-71548.6872667
4571.01756146
28316.4526048
170309.611007
7416.2668531
5046.55908182
2706.40182719
319.900615316
2206.52789911
5858.94118541
9560.73828112
246543.702345
84625.617874
-78759.3816583
5512.98988017
3184.94233021
4460.5323461
402969.255659
252762.062376
6236.37489037
8649.91915426
4458.41213809
3647.99881822
59.1352087331
10149.130109
6512.67268733
2921.56228981
-740.665664643
-4356.24311156
7532.77960439
13424.5746535
19317.4247291
25140.1155477
-120210.160287
4819.94561936
4147.69154277
3483.82054849
2806.80239971
2138.40830182
9761.23180659
-173678.752834
-357151.585534
-538440.022321
124410.369624
1256.65984565
1191.67991336
1219.97406081
1401.46620753
1480.74930346
1209.06921776
888.43469265
575.21158687
379.254358741
37.0085393276
974.792088347
966.02297875
1096.74876918
1214.24647203
926.658792424
754.205682037
610.745621334
472.839054944
323.273836625
35.092134883
1119.77170195
1533.54798209
1942.16442648
1770.98398308
1797.06216419
1593.45091145
1387.08665721
1038.03292383
828.786443032
617.644270257
1352.18308802
1358.03274605
1363.80945821
1710.97261275
2370.33036363
1418.08424254
452.962924347
1073.32255788
744.72677747
413.154046706
1081.76025745
1852.38883612
2613.40759161
2132.68324843
2242.05270391
2071.62535794
1898.89368578
1467.1708021
1235.2031335
46.0894786554
1810.16501886
1725.36100686
1641.61451023
2316.90660314
3654.22598373
1971.288926
265.597093175
1589.51784391
1103.81688323
42.5677788997
1035.16558353
2243.22601202
3436.22179403
4652.84340094
2787.52497841
2657.77467944
2526.2700434
1993.21078192
1733.39133471
1471.21802405
1585.94779507
1577.14849902
1665.22145357
2684.138621
9954.86053272
3556.88466975
9152.58419646
2118.41482325
2063.07607289
52.5086817071
968.952099554
2798.62620936
4605.48408168
6448.12456811
8267.29297281
3490.72371525
3417.80486737
3344.87296213
3272.80937157
2139.23226616
3169.33720069
2815.49649055
2466.068213
2109.71993504
1757.9109234
3613.05766402
-290.456341269
-4194.66933734
-8052.39944661
1208.9307711
442.60431566
760.651787425
861.2709727
890.731839291
803.070952973
665.575538309
530.754824158
419.888663626
302.488202756
35.1233774184
368.759638249
632.214550702
780.289124001
686.002217931
562.043375009
498.111696063
433.158210433
353.996882047
258.865108181
33.4999417313
-1559.78721846
-33.0474570677
1474.65369151
1023.81095336
811.352696424
-438.498701052
-1705.24917822
-78162.4234429
-26389.1890062
25853.0908593
354.35661687
545.075798615
733.416691178
-67085.5670078
-37109.0829916
-617.929939349
36366.6152912
-681.831401386
-13242.5935696
-25917.1513726
-3133.08755776
-213.73137918
2669.22010662
1799.56363426
1948.59676288
-421.550670156
-2823.74456123
-147126.107333
-49336.6869183
-1358.36779324
666.349925141
796.497562162
925.022243829
-126760.527587
-70011.9714267
-1032.08926538
68880.4609942
-1259.15215488
-24896.4602631
-162638.85559
1712.97771676
1479.34013598
1579.05026673
1734.34715045
1868.25250791
1632.20283013
1360.13845447
969.785883324
586.804570248
50.2636616653
1473.31735608
1832.06270272
1992.09716334
2063.44892526
1960.44648186
1535.65981656
1162.97535878
813.250983574
469.944186288
46.1866006866
-7802.2369518
-749.954631899
6214.38495146
13316.6447773
20328.4339854
-371.253288142
-6143.15021402
-11916.0806965
-17620.279664
119037.799079
1592.26554969
1542.65247333
1493.6580775
1443.69340748
1394.36520172
-2261.20726519
165373.164371
333037.553801
498705.759918
-116503.722563
-699.202774762
-799.403117979
-898.353951891
-999.264386257
-2183.05076483
-1920.21590224
-1653.82728335
-1126.45070056
-1304.00379959
-1483.16546086
-804.090170363
-398.933781209
1.17026319035
409.19787969
-813.729186245
-1063.78914002
-1317.23012221
-533.806794778
-495.653455713
-457.15446219
-4153.12317761
-1549.23292134
1022.18653691
3644.529818
-142.63857003
-2405.06415223
-4698.07969919
-154814.364145
-52731.3432801
50276.5101713
-611.361751519
-241.721785482
123.308729504
495.568228163
-75318.1260993
-2588.42917002
71124.6366197
-2380.50794166
-26779.8293258
-51400.1991007
-7212.30982013
-2213.36789003
2723.23668413
1477.16315724
1664.58365965
-2834.50117364
-7394.41755322
-290937.944625
-98281.2725342
96120.7943027
-440.659437685
-102.476874981
231.488513954
-251684.502593
-141307.734794
-3938.82462516
135287.432877
-4016.15752889
-50060.0993821
-96521.1814949
1245.56520595
1521.36520298
1681.16693494
1988.79627523
1837.24845427
1475.89778544
1279.45953667
805.319684224
444.954668216
46.4015252537
1460.53235831
1438.26120997
1394.63377996
1298.403787
1248.81535174
1263.93675589
1101.78801138
908.849320133
376.498645329
43.8107187279
-16291.1863076
-4184.34908743
7771.5145404
19964.1494501
32001.4710878
-4108.95943074
-15396.4524749
-26685.9667372
-37841.0699891
232174.798821
65.9409775633
310.766085216
552.538196837
799.098309941
1042.51766978
-7946.44984687
325706.054027
659418.304074
989157.433608
-230428.613116
-1658.16117931
-1815.57219412
-1971.02027626
-2129.54681788
-3974.22672408
-3451.85434332
-2922.41903292
-1991.71331002
-2166.15531385
-2342.17769459
-1648.35116476
-1090.24901748
-539.106465388
22.9507920385
-1707.07561119
-2020.37670041
-2337.91389328
-1061.38244621
-925.693752883
-788.775772611
-6868.90400629
-3137.00538178
548.356056236
4306.70157796
-1141.67272256
-4464.48137961
-7832.21730434
-235085.441368
-80317.247571
75853.0860501
-1622.67670342
-1065.66817292
-515.605600086
45.3502904126
-115331.216724
-4651.96591107
107523.764791
-4159.38783029
-40956.2283419
-78086.4339606
-11484.1333673
-4307.4176337
2779.80366502
10007.3787286
1367.16082164
-5361.37961174
-12180.8957733
-441539.886219
-149536.786427
145111.748224
-1599.93646623
-1043.89656774
-494.790547961
65.1898461155
-215969.74171
-6982.80206908
204829.823053
-6903.3354562
-76411.8446922
-146550.07407
222.370974495
1417.27621629
1497.30761893
1402.67198317
1294.46187161
1234.3265146
1125.89640121
694.752212959
346.094207382
42.1067967158
164.434259691
1114.37408211
1193.42054047
1098.14089024
1103.06964072
987.190937176
1004.96363622
457.467156159
309.653904669
41.1864926312
-25180.9430839
-7780.89915553
9402.16431044
26925.517369
44225.6529426
-8023.14210711
-25086.6512296
-42153.2158645
-59016.5889234
350653.584353
-1532.44931071
-979.284062034
-433.01684488
124.068527556
674.057587124
-13900.12228
493609.092737
1001209.18594
1502765.87994
-349732.489878
-2616.1842693
-2830.75015562
-3042.64038172
-3258.72683504
-5763.65567018
-4981.99890968
-4189.77346884
-2856.13199058
-3027.4659336
-3200.3520957
-2491.78871405
-1780.88998341
-1078.85623817
-362.919571742
-2599.55071585
-2976.03125863
-3357.60214632
-1588.44352976
-1355.31461273
-1120.0736381
-9582.03601379
-4723.2292175
74.9877233929
4968.22749251
-2139.73247288
-6521.88996626
-10963.2980464
-315278.226658
-107876.246109
101404.715963
-2633.0052751
-1888.81092899
-1153.89676827
-404.428529867
-155305.280812
-6713.48999345
143887.391282
-5936.53269868
-55118.8004891
-104746.640555
-15751.790416
-6399.42495802
2836.31547363
12254.9584683
1070.02807329
-7885.79347352
-16962.7055295
-591994.939078
-200742.30855
194054.919101
-2758.08280061
-1984.39805222
-1220.36123778
-441.193607064
-290558.927468
-10023.8105872
274304.38546
-9787.69739115
-102737.88798
-196530.171253
160.463904808
1580.5018317
1090.10190298
1089.76279216
1081.19174702
1175.7897405
1215.46747298
347.695629839
252.47635928
41.7683348312
132.03932209
1312.87158165
1065.00524037
1165.67591935
1262.38238802
1267.91842204
1217.14813
416.247871227
231.585387678
38.1303673662
-34062.0292873
-11373.9413492
11031.2236356
33880.0955579
56437.9120121
-11933.507108
-34767.3987049
-57605.3790996
-80171.4544373
469016.812284
-3129.28061823
-2268.07596631
-1417.61063117
-550.302868421
305.956879887
-19847.987833
661348.368185
1342666.70403
2015873.38124
-468920.004292
-3573.21447349
-3844.87599655
-4113.14987052
-4386.73658102
-7551.23006953
-6510.55764909
-5455.81443095
-3719.65479604
-3887.8838994
-4057.63709321
-3334.35213288
-2470.81517577
-1618.04661955
-748.390023232
-3491.10086799
-3930.69538577
-4376.23360437
-2114.95837234
-1784.49021769
-1451.0281497
-12292.3561577
-6307.80910626
-397.890015115
5629.06780804
-3136.75784379
-8577.16627468
-14091.1337669
-395387.900925
-135406.682769
126929.864415
-3642.28675209
-2711.10058792
-1791.52641769
-853.741203754
-195237.916168
-8772.87753233
180213.330864
-7711.83575142
-69266.6946842
-131379.216771
-20015.0245065
-8489.2641463
2892.76871396
14500.2088383
773.203270428
-10407.5910573
-21739.5594645
-742294.061783
-251894.761768
242947.365751
-3915.02884339
-2923.92481011
-1945.17995319
-947.052249359
-365070.80972
-13061.6674336
343706.945107
-12669.0700015
-129036.647212
-246458.46955
152.877400738
1849.45037546
1354.92411876
1207.2574429
1201.90666708
1209.07923229
1129.1367407
1010.60654647
210.16386786
39.3525349653
163.975772737
1331.41328387
1140.22474309
1097.10454061
1145.38151431
1121.55943207
1060.09064716
609.520606135
222.66175514
35.9005205105
-42933.9112192
-14963.259749
12658.5946196
40827.4660896
68637.5144151
-15839.8194446
-44438.1131476
-73041.527863
-101304.395254
587257.369717
-4724.45698531
-3555.53217919
-2401.18399403
-1223.97535244
-61.7623313582
-25789.689076
828913.80028
1683770.33888
2528449.10291
-587983.993925
13880.974829
14274.3502661
14662.8202683
15058.9834445
14721.0572046
19622.3562877
24589.925204
13399.2612021
16798.7553043
20229.047505
9411.46347618
8045.5735389
6696.71639943
5321.14679118
12514.7386308
16292.0632062
20120.4605005
9747.79925974
8487.73546539
7216.25598166
39401.749624
25689.9150277
12149.0685176
-1659.93792518
9874.82858739
19777.4185697
29813.9001952
1649272.98591
561158.192311
-536814.499396
15165.5556636
12419.2663602
9707.22358664
6941.47211715
5274.24993114
13930.1161789
22703.0172789
7327.3842667
16175.292485
25103.359321
62005.8644424
35800.8438165
9922.6026813
-16468.125424
5582.45466925
19914.7594481
34440.8494731
3098189.7135
1043305.12223
-1030195.92665
20262.0373153
16293.1085734
12373.6728096
8376.61740587
-1138.75434573
11838.1059547
24990.4247112
5183.58813002
22984.2715595
40946.2222787
89714.1342198
48194.8855576
7193.38649487
-34620.0971968
320.835027674
20083.1127829
40112.5937492
4874281.18604
1634323.93955
-1634986.06329
26509.3374045
21041.6893508
15642.22347
10135.8277598
-8999.85636254
9273.70632511
27794.3434992
2555.70899473
31330.762038
60366.5059042
129089.043904
65807.4711897
3315.02665099
-60415.0044529
-123333.224186
20322.3517324
48172.4408784
76027.517058
103550.955503
-2494424.6785
35387.0796365
27789.6725608
20287.0059874
12635.7582627
5081.97432072
5629.55948298
31778.8596716
57932.8423385
83775.440197
87963.7510563
3993.4524781
2871.47188513
2808.9429743
2962.67554918
3140.4163487
3271.32014469
2375.07588039
1930.90679492
2055.04111354
35.5129352141
1829.75305219
1904.81828806
1776.00698309
1902.71735683
2346.08525111
2557.81138888
2188.80608464
1493.28348335
1193.10245952
35.732560336
5539.62459962
4173.74467594
2824.89742521
2818.52093297
2790.35876856
3690.33795632
4602.48564671
165272.004031
56825.7036909
-52603.0780802
2802.46801005
2488.21947154
2177.88964689
2292.80805494
2847.56558023
2938.11906995
3029.89692174
2030.70957371
2490.26479468
2953.98340776
7846.76347577
5327.18629066
2839.0285103
2690.84113004
2480.30776902
4061.46801805
5664.00693107
309945.547297
105336.861974
2983.94496329
3481.99849895
3004.94623405
2533.84286339
2638.31695897
3291.73387173
3274.96301604
3257.96540378
2506.71553945
3639.18000582
340577.308887
4696.86929786
6741.08246354
2856.35048557
2534.33040387
2100.24525344
4516.40164211
258126.400232
487287.310011
164802.152772
4681.52704006
2773.44218788
3638.35323326
2970.17261266
3061.84400263
3836.19822906
3687.86849835
5182.04160297
3090.20672327
5047.52768399
536646.701318
14693.7562695
8750.30334079
2880.96592411
-3104.60655405
-9013.93309738
5162.88626577
8814.32816209
12466.4239114
16075.0384383
-245127.521192
5498.66962729
4538.45791634
3590.22015109
2623.20369463
1668.50537047
4274.62892057
3934.81380207
3594.93783388
3259.10837036
10206.7012357
1698.25922261
1611.73128154
1499.37796464
1834.66964518
1861.03731699
1464.92850814
1051.59101724
663.932683622
426.219442973
37.9282774518
1330.42849391
1226.41425114
1232.38832444
1310.53309745
1222.69647871
1040.5107481
829.360361218
581.360340874
387.223007093
35.9288003674
1798.6837256
1796.73138858
1794.80339742
1967.03226772
2007.69723457
1913.10698316
1817.23778916
1326.00459402
1109.23523483
890.502029302
1436.64764588
1391.08043491
1346.08145207
1830.67424371
2579.4760061
1723.77084926
856.495813257
1445.55590006
978.402222201
507.016313157
1863.5006309
1960.58862624
2056.46592359
2084.2677334
2137.59601871
2310.06506104
2484.86603507
1912.41114323
1714.19207905
46.4638516967
1628.21250558
1536.92762624
1446.78107939
2291.37068754
3781.19501608
2328.94408172
857.057449605
2210.98625249
1502.01809844
43.2417551934
2275.70919032
2161.44588531
2377.21353632
2227.97572358
2296.82678636
2796.65883392
4308.37750775
2631.23207452
2455.75208164
51.3782732316
1768.2767352
1715.70805433
1570.21933224
2856.09536062
5254.26993154
3070.76933441
293810.021445
3149.25571675
2143.8698177
47.4522443357
2055.86047892
2446.87462188
2833.01277546
3226.79792372
3615.5669241
3488.13419538
4466.21437778
5444.46970212
6411.07808723
3365.08426536
2196.72757308
1969.76445214
1745.63158629
1517.06004268
1291.4001088
4124.94206192
858.724241349
-2408.07845124
-5635.98715421
1616.43923327
1610.09584347
1255.49645544
1195.93261449
1313.92367202
1326.07749052
1012.08065264
748.767819151
542.83210296
361.549041827
35.3171215007
321.2024465
871.226872815
967.299144413
1063.45232076
853.692444729
694.395102405
536.59845687
437.060470585
302.049110803
33.9613182993
-1775.59333113
-474.382842486
810.601408186
1153.47853812
1259.90429735
215.053978373
-843.923627127
-155315.985767
-52124.9915522
52000.873058
131.676368428
342.820379817
551.331402151
1389.12909926
2323.33017376
563.523432835
-1220.07742827
886.471589244
-466.10489184
-1830.93519138
-3853.20001499
-1256.02270134
1308.76752543
1504.7179763
1810.15252589
636.689400437
-552.639968728
-292397.445212
-97291.9521061
-2760.14862771
-142.984892959
134.311170797
408.149322125
1959.88132706
4248.85002516
1425.07153039
-1436.88690955
1928.43209272
-539.93044587
-325319.586521
1887.88161956
2073.12837184
2377.09824827
2406.64782594
2936.51123811
2356.06819094
1660.20464387
1290.38617039
724.680790673
50.3446436222
1590.25743249
1810.59811167
2246.35088034
2865.24000797
2653.3582483
2499.62787927
1588.63903293
997.826839556
540.401519248
46.2814305931
-10019.0004961
-3575.72808889
2787.19600241
9276.13003665
15682.4061725
1887.99452398
311.814759424
-1264.64724701
-2822.34016859
240787.018576
-958.10863643
-484.490352749
-16.7781411809
460.196539693
931.095380609
3981.92394893
-2080.32149917
-8143.65249575
-14134.7945189
-6591.11534202
-548.141192181
-756.773681284
-962.804500291
-1172.91550812
-544.39089363
-1931.36398555
-3337.09016193
-1718.17237978
-2636.21436229
-3562.57344919
-311.755750611
-49.0890736445
210.302120957
474.830241469
-889.446191795
-1812.24646838
-2747.5238086
-1133.19460997
-1127.95359123
-1122.66509088
-5234.85714822
-2672.41706292
-141.93088744
2438.66847719
536.173873167
-1428.35900437
-3419.45407781
-306917.543479
-103646.245118
101466.612387
-1131.30348758
-671.70871849
-217.845146745
245.006638903
2075.42661293
-559.389492719
-3229.83060742
345.377517234
-1864.13059433
-4093.65599264
-9385.94842357
-4369.12977236
585.128598228
943.816996015
1493.24552376
-982.840306757
-3492.40497473
-577236.986452
-193112.272359
194492.462699
-1857.18862604
-1223.1718325
-597.061298138
1639.05864538
4701.45681141
550.28382858
-3657.01662924
1654.96997276
-2516.17308279
-6725.10507706
-14474.3828901
-6448.97115813
1476.36280647
9558.64833395
2666.43012771
-436.720612905
-3581.82865482
-908596.303645
-302780.305751
308524.150178
1340.57756918
1451.24978789
1588.15464097
1933.24710818
1644.66109428
1610.13469582
1526.12040447
1155.2555077
612.908307461
44.6233375739
-21705.3160795
-9404.53523265
2742.85352344
15130.8064827
27360.9581528
339.3442152
-3708.90441075
-7757.87794468
-11758.6450978
470569.179753
-4011.42839178
-2859.77204181
-1722.47697324
-562.659164402
582.38455334
3843.50787889
-4924.79450045
-13694.6669939
-22360.1268975
-14534.566876
-1719.17160265
-1976.66152612
-2230.94052191
-2490.25520275
-1783.29589143
-3680.60918267
-5603.57580243
-2945.06489534
-4213.50714119
-5493.44098194
-1100.86752887
-706.03133316
-316.118788254
81.5154985469
-1977.29578922
-3281.54626182
-4603.43133701
-2016.26843784
-1908.33849397
-1799.43074666
-8857.45078969
-4974.23190321
-1139.43718354
2771.30096353
-221.727625938
-3149.3660557
-6116.58870743
-465676.998681
-157600.084848
153267.886368
-2453.91518695
-1734.13900856
-1023.33851832
-298.461492213
1815.81823652
-1735.32097385
-5334.47467989
-221.264418261
-3328.16435649
-6463.21160346
-15179.9266411
-7629.22280864
-172.677083852
7431.53642509
1161.37569493
-2678.83642896
-6570.97156614
-875525.282892
-293456.767959
293885.062022
-3652.32882695
-2644.74866391
-1649.73313638
-635.012541171
5175.43351646
-365.807147353
-5981.97021216
1368.59628479
-4585.72440616
-10593.9889338
-22930.0583299
-10883.7277895
1012.38368351
13144.0831199
2856.79266889
-2102.05817683
-7127.95700585
-1377919.95386
-459990.766612
466254.503145
1325.16858203
1658.2364148
1560.53546847
1726.37576103
1641.61055018
1927.83299389
1606.15149157
1636.2930253
1038.24131841
40.9140552529
-33943.4033613
-15508.550657
2696.41740556
21261.9126336
39590.9152714
-1282.42592379
-7919.46263069
-14557.6878123
-21116.8794293
711200.551057
-7208.91124246
-5347.20312497
-3508.71071256
-1633.8092026
217.209275484
3698.55646676
-7903.56985631
-19507.773738
-30973.819969
-22853.0700431
-2889.05985536
-3195.35956038
-3497.83967437
-3806.3100377
-3020.99253038
-5428.14826356
-7867.85083923
-4170.76076835
-5789.26151667
-7422.42525418
-1889.20965151
-1362.33284783
-842.026255867
-311.415627108
-3064.08435881
-4749.41298218
-6457.52871671
-2898.48096474
-2687.9622528
-2475.53632296
-12476.5111553
-7273.80168167
-2135.97056763
3103.60901868
-978.889910184
-4868.69453272
-8811.09270233
-624281.608765
-211501.30101
205018.636276
-3775.23688461
-2795.53306337
-1828.04625658
-841.399554819
1556.46306764
-2910.10551698
-7437.06599989
-787.35368281
-4790.77018177
-8830.45608188
-20968.2537353
-10886.136132
-929.743644528
9223.82304005
829.82955342
-4373.17837112
-9646.53549537
-1173522.64556
-393703.393133
393180.719345
-5445.71814822
-4064.93896856
-2701.37825722
-1310.81389079
5648.94793107
-1281.00461923
-8304.656165
1082.50190975
-6653.25720457
-14459.0992969
-31377.4865753
-15314.1590065
548.857099924
16726.0208727
3046.96954106
-3765.77146335
-10670.626661
-1846785.85196
-617047.893155
623831.014721
175.315999002
1792.47407304
1655.94156712
1715.18456445
1666.81354356
1641.20126116
1687.45070964
1498.48420296
379.164781086
39.3419136942
-46169.5542953
-21606.6125651
2650.02657888
27387.0388454
51808.9439719
-2902.61427863
-12125.914107
-21350.8655245
-30465.9862609
951597.223939
-10403.2754467
-7832.20810656
-5293.2022591
-2703.91450077
-147.609830768
3553.74643215
-10879.4398808
-25315.210702
-39579.1117247
-31163.459806
-4057.73564727
-4412.79454785
-4763.42582487
-5121.00092623
-4257.40643258
-7173.87621195
-10129.7792034
-5395.18634209
-7363.38279564
-9349.41034588
-2676.73474404
-2017.95417799
-1367.3886781
-703.939522767
-4149.7465913
-6215.75841975
-8309.70452792
-3779.77917515
-3466.77801715
-3150.94119002
-16091.820762
-9570.98820838
-3131.47115422
3435.572673
-1735.2674788
-6586.24111443
-11502.8041395
-782721.842573
-265346.654477
256715.75221
-5095.18917733
-3855.82709971
-2631.92000357
-1383.7749217
1297.37669194
-4083.67252485
-9537.47821471
-1352.85625795
-6251.86017659
-11195.2471711
-26750.5818637
-14139.674022
-1686.02558879
11014.2521466
498.627023109
-6065.76431377
-12718.9119401
-1471211.16666
-493846.123681
492373.467616
-7237.24881824
-5483.6574018
-3751.93346328
-1985.91484647
6121.97159994
-2195.25358936
-10624.9349087
796.70404014
-8718.6472321
-18320.2038973
-39816.1599883
-19739.9985677
85.8109107762
20304.2463401
3236.94931578
-5427.76049361
-14209.6247278
-2315165.822
-773942.247221
781244.215534
157.51863076
1886.16528055
2124.13155699
2041.29504144
2043.04727007
1843.66321376
2073.33760273
1911.04812669
282.079065912
38.095709914
-58383.0341653
-27698.3545011
2603.68383121
33505.817036
64014.3100263
-4521.12348601
-16328.0060578
-28137.0028534
-39805.4037691
1191744.75205
-13594.3290429
-10314.6376532
-7075.84437595
-3772.91075223
-512.050842048
3409.08647726
-13852.2257425
-31116.6288948
-48175.4850397
-39465.2367619
16645.1295909
16827.1465805
17006.8937983
17190.2006903
9554.78553294
22292.4990587
35202.4375678
17263.4441904
24278.319557
31356.7469744
9224.26435786
7971.88384024
6735.1206455
5473.86486568
14835.6364502
21861.105603
28981.5652189
13528.7626184
12172.285615
10803.5194558
49493.5147943
33364.9655442
17437.541078
1194.69341649
7582.47051132
16584.3262047
25707.8948291
2464282.10534
835141.769863
-808757.945347
18481.3271986
14927.8127646
11418.6110467
7839.91387318
-407163.718795
5022.32692169
422781.487049
-4883.59435137
-115547.292055
-227213.559949
78587.7988315
48012.7480548
17818.9715257
-12972.7558831
5835.56292075
11528.5159626
17298.442689
4631641.49092
1553335.11156
-1552859.52997
26680.4400004
21088.7783834
15566.845402
9935.55727983
-780934.576297
-9892.01991034
771575.703528
-21191.6819532
-228670.346562
-438028.687422
114251.759909
65968.0943582
18286.5314293
-30339.3066375
3694.19232586
5331.07114973
6990.08200126
7288404.60874
2433701.14332
-2464984.05307
36730.9653703
28640.929787
20651.7778376
12504.410488
-1239105.30485
-28174.1224786
1199129.90437
-41182.2409489
-367337.316603
-696447.230775
164932.125652
91483.5864735
18950.9586608
-55018.0892884
-128044.898341
-3475.82411072
-7658.64108136
-11842.2070567
-15975.9642169
-3761161.00693
51013.2908961
39372.9344132
27877.7344565
16154.8860996
4581.36673912
-54153.9524441
1806706.92662
3667901.02458
5506936.0665
-1063673.58186
3716.60611276
3520.01089165
3325.86723458
3127.87879942
3136.48696399
3907.38791089
4688.71211016
2414.76112791
2849.83602415
3288.85253026
2507.1314138
2399.8046679
2855.27964121
2504.63196765
3675.96451873
2511.26431458
2963.20680077
1858.1532102
1371.91037693
35.1482813386
7154.97428429
5174.29765489
3218.320281
1223.60716334
2751.98357488
3660.52826259
4581.35726596
246612.50612
84335.5072511
-79411.6583048
3208.39913077
2767.5421411
2332.1826866
1888.20146966
-37995.4854482
2327.20306389
43195.0894514
1151.10211983
-10403.7278048
-22063.2400081
10200.3860934
6639.52307375
3123.06440783
2900.34646994
2411.42343023
3441.88114553
4486.27154682
462901.9374
156508.530338
-152660.682187
3956.68229856
3312.35634121
2676.06519945
-132136.417112
-74171.913118
1435.21535731
78064.6180742
442.413517446
-21038.0925932
-42713.20376
13933.4715367
8435.60584527
3006.29914394
-2530.52834779
1993.96260777
3173.86209881
4369.71485883
728030.917677
244978.68767
-242449.808237
202025.660476
250174.182325
270083.262913
122990.804899
461976.601902
4145.27392621
2872.61090793
3131.73786131
3175.43578211
2349.12779307
19238.3824299
10987.9339943
2840.36955842
-5468.54744346
-13671.6230832
2792.99292715
4204.08167064
5615.42309364
7009.96132899
-370044.882097
6177.39363522
4929.22428992
3696.61975369
2439.60498954
1198.60243913
-1211.97396544
181548.380439
364341.461202
544958.239061
-103996.967153
2288.31884829
2049.89619038
1814.44668924
1574.3343982
2427.42114367
1876.28047989
1317.68791422
774.342951145
482.509996664
188.033148773
1829.44883042
1715.29931726
1513.58345214
1702.83308366
1613.39745567
1470.93934392
1263.18457168
832.547760248
458.520985101
34.0697360467
2477.59574924
2059.91479507
1647.44236835
1226.80142883
2218.33230494
2232.76305487
2247.38892111
1613.97626421
1389.68402663
1163.35978835
1521.11220374
1424.12812376
1328.35344592
1230.68206753
2788.62164858
2029.45745598
1260.02870217
1817.78924225
1212.07766693
600.878579609
2645.24100436
2068.78841636
1499.52425557
2035.85221836
2033.1393335
2548.50476414
3070.83838435
2357.65148436
2193.1810246
2027.22052626
1446.25999231
1348.49424562
1251.94764855
2265.83477194
3908.16404844
2686.59923744
1448.51780604
2832.45466106
1900.21931365
959.538275469
2850.74163967
2079.6657586
1318.20527861
541.665003504
1806.12859431
2935.5429884
4080.22804898
3269.25336712
3178.11282857
3086.14659208
1914.84324185
2125.57127572
1870.50921193
2175.93785203
2813.35420315
3380.0452185
367454.095206
2646.84956026
5597.50743775
52.1617116001
3142.76885828
2095.12303441
1060.54146925
5.47127933695
-1036.15912461
3485.54467551
5514.62388818
7544.06644211
9549.34680288
4590.93626457
1224.11794547
1124.03241373
1025.19495958
924.400150327
824.889294192
4636.82645981
2007.90482397
-621.487565146
-3219.57486181
2023.94769544
923.663652792
645.277025177
370.361909442
90.0024354922
1749.94513465
-64.3384539144
-1903.1527371
-792.992446577
-1779.34855465
-2774.6406666
1213.35215817
1230.96796913
1098.40851774
1503.46762122
1139.07334453
750.944353552
638.874395484
471.804866979
334.139974737
34.2043884874
-1991.3994438
-915.718227904
146.549124867
1229.85338561
1708.45589827
868.606657798
17.4019239681
-232469.548091
-77860.7940981
78148.6552566
-91.0038800145
140.56496102
369.246113125
602.456016244
41755.7433391
1744.97680502
-38806.7701477
2454.77457987
12310.3837859
22255.2809899
-4573.31247222
-2298.31402349
-51.6850557563
1209.87231834
1671.7082889
1694.92947103
1718.46462377
-437668.783091
-145247.217294
149823.574503
-952.31971106
-527.875220569
-108.72359958
130680.290241
78509.6714771
3882.23232615
-71754.2348133
5116.01634031
23816.5993714
42686.6024336
-7738.23811995
-3993.10886969
-294.681793295
3476.98811583
1626.66283225
2707.8413066
3803.63825579
-689203.32922
-227849.929598
237683.152934
1708.58134745
1978.57694696
2187.0572434
2273.53413868
2735.45713991
2433.87269693
1906.47666183
1144.76528332
690.246807933
49.5746231086
-12235.7640404
-6401.50154588
-639.992946639
5235.61529601
11036.3783597
4147.2423361
6766.77973287
9386.7862025
11975.5993268
362536.238072
-3508.48282255
-2511.63317883
-1527.21435986
-523.300328092
467.825559501
10225.0551631
-169533.807369
-349324.858793
-526975.348956
103321.491879
-397.079609601
-714.144244589
-1027.25504869
-1346.56662998
1094.26897757
-1942.51206886
-5020.35304051
-2309.89405899
-3968.42492498
-5641.98143752
180.578669141
300.75563392
419.433978724
540.462603249
-965.163197346
-2560.70379674
-4177.81749498
-1732.58242517
-1760.25372674
-1788.17571957
-6316.59111884
-3795.60120449
-1306.04831179
1232.80713639
1214.98631636
-451.653856521
-2140.82845643
-459020.722812
-154561.146956
152656.714602
-1651.24522364
-1101.6956515
-558.999022994
-5.55495035713
79468.9793251
1469.65018458
-77584.2978346
3071.26297612
23051.5681371
43212.8871154
-11559.587027
-6524.8916547
-1552.97948767
3517.39532946
1321.90738787
868.820560124
409.607603764
-863536.028279
-287943.272184
292864.131095
-3273.71781439
-2343.86679001
-1425.61111023
-489.170497837
150710.648416
5039.39228232
-142601.466135
7326.09747441
45027.7532165
83070.9713407
-17986.485237
-9870.47349688
-1855.66931618
6317.8582758
1452.97192714
2487.46661924
3535.94858077
-1359393.4995
-451443.941818
464731.286795
1472.75480378
1678.03159346
2017.17400275
2559.56325459
3452.330623
2583.8423045
2134.48836881
1441.23474714
1057.45897181
46.1167452434
-27119.4458513
-14624.7213779
-2285.80749353
10297.4635153
22720.4452178
4787.64786114
7978.64365336
11170.2108478
14323.7797935
708963.560685
-8088.79776112
-6030.31016883
-3997.49214332
-1924.41663874
122.251436901
15633.4656046
-335555.643028
-686807.638062
-1033877.6874
201359.479364
-1780.18202599
-2137.75085812
-2490.86076755
-2850.96358762
407.634941215
-3909.36402201
-8284.73257194
-3898.41648065
-6260.85896852
-8644.70426929
-553.383892991
-321.813648843
-93.1311111207
140.080205055
-2247.51596725
-4542.71582324
-6868.94878073
-2971.15442947
-2890.98323506
-2810.08572072
-10845.9975731
-6811.45842465
-2827.23042333
1235.9003491
698.217470683
-1834.2507318
-4400.96011052
-696268.555995
-234882.922124
230682.686687
-3285.15367047
-2402.6098442
-1531.07143656
-642.273274838
118962.853197
1181.32396337
-118192.71415
3716.85899377
34299.8996289
65160.0107537
-18875.7199148
-10951.0279836
-3125.15783272
4855.69412162
955.590568211
3.70675382163
-961.047358965
-1309510.67956
-437376.749491
442658.375819
-5704.72118768
-4245.60076009
-2804.6757248
-1335.21492846
226320.608743
6251.18777438
-216793.763478
9640.52802579
67240.3958799
125362.096202
-28718.605366
-16025.3390558
-3490.35917328
9292.86068149
1271.08017163
2256.68689748
3255.61988487
-2061226.83104
-685594.989488
702499.543143
1600.44721729
1579.21809139
2212.64597896
2664.98711178
1984.85815553
2107.67544021
2219.82494026
2251.11801322
1602.99566237
43.2040630307
-42705.8636386
-23236.2021585
-4009.32949933
15598.3078981
34956.1776003
5458.29025953
9247.72596822
13037.84024
16782.8300648
1071747.51776
-12885.3731742
-9715.1221879
-6584.40458024
-3391.68693275
-239.639036155
21297.2352135
-509416.232449
-1040224.73341
-1564713.51988
304026.349792
-3161.93544142
-3559.96896514
-3953.03896701
-4353.89324037
-278.329390587
-5874.29761744
-11545.9282096
-5485.38954613
-8551.05709973
-11644.4984127
-1286.63058897
-943.775712244
-605.19627356
-259.911682474
-3528.61800177
-6522.79470574
-9557.4552871
-4208.51839971
-4020.60989288
-3830.99900783
-15370.9862969
-9824.37414584
-4346.92885866
1238.99054486
181.952652516
-3215.49909918
-6658.88735822
-933284.990871
-315126.355912
308632.556589
-4917.46849413
-3702.25519775
-2502.1957449
-1278.37057977
158418.206947
893.278959487
-158761.523281
4361.82533306
45537.2601255
87085.7283914
-26184.7170546
-15372.8473059
-4695.80276269
6192.68761177
589.63103355
-860.563268717
-2330.36546128
-1755050.35204
-586664.477716
592306.51959
-8133.35349584
-6145.47988491
-4182.39527665
-2180.43417452
301856.82333
7461.80134869
-290913.69779
11952.7012107
89431.3735704
167611.972659
-39440.2579834
-22174.2015021
-5123.45464505
12264.9614357
1089.3658232
2026.1322654
2975.56460595
-2762375.63348
-919517.659284
940035.893592
2006.16616917
2444.96906011
2189.49388843
2215.65572123
2259.13967254
2612.93462293
2517.34646008
1978.05407543
1417.08312524
42.7639626957
-58277.0793032
-31839.2837809
-5731.17047787
20893.9821329
47179.9759318
6128.27855072
10515.570491
14903.6480507
19239.4819155
1434177.63559
-17677.2702751
-13396.3402468
-9168.79388703
-4857.52613313
-601.176541423
26955.4806973
-683107.247947
-1393297.12544
-2095031.60469
406593.08468
-4542.25682105
-4980.71309915
-5413.70177921
-5855.26527144
-963.582795628
-7837.19477481
-14803.7439759
-7070.71788815
-10838.8816919
-14641.1835986
-2019.1173552
-1565.09318021
-1116.73073665
-659.489022303
-4808.39231461
-8500.82145374
-12243.1754515
-5444.59997797
-5149.06581661
-4850.85423035
-19891.2853664
-12834.1673105
-5865.05229332
1242.07753797
-333.777113816
-4595.31595419
-8914.4745121
-1170055.78422
-395286.626185
386501.640004
-6548.09160257
-5000.55361149
-3472.31358945
-1913.80863964
197832.669552
605.53248264
-199288.287293
5006.12323551
56762.974331
108988.722429
-33486.1392208
-19790.0838977
-6264.81989153
7528.29545488
224.05077579
-1723.93757021
-3698.26441563
-2200128.27154
-735797.485593
741799.569481
-10559.4687931
-8043.38999348
-5558.68697336
-3024.77744358
377314.75292
8671.16025486
-364956.814924
14262.4780817
111599.352747
209818.061755
-50150.7987843
-28316.6913272
-6754.85759255
15233.9819337
907.839801758
1795.81657789
2695.79957359
-3462797.77213
-1153197.8939
1177326.06368
204.019320322
2666.04648024
2116.34402033
2139.69268679
1972.43507702
2129.35424141
2443.01270252
2964.74767977
1464.14302527
38.4318877819
-73832.1571114
-40433.4492532
-7451.22695717
26184.1679825
59391.1056376
6797.57247256
11782.101032
16767.5221562
21693.5877161
1796232.13438
-22464.2011005
-17073.7431271
-11750.5047579
-6321.84615202
-962.339352739
32607.8620305
-856618.251766
-1746003.59667
-2624800.07299
509053.520401
